Country name,Year,Deaths,Deaths of children under the age of 1,Deaths of children under the age of 5,Deaths aged 1 to 4 years,Deaths aged 5 to 9 years,Deaths aged 10 to 14 years,Deaths aged 15 to 19 years,Deaths aged 20 to 29 years,Deaths aged 30 to 39 years,Deaths aged 40 to 49 years,Deaths aged 50 to 59 years,Deaths aged 60 to 69 years,Deaths aged 70 to 79 years,Deaths aged 80 to 89 years,Deaths aged 90 to 99 years,deaths__all__20_24__records,deaths__all__25_29__records,deaths__all__30_34__records,deaths__all__35_39__records,deaths__all__40_44__records,deaths__all__45_49__records,deaths__all__50_54__records,deaths__all__55_59__records,deaths__all__60_64__records,deaths__all__65_69__records,deaths__all__70_74__records,deaths__all__75_79__records,deaths__all__80_84__records,deaths__all__85_89__records,deaths__all__90_94__records,deaths__all__95_99__records,deaths__all__0_9__records,deaths__all__10_19__records,deaths__all__100plus__records
Afghanistan,1950,283668,106003,156547,50544,10043,6549,7752,18036,17161,16389,17605,18715,12380,2434,55,9196,8840,8684,8477,8285,8104,8639,8966,9698,9017,7515,4865,1987,447,51,4,166590,14301,0
Afghanistan,1951,282577,105086,154810,49724,10225,6588,7802,18161,17247,16367,17521,18681,12536,2594,49,9249,8912,8732,8515,8288,8079,8611,8910,9663,9018,7573,4963,2100,494,47,2,165035,14390,0
Afghanistan,1952,280803,105028,153384,48356,10305,6560,7794,18121,17179,16218,17323,18531,12615,2716,58,9211,8910,8703,8476,8240,7978,8544,8779,9578,8953,7583,5032,2192,524,54,4,163689,14354,0
Afghanistan,1953,279684,104949,152620,47671,10321,6540,7787,18077,17114,16081,17139,18401,12700,2828,71,9169,8908,8676,8438,8208,7873,8492,8647,9508,8893,7600,5100,2274,554,65,6,162941,14327,0
Afghanistan,1954,280476,104767,152387,47620,10480,6716,7914,18244,17234,16109,17108,18404,12849,2949,81,9244,9000,8749,8485,8253,7856,8508,8600,9508,8896,7661,5188,2355,594,76,5,162867,14630,0
Afghanistan,1955,277695,104369,151685,47316,10080,6554,7738,17931,16981,15833,16778,18137,12835,3051,91,9074,8857,8625,8356,8133,7700,8355,8423,9353,8784,7621,5214,2414,637,85,6,161765,14292,0
Afghanistan,1956,277328,104260,151719,47459,9892,6610,7715,17873,16947,15754,16639,18014,12901,3163,99,9048,8825,8616,8331,8106,7648,8282,8357,9266,8748,7628,5273,2481,682,94,5,161611,14325,0
Afghanistan,1957,276560,104055,151582,47527,9726,6639,7660,17774,16880,15659,16475,17854,12939,3263,107,9012,8762,8593,8287,8058,7601,8176,8299,9143,8711,7618,5321,2543,720,101,6,161308,14299,0
Afghanistan,1958,275681,103799,151341,47542,9618,6647,7609,17667,16801,15563,16308,17684,12968,3358,115,8975,8692,8563,8238,8002,7561,8060,8248,9010,8674,7600,5368,2604,754,108,7,160959,14256,0
Afghanistan,1959,274920,103585,151141,47556,9559,6614,7584,17547,16717,15474,16153,17547,13009,3454,125,8927,8620,8521,8196,7950,7524,7960,8193,8902,8645,7591,5418,2664,790,118,7,160700,14198,0
Afghanistan,1960,275239,103790,151546,47756,9604,6554,7624,17498,16698,15451,16068,17445,13066,3550,140,8906,8592,8505,8193,7935,7516,7910,8158,8828,8617,7596,5470,2724,826,130,10,161150,14178,0
Afghanistan,1961,275508,104080,152016,47936,9668,6434,7672,17421,16653,15415,15978,17337,13119,3645,152,8864,8557,8469,8184,7915,7500,7871,8107,8771,8566,7604,5515,2784,861,141,11,161684,14106,0
Afghanistan,1962,276593,104617,152887,48270,9769,6340,7754,17412,16659,15428,15946,17282,13204,3746,162,8846,8566,8451,8208,7921,7507,7877,8069,8763,8519,7637,5567,2849,897,151,11,162656,14094,0
Afghanistan,1963,277961,105263,153919,48656,9883,6276,7814,17427,16675,15455,15935,17252,13298,3850,176,8844,8583,8436,8239,7935,7520,7902,8033,8779,8473,7681,5617,2916,934,163,13,163802,14090,0
Afghanistan,1964,279368,105942,154971,49029,9988,6243,7829,17465,16683,15493,15938,17231,13388,3956,188,8873,8592,8423,8260,7958,7535,7930,8008,8795,8436,7719,5669,2984,972,173,15,164959,14072,1
Afghanistan,1965,281003,106620,156094,49474,10110,6274,7781,17542,16698,15555,15975,17237,13481,4053,199,8946,8596,8422,8276,7991,7564,7966,8009,8811,8426,7754,5727,3047,1006,183,16,166204,14055,1
Afghanistan,1966,282463,107299,157146,49847,10215,6336,7672,17616,16692,15605,16016,17240,13556,4155,212,9033,8583,8418,8274,8020,7585,7993,8023,8810,8430,7769,5787,3110,1045,194,18,167361,14008,1
Afghanistan,1967,284203,108087,158345,50258,10332,6405,7566,17701,16702,15677,16083,17276,13636,4257,225,9130,8571,8432,8270,8062,7615,8023,8060,8805,8471,7776,5860,3173,1084,205,20,168677,13971,1
Afghanistan,1968,285867,108805,159465,50660,10447,6471,7485,17758,16704,15744,16165,17320,13715,4356,238,9190,8568,8447,8257,8099,7645,8056,8109,8792,8528,7779,5936,3233,1123,217,21,169912,13956,1
Afghanistan,1969,287557,109509,160575,51066,10565,6538,7447,17786,16699,15806,16250,17381,13802,4456,250,9195,8591,8453,8246,8126,7680,8088,8162,8796,8585,7792,6010,3294,1162,228,22,171140,13985,1
Afghanistan,1970,288979,110020,161450,51430,10674,6601,7469,17757,16674,15854,16333,17449,13896,4557,264,9113,8644,8441,8233,8137,7717,8121,8212,8815,8634,7822,6074,3357,1200,240,24,172124,14070,1
Afghanistan,1971,290646,110656,162441,51785,10796,6673,7547,17709,16662,15909,16430,17528,14002,4664,277,8981,8728,8429,8233,8146,7763,8164,8266,8853,8675,7873,6129,3425,1239,251,26,173237,14220,1
Afghanistan,1972,291819,111125,163164,52039,10891,6720,7605,17616,16613,15918,16489,17610,14124,4777,291,8829,8787,8388,8225,8122,7796,8187,8302,8907,8703,7949,6175,3499,1278,265,26,174055,14325,1
Afghanistan,1973,292915,111602,163816,52214,10973,6766,7662,17525,16573,15918,16551,17686,14245,4892,306,8715,8810,8355,8218,8091,7827,8214,8337,8967,8719,8033,6212,3576,1316,276,30,174789,14428,2
Afghanistan,1974,294363,112198,164650,52452,11073,6824,7727,17450,16568,15927,16635,17794,14388,5007,322,8660,8790,8359,8209,8072,7855,8253,8382,9038,8756,8124,6264,3651,1356,290,32,175723,14551,2
Afghanistan,1975,295301,112384,165033,52649,11157,6871,7783,17350,16567,15913,16718,17910,14539,5119,337,8668,8682,8386,8181,8048,7865,8291,8427,9102,8808,8209,6330,3721,1398,303,34,176190,14654,2
Afghanistan,1976,295770,112339,165095,52756,11226,6913,7830,17224,16555,15871,16784,18017,14676,5222,354,8715,8509,8421,8134,8019,7852,8321,8463,9151,8866,8273,6403,3782,1440,317,37,176321,14743,2
Afghanistan,1977,295112,111959,164529,52570,11232,6916,7836,17031,16464,15763,16786,18089,14783,5308,368,8723,8308,8420,8044,7965,7798,8321,8465,9173,8916,8303,6480,3827,1481,329,39,175761,14752,2
Afghanistan,1978,310376,113239,168334,55095,12293,7393,8776,19710,18284,17099,17976,19117,15503,5505,388,10248,9462,9445,8839,8673,8426,8937,9039,9690,9427,8697,6806,3960,1545,346,42,180627,16169,2
Afghanistan,1979,328042,114453,172619,58166,13670,7991,9894,22840,20315,18641,19359,20310,16293,5703,403,12005,10835,10531,9784,9479,9162,9643,9716,10298,10012,9145,7148,4099,1604,359,44,186289,17885,3
Afghanistan,1980,316937,110150,166296,56146,13322,7781,9657,22215,19525,17962,18761,19685,15772,5552,400,11715,10500,10040,9485,9130,8832,9328,9433,9973,9712,8845,6927,3979,1573,356,44,179618,17438,3
Afghanistan,1981,288555,99817,150857,51040,12237,7143,8897,20458,17660,16317,17137,17978,14394,5096,376,10798,9660,8963,8697,8281,8036,8495,8642,9107,8871,8076,6318,3645,1451,334,42,163094,16040,3
Afghanistan,1982,266040,85513,132586,47073,12196,6856,9031,21590,17433,15752,16174,16593,13021,4473,328,11459,10131,8802,8631,7999,7753,8018,8156,8436,8157,7369,5652,3216,1257,292,36,144782,15887,3
Afghanistan,1983,252318,80704,125185,44481,11671,6540,8698,20811,16491,14958,15368,15748,12297,4233,318,11065,9746,8293,8198,7582,7376,7588,7780,8020,7728,6987,5310,3044,1189,282,36,136856,15238,3
Afghanistan,1984,302824,85595,139224,53629,15588,8276,11904,29827,21905,19277,18998,18786,14139,4566,332,15969,13858,11174,10731,9835,9442,9425,9573,9637,9149,8132,6007,3311,1255,294,38,154812,20180,3
Afghanistan,1985,314987,88614,144121,55507,16421,8719,12648,31544,22756,20132,19734,19469,14465,4638,339,16928,14616,11728,11028,10308,9824,9786,9948,10017,9452,8350,6115,3361,1277,301,38,160542,21367,3
Afghanistan,1986,252810,80359,124186,43827,11995,6740,9208,21843,16368,15108,15370,15708,11924,4047,314,11699,10144,8459,7909,7730,7378,7568,7802,8058,7650,6836,5088,2901,1146,277,37,136181,15948,3
Afghanistan,1987,245107,77695,120156,42461,11617,6542,9042,21447,15756,14626,14863,15279,11565,3904,305,11522,9925,8233,7523,7514,7112,7326,7537,7846,7433,6625,4940,2791,1113,269,36,131773,15584,3
Afghanistan,1988,208051,71457,107067,35610,9043,5338,7052,16068,12225,11731,12358,13142,10171,3565,289,8613,7455,6378,5847,5997,5734,6060,6298,6720,6422,5778,4393,2528,1037,254,35,116110,12390,3
Afghanistan,1989,203321,70739,105326,34587,8645,5139,6801,15436,11702,11280,12024,12969,10126,3578,294,8284,7152,6126,5576,5726,5554,5883,6141,6608,6361,5734,4392,2532,1046,258,36,113971,11940,3
Afghanistan,1990,203514,71127,105479,34352,8577,5071,6784,15448,11641,11145,12002,13095,10303,3660,303,8300,7148,6098,5543,5585,5560,5859,6143,6645,6450,5821,4482,2590,1070,266,37,114056,11855,3
Afghanistan,1991,192531,67688,99837,32149,8028,4707,6412,14776,11033,10394,11287,12406,9834,3519,295,7948,6828,5784,5249,5126,5268,5495,5792,6266,6140,5547,4287,2491,1028,258,37,107865,11119,3
Afghanistan,1992,191913,67648,98669,31021,7685,4501,6455,15381,11264,10369,11253,12450,9963,3616,305,8284,7097,5940,5324,5067,5302,5461,5792,6255,6195,5609,4354,2562,1054,268,37,106354,10956,3
Afghanistan,1993,199165,76308,108113,31805,7473,4521,5787,12622,10163,9945,11523,13354,11095,4202,362,6716,5906,5259,4904,4772,5173,5522,6001,6632,6722,6202,4893,2967,1235,319,43,115586,10308,3
Afghanistan,1994,222214,83344,117322,33978,7946,4799,6804,16117,12240,11381,12973,14912,12520,4782,415,8627,7490,6426,5814,5502,5879,6239,6734,7386,7526,6987,5533,3378,1404,365,50,125268,11603,3
Afghanistan,1995,230943,87882,123750,35868,8513,5033,6689,15208,11978,11397,13463,15747,13493,5216,454,8090,7118,6236,5742,5511,5886,6466,6997,7755,7992,7510,5983,3683,1533,399,55,132263,11722,4
Afghanistan,1996,232991,88759,124635,35876,8523,4988,6619,15194,11999,11336,13642,16073,14017,5485,479,8064,7130,6250,5749,5542,5794,6572,7070,7891,8182,7780,6237,3866,1619,420,59,133158,11607,4
Afghanistan,1997,237216,89544,126223,36679,8949,5149,6654,15219,12108,11405,13973,16573,14672,5783,504,8053,7166,6304,5804,5619,5786,6753,7220,8125,8448,8130,6542,4070,1713,441,63,135172,11803,4
Afghanistan,1998,250677,90374,128478,38104,10131,5961,7601,17853,13713,12376,14903,17464,15531,6125,532,9473,8380,7222,6491,6183,6193,7237,7666,8582,8882,8606,6925,4305,1820,465,67,138609,13562,5
Afghanistan,1999,239604,89662,125998,36336,9192,5276,6528,14982,12158,11393,14258,17203,15709,6347,558,7878,7104,6326,5832,5667,5726,6849,7409,8407,8796,8649,7060,4444,1903,487,71,135190,11804,5
Afghanistan,2000,242535,89811,125938,36127,9314,5370,6629,15410,12507,11640,14499,17626,16321,6685,588,8086,7324,6523,5984,5796,5844,6883,7616,8594,9032,8945,7376,4671,2014,515,73,135252,11999,5
Afghanistan,2001,231795,85059,119098,34039,8974,5193,6338,14679,12026,11219,13899,17079,16031,6657,592,7677,7002,6269,5757,5570,5649,6486,7413,8299,8780,8742,7289,4643,2014,518,74,128072,11531,6
Afghanistan,2002,229450,83614,117164,33550,9218,5405,6225,13721,11673,11100,13821,17216,16374,6904,622,7134,6587,6039,5634,5487,5613,6345,7476,8323,8893,8879,7495,4806,2098,544,78,126382,11630,6
Afghanistan,2003,240215,87396,121381,33985,9255,5489,6476,14284,12245,11714,14618,18492,17871,7686,701,7416,6868,6321,5924,5778,5936,6641,7977,8893,9599,9626,8245,5338,2348,614,87,130636,11965,6
Afghanistan,2004,243367,87383,121154,33771,9379,5637,6623,14285,12440,12001,14945,19190,18745,8203,756,7403,6882,6396,6044,5909,6092,6764,8181,9215,9975,10049,8696,5687,2516,663,93,130533,12260,7
Afghanistan,2005,241454,84954,117721,32767,9324,5684,6740,14402,12573,12129,14951,19464,19146,8519,794,7474,6928,6456,6117,5972,6157,6815,8136,9361,10103,10227,8919,5897,2622,696,98,127045,12424,7
Afghanistan,2006,246037,84451,116336,31885,9278,5749,7118,15619,13413,12728,15334,20161,19959,9167,1118,8136,7483,6913,6500,6292,6436,7096,8238,9734,10427,10625,9334,6284,2883,869,249,125614,12867,49
Afghanistan,2007,246898,82891,113366,30475,9016,5708,7405,16630,14039,13158,15536,20641,20579,9616,1147,8723,7907,7257,6782,6528,6630,7276,8260,10002,10639,10937,9642,6580,3036,909,238,122382,13113,60
Afghanistan,2008,232339,76467,105503,29036,8791,5636,7062,14646,12649,12439,14979,20418,20511,9209,464,7791,6855,6446,6203,6120,6319,7031,7948,9875,10543,10922,9589,6476,2733,462,2,114294,12698,28
Afghanistan,2009,234065,75339,103904,28565,8979,5756,7166,14448,12580,12679,15291,21028,21380,9965,841,7743,6705,6356,6224,6217,6462,7208,8083,10107,10921,11348,10032,6901,3064,705,136,112883,12922,52
Afghanistan,2010,233308,74117,101263,27146,8841,5743,7304,14583,12559,12853,15529,21362,21976,10422,833,7897,6686,6315,6244,6290,6563,7319,8210,10133,11229,11631,10345,7184,3238,763,70,110104,13047,35
Afghanistan,2011,230346,71920,97551,25631,8586,5635,7339,14537,12350,12914,15730,21577,22500,10801,807,7941,6596,6174,6176,6296,6618,7386,8344,10053,11524,11865,10635,7429,3372,773,34,106137,12974,18
Afghanistan,2012,234629,72314,96832,24518,8429,5586,7515,15252,12695,13382,16266,22143,23427,11670,1358,8344,6908,6339,6356,6512,6870,7636,8630,10155,11988,12277,11150,7898,3772,1079,279,105261,13101,73
Afghanistan,2013,235744,71817,95430,23613,8157,5490,7555,15604,12746,13657,16648,22539,24179,12229,1430,8549,7055,6345,6401,6619,7038,7809,8839,10229,12310,12616,11563,8233,3996,1162,268,103587,13045,81
Afghanistan,2014,241055,71420,95270,23850,8240,5578,7871,16722,13221,14243,17288,23145,25140,12802,1464,9170,7552,6587,6634,6887,7356,8118,9170,10475,12670,13114,12026,8597,4205,1221,243,103510,13449,72
Afghanistan,2015,248560,71290,95095,23805,8340,5664,8285,18392,14046,15047,18111,23866,26292,13560,1760,10069,8323,7040,7006,7271,7776,8525,9586,10893,12973,13743,12549,9048,4512,1399,361,103435,13949,96
Afghanistan,2016,245452,68973,91754,22781,8000,5483,8170,18429,13856,15110,18371,24028,26947,13829,1432,10089,8340,6957,6899,7254,7856,8644,9727,11106,12922,14141,12806,9270,4559,1284,148,99754,13653,45
Afghanistan,2017,250677,65604,84616,19012,6586,4935,9445,25114,16962,16668,19156,24130,27410,14211,1415,13818,11296,8864,8098,8149,8519,9093,10063,11312,12818,14422,12988,9526,4685,1292,123,91202,14380,26
Afghanistan,2018,256314,64649,82837,18188,6450,4833,9928,27481,18094,17454,19922,24689,28320,14803,1491,15069,12412,9591,8503,8531,8923,9487,10435,11678,13011,14899,13421,9917,4886,1362,129,89287,14761,14
Afghanistan,2019,256564,64174,82333,18159,6667,4821,9606,26283,17547,17368,20374,25277,29243,15431,1602,14310,11973,9325,8222,8393,8975,9685,10689,12005,13272,15301,13942,10317,5114,1449,153,89000,14427,8
Afghanistan,2020,276683,63984,82281,18297,6932,4840,9236,25127,17663,19308,24774,31772,34769,18069,1902,13562,11565,9226,8437,9056,10252,11562,13212,15056,16716,18348,16421,11980,6089,1698,204,89213,14076,8
Afghanistan,2021,295236,64116,82155,18039,7001,4867,10429,30280,20633,21321,26857,34079,36447,18963,2169,16270,14010,11013,9620,10044,11277,12675,14182,16234,17845,19037,17410,12594,6369,1847,322,89156,15296,34
Africa (UN),1950,6062986,2021508,3440484,1418976,299944,142813,145648,325576,292971,275685,292361,352303,337335,141440,16064,166518,159058,149293,143678,140148,135537,143155,149206,169045,183258,185728,151607,99370,42070,13438,2626,3740428,288461,361
Africa (UN),1951,6132451,2053236,3471106,1417870,306677,144148,147085,330428,297872,280133,297806,356657,341717,143158,15309,168834,161594,151883,145989,142267,137866,145766,152040,171330,185327,188046,153671,99967,43191,12863,2446,3777783,291233,354
Africa (UN),1952,6154863,2062187,3475048,1412861,305552,144643,147832,334172,301717,283046,301126,358518,344334,143841,14685,170545,163627,153892,147825,143544,139502,147164,153962,172468,186050,189003,155331,99883,43958,12258,2427,3780600,292475,348
Africa (UN),1953,6188063,2070329,3482896,1412567,315652,144798,147844,335728,304214,285150,303975,360321,347368,145230,14550,171047,164681,155058,149156,144316,140834,148292,155683,173621,186700,189931,157437,100361,44869,12119,2431,3798548,292642,336
Africa (UN),1954,6233523,2073665,3488113,1414448,311872,146103,150300,346387,312241,291181,309957,364547,351311,146676,14528,176533,169854,159253,152988,147189,143992,151028,158929,176149,188398,191640,159671,101235,45441,12193,2335,3799985,296403,306
Africa (UN),1955,6257619,2078538,3494582,1416044,311046,147236,150441,347139,314427,293480,313519,368002,354323,148447,14709,176592,170547,160162,154265,148182,145298,152588,160931,178268,189734,192989,161334,102512,45935,12461,2248,3805628,297677,266
Africa (UN),1956,6311850,2090155,3511433,1421278,315584,149500,151660,350639,318812,297496,318567,373447,358535,150913,15003,178083,172556,162292,156520,150238,147258,155010,163557,181401,192046,195051,163484,104368,46545,12819,2184,3827017,301160,258
Africa (UN),1957,6490080,2139633,3603758,1464125,331384,158163,155674,357402,326796,305973,328797,384664,367306,154561,15337,181367,176035,166177,160619,154571,151402,160244,168553,187328,197336,199776,167530,107289,47272,13206,2131,3935142,313837,262
Africa (UN),1958,6555509,2148730,3615941,1467211,339341,162362,159005,363345,333483,311299,334573,391088,371494,157667,15649,184208,179137,169557,163926,157654,153645,163275,171298,190993,200095,201843,169651,109579,48088,13521,2128,3955282,321367,261
Africa (UN),1959,6458970,2118853,3548317,1429464,329294,157001,157050,358724,330600,308567,332534,390948,370458,159281,15944,181748,176976,168075,162525,156593,151974,162301,170233,191122,199826,201008,169450,110621,48660,13776,2168,3877611,314051,250
Africa (UN),1960,6552895,2133693,3569961,1436268,336306,159419,161982,371724,341129,316780,340247,399737,376479,162599,16285,188593,183131,173745,167384,161166,155614,166115,174132,195581,204156,204293,172186,112784,49815,14044,2241,3906267,321401,245
Africa (UN),1961,6612369,2150357,3593269,1442912,338477,159893,164312,375706,344788,320624,344332,406521,381598,165894,16709,190783,184923,175537,169251,163227,157397,167874,176458,198553,207968,207080,174518,114788,51106,14398,2311,3931746,324205,245
Africa (UN),1962,6669906,2172139,3625381,1453242,344644,162007,165060,369536,342796,321595,347676,414091,389523,170090,17257,187476,182060,173962,168834,163421,158174,168848,178828,201476,212615,211344,178179,117450,52640,14864,2393,3970025,327067,250
Africa (UN),1963,6723633,2189644,3651102,1461458,349008,163743,165481,366427,342682,323863,351154,420871,397264,174006,17765,185885,180542,173339,169343,164379,159484,169987,181167,204112,216759,215590,181674,119875,54131,15307,2458,4000110,329224,265
Africa (UN),1964,6773391,2207182,3676123,1468941,350560,163282,164888,366319,342521,325976,354432,427427,405081,178124,18386,186233,180086,172994,169527,165168,160808,171166,183266,206958,220469,219862,185219,122573,55551,15820,2566,4026683,328170,271
Africa (UN),1965,6887077,2230532,3718656,1488124,358615,168116,168686,375319,349512,332914,361201,436468,415358,182921,19024,191404,183915,176359,173153,168656,164258,174390,186811,211444,225024,225357,190001,125908,57013,16342,2682,4077271,336802,285
Africa (UN),1966,7054363,2269866,3788140,1518274,372041,175404,173917,386255,358590,342562,371050,448819,428896,188686,19709,197679,188576,180728,177862,173456,169106,179291,191759,217705,231114,232454,196442,130006,58680,16942,2767,4160181,349321,292
Africa (UN),1967,7156392,2283463,3806799,1523336,376829,177164,178724,403555,369490,352092,379424,459267,438514,193796,20438,207535,196020,186523,182967,178295,173797,183645,195779,222558,236709,237740,200774,133416,60380,17553,2885,4183628,355888,299
Africa (UN),1968,7210043,2307456,3838241,1530785,379402,178275,179392,402639,368682,353332,381710,464350,444469,198115,21127,207406,195233,185932,182750,178730,174602,184874,196836,224754,239596,240845,203624,136079,62036,18135,2992,4217643,357667,309
Africa (UN),1969,7328002,2337427,3885846,1548419,387428,182070,184216,410524,374113,359928,389254,474638,454548,203300,21813,211451,199073,188630,185483,181887,178041,188776,200478,229475,245163,246312,208236,139325,63975,18702,3111,4273274,366286,324
Africa (UN),1970,7384342,2362850,3921717,1558867,391855,184335,185222,404117,369691,360084,392846,481797,462487,207517,22339,207604,196513,185918,183773,181504,178580,190453,202393,232482,249315,250559,211928,141833,65684,19159,3180,4313572,369557,335
Africa (UN),1971,7423189,2385789,3947550,1561761,392302,183414,184397,400114,365325,360285,396600,488668,470135,211298,22769,205261,194853,183465,181860,181091,179194,192302,204298,235357,253311,254647,215488,144079,67219,19569,3200,4339852,367811,332
Africa (UN),1972,7572144,2415799,3995394,1579595,404955,194026,193662,415047,375671,369943,406436,498813,479780,214950,23144,212743,202304,188789,186882,185832,184111,197465,208971,240022,258791,260015,219765,146519,68431,19935,3209,4400349,387688,322
Africa (UN),1973,7547254,2424312,3994011,1569699,400235,190728,189480,405389,366929,366006,406458,501166,485241,217817,23468,208026,197363,184085,182844,183258,182748,197144,209314,240398,260768,262847,222394,148437,69380,20233,3235,4394246,380208,326
Africa (UN),1974,7657616,2465729,4058113,1592384,406401,192610,189869,406289,367369,369213,413823,510945,496328,222271,24052,209096,197193,184492,182877,184218,184995,200489,213334,244634,266311,269001,227327,151567,70704,20750,3302,4464514,382479,333
Africa (UN),1975,7723873,2485462,4075656,1590194,410410,195935,193266,411889,371097,372620,419328,517245,504859,226539,24678,212861,199028,186921,184176,185606,187014,203045,216283,247387,269858,273540,231319,154475,72064,21306,3372,4486066,389201,350
Africa (UN),1976,7709523,2480787,4047530,1566743,405003,193183,194012,415083,371462,372084,421753,521978,511556,230365,25164,215094,199989,187982,183480,185006,187078,203923,217830,249396,272582,277080,234476,157036,73329,21736,3428,4452533,387195,350
Africa (UN),1977,7763576,2495164,4061748,1566584,406613,193732,195588,417650,372085,372835,426657,530410,523131,236630,26137,216867,200783,189075,183010,184950,187885,205900,220757,253242,277168,283048,240083,161052,75578,22554,3583,4468361,389320,359
Africa (UN),1978,7841359,2511585,4078686,1567101,410774,194413,198567,426905,376397,376088,433416,539532,535418,243717,27083,221940,204965,191930,184467,186286,189802,208762,224654,257690,281842,289064,246354,165678,78039,23345,3738,4489460,392980,363
Africa (UN),1979,7901076,2525045,4089848,1564803,414393,195661,200087,429968,377680,377327,438831,548191,547560,252159,28930,223249,206719,192463,185217,186601,190726,210931,227900,262032,286159,294682,252878,170961,81198,24684,4246,4504241,395748,441
Africa (UN),1980,7986043,2542067,4112626,1570559,420144,198225,202763,437601,382096,379691,444460,557306,559741,260416,30461,226994,210607,194551,187545,187714,191977,213300,231160,266369,290937,300518,259223,176152,84264,25870,4591,4532770,400988,512
Africa (UN),1981,8055264,2550357,4124686,1574329,426222,201232,205188,443717,386829,381447,448960,565529,571622,267733,31524,229990,213727,196648,190181,188615,192832,215183,233777,269891,295638,306287,265335,180858,86875,26682,4842,4550908,406420,575
Africa (UN),1982,8146474,2557408,4134296,1576888,433002,204361,209366,454647,395655,387216,457128,577430,584715,275457,32609,235776,218871,200827,194828,191514,195702,218764,238364,275786,301644,312698,272017,185911,89546,27625,4984,4567298,413727,592
Africa (UN),1983,8632791,2682899,4379917,1697018,474449,225678,223209,482914,420527,408099,480188,605453,610580,286819,34306,250629,232285,213367,207160,202164,205935,229639,250549,289657,315796,326482,284098,193558,93261,28984,5322,4854366,448887,652
Africa (UN),1984,8773801,2690065,4391066,1701001,485117,231376,231909,506960,438985,420878,491648,619228,624845,295408,35700,263334,243626,223584,215401,209386,211492,234946,256702,296447,322781,333843,291002,199084,96324,30185,5515,4876183,463285,681
Africa (UN),1985,8849905,2692170,4388455,1696285,492527,234962,235511,514267,447296,427935,498496,631754,637157,303637,37181,266910,247357,228325,218971,213732,214203,237676,260820,302409,329345,340084,297073,204254,99383,31405,5776,4880982,470473,724
Africa (UN),1986,8891338,2677601,4356333,1678732,494404,235987,239540,523720,455721,434951,504434,644027,650170,312488,38810,271855,251865,232936,222785,218294,216657,240010,264424,307948,336079,346736,303434,209807,102681,32749,6061,4850737,475527,753
Africa (UN),1987,8943504,2623922,4264257,1640335,495121,240851,252787,559306,482856,452740,514274,656690,662030,321191,40599,289641,269665,247707,235149,229252,223488,245095,269179,313787,342903,352874,309156,215195,105996,34164,6435,4759378,493638,800
Africa (UN),1988,9359657,2725470,4474829,1749359,526136,251248,260262,580762,502942,472213,534290,687157,688196,335435,45191,300627,280135,257464,245478,239740,232473,254315,279975,327936,359221,367157,321039,223732,111703,37516,7675,5000965,511510,996
Africa (UN),1989,9072295,2639070,4280346,1641276,498389,242545,251871,558433,490119,463324,525853,681117,689165,343306,46803,287835,270598,249928,240191,234867,228457,250059,275794,324505,356612,366252,322913,228160,115146,38833,7970,4778735,494416,1021
Africa (UN),1990,9278030,2660082,4317492,1657410,509601,249826,261461,587054,514679,483223,541772,701462,708587,353784,48039,302218,284836,262358,252321,244819,238404,258015,283757,333933,367529,376764,331823,234962,118822,39916,8123,4827093,511287,1049
Africa (UN),1991,9556209,2719566,4430208,1710642,532972,263031,268469,598711,532976,501933,557561,723677,730895,365246,49452,307117,291594,271011,261965,253896,248037,265851,291710,343983,379694,388885,342010,242375,122871,41142,8310,4963180,531500,1078
Africa (UN),1992,9850229,2745924,4478528,1732604,556183,278275,285378,637701,568751,530985,577923,748696,755650,379081,51947,326523,311178,289657,279094,268650,262335,276326,301597,355472,393224,402311,353339,250905,128176,43160,8787,5034711,563653,1130
Africa (UN),1993,9906520,2719218,4417092,1697874,552306,280331,293302,659885,590748,549110,588533,762594,769949,388237,53294,336994,322891,301346,289402,278199,270911,282160,306373,361421,401173,410258,359691,256397,131840,44371,8923,4969398,573633,1138
Africa (UN),1994,10475652,2733523,4423916,1690393,564089,297750,348071,785024,716513,635953,641304,808091,797804,400964,54992,400717,384307,366923,349590,330930,305023,310495,330809,385144,422947,426893,370911,264675,136289,45788,9204,4988005,645821,1181
Africa (UN),1995,10080149,2733372,4410105,1676733,560137,281613,298070,671093,610347,574015,610339,787472,807114,410334,58055,340781,330312,311320,299027,291046,282969,294966,315373,370598,416874,430009,377105,270156,140178,47833,10222,4970242,579683,1453
Africa (UN),1996,10281946,2749364,4430849,1681485,570310,287086,308459,704623,644487,599639,630982,802717,825175,418153,58029,355570,349053,329803,314684,304620,295019,307256,323726,377726,424991,439941,385234,275407,142746,48264,9765,5001159,595545,1435
Africa (UN),1997,10413205,2741873,4413947,1672074,574983,290097,315881,727592,670863,619158,648776,817893,845214,428372,59062,365838,361754,343779,327084,314682,304476,317897,330879,384881,433012,450058,395156,282222,146150,49421,9641,4988930,605978,1367
Africa (UN),1998,10805981,2759187,4458052,1698865,601656,305481,339608,795909,730868,662358,683489,844839,876304,443777,62223,400270,395639,375665,355203,337299,325059,337507,345982,398183,446656,466257,410047,292420,151357,51777,10446,5059708,645089,1416
Africa (UN),1999,10633379,2707423,4320232,1612809,573057,288352,327367,785361,735603,663570,687362,845212,885402,455207,65176,393335,392026,378304,357299,337135,326435,339787,347575,398556,446656,469505,415897,299439,155768,54002,11174,4893289,615719,1475
Africa (UN),2000,10614270,2686517,4259947,1573430,570823,286553,321490,776106,746240,669437,696951,850639,899605,466939,67961,386104,390002,384002,362238,339421,330016,343955,352996,401359,449280,475653,423952,306766,160173,56132,11829,4830770,608043,1579
Africa (UN),2001,10727599,2661466,4193072,1531606,573926,287456,325658,802163,783870,696906,719505,865117,921324,484310,72545,397343,404820,402799,381071,354291,342615,355567,363938,409520,455597,485200,436124,317378,166932,59457,13088,4766998,613114,1747
Africa (UN),2002,10799192,2634827,4127497,1492670,577291,288355,328694,817168,807885,714038,738064,879336,941639,500972,76312,404775,412393,412155,395730,363908,350130,363445,374619,416644,462692,493570,448069,327349,173623,62208,14104,4704788,617049,1941
Africa (UN),2003,10848609,2599403,4050834,1451431,570621,285502,327499,829148,832730,734657,757994,893053,963433,520298,80664,408846,420302,423793,408937,376075,358582,373650,384344,423875,469178,502267,461166,338747,181551,65515,15149,4621455,613001,2175
Africa (UN),2004,10875616,2561226,3975413,1414187,572424,285767,328833,838394,843293,749588,775071,906307,979271,535204,83675,413413,424981,425983,417310,384879,364709,381695,393376,431125,475182,508215,471056,347651,187553,67907,15768,4547837,614600,2375
Africa (UN),2005,10866028,2529296,3897712,1368416,568252,283897,327226,840181,843901,759840,788320,919782,994878,552003,87471,412818,427363,424000,419901,391153,368687,388304,400016,439584,480198,513921,480957,357620,194383,70870,16601,4465964,611123,2565
Africa (UN),2006,10806686,2493355,3815274,1321919,557948,280099,322248,831534,833780,764390,796690,932883,1008620,569113,91390,406624,424910,416971,416809,393614,370776,391688,405002,446904,485979,518696,489924,367981,201132,73956,17434,4373222,602347,2717
Africa (UN),2007,10784102,2459181,3739699,1280518,552815,277391,319546,830256,828932,772317,806965,947888,1024012,586285,95154,404516,425740,415429,413503,397811,374506,396236,410729,456687,491201,524874,499138,378743,207542,77022,18132,4292514,596937,2842
Africa (UN),2008,10769381,2429467,3675478,1246011,550538,275348,317985,826097,823509,777629,816846,964396,1038242,602175,98213,401735,424362,412787,410722,398839,378790,399564,417282,466238,498158,531044,507198,388788,213387,79581,18632,4226016,593333,2923
Africa (UN),2009,10679182,2389206,3594924,1205718,538211,270248,312629,810131,807470,776031,822023,976771,1049265,617493,100995,393447,416684,405984,401486,396041,379990,400934,421089,473160,503611,535618,513647,398113,219380,81822,19173,4133135,582877,2991
Africa (UN),2010,10652256,2360308,3538916,1178608,538147,269884,311545,798655,793496,773221,829122,994085,1063763,634268,104058,388744,409911,401170,392326,391405,381816,403007,426115,480374,513711,542593,521170,408108,226160,84254,19804,4077063,581429,3096
Africa (UN),2011,10594121,2325065,3470772,1145707,530414,266129,308259,781542,778588,766533,835769,1011328,1078143,653714,109490,381411,400131,395134,383454,385142,381391,405501,430268,487463,523865,550002,528141,418663,235051,88277,21213,4001186,574388,3439
Africa (UN),2012,10561944,2287374,3401730,1114356,529738,265978,307533,771447,770294,762631,842891,1029096,1094077,670398,112435,377149,394298,391567,378727,380436,382195,408256,434635,492744,536352,557548,536529,428087,242311,90452,21983,3931468,573511,3696
Africa (UN),2013,10569044,2257981,3346238,1088257,526037,264764,306906,764099,764202,763829,856037,1053344,1114966,689025,115669,375172,388927,388095,376107,379030,384799,414851,441186,502858,550486,568840,546126,438264,250761,93190,22479,3872275,571670,3928
Africa (UN),2014,10589947,2231275,3297055,1065780,526612,265695,308464,760856,763944,765234,867163,1076398,1134152,702129,118132,375138,385718,387215,376729,378257,386977,420419,446744,512432,563966,579987,554165,445261,256868,95303,22829,3823667,574159,4113
Africa (UN),2015,10646590,2206043,3246299,1040256,530581,268119,310267,760009,766627,770221,883913,1102105,1162014,719886,122251,375653,384356,386315,380312,379827,390394,428707,455206,525102,577003,597247,564767,454886,265000,98818,23433,3776880,578386,4298
Africa (UN),2016,10651816,2175420,3188821,1013401,527355,267500,310167,754928,766192,772144,895316,1121227,1187632,731343,124820,374291,380637,384223,381969,380169,391975,433800,461516,533578,587649,612547,575085,460894,270449,101150,23670,3716176,577667,4371
Africa (UN),2017,10694839,2149779,3139584,989805,527914,269231,312683,752289,767299,776004,908692,1142121,1216166,747773,130412,374617,377672,382974,384325,382384,393620,439771,468921,543203,598918,630702,585464,469765,278008,105516,24896,3667498,581914,4671
Africa (UN),2018,10763424,2127315,3092391,965076,526818,270610,315418,751448,769230,785117,926467,1168412,1248708,767000,136818,374887,376561,381870,387360,386939,398178,447011,479456,554422,613990,649577,599131,480500,286500,110554,26264,3619209,586028,4987
Africa (UN),2019,10840634,2105896,3050244,944348,523354,271908,318664,753475,770919,794329,942265,1194821,1285373,787039,142998,376943,376532,381127,389792,392599,401730,453319,488946,565348,629473,669780,615593,492008,295031,115415,27583,3573598,590572,5245
Africa (UN),2020,11390416,2073333,2992756,919423,515692,270397,312518,735636,771399,842648,1056138,1392211,1458569,880099,156885,368620,367016,375791,395608,412810,429838,499459,556679,654221,737990,769018,689551,545756,334343,127280,29605,3508448,582915,5468
Africa (UN),2021,12038022,2057019,2956943,899924,511752,272648,327340,775792,821052,922227,1171895,1544357,1608991,948816,170220,387787,388005,397536,423516,449328,472899,552174,619721,725770,818587,847910,761081,591212,357604,137496,32724,3468695,599988,5989
Albania,1950,27895,10789,14959,4170,691,351,377,711,646,806,1253,2460,3147,2127,359,403,308,310,336,385,421,608,645,1107,1353,1588,1559,1319,808,296,63,15650,728,8
Albania,1951,28739,11193,15461,4268,697,346,379,721,639,810,1262,2462,3235,2316,402,405,316,305,334,388,422,598,664,1070,1392,1626,1609,1352,964,326,76,16158,725,8
Albania,1952,29094,11403,15705,4302,624,334,377,718,619,809,1258,2425,3294,2465,451,398,320,293,326,384,425,572,686,1012,1413,1641,1653,1348,1117,365,86,16329,711,10
Albania,1953,29792,11730,16047,4317,814,320,373,715,606,813,1256,2378,3351,2594,514,388,327,286,320,379,434,545,711,958,1420,1654,1697,1334,1260,417,97,16861,693,11
Albania,1954,30025,11976,16306,4330,683,304,369,710,591,809,1243,2322,3394,2691,592,381,329,281,310,370,439,518,725,920,1402,1665,1729,1321,1370,485,107,16989,673,13
Albania,1955,30230,12101,16429,4328,684,291,361,701,578,804,1224,2261,3432,2764,685,373,328,278,300,361,443,502,722,903,1358,1681,1751,1323,1441,569,116,17113,652,15
Albania,1956,30218,12124,16419,4295,690,280,350,690,567,789,1195,2197,3448,2789,787,366,324,278,289,349,440,494,701,909,1288,1691,1757,1333,1456,663,124,17109,630,18
Albania,1957,29952,12040,16262,4222,695,273,334,674,555,767,1157,2130,3437,2763,885,361,313,277,278,337,430,494,663,923,1207,1690,1747,1345,1418,755,130,16957,607,22
Albania,1958,29487,11952,16059,4107,699,268,315,652,541,738,1110,2052,3378,2690,961,351,301,275,266,323,415,492,618,930,1122,1657,1721,1347,1343,822,139,16758,583,24
Albania,1959,29048,11782,15747,3965,666,270,300,637,534,717,1081,2017,3355,2659,1039,344,293,275,259,313,404,497,584,941,1076,1630,1725,1371,1288,878,161,16413,570,26
Albania,1960,28400,11454,15256,3802,667,273,286,624,528,692,1060,1983,3300,2624,1081,338,286,273,255,301,391,497,563,929,1054,1571,1729,1384,1240,895,186,15923,559,26
Albania,1961,27702,11033,14645,3612,657,277,276,611,523,675,1053,1971,3254,2624,1108,328,283,269,254,295,380,497,556,904,1067,1501,1753,1401,1223,889,219,15302,553,27
Albania,1962,27060,10512,13912,3400,664,287,274,603,528,666,1065,1985,3244,2677,1125,319,284,269,259,291,375,499,566,872,1113,1445,1799,1436,1241,873,252,14576,561,28
Albania,1963,26164,9958,13121,3163,653,291,271,588,522,650,1069,1975,3184,2696,1111,307,281,262,260,283,367,491,578,826,1149,1377,1807,1447,1249,834,277,13774,562,29
Albania,1964,25217,9362,12281,2919,644,295,277,570,517,639,1071,1956,3120,2726,1092,293,277,257,260,279,360,481,590,785,1171,1332,1788,1464,1262,795,297,12925,572,32
Albania,1965,24313,8741,11415,2674,637,304,284,558,519,634,1074,1939,3072,2769,1071,283,275,256,263,278,356,473,601,764,1175,1324,1748,1492,1277,769,302,12052,588,36
Albania,1966,23510,8196,10627,2431,613,312,296,549,519,633,1077,1916,3048,2817,1061,277,272,255,264,279,354,466,611,764,1152,1357,1691,1529,1288,760,301,11240,608,41
Albania,1967,22821,7776,9977,2201,593,321,306,539,516,631,1071,1887,3029,2857,1051,274,265,254,262,282,349,459,612,776,1111,1406,1623,1559,1298,759,292,10570,627,46
Albania,1968,22175,7404,9393,1989,564,328,314,531,513,629,1062,1855,3018,2875,1043,275,256,254,259,283,346,453,609,795,1060,1457,1561,1574,1301,763,280,9957,642,50
Albania,1969,21524,7031,8835,1804,531,333,319,528,509,626,1045,1827,3012,2869,1033,282,246,253,256,285,341,447,598,813,1014,1490,1522,1565,1304,766,267,9366,652,53
Albania,1970,20896,6598,8240,1642,489,336,328,527,506,627,1035,1826,3026,2864,1035,291,236,252,254,288,339,446,589,833,993,1496,1530,1541,1323,773,262,8729,664,55
Albania,1971,20405,6213,7703,1490,455,339,341,535,505,631,1033,1855,3057,2855,1043,303,232,251,254,289,342,448,585,852,1003,1476,1581,1504,1351,781,262,8158,680,56
Albania,1972,19899,5861,7215,1354,422,335,352,543,500,634,1026,1882,3069,2823,1045,315,228,245,255,290,344,448,578,857,1025,1423,1646,1453,1370,783,262,7637,687,55
Albania,1973,19482,5532,6765,1233,394,329,361,553,495,639,1022,1919,3093,2802,1052,324,229,239,256,290,349,447,575,857,1062,1370,1723,1417,1385,787,265,7159,690,53
Albania,1974,19151,5249,6379,1130,370,321,371,571,490,645,1027,1961,3110,2796,1060,333,238,231,259,289,356,448,579,855,1106,1328,1782,1408,1388,794,266,6749,692,52
Albania,1975,18898,5018,6060,1042,345,308,379,595,483,652,1034,1997,3118,2801,1074,347,248,223,260,289,363,449,585,848,1149,1312,1806,1432,1369,804,270,6405,687,51
Albania,1976,18814,4795,5770,975,326,296,387,624,483,666,1056,2042,3153,2854,1099,362,262,220,263,294,372,456,600,850,1192,1345,1808,1507,1347,825,274,6096,683,50
Albania,1977,18620,4582,5502,920,311,283,388,650,480,675,1071,2065,3147,2892,1108,376,274,219,261,297,378,463,608,847,1218,1387,1760,1587,1305,836,272,5813,671,49
Albania,1978,18693,4405,5281,876,298,273,390,688,487,693,1105,2115,3205,2987,1122,397,291,227,260,306,387,478,627,865,1250,1472,1733,1693,1294,848,274,5579,663,49
Albania,1979,18633,4261,5103,842,288,264,385,714,493,705,1123,2134,3233,3039,1104,413,301,237,256,313,392,491,632,879,1255,1541,1692,1755,1284,833,271,5391,649,47
Albania,1980,17822,4163,4968,805,258,236,351,695,466,672,1079,2028,3096,2908,1023,399,296,233,233,299,373,476,603,848,1180,1512,1584,1677,1231,766,257,5226,587,45
Albania,1981,17909,4120,4898,778,247,225,336,713,473,676,1096,2051,3182,2959,1008,405,308,245,228,299,377,488,608,871,1180,1563,1619,1670,1289,747,261,5145,561,45
Albania,1982,17985,4118,4874,756,235,214,320,724,482,678,1109,2067,3264,2985,991,404,320,257,225,297,381,494,615,887,1180,1589,1675,1629,1356,728,263,5109,534,44
Albania,1983,18082,4090,4830,740,210,202,303,729,493,680,1129,2093,3361,3020,988,398,331,266,227,292,388,503,626,903,1190,1606,1755,1590,1430,723,265,5040,505,44
Albania,1984,18254,4034,4755,721,213,192,288,731,516,681,1154,2143,3470,3070,999,388,343,277,239,285,396,511,643,918,1225,1616,1854,1573,1497,736,263,4968,480,43
Albania,1985,18453,3934,4640,706,208,189,280,734,545,689,1190,2204,3580,3129,1027,379,355,291,254,281,408,522,668,930,1274,1623,1957,1590,1539,770,257,4848,469,43
Albania,1986,18467,3792,4463,671,195,173,260,711,566,681,1212,2259,3658,3178,1068,358,353,301,265,271,410,526,686,938,1321,1621,2037,1639,1539,819,249,4658,433,43
Albania,1987,18319,3647,4282,635,188,162,244,681,581,668,1220,2288,3673,3186,1103,333,348,306,275,265,403,527,693,936,1352,1606,2067,1692,1494,862,241,4470,406,43
Albania,1988,18315,3483,4081,598,182,154,230,656,602,665,1246,2340,3720,3241,1150,315,341,316,286,267,398,537,709,952,1388,1625,2095,1782,1459,909,241,4263,384,42
Albania,1989,18357,3288,3847,559,183,148,217,627,619,669,1272,2398,3794,3343,1200,298,329,324,295,279,390,549,723,978,1420,1678,2116,1892,1451,948,252,4030,365,41
Albania,1990,18349,3089,3607,518,174,142,205,596,635,669,1294,2444,3857,3456,1232,281,315,331,304,292,377,559,735,1009,1435,1742,2115,1995,1461,964,268,3781,347,39
Albania,1991,18361,2867,3343,476,171,140,192,560,644,675,1309,2490,3940,3603,1253,263,297,331,313,307,368,565,744,1040,1450,1818,2122,2089,1514,965,288,3514,332,37
Albania,1992,18215,2661,3100,439,164,136,179,520,643,678,1306,2512,3983,3708,1247,244,276,323,320,318,360,557,749,1056,1456,1870,2113,2135,1573,941,306,3264,315,37
Albania,1993,18251,2455,2852,397,156,133,167,485,644,692,1312,2565,4081,3862,1262,227,258,314,330,329,363,550,762,1079,1486,1927,2154,2189,1673,935,327,3008,300,38
Albania,1994,18357,2305,2670,365,150,134,160,454,640,717,1313,2628,4191,3991,1271,212,242,302,338,338,379,536,777,1099,1529,1969,2222,2215,1776,934,337,2820,294,41
Albania,1995,18402,2152,2483,331,140,131,152,421,624,737,1307,2687,4299,4087,1287,195,226,284,340,344,393,520,787,1113,1574,1996,2303,2220,1867,947,340,2623,283,44
Albania,1996,18404,1978,2282,304,132,127,148,389,606,762,1294,2738,4403,4161,1315,180,209,266,340,353,409,506,788,1126,1612,2023,2380,2223,1938,976,339,2414,275,47
Albania,1997,19461,1837,2213,376,172,149,192,521,718,897,1388,2906,4622,4270,1362,248,273,318,400,421,476,552,836,1200,1706,2122,2500,2266,2004,1029,333,2385,341,50
Albania,1998,18487,1612,1863,251,113,118,143,334,550,803,1275,2836,4646,4325,1420,156,178,231,319,372,431,512,763,1163,1673,2131,2515,2289,2036,1091,329,1976,261,53
Albania,1999,18571,1466,1692,226,105,113,140,312,519,817,1278,2881,4766,4407,1479,148,164,215,304,382,435,537,741,1187,1694,2207,2559,2358,2049,1150,329,1797,253,54
Albania,2000,18628,1322,1523,201,96,107,138,293,485,828,1277,2911,4882,4492,1539,142,151,199,286,385,443,558,719,1203,1708,2287,2595,2442,2050,1204,335,1619,245,55
Albania,2001,18695,1177,1354,177,89,101,135,274,451,836,1288,2932,5006,4582,1594,136,138,185,266,385,451,583,705,1206,1726,2358,2648,2525,2057,1244,350,1443,236,54
Albania,2002,18767,1042,1199,157,81,96,131,262,421,837,1306,2942,5131,4667,1642,134,128,171,250,376,461,602,704,1190,1752,2412,2719,2591,2076,1272,370,1280,227,53
Albania,2003,18903,935,1071,136,73,87,126,250,392,837,1338,2950,5280,4771,1681,132,118,158,234,363,474,614,724,1163,1787,2459,2821,2650,2121,1288,393,1144,213,52
Albania,2004,19095,827,944,117,64,82,121,241,361,832,1380,2956,5447,4898,1712,130,111,144,217,347,485,618,762,1131,1825,2501,2946,2704,2194,1297,415,1008,203,52
Albania,2005,19280,725,827,102,59,76,114,237,336,821,1432,2953,5617,5024,1735,129,108,132,204,329,492,631,801,1101,1852,2543,3074,2749,2275,1302,433,886,190,54
Albania,2006,19600,631,719,88,52,71,109,231,312,806,1492,2958,5818,5196,1769,127,104,121,191,311,495,646,846,1090,1868,2608,3210,2830,2366,1321,448,771,180,58
Albania,2007,18935,556,631,75,46,61,99,213,276,741,1466,2798,5694,5113,1737,117,96,108,168,279,462,631,835,1040,1758,2539,3155,2786,2327,1296,441,677,160,60
Albania,2008,19517,498,562,64,41,56,94,212,259,722,1531,2840,5949,5364,1822,115,97,101,158,266,456,660,871,1090,1750,2651,3298,2943,2421,1364,458,603,150,65
Albania,2009,20073,452,507,55,36,52,89,211,244,696,1574,2890,6180,5607,1915,113,98,97,147,253,443,685,889,1165,1725,2756,3424,3110,2497,1441,474,543,141,71
Albania,2010,20583,414,463,49,31,47,83,206,232,667,1617,2939,6381,5835,2005,109,97,96,136,241,426,701,916,1240,1699,2834,3547,3271,2564,1518,487,494,130,76
Albania,2011,21084,381,425,44,29,43,77,203,221,634,1655,3003,6559,6061,2094,106,97,93,128,228,406,709,946,1316,1687,2877,3682,3416,2645,1586,508,454,120,81
Albania,2012,21980,355,394,39,26,41,73,201,217,612,1719,3146,6848,6407,2211,103,98,95,122,218,394,720,999,1403,1743,2940,3908,3613,2794,1671,540,420,114,85
Albania,2013,22641,332,369,37,23,36,68,197,213,585,1763,3290,7045,6677,2283,100,97,95,118,205,380,714,1049,1462,1828,2940,4105,3759,2918,1719,564,392,104,87
Albania,2014,22748,311,348,37,22,32,62,190,205,544,1747,3376,7038,6798,2302,94,96,95,110,189,355,681,1066,1460,1916,2841,4197,3813,2985,1724,578,370,94,88
Albania,2015,22954,291,325,34,20,29,57,180,201,508,1723,3489,7033,6963,2339,88,92,94,107,174,334,647,1076,1483,2006,2757,4276,3898,3065,1741,598,345,86,90
Albania,2016,23192,276,309,33,17,26,50,171,197,476,1687,3605,7016,7151,2388,81,90,93,104,161,315,611,1076,1511,2094,2701,4315,4013,3138,1775,613,326,76,93
Albania,2017,23507,265,298,33,16,23,46,160,194,446,1645,3716,7014,7390,2465,75,85,92,102,150,296,578,1067,1552,2164,2701,4313,4171,3219,1836,629,314,69,97
Albania,2018,23939,259,292,33,15,20,42,152,193,418,1595,3819,7056,7679,2555,70,82,90,103,142,276,547,1048,1604,2215,2784,4272,4363,3316,1908,647,307,62,102
Albania,2019,24410,259,292,33,15,20,40,147,198,396,1538,3887,7143,7977,2651,65,82,92,106,138,258,519,1019,1652,2235,2954,4189,4553,3424,1985,666,307,60,107
Albania,2020,30970,260,291,31,30,41,76,211,357,742,2003,4346,8806,10671,3263,94,117,146,211,282,460,736,1267,1863,2483,3380,5426,6082,4589,2468,795,321,117,128
Albania,2021,32392,261,291,30,30,40,76,222,388,801,2145,4872,9429,10804,3167,97,125,161,227,308,493,794,1351,2074,2798,3828,5601,6224,4580,2395,772,321,116,121
Algeria,1950,205790,76744,107843,31099,9614,5687,6998,13370,9945,9125,9873,12300,11618,6927,2357,7476,5894,5280,4665,4849,4276,5328,4545,5965,6335,6915,4703,4606,2321,1697,660,117457,12685,135
Algeria,1951,213647,80932,113853,32921,9911,5634,7009,13702,10180,9394,10329,12563,12143,6780,2014,7649,6053,5385,4795,4973,4421,5459,4870,6062,6501,7112,5031,4397,2383,1449,565,123764,12643,130
Algeria,1952,216194,81217,116144,34927,9624,5510,6911,13872,10301,9579,10672,12678,12586,6528,1664,7705,6167,5379,4922,4959,4620,5374,5298,5999,6679,7094,5492,4015,2513,1168,496,125768,12421,123
Algeria,1953,221114,81547,117850,36303,11124,5464,6882,14189,10547,9907,11127,12964,13179,6363,1405,7818,6371,5417,5130,4968,4939,5271,5856,5995,6969,7103,6076,3723,2640,970,435,128974,12346,112
Algeria,1954,245452,82047,119396,37349,9956,5633,8832,22942,15590,13231,13556,14363,14244,6368,1245,12561,10381,8185,7405,6613,6618,6247,7309,6688,7675,7478,6766,3693,2675,866,379,129352,14465,93
Algeria,1955,249176,83317,121348,38031,10368,5554,8715,23036,15731,13439,13888,14818,14676,6382,1149,12520,10516,8231,7500,6643,6796,6264,7624,6960,7858,7596,7080,3804,2578,828,321,131716,14269,71
Algeria,1956,254614,84734,123436,38702,11259,5634,8709,23219,16002,13754,14303,15509,15136,6501,1096,12507,10712,8393,7609,6801,6953,6471,7832,7490,8019,7850,7286,4091,2410,840,256,134695,14343,56
Algeria,1957,259305,86078,125435,39357,11889,5715,8668,23241,16190,13987,14606,16279,15508,6676,1064,12407,10834,8563,7627,7008,6979,6810,7796,8245,8034,8177,7331,4501,2175,867,197,137324,14383,47
Algeria,1958,263467,87540,127501,39961,12428,5790,8598,23113,16308,14132,14810,17067,15782,6877,1022,12243,10870,8723,7585,7217,6915,7212,7598,9074,7993,8502,7280,4907,1970,867,155,139929,14388,39
Algeria,1959,266990,88734,129321,40587,12224,5930,8575,22980,16474,14307,15073,17930,16084,7110,954,12101,10879,8886,7588,7405,6902,7577,7496,9789,8141,8781,7303,5213,1897,821,133,141545,14505,31
Algeria,1960,271718,90180,131508,41328,12706,6098,8595,22835,16678,14502,15397,18793,16401,7318,865,11991,10844,9024,7654,7536,6966,7841,7556,10284,8509,8991,7410,5381,1937,742,123,144214,14693,23
Algeria,1961,276517,91849,133910,42061,12889,6364,8664,22643,16912,14709,15773,19663,16709,7495,768,11889,10754,9143,7769,7611,7098,8004,7769,10535,9128,9104,7605,5438,2057,652,116,146799,15028,16
Algeria,1962,296145,96366,141301,44935,13737,6820,9245,24351,18453,15817,17138,21695,18993,7907,673,12740,11611,9953,8500,8058,7759,8448,8690,10904,10791,10175,8818,5664,2243,561,112,155038,16065,11
Algeria,1963,271829,97036,141425,44389,12912,6412,6893,14782,12966,12467,14948,20597,19764,8070,585,7657,7125,6692,6274,6136,6331,7058,7890,9675,10922,10298,9466,5728,2342,483,102,154337,13305,8
Algeria,1964,280047,98996,145173,46177,12970,6412,6963,14695,13244,12676,15344,21365,21978,8679,542,7579,7116,6786,6458,6219,6457,7129,8215,9817,11548,11271,10707,6249,2430,456,86,158143,13375,6
Algeria,1965,287369,100152,148011,47859,13099,6437,6967,14571,13474,12866,15642,21936,24370,9460,529,7498,7073,6859,6615,6351,6515,7250,8392,10195,11741,12272,12098,7021,2439,459,70,161110,13404,5
Algeria,1966,293180,99427,147865,48438,13546,6505,7039,14546,13784,13171,16020,22521,27070,10566,537,7506,7040,6969,6815,6567,6604,7465,8555,10739,11782,13294,13776,8116,2450,480,57,161411,13544,4
Algeria,1967,296363,100592,148851,48259,14098,6616,7202,14532,13921,13473,16291,22814,26760,11258,544,7589,6943,6973,6948,6747,6726,7606,8685,10950,11864,13171,13589,8787,2471,500,44,162949,13818,4
Algeria,1968,299546,101946,149851,47905,14525,6715,7385,14615,14046,13821,16555,23225,26401,11849,550,7736,6879,6968,7078,6949,6872,7745,8810,11175,12050,13131,13270,9276,2573,513,37,164376,14100,3
Algeria,1969,302324,103070,150549,47479,14996,6810,7553,14774,14124,14186,16809,23738,25928,12315,542,7930,6844,6936,7188,7151,7035,7877,8932,11401,12337,13084,12844,9531,2784,508,34,165545,14363,2
Algeria,1970,302337,103674,150694,47020,14814,6854,7738,14704,13995,14391,16884,24012,25188,12545,514,7943,6761,6806,7189,7260,7131,7915,8969,11489,12523,12866,12322,9463,3082,483,31,165508,14592,2
Algeria,1971,300635,103570,150093,46523,14542,6911,7814,14633,13711,14491,16874,24036,24474,12561,496,7957,6676,6606,7105,7300,7191,7908,8966,11475,12561,12610,11864,9200,3361,463,33,164635,14725,1
Algeria,1972,297007,102743,148426,45683,14119,6961,7772,14575,13310,14493,16788,23848,23868,12359,492,7979,6596,6361,6949,7274,7219,7869,8919,11363,12485,12385,11483,8828,3531,459,33,162545,14733,1
Algeria,1973,292977,101571,146124,44553,13601,7027,7707,14599,12938,14511,16731,23682,23492,12054,511,8025,6574,6156,6782,7244,7267,7858,8873,11250,12432,12295,11197,8418,3636,478,33,159725,14734,1
Algeria,1974,286766,100130,143204,43074,13070,6960,7537,14480,12417,14329,16498,23257,22945,11520,549,7967,6513,5903,6514,7102,7227,7778,8720,11015,12242,12164,10781,7895,3625,518,31,156274,14497,1
Algeria,1975,281063,98402,139878,41476,12592,6866,7441,14434,12009,14192,16353,22970,22586,11118,617,8018,6416,5728,6281,6981,7211,7746,8607,10857,12113,12138,10448,7526,3592,587,30,152470,14307,1
Algeria,1976,285646,99489,141298,41809,12861,6621,7283,14285,11698,14285,17225,25052,23590,10760,688,7858,6427,5632,6066,6941,7344,8098,9127,11763,13289,13116,10474,7247,3513,658,30,154159,13904,1
Algeria,1977,284935,97364,138501,41137,12888,6442,7014,13891,11295,14109,17790,26823,25130,10318,731,7561,6330,5521,5774,6763,7346,8281,9509,12448,14375,14292,10838,6942,3376,700,31,151389,13456,1
Algeria,1978,276053,94064,132275,38211,12451,6328,6916,13673,11001,13702,17460,26144,25256,10075,772,7446,6227,5477,5524,6492,7210,8150,9310,12117,14027,14243,11013,6820,3255,737,35,144726,13244,1
Algeria,1979,265395,90821,126062,35241,11836,6107,6745,13260,10634,13088,16918,25133,25010,9801,801,7223,6037,5395,5239,6126,6962,7919,8999,11653,13480,13942,11068,6698,3103,759,42,137898,12852,1
Algeria,1980,254416,87298,119644,32346,11207,6049,6680,13016,10268,12441,16316,23960,24469,9539,819,7051,5965,5262,5006,5761,6680,7661,8655,11131,12829,13471,10998,6572,2967,767,52,130851,12729,1
Algeria,1981,237561,81318,109672,28354,9961,5518,6262,12290,9682,11572,15570,22799,23905,9480,844,6629,5661,4978,4704,5303,6269,7312,8258,10608,12191,12977,10928,6570,2910,781,63,119633,11780,1
Algeria,1982,218989,73788,98260,24472,8758,5156,5921,11640,9166,10682,14730,21455,22968,9396,856,6270,5370,4718,4448,4865,5817,6916,7814,10004,11451,12305,10663,6550,2846,782,74,107018,11077,1
Algeria,1983,200952,65207,85684,20477,7683,4862,5632,11129,8798,9953,14071,20442,22277,9537,881,5998,5131,4509,4289,4526,5427,6594,7477,9546,10896,11781,10496,6669,2868,795,86,93367,10494,2
Algeria,1984,182805,56697,73460,16763,6838,4533,5283,10528,8377,9188,13296,19322,21400,9666,911,5687,4841,4254,4123,4193,4995,6207,7089,9029,10293,11178,10222,6756,2910,812,99,80298,9816,2
Algeria,1985,167522,49405,63142,13737,5984,4235,4975,10026,8023,8548,12634,18426,20677,9883,962,5432,4594,4094,3929,3931,4617,5863,6771,8613,9813,10680,9997,6882,3001,848,114,69126,9210,4
Algeria,1986,155780,43202,54763,11561,5485,3962,4733,9653,7755,8069,12119,17807,20175,10221,1035,5241,4412,3966,3789,3755,4314,5575,6544,8324,9483,10323,9852,7058,3163,905,130,60248,8695,5
Algeria,1987,152110,38629,48695,10066,5170,3919,4757,9807,7924,8106,12257,18232,20853,11197,1184,5319,4488,4052,3872,3833,4273,5579,6678,8520,9712,10588,10265,7637,3560,1029,155,53865,8676,7
Algeria,1988,144807,35292,44320,9028,4843,3677,4518,9370,7618,7736,11698,17698,20419,11606,1289,5066,4304,3894,3724,3725,4011,5258,6440,8267,9431,10309,10110,7794,3812,1115,174,49163,8195,10
Algeria,1989,146489,33095,41418,8323,4713,3710,4633,9694,7876,8007,12035,18576,21488,12826,1497,5218,4476,4026,3850,3925,4082,5336,6699,8679,9897,10818,10670,8480,4346,1291,206,46131,8343,13
Algeria,1990,146283,31208,39031,7823,4583,3663,4628,9784,8004,8065,12049,19031,22031,13705,1695,5239,4545,4062,3942,3983,4082,5275,6774,8891,10140,11077,10954,8922,4783,1455,240,43614,8291,17
Algeria,1991,147177,30262,37676,7414,4193,3629,4620,9933,8155,8194,12078,19572,22637,14557,1916,5297,4636,4119,4036,4065,4129,5230,6848,9140,10432,11384,11253,9339,5218,1641,275,41869,8249,21
Algeria,1992,150321,29760,36843,7083,4081,3626,4678,10379,8508,8505,12222,20323,23477,15479,2178,5516,4863,4298,4210,4227,4278,5257,6965,9476,10847,11817,11660,9799,5680,1863,315,40924,8304,25
Algeria,1993,154044,28791,35601,6810,3800,3640,4773,10877,8946,8937,12464,21313,24642,16532,2486,5767,5110,4527,4419,4426,4511,5349,7115,9907,11406,12414,12228,10346,6186,2121,365,39401,8413,30
Algeria,1994,160920,27555,34128,6573,3645,3640,5187,12781,10215,9810,12914,22426,25867,17485,2786,6774,6007,5250,4965,4863,4947,5575,7339,10390,12036,13054,12813,10843,6642,2372,414,37773,8827,35
Algeria,1995,162008,25165,31437,6272,3475,3568,5099,12385,10188,10132,13193,23633,27294,18464,3098,6548,5837,5217,4971,5010,5122,5721,7472,10871,12762,13808,13486,11370,7094,2629,469,34912,8667,41
Algeria,1996,150325,22969,28895,5926,3098,3121,4588,11066,9322,9440,12098,22166,25868,17533,3085,5817,5249,4767,4555,4662,4778,5300,6798,10098,12068,13092,12776,10741,6792,2603,482,31993,7709,43
Algeria,1997,153195,21301,26747,5446,2892,2851,4620,11238,9317,9421,12117,23572,28630,18486,3257,5879,5359,4815,4502,4631,4790,5237,6880,10490,13082,14081,14549,11604,6882,2728,529,29639,7471,48
Algeria,1998,158238,20205,25303,5098,2701,2634,4640,11567,9453,9465,12176,25137,31510,20136,3463,6052,5515,4935,4518,4600,4865,5214,6962,10874,14263,15353,16157,13094,7042,2875,588,28004,7274,54
Algeria,1999,155729,19683,24507,4824,2412,2442,4178,10325,8880,9138,11946,24969,31827,21370,3672,5375,4950,4572,4308,4404,4734,5263,6683,10649,14320,15803,16024,14144,7226,3027,645,26919,6620,61
Algeria,2000,155079,19579,24152,4573,2396,2256,3908,10163,8888,9124,11750,24501,31988,22080,3805,5283,4880,4549,4339,4372,4752,5324,6426,10351,14150,16123,15865,14801,7279,3114,691,26548,6164,68
Algeria,2001,155665,19570,24100,4530,2336,2145,3644,9899,8886,9142,11726,24176,32636,22931,3969,5131,4768,4510,4376,4374,4768,5450,6276,10135,14041,16597,16039,15270,7661,3226,743,26436,5789,76
Algeria,2002,156069,19104,23228,4124,2118,1993,3370,9742,8953,9196,11829,23911,33599,23892,4152,5018,4724,4509,4444,4413,4783,5590,6239,9949,13962,17117,16482,15342,8550,3354,798,25346,5363,86
Algeria,2003,160939,19259,23352,4093,2149,2109,3358,9921,9344,9572,12300,24028,35172,25160,4375,5058,4863,4678,4666,4626,4946,5840,6460,9924,14104,17825,17347,15474,9686,3515,860,25501,5467,97
Algeria,2004,161071,19246,22992,3746,1838,1810,2950,9335,9151,9541,12510,23760,36376,26170,4531,4659,4676,4539,4612,4631,4910,5858,6652,9717,14043,18202,18174,15630,10540,3624,907,24830,4760,106
Algeria,2005,163225,19321,22953,3632,1804,1721,2782,9122,9239,9741,12879,23549,37519,27140,4661,4441,4681,4559,4680,4762,4979,6003,6876,9560,13989,18461,19058,15924,11216,3718,943,24757,4503,114
Algeria,2006,165538,19373,22919,3546,1728,1647,2641,8895,9327,9971,13285,23410,38615,28054,4920,4219,4676,4577,4750,4901,5070,6128,7157,9485,13925,18646,19969,16405,11649,3949,971,24647,4288,120
Algeria,2007,168200,19629,23155,3526,1673,1584,2546,8698,9455,10252,13680,23347,39532,28743,5411,4021,4677,4623,4832,5054,5198,6236,7444,9531,13816,18737,20795,17019,11724,4420,991,24828,4130,125
Algeria,2008,169905,19851,23348,3497,1627,1506,2399,8272,9434,10440,13928,23304,40153,29442,5917,3747,4525,4594,4840,5145,5295,6295,7633,9701,13603,18721,21432,17751,11691,4915,1002,24975,3905,129
Algeria,2009,166805,20014,23496,3482,1585,1383,2210,7645,9144,10294,13630,22613,39189,29404,6088,3421,4224,4443,4701,5054,5240,6146,7484,9713,12900,18032,21157,17992,11412,5106,982,25081,3593,128
Algeria,2010,170579,20089,23579,3490,1570,1351,2101,7232,9208,10589,14029,23030,40090,31168,6494,3211,4021,4462,4746,5163,5426,6284,7745,10170,12860,18242,21848,19264,11904,5477,1017,25149,3452,132
Algeria,2011,172361,20260,23800,3540,1576,1300,2001,6831,9170,10767,14227,23244,40124,32481,6700,3038,3793,4433,4737,5211,5556,6366,7861,10538,12706,18096,22028,20186,12295,5624,1076,25376,3301,133
Algeria,2012,177788,20718,24319,3601,1562,1285,1948,6584,9296,11186,14764,24181,40926,34590,7010,2954,3630,4465,4831,5368,5818,6626,8138,11166,13015,18311,22615,21498,13092,5774,1236,25881,3233,135
Algeria,2013,177698,20758,24419,3661,1622,1242,1830,6144,9066,11176,14770,24395,40213,35589,7094,2770,3374,4303,4763,5323,5853,6665,8105,11307,13088,17824,22389,21986,13603,5734,1360,26041,3072,133
Algeria,2014,176693,21043,24772,3729,1573,1204,1704,5659,8694,11057,14716,24584,39155,36278,7165,2568,3091,4044,4650,5230,5827,6689,8027,11264,13320,17186,21969,22151,14127,5741,1424,26345,2908,131
Algeria,2015,175550,21239,25016,3777,1589,1164,1599,5183,8271,10852,14600,24716,38111,36984,7336,2358,2825,3744,4527,5104,5748,6684,7916,11252,13464,16570,21541,22227,14757,5870,1466,26605,2763,132
Algeria,2016,180517,21166,24965,3799,1567,1179,1562,4982,8164,11093,15133,25905,38756,39185,7881,2277,2705,3587,4577,5187,5906,6967,8166,11643,14262,16780,21976,23148,16037,6334,1547,26532,2741,144
Algeria,2017,186925,20866,24655,3789,1609,1213,1553,4876,8102,11456,15891,27376,39905,41589,8532,2232,2644,3453,4649,5330,6126,7340,8551,12134,15242,17373,22532,24175,17414,6918,1614,26264,2766,169
Algeria,2018,187993,20293,24033,3740,1637,1214,1515,4599,7742,11451,16189,27918,40000,42509,8994,2109,2490,3225,4517,5307,6144,7478,8711,12248,15670,17721,22279,24363,18146,7358,1636,25670,2729,187
Algeria,2019,187620,19572,23228,3656,1650,1212,1482,4329,7290,11356,16369,28076,40031,42917,9490,1988,2341,2990,4300,5246,6110,7532,8837,12268,15808,18250,21781,24301,18616,7812,1678,24878,2694,196
Algeria,2020,234547,18733,22272,3539,1648,1223,1532,4319,7879,13915,22200,38946,51292,56943,12157,1987,2332,3129,4750,6283,7632,9931,12269,17019,21927,24400,26892,31152,25791,10170,1987,23920,2755,219
Algeria,2021,200842,17831,21229,3398,1587,1230,1276,3321,6017,11634,18767,33613,45147,46102,10717,1557,1764,2350,3667,5238,6396,8393,10374,14535,19078,22169,22978,26060,20042,8881,1836,22816,2506,200
American Samoa,1950,157,45,60,15,4,3,5,10,10,10,10,15,17,8,2,5,5,5,5,5,5,5,5,5,10,10,7,5,3,2,0,64,8,0
American Samoa,1951,157,45,60,15,4,3,5,10,10,10,10,16,17,9,0,5,5,5,5,5,5,5,5,6,10,10,7,5,4,0,0,64,8,0
American Samoa,1952,156,43,58,15,4,3,5,10,10,10,10,16,18,9,0,5,5,5,5,5,5,5,5,6,10,10,8,5,4,0,0,62,8,0
American Samoa,1953,160,43,59,16,4,4,5,10,10,10,12,16,19,9,0,5,5,5,5,5,5,6,6,6,10,10,9,5,4,0,0,63,9,0
American Samoa,1954,153,40,55,15,4,3,5,10,10,10,12,15,19,9,0,5,5,5,5,5,5,5,7,5,10,10,9,5,4,0,0,59,8,0
American Samoa,1955,153,40,54,14,4,3,5,10,10,10,14,15,20,10,0,5,5,5,5,5,5,6,8,5,10,10,10,5,5,0,0,58,8,0
American Samoa,1956,151,39,53,14,4,3,5,10,10,10,15,15,20,11,0,5,5,5,5,5,5,6,9,5,10,10,10,6,5,0,0,57,8,0
American Samoa,1957,151,39,52,13,4,3,5,10,10,10,15,15,20,11,0,5,5,5,5,5,5,5,10,5,10,10,10,6,5,0,0,56,8,0
American Samoa,1958,147,37,49,12,4,3,5,10,10,10,14,14,20,11,0,5,5,5,5,5,5,5,9,5,9,10,10,6,5,0,0,53,8,0
American Samoa,1959,144,36,48,12,3,3,5,10,10,10,14,14,20,11,0,5,5,5,5,5,5,5,9,5,9,10,10,7,4,0,0,51,8,0
American Samoa,1960,133,32,43,11,3,2,5,10,10,10,13,13,20,9,0,5,5,5,5,5,5,5,8,5,8,10,10,6,3,0,0,46,7,0
American Samoa,1961,130,31,42,11,3,2,5,10,10,10,13,13,18,10,0,5,5,5,5,5,5,5,8,6,7,10,8,6,4,0,0,45,7,0
American Samoa,1962,130,30,41,11,3,2,5,10,10,10,12,14,18,10,0,5,5,5,5,5,5,5,7,7,7,10,8,6,4,0,0,44,7,0
American Samoa,1963,134,31,42,11,3,2,5,10,10,10,11,15,19,11,0,5,5,5,5,5,5,5,6,9,6,10,9,6,5,0,0,45,7,0
American Samoa,1964,134,31,42,11,3,2,5,10,10,10,11,15,18,12,0,5,5,5,5,5,5,5,6,10,5,10,8,7,5,0,0,45,7,0
American Samoa,1965,138,31,42,11,3,2,5,10,10,10,10,17,18,11,0,5,5,5,5,5,5,5,5,10,7,9,9,6,5,0,0,45,7,0
American Samoa,1966,232,44,78,34,21,11,10,11,10,16,20,20,20,12,1,6,5,5,5,6,10,10,10,10,10,10,10,7,5,1,0,99,21,0
American Samoa,1967,146,31,42,11,3,2,5,10,10,10,18,19,18,11,1,5,5,5,5,5,5,8,10,9,10,8,10,6,5,1,0,45,7,0
American Samoa,1968,149,31,42,11,3,2,5,10,10,11,20,20,18,12,1,5,5,5,5,5,6,10,10,10,10,8,10,7,5,1,0,45,7,0
American Samoa,1969,150,30,41,11,3,3,5,10,10,10,20,20,18,13,1,5,5,5,5,5,5,10,10,10,10,8,10,8,5,1,0,44,8,0
American Samoa,1970,152,30,41,11,3,3,5,10,10,10,20,23,15,13,1,5,5,5,5,5,5,10,10,10,13,8,7,8,5,1,0,44,8,0
American Samoa,1971,150,28,39,11,3,2,5,10,10,10,19,22,16,13,1,5,5,5,5,5,5,9,10,10,12,10,6,8,5,1,0,42,7,0
American Samoa,1972,151,28,39,11,3,2,5,10,10,10,19,22,17,14,1,5,5,5,5,5,5,9,10,10,12,12,5,9,5,1,0,42,7,0
American Samoa,1973,153,27,38,11,3,2,5,10,10,13,20,21,19,14,2,5,5,5,5,5,8,10,10,10,11,13,6,9,5,2,0,41,7,0
American Samoa,1974,153,26,36,10,2,2,5,10,10,13,20,20,21,12,2,5,5,5,5,5,8,10,10,10,10,14,7,7,5,2,0,38,7,0
American Samoa,1975,155,26,36,10,2,2,5,10,10,13,20,20,22,11,3,5,5,5,5,5,8,10,10,10,10,14,8,6,5,3,0,38,7,0
American Samoa,1976,157,25,35,10,2,2,5,10,10,13,20,20,23,10,3,5,5,5,5,5,8,10,10,10,10,13,10,5,5,3,0,37,7,0
American Samoa,1977,158,25,34,9,2,2,5,10,10,13,20,20,24,10,2,5,5,5,5,5,8,10,10,10,10,12,12,5,5,2,0,36,7,0
American Samoa,1978,159,24,33,9,2,2,5,10,10,13,20,23,24,11,2,5,5,5,5,5,8,10,10,12,11,11,13,6,5,2,0,35,7,0
American Samoa,1979,161,23,31,8,2,2,5,10,10,12,20,27,26,12,2,5,5,5,5,5,7,10,10,12,15,12,14,7,5,2,0,33,7,0
American Samoa,1980,163,23,31,8,2,1,5,10,10,12,20,29,30,14,2,5,5,5,5,5,7,10,10,14,15,15,15,9,5,2,0,33,6,0
American Samoa,1981,165,22,30,8,2,1,5,10,10,12,20,28,30,15,3,5,5,5,5,5,7,10,10,13,15,15,15,10,5,3,0,32,6,0
American Samoa,1982,171,22,30,8,2,1,5,10,10,14,20,28,30,17,3,5,5,5,5,5,9,10,10,13,15,15,15,12,5,3,0,32,6,0
American Samoa,1983,176,22,30,8,2,1,5,10,10,15,23,29,30,19,3,5,5,5,5,5,10,10,13,14,15,15,15,13,6,3,0,32,6,0
American Samoa,1984,180,22,30,8,2,1,5,10,10,15,23,30,31,20,1,5,5,5,5,5,10,10,13,15,15,16,15,14,6,1,0,32,6,0
American Samoa,1985,185,22,30,8,2,1,5,10,10,15,23,30,33,22,2,5,5,5,5,5,10,10,13,15,15,18,15,15,7,2,0,32,6,0
American Samoa,1986,191,22,30,8,2,1,5,10,10,15,23,33,35,23,1,5,5,5,5,5,10,10,13,15,18,20,15,15,8,1,0,32,6,0
American Samoa,1987,191,22,30,8,1,1,5,10,10,14,23,32,36,23,1,5,5,5,5,5,9,10,13,15,17,20,16,13,10,1,0,31,6,0
American Samoa,1988,206,22,30,8,2,1,5,10,10,15,23,34,38,26,2,5,5,5,5,5,10,10,13,15,19,20,18,14,12,2,0,32,6,0
American Samoa,1989,221,23,31,8,2,1,5,10,10,17,23,38,42,28,2,5,5,5,5,7,10,10,13,18,20,20,22,14,14,2,0,33,6,0
American Samoa,1990,235,23,32,9,2,2,5,10,11,20,28,39,46,30,5,5,5,5,6,10,10,13,15,19,20,22,24,15,15,5,0,34,7,0
American Samoa,1991,229,23,31,8,2,1,5,10,10,20,27,38,44,27,6,5,5,5,5,10,10,12,15,18,20,20,24,15,12,6,0,33,6,0
American Samoa,1992,233,22,30,8,2,1,5,10,10,20,27,40,47,27,6,5,5,5,5,10,10,12,15,18,22,23,24,17,10,6,0,32,6,0
American Samoa,1993,236,22,30,8,2,1,5,10,13,20,27,40,49,30,7,5,5,5,8,10,10,12,15,17,23,25,24,20,10,7,0,32,6,0
American Samoa,1994,239,21,29,8,2,1,5,10,13,20,28,41,50,30,7,5,5,5,8,10,10,12,16,17,24,25,25,22,8,7,0,31,6,0
American Samoa,1995,239,20,27,7,1,1,5,10,13,20,29,41,49,33,6,5,5,5,8,10,10,12,17,18,23,25,24,23,10,5,1,28,6,0
American Samoa,1996,243,19,26,7,1,1,5,10,14,20,30,43,49,33,6,5,5,5,9,10,10,12,18,20,23,25,24,23,10,5,1,27,6,0
American Samoa,1997,244,19,26,7,1,1,5,10,14,22,32,43,49,32,6,5,5,5,9,10,12,15,17,20,23,25,24,20,12,5,1,27,6,0
American Samoa,1998,247,18,25,7,2,0,5,10,14,23,32,43,50,34,6,5,5,5,9,10,13,15,17,20,23,25,25,20,14,5,1,27,5,0
American Samoa,1999,257,20,27,7,2,1,5,10,15,24,32,47,54,36,4,5,5,5,10,10,14,15,17,22,25,28,26,21,15,4,0,29,6,0
American Samoa,2000,262,20,27,7,2,0,5,10,15,25,33,48,56,33,4,5,5,5,10,10,15,15,18,23,25,29,27,19,14,4,0,29,5,0
American Samoa,2001,269,20,27,7,2,1,5,10,15,26,34,48,57,35,5,5,5,5,10,11,15,15,19,23,25,29,28,21,14,5,0,29,6,0
American Samoa,2002,266,18,25,7,1,0,5,10,14,25,34,48,57,34,5,5,5,5,9,10,15,15,19,22,26,28,29,21,13,5,0,26,5,0
American Samoa,2003,274,17,25,8,2,1,5,10,14,26,36,52,58,34,6,5,5,5,9,11,15,16,20,22,30,28,30,22,12,6,0,27,6,0
American Samoa,2004,259,13,19,6,1,0,5,10,13,25,36,50,57,34,5,5,5,5,8,10,15,16,20,21,29,27,30,22,12,5,0,20,5,0
American Samoa,2005,258,12,17,5,1,0,5,10,13,25,36,49,58,38,6,5,5,5,8,10,15,16,20,21,28,28,30,24,14,6,0,18,5,0
American Samoa,2006,267,12,17,5,1,0,5,10,13,26,36,49,60,40,6,5,5,5,8,11,15,16,20,21,28,30,30,26,14,6,0,18,5,0
American Samoa,2007,269,11,16,5,0,0,5,10,13,26,39,52,60,41,7,5,5,5,8,11,15,17,22,24,28,30,30,27,14,6,1,16,5,0
American Samoa,2008,273,11,16,5,0,0,5,10,12,26,42,53,62,43,6,5,5,5,7,11,15,19,23,25,28,32,30,28,15,6,0,16,5,0
American Samoa,2009,309,13,21,8,5,5,5,10,15,30,44,54,65,45,6,5,5,5,10,12,18,20,24,25,29,35,30,29,16,6,0,26,10,0
American Samoa,2010,276,10,14,4,0,0,4,10,12,26,43,54,61,46,6,5,5,5,7,10,16,20,23,25,29,34,27,29,17,6,0,14,4,0
American Samoa,2011,279,10,14,4,0,0,4,10,12,26,44,58,62,43,6,5,5,5,7,10,16,20,24,28,30,33,29,25,18,6,0,14,4,0
American Samoa,2012,278,9,13,4,0,0,4,10,11,26,44,59,64,43,6,5,5,5,6,10,16,20,24,29,30,33,31,25,18,6,0,13,4,0
American Samoa,2013,284,9,13,4,0,0,3,10,11,26,45,60,67,44,6,5,5,5,6,10,16,20,25,29,31,34,33,25,19,6,0,13,3,0
American Samoa,2014,286,8,11,3,0,0,3,10,10,25,47,65,68,44,7,5,5,5,5,10,15,21,26,30,35,34,34,25,19,7,0,11,3,0
American Samoa,2015,285,8,11,3,0,0,3,10,10,24,47,66,69,42,7,5,5,5,5,10,14,20,27,31,35,35,34,24,18,7,0,11,3,0
American Samoa,2016,294,7,10,3,0,0,3,10,10,23,49,68,70,44,7,5,5,5,5,9,14,21,28,31,37,35,35,26,18,7,0,10,3,0
American Samoa,2017,295,7,10,3,0,0,3,10,10,23,49,71,72,44,7,5,5,5,5,9,14,21,28,32,39,37,35,27,17,7,0,10,3,0
American Samoa,2018,299,7,9,2,0,0,3,10,9,21,48,73,74,45,8,5,5,4,5,8,13,20,28,34,39,39,35,28,17,8,0,9,3,0
American Samoa,2019,309,6,8,2,0,0,2,10,10,22,50,79,77,48,8,5,5,5,5,8,14,20,30,36,43,42,35,31,17,7,1,8,2,0
American Samoa,2020,310,6,8,2,0,0,2,10,10,20,50,79,79,49,8,5,5,5,5,7,13,20,30,37,42,43,36,32,17,7,1,8,2,0
American Samoa,2021,311,6,8,2,0,0,1,9,10,20,49,81,81,46,8,4,5,5,5,7,13,18,31,38,43,44,37,29,17,7,1,8,1,0
Andorra,1950,74,5,7,2,0,0,0,0,0,4,10,13,20,13,2,0,0,0,0,0,4,5,5,5,8,10,10,8,5,2,0,7,0,0
Andorra,1951,77,5,6,1,0,0,0,0,0,5,10,13,20,14,0,0,0,0,0,0,5,5,5,5,8,10,10,9,5,0,0,6,0,0
Andorra,1952,64,4,4,0,0,0,0,0,0,1,10,11,20,13,0,0,0,0,0,0,1,5,5,5,6,10,10,8,5,0,0,4,0,0
Andorra,1953,61,3,3,0,0,0,0,0,0,0,10,10,20,13,1,0,0,0,0,0,0,5,5,5,5,10,10,8,5,1,0,3,0,0
Andorra,1954,59,3,3,0,0,0,0,0,0,0,9,10,19,12,1,0,0,0,0,0,0,4,5,5,5,9,10,7,5,1,0,3,0,0
Andorra,1955,61,3,3,0,0,0,0,0,0,0,10,10,19,13,2,0,0,0,0,0,0,5,5,5,5,9,10,8,5,2,0,3,0,0
Andorra,1956,64,4,4,0,0,0,0,0,0,1,10,11,20,13,1,0,0,0,0,0,1,5,5,5,6,10,10,8,5,1,0,4,0,0
Andorra,1957,67,4,4,0,0,0,0,0,0,2,10,11,20,14,1,0,0,0,0,0,2,5,5,5,6,10,10,9,5,1,0,4,0,0
Andorra,1958,62,4,4,0,0,0,0,0,0,0,10,10,19,14,1,0,0,0,0,0,0,5,5,5,5,9,10,9,5,1,0,4,0,0
Andorra,1959,65,4,4,0,0,0,0,0,0,1,10,10,19,15,1,0,0,0,0,0,1,5,5,5,5,9,10,10,5,1,0,4,0,0
Andorra,1960,65,4,4,0,0,0,0,0,0,1,10,10,18,15,1,0,0,0,0,0,1,5,5,5,5,8,10,10,5,1,0,4,0,0
Andorra,1961,68,5,5,0,0,0,0,0,0,2,10,10,18,15,1,0,0,0,0,0,2,5,5,5,5,8,10,10,5,1,0,5,0,0
Andorra,1962,70,5,5,0,0,0,0,0,0,2,10,10,18,16,1,0,0,0,0,0,2,5,5,5,5,8,10,10,6,1,0,5,0,0
Andorra,1963,74,6,6,0,0,0,0,0,0,3,10,10,20,16,1,0,0,0,0,0,3,5,5,5,5,10,10,10,6,1,0,6,0,0
Andorra,1964,75,6,6,0,0,0,0,0,0,4,10,10,20,15,2,0,0,0,0,0,4,5,5,5,5,10,10,10,5,2,0,6,0,0
Andorra,1965,76,6,6,0,0,0,0,0,0,5,10,13,19,15,2,0,0,0,0,0,5,5,5,8,5,9,10,10,5,2,0,6,0,0
Andorra,1966,80,6,6,0,0,0,0,0,0,5,10,16,19,16,2,0,0,0,0,0,5,5,5,10,6,9,10,10,6,2,0,6,0,0
Andorra,1967,85,6,6,0,0,0,0,0,0,6,11,17,18,16,3,0,0,0,0,1,5,5,6,10,7,8,10,10,6,3,0,6,0,0
Andorra,1968,88,7,7,0,0,0,0,0,0,7,11,19,18,16,3,0,0,0,0,2,5,5,6,10,9,8,10,10,6,3,0,7,0,0
Andorra,1969,97,8,8,0,0,0,0,0,0,9,12,20,20,17,3,0,0,0,0,4,5,5,7,10,10,10,10,10,7,3,0,8,0,0
Andorra,1970,93,7,7,0,0,0,0,0,0,7,12,20,20,16,3,0,0,0,0,2,5,5,7,10,10,10,10,10,6,3,0,7,0,0
Andorra,1971,103,8,8,0,0,0,0,0,0,9,13,24,20,17,3,0,0,0,0,4,5,5,8,10,14,10,10,10,7,3,0,8,0,0
Andorra,1972,100,7,7,0,0,0,0,0,0,8,13,24,21,17,3,0,0,0,0,3,5,5,8,10,14,11,10,10,7,3,0,7,0,0
Andorra,1973,109,8,8,0,0,0,0,0,0,9,13,25,23,17,3,0,0,0,0,4,5,5,8,10,15,13,10,10,7,3,0,8,0,0
Andorra,1974,114,8,8,0,0,0,0,0,0,9,14,26,25,18,3,0,0,0,0,4,5,5,9,11,15,15,10,10,8,3,0,8,0,0
Andorra,1975,119,8,8,0,0,0,0,0,0,9,14,27,27,18,4,0,0,0,0,4,5,5,9,12,15,16,11,10,8,4,0,8,0,0
Andorra,1976,124,7,7,0,0,0,0,0,0,8,15,28,32,18,4,0,0,0,0,3,5,5,10,12,16,19,13,10,8,4,0,7,0,0
Andorra,1977,128,7,7,0,0,0,0,0,0,8,15,28,36,18,4,0,0,0,0,3,5,5,10,12,16,20,16,10,8,4,0,7,0,0
Andorra,1978,136,6,6,0,0,0,0,0,0,8,16,31,38,20,4,0,0,0,0,3,5,6,10,13,18,20,18,12,8,4,0,6,0,0
Andorra,1979,141,6,6,0,0,0,0,0,0,8,16,31,39,22,4,0,0,0,0,3,5,6,10,13,18,20,19,14,8,4,0,6,0,0
Andorra,1980,148,7,7,0,0,0,0,0,0,8,16,32,44,25,4,0,0,0,0,3,5,6,10,13,19,23,21,16,9,4,0,7,0,0
Andorra,1981,158,7,7,0,0,0,0,0,0,8,17,33,49,29,5,0,0,0,0,3,5,7,10,14,19,25,24,18,11,5,0,7,0,0
Andorra,1982,165,7,7,0,0,0,0,0,0,8,17,34,50,33,5,0,0,0,0,3,5,7,10,14,20,25,25,20,13,5,0,7,0,0
Andorra,1983,181,7,7,0,0,0,0,0,5,10,19,36,58,36,6,0,0,0,5,5,5,8,11,15,21,28,30,23,13,6,0,7,0,0
Andorra,1984,189,5,5,0,0,0,0,0,6,10,19,36,59,40,6,0,0,1,5,5,5,8,11,15,21,29,30,26,14,6,0,5,0,0
Andorra,1985,206,6,6,0,0,0,0,4,10,10,20,39,67,45,8,0,4,5,5,5,5,8,12,17,22,32,35,31,14,7,1,6,0,0
Andorra,1986,218,6,6,0,0,0,0,3,10,10,20,40,69,50,8,0,3,5,5,5,5,8,12,18,22,33,36,34,16,7,1,6,0,0
Andorra,1987,234,6,6,0,0,0,0,3,10,10,21,42,73,60,9,0,3,5,5,5,5,8,13,18,24,33,40,38,22,8,1,6,0,0
Andorra,1988,256,6,6,0,0,0,0,4,10,10,22,46,78,69,11,0,4,5,5,5,5,8,14,20,26,34,44,40,29,10,1,6,0,0
Andorra,1989,280,7,7,0,0,0,0,4,10,10,23,50,82,77,15,0,4,5,5,5,5,9,14,21,29,34,48,44,33,13,2,7,0,0
Andorra,1990,289,6,6,0,0,0,0,3,10,10,22,49,84,83,21,0,3,5,5,5,5,8,14,20,29,36,48,47,36,17,4,6,0,0
Andorra,1991,328,7,7,0,0,0,0,4,10,11,25,55,92,94,30,0,4,5,5,5,6,10,15,22,33,40,52,53,41,24,6,7,0,0
Andorra,1992,282,6,6,0,0,0,0,0,8,10,17,43,77,88,30,0,0,3,5,5,5,6,11,17,26,34,43,49,39,23,7,6,0,0
Andorra,1993,348,7,7,0,0,0,0,3,10,12,23,54,94,106,36,0,3,5,5,5,7,10,13,22,32,43,51,59,47,27,9,7,0,1
Andorra,1994,256,4,4,0,0,0,0,0,1,10,14,34,64,87,32,0,0,0,1,5,5,5,9,13,21,30,34,48,39,24,8,4,0,1
Andorra,1995,387,6,6,0,0,0,0,4,10,13,24,56,99,129,45,0,4,5,5,5,8,10,14,22,34,48,51,69,60,34,11,6,0,2
Andorra,1996,369,6,6,0,0,0,0,1,10,11,22,49,93,123,50,0,1,5,5,5,6,10,12,19,30,44,49,64,59,35,15,6,0,2
Andorra,1997,369,6,6,0,0,0,0,0,9,11,21,46,93,127,54,0,0,4,5,5,6,10,11,17,29,43,50,64,63,39,15,6,0,2
Andorra,1998,446,7,7,0,0,0,0,1,10,13,27,58,116,145,64,0,1,5,5,5,8,12,15,22,36,52,64,71,74,46,18,7,0,2
Andorra,1999,402,6,6,0,0,0,0,0,7,11,23,46,102,135,66,0,0,2,5,5,6,10,13,17,29,44,58,64,71,46,20,6,0,4
Andorra,2000,442,5,5,0,0,0,0,0,8,12,25,47,110,149,77,0,0,3,5,5,7,10,15,17,30,47,63,71,78,53,24,5,0,5
Andorra,2001,438,5,5,0,0,0,0,0,6,11,25,45,108,148,81,0,0,1,5,5,6,10,15,17,28,45,63,70,78,56,25,5,0,5
Andorra,2002,435,5,5,0,0,0,0,0,5,10,24,42,104,145,85,0,0,0,5,5,5,10,14,16,26,43,61,71,74,58,27,5,0,7
Andorra,2003,387,4,4,0,0,0,0,0,3,10,20,36,90,132,80,0,0,0,3,5,5,8,12,15,21,37,53,65,67,55,25,4,0,7
Andorra,2004,581,7,7,0,0,0,0,1,10,15,32,57,135,195,117,0,1,5,5,5,10,13,19,25,32,55,80,99,96,79,38,7,0,10
Andorra,2005,524,6,6,0,0,0,0,0,9,13,28,48,115,176,114,0,0,4,5,5,8,11,17,21,27,45,70,89,87,75,39,6,0,9
Andorra,2006,490,5,5,0,0,0,0,0,7,12,25,43,104,166,114,0,0,2,5,5,7,10,15,20,23,40,64,82,84,73,41,5,0,11
Andorra,2007,487,5,5,0,0,0,0,0,7,13,25,46,99,165,108,0,0,2,5,5,8,10,15,20,26,37,62,83,82,69,39,5,0,12
Andorra,2008,465,5,5,0,0,0,0,0,6,13,25,45,95,161,101,0,0,1,5,5,8,10,15,20,25,35,60,81,80,63,38,5,0,13
Andorra,2009,436,5,5,0,0,0,0,0,6,12,24,45,88,151,90,0,0,1,5,5,7,10,14,20,25,33,55,75,76,56,34,5,0,12
Andorra,2010,400,5,5,0,0,0,0,0,5,12,24,44,81,139,74,0,0,0,5,5,7,10,14,18,26,32,49,69,70,47,27,5,0,11
Andorra,2011,357,5,5,0,0,0,0,0,4,12,24,42,75,130,55,0,0,0,4,5,7,10,14,18,24,30,45,66,64,36,19,5,0,10
Andorra,2012,372,5,5,0,0,0,0,0,4,12,24,43,76,133,61,0,0,0,4,5,7,10,14,18,25,30,46,65,68,42,19,5,0,9
Andorra,2013,387,4,4,0,0,0,0,0,4,12,25,45,77,137,71,0,0,0,4,5,7,10,15,18,27,32,45,67,70,50,21,4,0,9
Andorra,2014,405,4,4,0,0,0,0,0,4,12,26,47,82,138,80,0,0,0,4,5,7,11,15,19,28,37,45,67,71,55,25,4,0,9
Andorra,2015,424,4,4,0,0,0,0,0,3,12,27,49,85,140,89,0,0,0,3,5,7,11,16,20,29,38,47,67,73,59,30,4,0,10
Andorra,2016,443,4,4,0,0,0,0,0,3,12,28,50,87,142,100,0,0,0,3,5,7,12,16,20,30,39,48,68,74,63,37,4,0,11
Andorra,2017,454,4,4,0,0,0,0,0,2,12,30,52,91,147,98,0,0,0,2,5,7,12,18,21,31,42,49,69,78,62,36,4,0,12
Andorra,2018,467,3,3,0,0,0,0,0,2,12,30,55,98,149,97,0,0,0,2,5,7,12,18,23,32,46,52,69,80,62,35,3,0,13
Andorra,2019,480,3,3,0,0,0,0,0,3,13,31,57,105,152,97,0,0,0,3,5,8,12,19,24,33,48,57,71,81,64,33,3,0,13
Andorra,2020,699,3,3,0,0,0,0,0,5,24,70,117,171,186,106,0,0,0,5,8,16,27,43,53,64,81,90,91,95,73,33,3,0,13
Andorra,2021,642,3,3,0,0,0,0,0,3,20,63,107,156,169,104,0,0,0,3,7,13,24,39,49,58,73,83,83,86,73,31,3,0,11
Angola,1950,118594,36587,65595,29008,6712,3351,3172,7362,6620,5701,5733,6162,5817,2230,140,3733,3629,3407,3213,2964,2737,2832,2901,2912,3250,3307,2510,1475,755,129,11,72307,6523,0
Angola,1951,121847,38158,67616,29458,6849,3379,3218,7505,6787,5870,5907,6320,5984,2242,173,3799,3706,3487,3300,3052,2818,2903,3004,3031,3289,3381,2603,1506,736,161,12,74465,6597,1
Angola,1952,124845,39246,69547,30301,6961,3387,3248,7607,6915,6021,6047,6495,6157,2255,204,3842,3765,3544,3371,3130,2891,2966,3081,3186,3309,3450,2707,1546,709,188,16,76508,6635,1
Angola,1953,127531,40381,71504,31123,7029,3390,3269,7662,6988,6127,6132,6649,6288,2270,225,3863,3799,3574,3414,3182,2945,3010,3122,3337,3312,3492,2796,1585,685,207,18,78533,6659,1
Angola,1954,130402,41477,73520,32043,7030,3401,3286,7761,7095,6242,6224,6854,6413,2333,243,3905,3856,3626,3469,3240,3002,3059,3165,3493,3361,3533,2880,1645,688,222,21,80550,6687,1
Angola,1955,132903,42500,75384,32884,7075,3405,3279,7843,7151,6284,6257,7032,6484,2445,267,3938,3905,3658,3493,3264,3020,3071,3186,3603,3429,3544,2940,1719,726,239,28,82459,6684,1
Angola,1956,135579,43448,77097,33649,7199,3413,3265,7989,7261,6341,6294,7261,6555,2604,300,4000,3989,3723,3538,3300,3041,3084,3210,3707,3554,3556,2999,1817,787,258,42,84296,6678,1
Angola,1957,137802,44317,78677,34360,7337,3414,3230,8116,7332,6330,6256,7448,6554,2774,333,4050,4066,3776,3556,3302,3028,3058,3198,3751,3697,3521,3033,1915,859,281,52,86014,6644,2
Angola,1958,139942,45111,80108,34997,7503,3402,3185,8256,7431,6324,6208,7647,6558,2942,373,4100,4156,3847,3584,3311,3013,3030,3178,3779,3868,3498,3060,2009,933,309,64,87611,6587,3
Angola,1959,141650,45843,81386,35543,7706,3366,3135,8342,7487,6264,6103,7787,6566,3091,416,4114,4228,3899,3588,3291,2973,2972,3131,3775,4012,3503,3063,2086,1005,342,74,89092,6501,3
Angola,1960,143432,46503,82514,36011,7897,3354,3102,8423,7602,6254,6029,7921,6635,3236,462,4113,4310,3979,3623,3298,2956,2933,3096,3782,4139,3567,3068,2153,1083,377,85,90411,6456,4
Angola,1961,150252,47076,83491,36415,8058,3395,3494,10602,9035,6927,6302,8220,6816,3395,512,5173,5429,4827,4208,3702,3225,3086,3216,3893,4327,3724,3092,2224,1171,420,92,91549,6889,6
Angola,1962,151009,47420,84003,36583,8186,3454,3485,10494,9147,6963,6281,8235,6923,3339,494,5050,5444,4896,4251,3718,3245,3090,3191,3862,4373,3884,3039,2191,1148,405,89,92189,6939,7
Angola,1963,151537,47637,84330,36693,8275,3531,3480,10358,9253,6981,6260,8209,7069,3296,478,4925,5433,4957,4296,3725,3256,3091,3169,3825,4384,4066,3003,2163,1133,393,85,92605,7011,8
Angola,1964,151782,47771,84485,36714,8337,3632,3467,10202,9343,6979,6230,8150,7230,3252,467,4818,5384,5004,4339,3725,3254,3087,3143,3777,4373,4222,3008,2134,1118,384,83,92822,7099,9
Angola,1965,151491,47832,84475,36643,8363,3709,3459,10004,9353,6906,6149,8034,7367,3205,457,4728,5276,5006,4347,3691,3215,3052,3097,3708,4326,4319,3048,2102,1103,377,80,92838,7168,9
Angola,1966,151379,47797,84272,36475,8376,3760,3495,9908,9438,6877,6105,7959,7540,3181,458,4711,5197,5041,4397,3689,3188,3031,3074,3665,4294,4394,3146,2083,1098,378,80,92648,7255,9
Angola,1967,150540,47636,83900,36264,8368,3785,3516,9759,9404,6742,5977,7812,7664,3150,453,4695,5064,5012,4392,3638,3104,2960,3017,3595,4217,4395,3269,2053,1097,378,75,92268,7301,8
Angola,1968,149246,47409,83379,35970,8342,3785,3550,9564,9282,6562,5804,7640,7747,3126,455,4658,4906,4931,4351,3568,2994,2862,2942,3517,4123,4348,3399,2030,1096,380,75,91721,7335,8
Angola,1969,148197,47185,82831,35646,8320,3788,3634,9421,9209,6446,5653,7490,7810,3132,457,4622,4799,4864,4345,3536,2910,2776,2877,3452,4038,4296,3514,2040,1092,382,75,91151,7422,7
Angola,1970,147634,47094,82465,35371,8327,3816,3726,9323,9147,6437,5552,7368,7856,3154,456,4602,4721,4783,4364,3559,2878,2725,2827,3396,3972,4258,3598,2076,1078,380,76,90792,7542,7
Angola,1971,147649,46982,82192,35210,8400,3914,3815,9156,9118,6652,5593,7321,7937,3145,399,4552,4604,4684,4434,3684,2968,2766,2827,3368,3953,4269,3668,2116,1029,346,53,90592,7729,4
Angola,1972,148783,47325,82351,35026,8456,4015,3943,9191,9165,6955,5707,7326,8037,3224,409,4606,4585,4626,4539,3852,3103,2845,2862,3368,3958,4300,3737,2216,1008,345,64,90807,7958,4
Angola,1973,150905,48174,83172,34998,8507,4114,4092,9386,9246,7299,5848,7333,8113,3343,442,4770,4616,4598,4648,4034,3265,2940,2908,3375,3958,4323,3790,2338,1005,358,84,91679,8206,10
Angola,1974,153404,49211,84382,35171,8550,4205,4234,9615,9287,7635,6013,7345,8181,3474,467,4990,4625,4572,4715,4203,3432,3048,2965,3388,3957,4342,3839,2452,1022,365,102,92932,8439,18
Angola,1975,160539,50758,87025,36267,8878,4419,4638,10630,9850,8373,6478,7621,8457,3660,486,5624,5006,4843,5007,4584,3789,3314,3164,3535,4086,4480,3977,2591,1069,374,112,95903,9057,24
Angola,1976,165634,52122,89262,37140,9056,4560,4906,11284,10117,8906,6838,7771,8603,3808,494,6028,5256,4986,5131,4839,4067,3530,3308,3627,4144,4544,4059,2685,1123,377,117,98318,9466,29
Angola,1977,169095,53270,91003,37733,9103,4636,5059,11667,10197,9301,7145,7857,8663,3931,500,6263,5404,5052,5145,5009,4292,3722,3423,3692,4165,4564,4099,2746,1185,378,122,100106,9695,33
Angola,1978,172291,54593,93000,38407,9171,4684,5178,12016,10155,9558,7408,7895,8658,4028,502,6454,5562,5064,5091,5097,4461,3889,3519,3735,4160,4549,4109,2780,1248,378,124,102171,9862,35
Angola,1979,175971,56064,95228,39164,9288,4735,5298,12449,10131,9806,7722,7976,8668,4118,511,6652,5797,5068,5063,5167,4639,4080,3642,3804,4172,4544,4124,2812,1306,385,126,104516,10033,37
Angola,1980,180325,57681,97710,40029,9452,4791,5422,12937,10239,10070,8106,8120,8704,4210,523,6870,6067,5145,5094,5235,4835,4304,3802,3904,4216,4557,4147,2854,1356,396,127,107162,10213,39
Angola,1981,184749,59406,100370,40964,9646,4836,5526,13364,10360,10237,8495,8280,8744,4299,552,7071,6293,5244,5116,5245,4992,4522,3973,4014,4266,4571,4173,2897,1402,422,130,110016,10362,40
Angola,1982,189571,61243,103179,41936,9842,4877,5611,13847,10633,10450,8936,8466,8759,4352,577,7282,6565,5420,5213,5278,5172,4762,4174,4140,4326,4581,4178,2921,1431,444,133,113021,10488,41
Angola,1983,203290,64275,108811,44536,10646,5191,6187,15802,11808,11361,9992,9155,9164,4516,614,8288,7514,6114,5694,5666,5695,5322,4670,4523,4632,4812,4352,3029,1487,477,137,119457,11378,42
Angola,1984,209002,66489,112301,45812,10921,5277,6263,16276,12175,11499,10474,9410,9181,4546,636,8485,7791,6416,5759,5687,5812,5560,4914,4690,4720,4833,4348,3040,1506,495,141,123222,11540,43
Angola,1985,214612,68746,115815,47069,11189,5373,6318,16653,12515,11578,10942,9715,9230,4586,652,8633,8020,6687,5828,5706,5872,5776,5166,4881,4834,4878,4352,3057,1529,511,141,127004,11691,44
Angola,1986,220980,70989,119586,48597,11519,5510,6389,17078,12966,11720,11457,10098,9316,4622,671,8792,8286,6978,5988,5785,5935,6006,5451,5117,4981,4944,4372,3074,1548,525,146,131105,11899,45
Angola,1987,244797,75355,128994,53639,13195,6242,7436,20474,15244,13187,13124,11373,9988,4801,691,10514,9960,8290,6954,6557,6630,6838,6286,5838,5535,5355,4633,3198,1603,541,150,142189,13678,45
Angola,1988,247138,76949,131460,54511,13344,6317,7300,20065,15347,12951,13303,11626,9928,4757,695,10221,9844,8334,7013,6478,6473,6865,6438,6017,5609,5352,4576,3163,1594,543,152,144804,13617,44
Angola,1989,253056,78981,134975,55994,13748,6482,7384,20293,15879,12976,13677,12110,10038,4754,696,10272,10021,8580,7299,6513,6463,6977,6700,6310,5800,5446,4592,3157,1597,545,151,148723,13866,43
Angola,1990,259679,80960,138547,57587,14242,6700,7537,20583,16502,13135,14052,12683,10206,4755,699,10361,10222,8867,7635,6621,6514,7078,6974,6643,6040,5576,4630,3156,1599,548,151,152789,14237,41
Angola,1991,250092,80964,136995,56031,13548,6425,6834,18037,15257,12142,13222,12411,9870,4621,688,9000,9037,8122,7135,6150,5992,6556,6666,6499,5912,5410,4460,3056,1565,541,147,150543,13259,40
Angola,1992,272916,85140,146400,61260,15444,7233,7809,20368,17238,13498,14604,14037,10739,4805,705,10171,10197,9150,8088,6876,6622,7141,7463,7370,6667,5946,4793,3193,1612,555,150,161844,15042,40
Angola,1993,278784,84721,143986,59265,14627,7038,8650,24409,19977,14607,14901,14397,10719,4747,695,12295,12114,10742,9235,7630,6977,7241,7660,7571,6826,5968,4751,3154,1593,548,147,158613,15688,38
Angola,1994,273585,85314,143689,58375,14210,6935,8224,22574,19088,14079,14266,14423,10680,4690,691,11374,11200,10185,8903,7466,6613,6863,7403,7540,6883,5970,4710,3116,1574,545,146,157899,15159,37
Angola,1995,261584,87322,146991,59669,14635,7096,6658,15351,14868,12161,13113,14444,10838,4697,693,7589,7762,7651,7217,6407,5754,6213,6900,7449,6995,6081,4757,3124,1573,547,146,161626,13754,37
Angola,1996,267677,89055,149720,60665,14962,7330,6844,15554,15241,12583,13321,15205,11370,4802,703,7729,7825,7791,7450,6674,5909,6313,7008,7784,7421,6424,4946,3205,1597,555,148,164682,14174,38
Angola,1997,272737,90356,151561,61205,15151,7514,7042,15880,15633,13038,13471,15890,11906,4903,714,7948,7932,7941,7692,6951,6087,6416,7055,8067,7823,6775,5131,3283,1620,561,153,166712,14556,38
Angola,1998,293153,93146,157505,64359,16407,8175,8194,19067,17883,14812,14620,17518,13059,5143,737,9696,9371,9102,8781,7922,6890,7021,7599,8834,8684,7505,5554,3467,1676,578,159,173912,16369,40
Angola,1999,296393,92893,155377,62484,15734,8030,8710,21339,19281,15806,14738,17875,13493,5220,746,10971,10368,9857,9424,8469,7337,7128,7610,8929,8946,7792,5701,3528,1692,583,163,171111,16740,41
Angola,2000,299381,94694,158227,63533,16281,8309,8528,19696,18393,15920,14857,18597,14362,5405,761,10081,9615,9256,9137,8428,7492,7186,7671,9153,9444,8330,6032,3669,1736,594,167,174508,16837,43
Angola,2001,300948,94477,156081,61604,15629,8117,8887,21333,19220,16643,15029,18781,14892,5520,772,10995,10338,9702,9518,8812,7831,7332,7697,9122,9659,8645,6247,3757,1763,600,172,171710,17004,45
Angola,2002,302143,95464,157483,62019,15924,8251,8665,19852,18337,16691,15248,19293,15823,5742,794,10170,9682,9141,9196,8744,7947,7460,7788,9218,10075,9182,6641,3922,1820,617,177,173407,16916,47
Angola,2003,286044,93166,150923,57757,14413,7602,7731,17254,16609,15764,14564,18558,15950,5819,806,8758,8496,8200,8409,8193,7571,7179,7385,8720,9838,9203,6747,3976,1843,624,182,165336,15333,49
Angola,2004,283969,92410,148473,56063,13968,7399,7652,17156,16384,15900,14764,18656,16682,6056,829,8716,8440,8088,8296,8206,7694,7387,7377,8672,9984,9577,7105,4149,1907,641,188,162441,15051,51
Angola,2005,281595,91302,145323,54021,13489,7180,7569,17141,16278,16088,15057,18765,17447,6341,861,8710,8431,8051,8227,8245,7843,7628,7429,8676,10089,9951,7496,4357,1984,665,196,158812,14749,54
Angola,2006,280718,89831,142092,52261,13230,7079,7579,17349,16423,16479,15559,18997,18288,6683,896,8809,8540,8155,8268,8382,8097,7941,7618,8788,10209,10355,7933,4609,2074,691,205,155322,14658,58
Angola,2007,274200,87598,136962,49364,12488,6671,7262,16853,15955,16310,15742,18936,18971,7049,940,8547,8306,7949,8006,8214,8096,8058,7684,8784,10152,10640,8331,4877,2172,723,217,149450,13933,62
Angola,2008,270283,85253,131948,46695,11938,6397,7101,16827,16001,16508,16233,19046,19741,7492,988,8499,8328,7999,8002,8249,8259,8311,7922,8877,10169,10960,8781,5199,2293,760,228,143886,13498,66
Angola,2009,264922,82888,126989,44101,11420,6116,6868,16489,15729,16398,16604,18976,20304,7928,1032,8303,8186,7879,7850,8123,8275,8448,8156,8863,10113,11134,9170,5512,2416,794,238,138409,12984,69
Angola,2010,260700,80391,121965,41574,10950,5877,6681,16286,15668,16453,17135,19140,20928,8453,1088,8158,8128,7849,7819,8085,8368,8663,8472,8967,10173,11321,9607,5881,2572,839,249,132915,12558,73
Angola,2011,257418,77945,117194,39249,10537,5684,6524,16135,15703,16548,17715,19505,21582,9058,1154,8033,8102,7858,7845,8075,8473,8908,8807,9183,10322,11505,10077,6297,2761,891,263,127731,12208,77
Angola,2012,252249,75390,112169,36779,10066,5461,6307,15733,15493,16370,18058,19717,21955,9626,1216,7795,7938,7737,7756,7937,8433,9022,9036,9332,10385,11519,10436,6674,2952,941,275,122235,11768,81
Angola,2013,250801,73291,108234,34943,9734,5329,6184,15598,15666,16593,18765,20367,22607,10341,1292,7671,7927,7801,7865,8016,8577,9320,9445,9737,10630,11696,10911,7146,3195,1004,288,117968,11513,84
Angola,2014,248733,71385,104589,33204,9425,5225,6083,15433,15744,16660,19240,20864,22996,11008,1373,7551,7882,7828,7916,8039,8621,9498,9742,10138,10726,11768,11228,7571,3437,1071,302,114014,11308,87
Angola,2015,247967,69806,101661,31855,9206,5168,6028,15304,15863,16787,19741,21505,23440,11718,1456,7461,7843,7875,7988,8108,8679,9682,10059,10590,10915,11922,11518,8015,3703,1145,311,110867,11196,89
Angola,2016,249063,68426,99086,30660,9018,5147,6040,15360,16213,17156,20433,22391,24051,12523,1560,7460,7900,8033,8180,8313,8843,9955,10478,11109,11282,12214,11837,8513,4010,1236,324,108104,11187,90
Angola,2017,248702,67380,96947,29567,8837,5110,6011,15140,16207,17204,20781,23076,24411,13224,1662,7353,7787,8010,8197,8364,8840,10043,10738,11503,11573,12417,11994,8927,4297,1327,335,105784,11121,91
Angola,2018,249688,66444,95101,28657,8710,5108,6041,15073,16415,17489,21272,23971,24765,13886,1770,7318,7755,8082,8333,8533,8956,10209,11063,11964,12007,12636,12129,9304,4582,1423,347,103811,11149,91
Angola,2019,252530,65591,93413,27822,8577,5123,6141,15270,16953,18094,21949,25136,25266,14615,1904,7401,7869,8308,8645,8860,9234,10484,11465,12496,12640,12897,12369,9703,4912,1541,363,101990,11264,92
Angola,2020,261489,64855,91903,27048,8426,5096,6158,15074,16932,18661,23932,29076,27738,16244,2147,7330,7744,8246,8686,9033,9628,11215,12717,14315,14761,14424,13314,10608,5636,1750,397,100329,11254,95
Angola,2021,276278,64128,90485,26357,8317,5128,6309,15417,18151,21126,26952,33107,30827,18048,2325,7488,7929,8636,9515,10191,10935,12612,14340,16293,16814,16150,14677,11703,6345,1930,395,98802,11437,87
Anguilla,1950,69,25,32,7,1,0,0,0,0,0,0,6,10,5,0,0,0,0,0,0,0,0,0,3,3,5,5,5,0,0,0,33,0,0
Anguilla,1951,71,26,34,8,1,0,0,0,0,0,0,8,10,3,0,0,0,0,0,0,0,0,0,3,5,5,5,3,0,0,0,35,0,0
Anguilla,1952,72,26,36,10,1,0,0,0,0,0,0,8,10,4,0,0,0,0,0,0,0,0,0,3,5,5,5,4,0,0,0,37,0,0
Anguilla,1953,73,25,35,10,1,0,0,0,0,0,0,8,10,4,0,0,0,0,0,0,0,0,0,3,5,5,5,4,0,0,0,36,0,0
Anguilla,1954,72,25,35,10,1,0,0,0,0,0,7,10,10,2,0,0,0,0,0,0,0,4,3,5,5,5,5,2,0,0,0,36,0,0
Anguilla,1955,71,24,34,10,2,0,0,0,0,0,8,10,10,2,0,0,0,0,0,0,0,3,5,5,5,5,5,2,0,0,0,36,0,0
Anguilla,1956,71,22,30,8,2,0,0,0,0,0,8,10,10,3,0,0,0,0,0,0,0,3,5,5,5,5,5,3,0,0,0,32,0,0
Anguilla,1957,72,21,28,7,2,0,0,0,0,0,8,10,10,4,0,0,0,0,0,0,0,3,5,5,5,5,5,4,0,0,0,30,0,0
Anguilla,1958,74,19,26,7,2,0,0,0,0,0,9,10,10,6,0,0,0,0,0,0,0,4,5,5,5,5,5,5,1,0,0,28,0,0
Anguilla,1959,75,18,24,6,1,0,0,0,0,3,10,10,14,7,0,0,0,0,0,0,3,5,5,5,5,6,8,5,2,0,0,25,0,0
Anguilla,1960,83,17,24,7,3,0,0,0,0,3,10,10,19,13,0,0,0,0,0,0,3,5,5,5,5,9,10,9,4,0,0,27,0,0
Anguilla,1961,78,16,21,5,1,0,0,0,0,2,10,10,20,11,0,0,0,0,0,0,2,5,5,5,5,10,10,7,4,0,0,22,0,0
Anguilla,1962,77,16,21,5,1,0,0,0,0,1,10,10,20,13,0,0,0,0,0,0,1,5,5,5,5,10,10,8,5,0,0,22,0,0
Anguilla,1963,76,15,20,5,0,0,0,0,0,0,10,10,19,13,0,0,0,0,0,0,0,5,5,5,5,9,10,8,5,0,0,20,0,0
Anguilla,1964,74,15,20,5,0,0,0,0,0,0,9,10,19,13,1,0,0,0,0,0,0,4,5,5,5,9,10,8,5,1,0,20,0,0
Anguilla,1965,73,14,18,4,0,0,0,0,0,0,9,10,19,13,0,0,0,0,0,0,0,4,5,5,5,9,10,8,5,0,0,18,0,0
Anguilla,1966,71,13,17,4,0,0,0,0,0,0,9,10,18,12,0,0,0,0,0,0,0,4,5,5,5,8,10,7,5,0,0,17,0,0
Anguilla,1967,70,12,16,4,0,0,0,0,0,0,8,10,17,12,0,0,0,0,0,0,0,3,5,5,5,7,10,7,5,0,0,16,0,0
Anguilla,1968,69,11,14,3,0,0,0,0,0,0,8,10,16,11,0,0,0,0,0,0,0,3,5,5,5,6,10,6,5,0,0,14,0,0
Anguilla,1969,67,10,13,3,0,0,0,0,0,0,7,10,15,11,0,0,0,0,0,0,0,2,5,5,5,5,10,6,5,0,0,13,0,0
Anguilla,1970,67,10,13,3,0,0,0,0,0,0,6,10,17,10,0,0,0,0,0,0,0,1,5,5,5,7,10,5,5,0,0,13,0,0
Anguilla,1971,66,9,11,2,0,0,0,0,0,0,6,10,17,11,0,0,0,0,0,0,0,1,5,5,5,7,10,6,5,0,0,11,0,0
Anguilla,1972,66,8,10,2,0,0,0,0,0,0,5,10,16,11,1,0,0,0,0,0,0,0,5,5,5,6,10,6,5,1,0,10,0,0
Anguilla,1973,66,7,8,1,0,0,0,0,0,0,5,12,16,10,1,0,0,0,0,0,0,0,5,5,7,6,10,5,5,1,0,8,0,0
Anguilla,1974,66,7,8,1,0,0,0,0,0,0,5,16,15,11,1,0,0,0,0,0,0,0,5,6,10,5,10,6,5,1,0,8,0,0
Anguilla,1975,65,6,6,0,0,0,0,0,0,0,4,16,15,12,1,0,0,0,0,0,0,0,4,6,10,6,9,7,5,1,0,6,0,0
Anguilla,1976,65,6,6,0,0,0,0,0,0,0,4,16,15,13,1,0,0,0,0,0,0,0,4,6,10,7,8,8,5,1,0,6,0,0
Anguilla,1977,64,6,6,0,0,0,0,0,0,0,3,15,16,13,1,0,0,0,0,0,0,0,3,5,10,9,7,8,5,1,0,6,0,0
Anguilla,1978,64,5,5,0,0,0,0,0,0,0,3,14,16,14,1,0,0,0,0,0,0,0,3,5,9,10,6,9,5,1,0,5,0,0
Anguilla,1979,64,5,5,0,0,0,0,0,0,0,3,14,16,15,1,0,0,0,0,0,0,0,3,5,9,10,6,10,5,1,0,5,0,0
Anguilla,1980,64,4,4,0,0,0,0,0,0,0,3,15,17,13,1,0,0,0,0,0,0,0,3,5,10,10,7,8,5,1,0,4,0,0
Anguilla,1981,65,4,4,0,0,0,0,0,0,0,3,14,19,13,2,0,0,0,0,0,0,0,3,5,9,10,9,7,6,2,0,4,0,0
Anguilla,1982,66,4,4,0,0,0,0,0,0,0,2,14,20,13,3,0,0,0,0,0,0,0,2,5,9,10,10,6,7,3,0,4,0,0
Anguilla,1983,67,4,4,0,0,0,0,0,0,0,2,13,22,13,3,0,0,0,0,0,0,0,2,5,8,12,10,6,7,3,0,4,0,0
Anguilla,1984,68,3,3,0,0,0,0,0,0,0,2,12,22,14,4,0,0,0,0,0,0,0,2,5,7,12,10,7,7,4,0,3,0,0
Anguilla,1985,68,3,3,0,0,0,0,0,0,0,2,12,22,14,4,0,0,0,0,0,0,0,2,5,7,11,11,8,6,3,1,3,0,0
Anguilla,1986,68,3,3,0,0,0,0,0,0,0,2,12,23,14,3,0,0,0,0,0,0,0,2,5,7,11,12,9,5,2,1,3,0,0
Anguilla,1987,69,3,3,0,0,0,0,0,0,0,2,12,23,15,3,0,0,0,0,0,0,0,2,5,7,10,13,10,5,3,0,3,0,0
Anguilla,1988,69,3,3,0,0,0,0,0,0,0,2,11,23,16,4,0,0,0,0,0,0,0,2,5,6,10,13,10,6,4,0,3,0,0
Anguilla,1989,70,3,3,0,0,0,0,0,0,0,4,10,26,17,4,0,0,0,0,0,0,0,4,5,5,11,15,10,7,4,0,3,0,0
Anguilla,1990,70,3,3,0,0,0,0,0,0,0,4,10,24,19,5,0,0,0,0,0,0,0,4,5,5,9,15,11,8,5,0,3,0,0
Anguilla,1991,69,2,2,0,0,0,0,0,0,0,3,10,22,21,2,0,0,0,0,0,0,0,3,5,5,8,14,12,9,2,0,2,0,0
Anguilla,1992,69,2,2,0,0,0,0,0,0,0,3,10,21,21,3,0,0,0,0,0,0,0,3,5,5,8,13,13,8,3,0,2,0,0
Anguilla,1993,68,2,2,0,0,0,0,0,0,0,3,10,20,19,4,0,0,0,0,0,0,0,3,5,5,7,13,13,6,4,0,2,0,0
Anguilla,1994,67,2,2,0,0,0,0,0,0,0,3,10,18,21,4,0,0,0,0,0,0,0,3,5,5,6,12,14,7,4,0,2,0,0
Anguilla,1995,67,2,2,0,0,0,0,0,0,0,2,10,16,21,5,0,0,0,0,0,0,0,2,5,5,5,11,14,7,5,0,2,0,0
Anguilla,1996,66,2,2,0,0,0,0,0,0,0,1,10,17,23,6,0,0,0,0,0,0,0,1,5,5,7,10,15,8,5,1,2,0,0
Anguilla,1997,66,2,2,0,0,0,0,0,0,0,1,10,16,22,6,0,0,0,0,0,0,0,1,5,5,6,10,14,8,5,1,2,0,0
Anguilla,1998,65,2,2,0,0,0,0,0,0,0,0,10,16,22,6,0,0,0,0,0,0,0,0,5,5,6,10,13,9,5,1,2,0,0
Anguilla,1999,65,2,2,0,0,0,0,0,0,0,0,9,16,22,4,0,0,0,0,0,0,0,0,4,5,6,10,11,11,4,0,2,0,0
Anguilla,2000,65,2,2,0,0,0,0,0,0,0,1,10,16,22,5,0,0,0,0,0,0,0,1,5,5,6,10,10,12,5,0,2,0,0
Anguilla,2001,66,2,2,0,0,0,0,0,0,0,0,10,16,20,6,0,0,0,0,0,0,0,0,5,5,6,10,10,10,6,0,2,0,0
Anguilla,2002,66,2,2,0,0,0,0,0,0,0,1,10,16,20,6,0,0,0,0,0,0,0,1,5,5,6,10,10,10,6,0,2,0,0
Anguilla,2003,66,1,1,0,0,0,0,0,0,0,5,10,15,20,7,0,0,0,0,0,0,2,3,5,5,5,10,10,10,6,1,1,0,0
Anguilla,2004,67,1,1,0,0,0,0,0,0,1,10,10,16,20,8,0,0,0,0,0,1,5,5,5,5,7,9,10,10,7,1,1,0,0
Anguilla,2005,67,1,1,0,0,0,0,0,0,1,10,10,17,20,9,0,0,0,0,0,1,5,5,5,5,8,9,10,10,7,2,1,0,0
Anguilla,2006,68,1,1,0,0,0,0,0,0,2,10,10,19,19,7,0,0,0,0,0,2,5,5,5,5,10,9,10,9,5,2,1,0,0
Anguilla,2007,68,1,1,0,0,0,0,0,0,2,10,10,19,19,6,0,0,0,0,0,2,5,5,5,5,10,9,10,9,5,1,1,0,0
Anguilla,2008,68,1,1,0,0,0,0,0,0,1,10,10,19,18,6,0,0,0,0,0,1,5,5,5,5,9,10,10,8,5,1,1,0,0
Anguilla,2009,69,1,1,0,0,0,0,0,0,3,10,10,19,18,7,0,0,0,0,0,3,5,5,5,5,9,10,10,8,5,2,1,0,0
Anguilla,2010,69,1,1,0,0,0,0,0,0,2,10,10,18,19,7,0,0,0,0,0,2,5,5,5,5,8,10,10,9,5,2,1,0,0
Anguilla,2011,70,1,1,0,0,0,0,0,0,2,10,10,19,19,7,0,0,0,0,0,2,5,5,5,5,9,10,10,9,5,2,1,0,0
Anguilla,2012,72,1,1,0,0,0,0,0,0,3,10,10,19,20,6,0,0,0,0,0,3,5,5,5,5,9,10,10,10,5,1,1,0,0
Anguilla,2013,76,1,1,0,0,0,0,0,0,3,10,10,18,20,6,0,0,0,0,0,3,5,5,5,5,8,10,10,10,5,1,1,0,0
Anguilla,2014,79,1,1,0,0,0,0,0,0,4,10,10,19,20,6,0,0,0,0,0,4,5,5,5,5,9,10,10,10,5,1,1,0,0
Anguilla,2015,81,1,1,0,0,0,0,0,0,5,10,17,20,18,4,0,0,0,0,0,5,5,5,7,10,10,10,10,8,4,0,1,0,0
Anguilla,2016,86,1,1,0,0,0,0,0,0,6,10,19,21,19,5,0,0,0,0,1,5,5,5,9,10,10,11,11,8,5,0,1,0,0
Anguilla,2017,93,1,1,0,0,0,0,0,0,7,10,20,20,19,5,0,0,0,0,2,5,5,5,10,10,10,10,12,7,5,0,1,0,0
Anguilla,2018,93,1,1,0,0,0,0,0,0,6,10,20,20,20,5,0,0,0,0,1,5,5,5,10,10,10,10,12,8,5,0,1,0,0
Anguilla,2019,96,1,1,0,0,0,0,0,0,6,10,20,20,23,6,0,0,0,0,1,5,5,5,10,10,10,10,14,9,5,1,1,0,0
Anguilla,2020,99,1,1,0,0,0,0,0,0,6,13,22,26,23,5,0,0,0,0,1,5,5,8,10,12,15,11,14,9,5,0,1,0,0
Anguilla,2021,106,1,1,0,0,0,0,0,0,7,13,24,29,26,5,0,0,0,0,2,5,5,8,10,14,15,14,15,11,5,0,1,0,0
Antigua and Barbuda,1950,573,130,191,61,13,7,10,20,28,39,51,57,78,66,10,10,10,13,15,17,22,28,23,30,27,38,40,37,29,10,0,204,17,0
Antigua and Barbuda,1951,569,131,191,60,13,7,10,20,28,39,54,59,73,63,10,10,10,13,15,17,22,29,25,31,28,36,37,35,28,10,0,204,17,0
Antigua and Barbuda,1952,564,130,189,59,13,7,11,21,27,38,56,60,71,59,12,11,10,12,15,16,22,29,27,29,31,34,37,33,26,11,1,202,18,0
Antigua and Barbuda,1953,561,130,189,59,13,7,12,22,26,38,59,61,69,54,12,12,10,11,15,16,22,29,30,28,33,32,37,31,23,11,1,202,19,0
Antigua and Barbuda,1954,556,129,188,59,13,7,12,22,25,36,62,61,67,52,13,12,10,10,15,15,21,29,33,27,34,31,36,30,22,11,2,201,19,0
Antigua and Barbuda,1955,553,128,185,57,13,7,13,22,24,35,65,62,66,49,13,12,10,10,14,15,20,30,35,28,34,31,35,29,20,11,2,198,20,0
Antigua and Barbuda,1956,550,127,183,56,13,7,12,23,23,35,65,66,66,47,12,13,10,10,13,15,20,30,35,30,36,32,34,28,19,10,2,196,19,0
Antigua and Barbuda,1957,547,125,180,55,13,7,12,23,23,34,66,67,67,47,10,13,10,10,13,15,19,29,37,33,34,35,32,29,18,8,2,193,19,0
Antigua and Barbuda,1958,544,124,177,53,13,6,12,24,22,33,66,70,67,45,10,14,10,10,12,15,18,29,37,37,33,37,30,28,17,8,2,190,18,0
Antigua and Barbuda,1959,538,121,171,50,12,6,12,24,21,32,66,70,69,44,9,14,10,10,11,15,17,28,38,39,31,39,30,28,16,7,2,183,18,0
Antigua and Barbuda,1960,531,116,164,48,13,7,12,24,20,32,63,74,68,44,9,14,10,10,10,15,17,26,37,42,32,39,29,28,16,7,2,177,19,0
Antigua and Barbuda,1961,518,111,155,44,12,6,12,24,20,30,62,78,69,41,8,14,10,10,10,14,16,26,36,44,34,38,31,25,16,7,1,167,18,0
Antigua and Barbuda,1962,504,104,143,39,12,6,11,24,20,29,60,82,69,41,8,14,10,10,10,13,16,24,36,44,38,36,33,25,16,7,1,155,17,0
Antigua and Barbuda,1963,489,97,133,36,10,6,10,22,20,29,59,85,69,39,7,12,10,10,10,12,17,24,35,44,41,35,34,23,16,6,1,143,16,0
Antigua and Barbuda,1964,471,89,121,32,9,6,10,20,20,29,56,87,70,36,7,10,10,10,10,11,18,22,34,44,43,33,37,21,15,6,1,130,16,0
Antigua and Barbuda,1965,452,80,108,28,9,6,10,20,20,28,53,86,71,38,7,10,10,10,10,11,17,22,31,42,44,34,37,23,15,6,1,117,16,0
Antigua and Barbuda,1966,433,70,94,24,8,6,10,20,20,26,53,83,71,36,7,10,10,10,10,10,16,22,31,39,44,35,36,22,14,6,1,102,16,0
Antigua and Barbuda,1967,414,62,83,21,7,6,10,17,15,25,52,80,72,38,7,10,7,5,10,10,15,22,30,38,42,38,34,25,13,6,1,90,16,0
Antigua and Barbuda,1968,400,54,72,18,7,6,10,15,13,24,51,76,74,42,7,10,5,5,8,10,14,22,29,36,40,41,33,29,13,6,1,79,16,0
Antigua and Barbuda,1969,384,48,63,15,6,6,10,15,12,23,48,71,74,41,7,10,5,5,7,10,13,20,28,35,36,42,32,29,12,6,1,69,16,0
Antigua and Barbuda,1970,379,42,56,14,6,6,10,15,11,23,49,71,75,44,7,10,5,5,6,10,13,20,29,36,35,42,33,31,13,6,1,62,16,0
Antigua and Barbuda,1971,373,37,48,11,5,6,10,15,10,23,48,73,77,46,7,10,5,5,5,10,13,20,28,37,36,41,36,30,16,6,1,53,16,0
Antigua and Barbuda,1972,374,34,45,11,5,6,10,15,10,22,47,78,81,47,7,10,5,5,5,10,12,19,28,38,40,42,39,30,17,6,1,50,16,0
Antigua and Barbuda,1973,376,31,39,8,5,6,10,15,10,21,47,78,83,50,7,10,5,5,5,9,12,19,28,38,40,41,42,30,20,6,1,44,16,0
Antigua and Barbuda,1974,376,28,35,7,5,6,10,15,10,19,45,83,89,54,8,10,5,5,5,8,11,18,27,38,45,44,45,31,23,6,2,40,16,0
Antigua and Barbuda,1975,382,25,32,7,5,5,10,16,10,19,45,83,92,54,9,10,6,5,5,8,11,18,27,38,45,45,47,32,22,7,2,37,15,0
Antigua and Barbuda,1976,385,25,31,6,5,5,10,15,10,18,45,84,94,58,11,10,5,5,5,7,11,18,27,38,46,47,47,35,23,9,2,36,15,0
Antigua and Barbuda,1977,394,24,29,5,5,5,10,16,10,18,44,86,98,62,12,10,6,5,5,7,11,17,27,38,48,50,48,39,23,10,2,34,15,0
Antigua and Barbuda,1978,397,22,27,5,3,5,9,16,10,16,44,86,103,66,14,10,6,5,5,6,10,17,27,38,48,54,49,43,23,12,2,30,14,0
Antigua and Barbuda,1979,407,22,27,5,1,5,9,16,10,15,43,87,106,70,15,10,6,5,5,5,10,17,26,38,49,55,51,47,23,13,2,28,14,0
Antigua and Barbuda,1980,415,19,24,5,0,5,9,17,10,15,43,88,113,75,16,10,7,5,5,5,10,17,26,39,49,59,54,49,26,14,2,24,14,0
Antigua and Barbuda,1981,423,18,23,5,0,4,8,18,10,14,42,88,118,78,17,10,8,5,5,5,9,16,26,38,50,62,56,49,29,14,3,23,12,1
Antigua and Barbuda,1982,432,17,22,5,0,3,8,18,10,13,42,89,124,83,17,10,8,5,5,5,8,16,26,38,51,63,61,50,33,13,4,22,11,1
Antigua and Barbuda,1983,446,16,20,4,0,3,8,19,10,13,40,90,132,87,19,10,9,5,5,5,8,16,24,39,51,66,66,51,36,14,5,20,11,1
Antigua and Barbuda,1984,456,16,20,4,0,2,7,20,10,13,39,91,137,94,19,10,10,5,5,5,8,15,24,39,52,67,70,55,39,14,5,20,9,1
Antigua and Barbuda,1985,464,16,19,3,0,2,7,20,12,12,39,87,142,97,21,10,10,7,5,5,7,15,24,37,50,68,74,58,39,16,5,19,9,1
Antigua and Barbuda,1986,470,15,18,3,0,2,6,20,14,12,35,84,146,102,23,10,10,9,5,5,7,13,22,35,49,69,77,60,42,17,6,18,8,1
Antigua and Barbuda,1987,476,15,18,3,0,1,6,20,18,12,35,82,149,108,26,10,10,10,8,5,7,13,22,33,49,69,80,66,42,20,6,18,7,1
Antigua and Barbuda,1988,482,15,18,3,0,1,5,20,20,14,32,77,151,116,26,10,10,10,10,7,7,12,20,31,46,68,83,71,45,20,6,18,6,1
Antigua and Barbuda,1989,489,15,19,4,0,2,5,19,20,20,31,74,149,121,30,9,10,10,10,10,10,12,19,30,44,65,84,75,46,24,6,19,7,1
Antigua and Barbuda,1990,490,15,18,3,0,1,5,18,20,20,30,71,148,128,31,8,10,10,10,10,10,12,18,29,42,62,86,79,49,24,7,18,6,1
Antigua and Barbuda,1991,492,14,17,3,0,1,5,16,20,20,29,66,148,137,33,6,10,10,10,10,10,12,17,27,39,61,87,84,53,25,8,17,6,1
Antigua and Barbuda,1992,499,15,18,3,0,1,5,15,20,20,30,65,144,143,33,5,10,10,10,10,10,12,18,26,39,59,85,87,56,25,8,18,6,1
Antigua and Barbuda,1993,503,15,19,4,0,1,5,14,20,20,31,65,140,148,34,5,9,10,10,10,10,13,18,26,39,56,84,88,60,25,9,19,6,1
Antigua and Barbuda,1994,503,16,21,5,0,1,5,13,20,21,31,64,135,152,35,5,8,10,10,11,10,14,17,26,38,55,80,91,61,26,9,21,6,1
Antigua and Barbuda,1995,505,17,22,5,0,1,5,12,20,25,32,62,131,153,36,5,7,10,10,13,12,15,17,25,37,54,77,89,64,27,9,22,6,1
Antigua and Barbuda,1996,505,19,24,5,0,1,5,11,23,30,32,61,128,155,38,5,6,10,13,15,15,15,17,25,36,53,75,89,66,29,9,24,6,1
Antigua and Barbuda,1997,504,18,23,5,0,0,5,11,23,30,32,59,124,155,40,5,6,10,13,15,15,15,17,24,35,53,71,88,67,31,9,23,5,2
Antigua and Barbuda,1998,503,17,22,5,0,1,5,10,22,30,33,60,118,154,41,5,5,10,12,15,15,15,18,25,35,51,67,86,68,32,9,22,6,2
Antigua and Barbuda,1999,496,17,22,5,0,0,5,10,22,30,35,57,116,150,42,5,5,10,12,15,15,17,18,24,33,50,66,82,68,33,9,22,5,2
Antigua and Barbuda,2000,494,18,23,5,0,0,5,10,20,32,40,57,113,146,43,5,5,9,11,15,17,20,20,24,33,49,64,77,69,34,9,23,5,2
Antigua and Barbuda,2001,480,17,22,5,0,0,5,10,19,31,40,56,108,141,44,5,5,8,11,15,16,20,20,23,33,47,61,73,68,35,9,22,5,2
Antigua and Barbuda,2002,468,16,21,5,0,0,5,10,18,31,40,55,102,133,47,5,5,8,10,15,16,20,20,23,32,44,58,68,65,36,11,21,5,2
Antigua and Barbuda,2003,479,15,18,3,0,0,5,10,18,32,42,57,106,136,50,5,5,7,11,15,17,22,20,24,33,46,60,69,67,38,12,18,5,2
Antigua and Barbuda,2004,479,14,17,3,0,0,5,10,18,34,47,58,102,135,52,5,5,7,11,15,19,23,24,25,33,44,58,69,66,40,12,17,5,2
Antigua and Barbuda,2005,480,13,16,3,0,0,5,10,16,34,48,59,104,130,52,5,5,6,10,15,19,23,25,26,33,44,60,67,63,40,12,16,5,2
Antigua and Barbuda,2006,491,13,16,3,0,0,5,10,16,34,53,63,104,132,56,5,5,6,10,15,19,26,27,30,33,45,59,69,63,42,14,16,5,2
Antigua and Barbuda,2007,484,12,15,3,0,0,4,10,15,33,55,63,104,125,55,5,5,5,10,14,19,25,30,30,33,46,58,65,60,40,15,15,4,3
Antigua and Barbuda,2008,483,13,16,3,0,0,4,10,14,33,56,63,102,124,55,5,5,5,9,14,19,25,31,30,33,46,56,65,59,40,15,16,4,3
Antigua and Barbuda,2009,483,12,14,2,0,0,4,10,14,32,60,67,102,123,56,5,5,5,9,13,19,27,33,33,34,45,57,65,58,40,16,14,4,3
Antigua and Barbuda,2010,487,10,12,2,0,0,4,10,13,32,62,71,101,123,55,5,5,5,8,13,19,28,34,35,36,45,56,65,58,39,16,12,4,3
Antigua and Barbuda,2011,487,10,12,2,0,0,4,10,13,31,63,74,99,119,54,5,5,5,8,12,19,28,35,37,37,44,55,63,56,38,16,12,4,3
Antigua and Barbuda,2012,489,9,11,2,0,0,4,10,12,30,64,81,102,120,53,5,5,5,7,12,18,29,35,41,40,45,57,63,57,37,16,11,4,4
Antigua and Barbuda,2013,492,8,10,2,0,0,4,10,12,29,65,84,103,117,52,5,5,5,7,11,18,29,36,43,41,46,57,62,55,36,16,10,4,4
Antigua and Barbuda,2014,494,7,8,1,0,0,3,10,12,28,65,89,103,118,52,5,5,5,7,11,17,28,37,44,45,47,56,61,57,35,17,8,3,4
Antigua and Barbuda,2015,508,7,8,1,0,0,3,10,12,27,67,94,109,118,52,5,5,5,7,10,17,28,39,47,47,51,58,62,56,35,17,8,3,4
Antigua and Barbuda,2016,513,6,7,1,0,0,3,10,11,26,68,100,108,120,56,5,5,5,6,10,16,28,40,48,52,51,57,63,57,39,17,7,3,4
Antigua and Barbuda,2017,524,6,7,1,0,0,3,10,11,25,67,104,114,121,55,5,5,5,6,10,15,27,40,49,55,55,59,64,57,38,17,7,3,5
Antigua and Barbuda,2018,530,6,7,1,0,0,3,10,10,25,66,110,119,120,54,5,5,5,5,10,15,26,40,52,58,59,60,64,56,38,16,7,3,5
Antigua and Barbuda,2019,540,6,7,1,0,0,2,10,10,24,64,116,124,123,55,5,5,5,5,10,14,25,39,54,62,62,62,65,58,39,16,7,2,5
Antigua and Barbuda,2020,552,6,7,1,0,0,2,10,10,23,63,119,132,122,57,5,5,5,5,10,13,24,39,55,64,67,65,66,56,40,17,7,2,5
Antigua and Barbuda,2021,593,6,7,1,0,0,2,10,10,22,63,126,152,138,60,5,5,5,5,10,12,24,39,58,68,77,75,73,65,42,18,7,2,5
Argentina,1950,166065,29639,38380,8741,1923,1313,2539,6610,8053,13617,21020,27550,28045,14679,2270,3263,3347,3556,4497,5897,7720,9600,11420,13271,14279,15135,12910,9637,5042,1852,418,40303,3852,67
Argentina,1951,165770,29667,38461,8794,1956,1310,2498,6585,8002,13625,21205,27834,28021,14109,2095,3230,3355,3556,4446,5879,7746,9697,11508,13364,14470,15249,12772,9257,4852,1734,361,40417,3808,62
Argentina,1952,162308,29173,37925,8752,1920,1280,2402,6391,7759,13299,20961,27550,27546,13323,1896,3110,3281,3482,4277,5721,7578,9594,11367,13155,14395,15078,12468,8724,4599,1561,335,39845,3682,57
Argentina,1953,165410,28754,37431,8677,2029,1314,2430,6504,7908,13614,21809,28713,28558,13238,1812,3137,3367,3590,4318,5835,7779,9981,11828,13631,15082,15711,12847,8674,4564,1490,322,39460,3744,51
Argentina,1954,164233,28386,36951,8565,1994,1309,2380,6363,7802,13419,21807,28756,28737,12931,1742,3044,3319,3572,4230,5731,7688,9972,11835,13585,15171,15844,12893,8494,4437,1441,301,38945,3689,42
Argentina,1955,173020,28163,36575,8412,2013,1399,2555,6928,8446,14295,23474,30954,31038,13535,1777,3300,3628,3904,4542,6088,8207,10715,12759,14597,16357,17157,13881,8961,4574,1482,295,38588,3954,35
Argentina,1956,167627,28157,36364,8207,2010,1351,2396,6314,7924,13520,22698,30072,30395,12903,1652,2992,3322,3652,4272,5707,7813,10309,12389,14172,15900,16832,13563,8627,4276,1386,266,38374,3747,29
Argentina,1957,176963,28420,36398,7978,1999,1448,2545,6604,8435,14264,24341,32326,33079,13771,1723,3128,3476,3883,4552,5980,8284,10990,13351,15249,17077,18338,14741,9296,4475,1461,262,38397,3993,29
Argentina,1958,169855,28341,36158,7817,2027,1385,2407,6120,7962,13316,23084,30764,31905,13093,1602,2906,3214,3653,4309,5551,7765,10351,12733,14538,16226,17688,14217,8918,4175,1366,236,38185,3792,27
Argentina,1959,176715,28270,35723,7453,1875,1445,2520,6281,8310,13787,24296,32585,34242,13960,1664,2996,3285,3795,4515,5732,8055,10823,13473,15421,17164,18936,15306,9569,4391,1421,243,37598,3965,25
Argentina,1960,179885,28472,35610,7138,1948,1468,2564,6273,8390,13846,24742,33465,35483,14414,1658,3012,3261,3810,4580,5766,8080,10962,13780,15852,17613,19546,15937,9928,4486,1418,240,37558,4032,23
Argentina,1961,180303,28838,35677,6839,1778,1459,2561,6151,8284,13632,24619,33673,36053,14743,1649,2975,3176,3737,4547,5709,7923,10861,13758,15957,17716,19729,16324,10176,4567,1411,238,37455,4020,22
Argentina,1962,187483,29540,36120,6580,1847,1509,2674,6317,8512,14002,25507,35364,38152,15744,1715,3083,3234,3809,4703,5917,8085,11216,14291,16765,18599,20703,17449,10882,4862,1465,250,37967,4183,21
Argentina,1963,190378,30022,36418,6396,1779,1513,2720,6333,8494,14007,25643,36094,39204,16410,1747,3119,3214,3766,4728,5982,8025,11242,14401,17111,18983,21086,18118,11346,5064,1494,253,38197,4233,21
Argentina,1964,197263,30231,36513,6282,1717,1552,2836,6526,8679,14411,26434,37813,41313,17605,1844,3240,3286,3816,4863,6205,8206,11541,14893,17901,19912,22069,19244,12175,5430,1580,264,38230,4388,21
Argentina,1965,199699,30314,36508,6194,1736,1547,2868,6561,8616,14435,26429,38423,42244,18401,1911,3280,3281,3764,4852,6244,8191,11481,14948,18138,20285,22463,19781,12718,5683,1642,269,38244,4415,21
Argentina,1966,201504,30306,36427,6121,1654,1528,2884,6584,8509,14430,26295,38871,43051,19255,1995,3310,3274,3703,4806,6253,8177,11359,14936,18265,20606,22826,20225,13286,5969,1720,275,38081,4412,22
Argentina,1967,206385,30168,36199,6031,1678,1530,2948,6755,8551,14744,26652,40071,44637,20477,2120,3410,3345,3720,4831,6381,8363,11437,15215,18716,21355,23655,20982,14111,6366,1833,287,37877,4478,23
Argentina,1968,214677,29870,35781,5911,1630,1567,3064,7093,8774,15401,27563,42125,47178,22178,2301,3592,3501,3827,4947,6642,8759,11763,15800,19542,22583,25022,22156,15247,6931,1994,307,37411,4631,24
Argentina,1969,222306,29696,35479,5783,1639,1588,3157,7410,8959,15969,28325,43915,49529,23813,2495,3759,3651,3928,5031,6855,9114,12064,16261,20248,23667,26290,23239,16291,7522,2166,329,37118,4745,25
Argentina,1970,218037,29561,35210,5649,1614,1513,3035,7240,8582,15459,27251,42782,48781,23978,2567,3671,3569,3788,4794,6604,8855,11626,15625,19621,23161,25889,22892,16277,7701,2230,337,36824,4548,25
Argentina,1971,226680,29189,34692,5503,1609,1544,3117,7576,8831,16008,28122,44636,51665,25980,2874,3832,3744,3930,4901,6796,9212,12059,16063,20378,24258,27389,24276,17456,8524,2498,376,36301,4661,27
Argentina,1972,228185,28878,34245,5367,1601,1518,3069,7629,8777,15954,28014,44817,52647,26831,3055,3846,3783,3939,4838,6718,9236,12117,15897,20395,24422,27898,24749,17847,8984,2656,399,35846,4587,28
Argentina,1973,229615,28611,33858,5247,1493,1493,3026,7665,8741,15863,27930,44916,53656,27678,3268,3841,3824,3958,4783,6616,9247,12205,15725,20383,24533,28403,25253,18219,9459,2842,426,35351,4519,29
Argentina,1974,232810,28345,33471,5126,1558,1483,3072,8170,9056,15987,28069,45072,54746,28575,3525,4072,4098,4166,4890,6638,9349,12377,15692,20384,24688,28916,25830,18645,9930,3064,461,35029,4555,31
Argentina,1975,232513,28041,33031,4990,1479,1453,2965,7945,8893,15658,27844,44732,55376,29309,3796,3927,4018,4110,4783,6446,9212,12325,15519,20126,24606,29135,26241,18993,10316,3296,500,34510,4418,34
Argentina,1976,237399,27574,32467,4893,1473,1467,2987,8232,9177,15814,28366,45345,57160,30683,4190,4038,4194,4276,4901,6495,9319,12582,15784,20290,25055,29921,27239,19787,10896,3629,561,33940,4454,38
Argentina,1977,234100,27025,31838,4813,1462,1440,2853,7864,8938,15249,27876,44295,56864,30927,4452,3818,4046,4171,4767,6247,9002,12346,15530,19686,24609,29576,27288,19894,11033,3841,611,33300,4293,42
Argentina,1978,235756,26225,30852,4627,1506,1538,2848,7702,9016,15063,28008,44163,57912,32178,4922,3704,3998,4210,4806,6189,8874,12364,15644,19498,24665,29868,28044,20631,11547,4223,699,32358,4386,49
Argentina,1979,238553,25313,29677,4364,1461,1464,2768,7510,9019,14912,28346,44538,59566,33799,5437,3584,3926,4211,4808,6140,8772,12444,15902,19587,24951,30495,29071,21613,12186,4632,805,31138,4232,58
Argentina,1980,244455,24334,28501,4167,1398,1484,2803,7557,9282,15079,29034,45497,61869,35865,6013,3590,3967,4330,4952,6244,8835,12680,16354,20010,25487,31474,30395,22872,12993,5083,930,29899,4287,69
Argentina,1981,244293,23310,27205,3895,1335,1395,2708,7282,9181,14837,28981,45433,62567,36925,6364,3445,3837,4268,4913,6172,8665,12566,16415,20055,25378,31690,30877,23508,13417,5332,1032,28540,4103,80
Argentina,1982,251391,22349,26066,3717,1334,1418,2810,7630,9671,15223,29674,46523,64827,39166,6949,3618,4012,4498,5173,6404,8819,12769,16905,20686,25837,32708,32119,24856,14310,5763,1186,27400,4228,96
Argentina,1983,252539,21500,25068,3568,1339,1415,2731,7248,9544,15085,29550,46658,65727,40676,7388,3424,3824,4390,5154,6387,8698,12587,16963,20919,25739,33048,32679,25729,14947,6067,1321,26407,4146,112
Argentina,1984,260774,20763,24216,3453,1316,1463,2792,7378,9891,15553,30316,48229,68327,43175,7986,3503,3875,4510,5381,6640,8913,12804,17512,21774,26455,34223,34104,27219,15956,6506,1480,25532,4255,133
Argentina,1985,258730,20127,23503,3376,1313,1432,2720,7156,9734,15294,29519,47527,67857,44061,8437,3413,3743,4398,5336,6582,8712,12382,17137,21518,26009,33780,34077,27617,16444,6775,1662,24816,4152,177
Argentina,1986,256323,19564,22872,3308,1260,1404,2647,6953,9565,15100,28779,46978,67244,44634,8700,3335,3618,4283,5282,6537,8563,12023,16756,21288,25690,33252,33992,27833,16801,6971,1729,24132,4051,184
Argentina,1987,254525,19073,22335,3262,1245,1379,2584,6770,9379,14960,28040,46591,66707,45316,9022,3260,3510,4158,5221,6507,8453,11701,16339,21075,25516,32704,34003,28080,17236,7211,1811,23580,3963,197
Argentina,1988,252162,18619,21833,3214,1155,1346,2525,6557,9146,14802,27199,46097,65997,45942,9354,3165,3392,4028,5118,6460,8342,11374,15825,20768,25329,32061,33936,28265,17677,7481,1873,22988,3871,205
Argentina,1989,252148,18188,21344,3156,1109,1321,2501,6431,8971,14810,26686,46030,65934,46965,9815,3101,3330,3920,5051,6476,8334,11204,15482,20633,25397,31825,34109,28714,18251,7821,1994,22453,3822,229
Argentina,1990,252741,17942,21027,3085,1076,1288,2467,6322,8789,14803,26210,45863,66040,48224,10381,3048,3274,3821,4968,6471,8332,11062,15148,20436,25427,31749,34291,29297,18927,8247,2134,22103,3755,252
Argentina,1991,249528,17558,20563,3005,1013,1234,2408,6132,8476,14600,25507,45046,65107,48470,10694,2953,3179,3668,4808,6366,8234,10834,14673,19938,25108,31309,33798,29323,19147,8469,2225,21576,3642,274
Argentina,1992,255015,17138,20062,2924,996,1213,2432,6154,8453,14904,25733,45708,66664,50813,11575,2962,3192,3655,4798,6472,8432,11014,14719,20046,25662,32149,34515,30604,20209,9129,2446,21058,3645,312
Argentina,1993,259747,16750,19590,2840,968,1185,2450,6172,8421,15165,25991,46201,68028,52846,12376,2984,3188,3636,4785,6537,8628,11215,14776,20066,26135,32983,35045,31725,21121,9727,2649,20558,3635,352
Argentina,1994,255388,16337,19095,2758,921,1104,2339,5904,8012,14706,25050,44462,66848,53476,13068,2868,3036,3474,4538,6286,8420,10895,14155,19110,25352,32443,34405,31866,21610,10206,2862,20016,3443,398
Argentina,1995,263363,15721,18401,2680,941,1097,2369,6031,8119,15127,25835,45532,69310,56079,14064,2940,3091,3537,4582,6406,8721,11308,14527,19443,26089,33708,35602,33250,22829,10912,3152,19342,3466,462
Argentina,1996,266915,15030,17624,2594,936,1068,2340,6028,8061,15221,26137,45580,70626,57924,14886,2951,3077,3532,4529,6385,8836,11503,14634,19377,26203,34316,36310,34077,23847,11538,3348,18560,3408,486
Argentina,1997,278640,14382,16880,2498,912,1087,2375,6264,8301,15825,27496,47215,74395,61262,16078,3080,3184,3653,4648,6566,9259,12146,15350,20058,27157,36093,38302,35739,25523,12411,3667,17792,3462,545
Argentina,1998,277302,13889,16283,2394,948,1050,2266,6153,8077,15529,27372,46168,74360,61815,16693,3025,3128,3563,4514,6396,9133,12126,15246,19644,26524,35909,38451,35671,26144,12822,3871,17231,3316,589
Argentina,1999,279209,13537,15829,2292,911,1038,2184,6122,7979,15371,27635,45773,75137,63072,17517,2997,3125,3516,4463,6277,9094,12261,15374,19546,26227,36085,39052,36070,27002,13400,4117,16740,3222,638
Argentina,2000,281810,13061,15268,2207,939,1028,2121,6080,7936,15251,27986,45619,75964,64504,18422,2957,3123,3496,4440,6196,9055,12408,15578,19575,26044,36266,39698,36655,27849,14043,4379,16207,3149,691
Argentina,2001,283005,12530,14657,2127,867,1021,2057,6016,7860,15050,28237,45402,76285,65552,19255,2900,3116,3456,4404,6081,8969,12490,15747,19603,25799,36165,40120,37120,28432,14641,4614,15524,3078,742
Argentina,2002,284915,12098,14143,2045,850,1012,2021,5961,7819,14891,28610,45494,76638,66567,20110,2834,3127,3439,4380,6008,8883,12602,16008,19792,25702,36040,40598,37707,28860,15264,4846,14993,3033,797
Argentina,2003,301102,11644,13611,1967,864,1044,2063,6098,8107,15351,30091,47547,80624,72038,22736,2850,3248,3577,4530,6186,9165,13160,16931,20833,26714,37454,43170,40713,31325,17197,5539,14475,3107,926
Argentina,2004,289353,11308,13197,1889,795,987,1948,5699,7684,14447,28915,45552,76865,69811,22551,2626,3073,3412,4272,5843,8604,12538,16377,20107,25445,35421,41444,39492,30319,17066,5485,13992,2935,898
Argentina,2005,290130,11051,12869,1818,748,966,1924,5559,7606,14229,28926,45680,76474,70715,23477,2543,3016,3389,4217,5779,8450,12430,16496,20296,25384,35039,41435,39960,30755,17684,5793,13617,2890,959
Argentina,2006,290998,10723,12478,1755,733,934,1893,5385,7503,13953,28770,45754,75933,71999,24635,2451,2934,3358,4145,5702,8251,12248,16522,20429,25325,34640,41293,40529,31470,18451,6184,13211,2827,1025
Argentina,2007,309024,10375,12075,1700,668,956,1995,5577,7919,14634,30482,49042,80085,77431,26997,2550,3027,3559,4360,6002,8632,12843,17639,21984,27058,36539,43546,43463,33968,20059,6938,12743,2951,1155
Argentina,2008,300770,10030,11675,1645,654,884,1896,5229,7598,13903,29228,47796,76898,76401,27379,2411,2818,3416,4182,5717,8186,12225,17003,21470,26326,35122,41776,42617,33784,20105,7274,12329,2780,1229
Argentina,2009,301546,9809,11400,1591,604,832,1861,5059,7514,13657,28782,48071,76234,77570,28609,2364,2695,3361,4153,5611,8046,11938,16844,21608,26463,34906,41328,42954,34616,20785,7824,12004,2693,1352
Argentina,2010,314899,9600,11140,1540,634,816,1898,5143,7735,14072,29616,50523,79079,81756,30951,2428,2715,3435,4300,5777,8295,12216,17400,22672,27851,36347,42732,44949,36807,22312,8639,11774,2714,1533
Argentina,2011,311819,9353,10848,1495,549,759,1824,4988,7559,13771,28902,50404,77924,81163,31483,2382,2606,3326,4233,5640,8131,11857,17045,22551,27853,36006,41918,44296,36867,22553,8930,11397,2583,1646
Argentina,2012,310203,9101,10554,1453,520,718,1752,4895,7414,13581,28376,50601,77388,80552,32036,2354,2541,3212,4202,5558,8023,11623,16753,22540,28061,36005,41383,43619,36933,22809,9227,11074,2470,1810
Argentina,2013,317641,8845,10256,1411,554,688,1711,4905,7425,13706,28508,51937,79160,82619,34063,2365,2540,3162,4263,5635,8071,11648,16860,22964,28973,37057,42103,44272,38347,24100,9963,10810,2399,2102
Argentina,2014,318900,8581,9952,1371,505,651,1607,4827,7249,13557,28002,52091,79523,83076,35530,2328,2499,3038,4211,5612,7945,11484,16518,22826,29265,37432,42091,44097,38979,25017,10513,10457,2258,2334
Argentina,2015,326265,8311,9639,1328,497,631,1555,4874,7252,13778,28317,53434,81840,84661,37186,2340,2534,3013,4239,5721,8057,11663,16654,23227,30207,38754,43086,44751,39910,26060,11126,10136,2186,2596
Argentina,2016,346954,7898,9185,1287,496,639,1555,5078,7521,14519,29666,56764,87717,89913,40823,2410,2668,3107,4414,6060,8459,12288,17378,24464,32300,41719,45998,47390,42523,28383,12440,9681,2194,3075
Argentina,2017,338780,7444,8688,1244,488,593,1437,4826,7140,14070,28562,55172,86441,87440,40788,2253,2573,2961,4179,5898,8172,11878,16684,23555,31617,41239,45202,46088,41352,28264,12524,9176,2030,3135
Argentina,2018,340946,6849,8041,1192,477,580,1366,4733,7007,14128,28393,55353,88103,87607,41832,2172,2561,2932,4075,5925,8203,11832,16561,23485,31868,42113,45990,46304,41303,28839,12993,8518,1946,3327
Argentina,2019,340033,6494,7623,1129,472,557,1288,4580,6808,14038,28014,54747,88893,87009,42430,2049,2531,2891,3917,5857,8181,11662,16352,23049,31698,42502,46391,46143,40866,29013,13417,8095,1845,3578
Argentina,2020,383131,6091,7159,1068,477,645,1958,6468,8376,15893,31551,66619,97946,95379,46682,3044,3424,3637,4739,6758,9135,12682,18869,28543,38076,46523,51423,50735,44644,31852,14830,7636,2603,3973
Argentina,2021,405428,5850,6861,1011,559,799,2189,7087,9074,16279,31681,69623,107135,102438,47601,3455,3632,3996,5078,6891,9388,12500,19181,28987,40636,51100,56035,54422,48016,32581,15020,7420,2988,4100
Armenia,1950,19638,5224,6437,1213,111,153,205,458,388,845,1186,2976,3911,2405,561,294,164,127,261,370,475,512,674,1394,1582,1948,1963,1432,973,437,124,6548,358,4
Armenia,1951,20059,5477,6790,1313,112,146,207,500,377,865,1186,2952,3955,2418,540,303,197,131,246,374,491,540,646,1334,1618,1950,2005,1479,939,427,113,6902,353,12
Armenia,1952,20474,5621,6999,1378,116,134,222,539,369,889,1224,2928,4027,2479,532,300,239,143,226,383,506,579,645,1240,1688,1960,2067,1563,916,418,114,7115,356,16
Armenia,1953,20667,5783,7199,1416,146,114,238,564,360,894,1270,2841,4011,2499,512,283,281,160,200,384,510,614,656,1111,1730,1931,2080,1617,882,400,112,7345,352,18
Armenia,1954,20950,5971,7420,1449,157,96,249,589,368,896,1329,2751,4031,2552,493,273,316,186,182,381,515,648,681,1006,1745,1932,2099,1674,878,388,105,7577,345,18
Armenia,1955,21166,6172,7654,1482,176,83,248,604,391,882,1379,2634,4029,2592,475,269,335,216,175,367,515,673,706,931,1703,1933,2096,1702,890,373,102,7830,331,17
Armenia,1956,21694,6460,7978,1518,188,77,241,627,438,875,1451,2541,4107,2688,463,279,348,258,180,350,525,700,751,900,1641,1991,2116,1755,933,364,99,8166,318,17
Armenia,1957,22085,6733,8293,1560,203,79,220,638,501,853,1512,2407,4157,2758,450,295,343,308,193,322,531,715,797,894,1513,2057,2100,1784,974,352,98,8496,299,17
Armenia,1958,22586,6943,8555,1612,210,89,190,651,582,834,1587,2296,4255,2870,447,320,331,363,219,291,543,732,855,921,1375,2144,2111,1838,1032,350,97,8765,279,17
Armenia,1959,22781,7131,8789,1658,214,101,159,646,653,797,1628,2187,4242,2899,444,329,317,403,250,264,533,733,895,951,1236,2145,2097,1841,1058,348,96,9003,260,16
Armenia,1960,23160,7227,8924,1697,219,116,141,651,731,783,1694,2168,4277,2982,457,331,320,439,292,259,524,748,946,1005,1163,2133,2144,1880,1102,362,95,9143,257,16
Armenia,1961,23016,7147,8877,1730,228,129,127,631,783,747,1729,2170,4171,2960,451,310,321,446,337,259,488,750,979,1063,1107,2009,2162,1853,1107,366,85,9105,256,14
Armenia,1962,22779,6902,8634,1732,228,137,126,615,831,716,1765,2243,4065,2956,457,279,336,436,395,274,442,758,1007,1140,1103,1838,2227,1832,1124,379,78,8862,263,12
Armenia,1963,22718,6543,8242,1699,243,146,141,602,884,708,1821,2406,4010,3027,477,240,362,420,464,308,400,776,1045,1248,1158,1674,2336,1858,1169,403,74,8485,287,11
Armenia,1964,22406,6119,7750,1631,247,152,163,580,929,718,1848,2575,3883,3059,492,204,376,410,519,354,364,774,1074,1346,1229,1520,2363,1873,1186,417,75,7997,315,10
Armenia,1965,21915,5719,7259,1540,252,156,185,546,956,749,1831,2715,3701,3061,496,176,370,404,552,403,346,745,1086,1418,1297,1405,2296,1879,1182,423,73,7511,341,8
Armenia,1966,21684,5361,6799,1438,264,163,208,517,980,822,1819,2894,3557,3138,515,164,353,411,569,472,350,707,1112,1496,1398,1360,2197,1942,1196,437,78,7063,371,8
Armenia,1967,21445,5103,6442,1339,262,169,225,489,995,926,1779,3058,3375,3196,527,168,321,433,562,554,372,646,1133,1548,1510,1364,2011,2011,1185,446,81,6704,394,7
Armenia,1968,21513,4936,6188,1252,256,177,240,471,1020,1071,1750,3261,3256,3277,540,189,282,471,549,653,418,586,1164,1609,1652,1434,1822,2090,1187,457,83,6444,417,7
Armenia,1969,21362,4789,5973,1184,251,184,247,457,1012,1196,1681,3396,3140,3275,545,217,240,482,530,720,476,530,1151,1637,1759,1505,1635,2087,1188,459,86,6224,431,6
Armenia,1970,21441,4691,5822,1131,237,190,257,457,1006,1322,1634,3548,3140,3266,558,245,212,480,526,772,550,510,1124,1676,1872,1611,1529,2048,1218,467,91,6059,447,7
Armenia,1971,21415,4657,5744,1087,228,194,264,466,986,1423,1563,3632,3183,3165,557,271,195,455,531,790,633,507,1056,1688,1944,1717,1466,1921,1244,465,92,5972,458,7
Armenia,1972,21439,4644,5698,1054,207,196,274,480,961,1523,1494,3694,3316,3031,555,288,192,409,552,775,748,535,959,1699,1995,1848,1468,1742,1289,462,93,5905,470,7
Armenia,1973,21891,4653,5688,1035,199,200,292,519,945,1641,1472,3817,3590,2945,572,306,213,355,590,755,886,604,868,1739,2078,2035,1555,1587,1358,473,99,5887,492,8
Armenia,1974,22193,4699,5722,1023,187,197,305,561,908,1719,1484,3850,3851,2817,585,320,241,301,607,730,989,694,790,1724,2126,2193,1658,1444,1373,483,102,5909,502,8
Armenia,1975,22668,4767,5787,1020,177,191,320,605,866,1792,1570,3868,4149,2721,609,335,270,262,604,724,1068,810,760,1684,2184,2355,1794,1368,1353,503,106,5964,511,9
Armenia,1976,23069,4843,5865,1022,178,182,332,649,814,1838,1713,3823,4420,2613,631,350,299,239,575,733,1105,948,765,1599,2224,2476,1944,1336,1277,525,106,6043,514,9
Armenia,1977,23561,4888,5893,1005,170,176,348,712,777,1861,1954,3695,4754,2552,664,380,332,245,532,763,1098,1138,816,1428,2267,2604,2150,1376,1176,556,108,6063,524,10
Armenia,1978,23800,4880,5874,994,170,166,350,758,741,1832,2200,3495,5025,2499,685,401,357,274,467,781,1051,1303,897,1260,2235,2679,2346,1446,1053,578,107,6044,516,10
Armenia,1979,24005,4824,5790,966,166,157,345,804,721,1793,2442,3309,5277,2504,687,424,380,319,402,792,1001,1421,1021,1150,2159,2745,2532,1547,957,578,109,5956,502,10
Armenia,1980,24554,4790,5714,924,175,152,333,845,711,1797,2711,3180,5608,2629,688,443,402,366,345,818,979,1514,1197,1108,2072,2855,2753,1704,925,570,118,5889,485,10
Armenia,1981,24598,4741,5635,894,167,144,310,859,700,1760,2911,2982,5738,2738,643,448,411,394,306,791,969,1532,1379,1101,1881,2872,2866,1836,902,526,117,5802,454,9
Armenia,1982,24802,4680,5549,869,162,138,289,866,720,1715,3106,2855,5856,2937,599,446,420,415,305,728,987,1515,1591,1158,1697,2884,2972,2013,924,474,125,5711,427,10
Armenia,1983,25049,4663,5508,845,163,136,271,869,766,1661,3251,2802,5890,3169,552,438,431,433,333,637,1024,1462,1789,1257,1545,2843,3047,2196,973,423,129,5671,407,11
Armenia,1984,25272,4607,5431,824,154,135,253,862,823,1589,3318,2853,5892,3440,519,419,443,446,377,530,1059,1381,1937,1422,1431,2762,3130,2388,1052,388,131,5585,388,11
Armenia,1985,25191,4452,5243,791,150,130,232,828,866,1486,3313,2979,5772,3683,499,385,443,451,415,435,1051,1310,2003,1630,1349,2592,3180,2539,1144,373,126,5393,362,12
Armenia,1986,25306,4225,4982,757,145,130,224,809,920,1413,3362,3266,5618,3934,491,361,448,466,454,388,1025,1308,2054,1903,1363,2379,3239,2675,1259,375,116,5127,354,13
Armenia,1987,26085,3996,4714,718,140,129,224,803,981,1361,3460,3760,5633,4348,515,344,459,490,491,394,967,1365,2095,2270,1490,2239,3394,2896,1452,407,108,4854,353,15
Armenia,1988,50189,4870,7901,3031,2131,1751,1623,3969,3802,3119,6412,6509,7169,5230,557,1788,2181,2071,1731,1202,1917,2831,3581,4069,2440,2887,4282,3473,1757,458,99,10032,3374,16
Armenia,1989,25681,3585,4215,630,129,121,215,729,1044,1196,3377,4550,4979,4579,532,302,427,511,533,492,704,1447,1930,2749,1801,1837,3142,2928,1651,447,85,4344,336,14
Armenia,1990,26756,3588,4193,605,135,121,223,756,1146,1209,3413,5099,4849,4901,685,317,439,559,587,586,623,1513,1900,2947,2152,1806,3043,3073,1828,546,139,4328,344,30
Armenia,1991,27696,3355,3929,574,131,125,226,761,1237,1263,3524,5768,4780,5193,727,324,437,600,637,675,588,1554,1970,3151,2617,1890,2890,3226,1967,602,125,4060,351,30
Armenia,1992,28158,3031,3581,550,130,129,233,765,1315,1356,3545,6311,4676,5320,771,332,433,632,683,746,610,1489,2056,3214,3097,2025,2651,3279,2041,656,115,3711,362,25
Armenia,1993,27448,2535,3021,486,120,118,213,683,1250,1358,3343,6503,4659,5334,826,303,380,588,662,737,621,1268,2075,3032,3471,2216,2443,3246,2088,712,114,3141,331,21
Armenia,1994,26974,2156,2580,424,118,112,201,626,1209,1425,3160,6559,4812,5281,876,280,346,551,658,741,684,1036,2124,2836,3723,2528,2284,3148,2133,760,116,2698,313,17
Armenia,1995,26667,1876,2235,359,104,107,191,578,1157,1489,2962,6534,5170,5195,934,261,317,503,654,744,745,833,2129,2676,3858,2960,2210,2998,2197,809,125,2339,298,15
Armenia,1996,26046,1679,1985,306,94,103,179,543,1106,1536,2727,6381,5569,4857,954,247,296,457,649,743,793,701,2026,2584,3797,3384,2185,2681,2176,821,133,2079,282,13
Armenia,1997,26352,1515,1779,264,89,102,174,523,1067,1595,2542,6365,6322,4757,1025,237,286,421,646,759,836,682,1860,2625,3740,3957,2365,2500,2257,873,152,1868,276,13
Armenia,1998,25497,1353,1581,228,82,96,165,487,986,1598,2271,6087,6749,4366,1015,221,266,376,610,753,845,723,1548,2624,3463,4260,2489,2222,2144,855,160,1663,261,12
Armenia,1999,26695,1217,1417,200,73,96,167,488,975,1725,2197,6277,7765,4396,1105,223,265,365,610,808,917,870,1327,2851,3426,4778,2987,2204,2192,923,182,1490,263,13
Armenia,2000,26411,1084,1260,176,65,90,163,464,904,1751,2028,6089,8319,4148,1116,214,250,341,563,815,936,971,1057,2855,3234,4878,3441,2104,2044,929,187,1325,253,14
Armenia,2001,26324,988,1143,155,54,83,158,446,840,1777,1948,5922,8840,3971,1130,207,239,322,518,823,954,1055,893,2749,3173,4862,3978,2120,1851,937,193,1197,241,16
Armenia,2002,26832,930,1067,137,51,81,157,439,792,1825,2016,5800,9452,3980,1157,205,234,313,479,834,991,1134,882,2538,3262,4819,4633,2277,1703,958,199,1118,238,17
Armenia,2003,26572,897,1022,125,41,75,153,419,737,1808,2134,5489,9570,3988,1119,197,222,300,437,805,1003,1169,965,2155,3334,4533,5037,2443,1545,920,199,1063,228,19
Armenia,2004,27483,872,986,114,38,71,151,420,708,1838,2385,5359,9914,4443,1148,198,222,292,416,785,1053,1238,1147,1803,3556,4391,5523,2906,1537,934,214,1024,222,21
Armenia,2005,27303,839,947,108,34,64,143,411,668,1802,2572,5041,9737,4790,1073,195,216,277,391,732,1070,1272,1300,1447,3594,4144,5593,3325,1465,859,214,981,207,22
Armenia,2006,27556,724,825,101,32,56,138,403,645,1770,2741,4771,9731,5404,1015,192,211,270,375,677,1093,1309,1432,1247,3524,4109,5622,3891,1513,793,222,857,194,23
Armenia,2007,27544,717,811,94,32,49,130,392,615,1696,2829,4422,9576,6022,949,188,204,257,358,614,1082,1324,1505,1219,3203,4135,5441,4417,1605,722,227,843,179,24
Armenia,2008,28158,704,791,87,29,44,124,391,605,1647,2994,4194,9645,6746,923,187,204,253,352,572,1075,1387,1607,1388,2806,4359,5286,4940,1806,694,229,820,168,25
Armenia,2009,27895,722,804,82,27,39,114,377,576,1540,3064,3863,9388,7196,883,178,199,245,331,525,1015,1414,1650,1596,2267,4477,4911,5140,2056,663,220,831,153,26
Armenia,2010,27794,673,753,80,26,35,100,365,549,1426,3129,3630,9207,7669,879,170,195,236,313,490,936,1435,1694,1805,1825,4531,4676,5252,2417,666,213,779,135,28
Armenia,2011,28138,640,717,77,25,32,89,358,538,1340,3233,3596,9145,8133,904,164,194,233,305,472,868,1478,1755,2003,1593,4461,4684,5291,2842,703,201,742,121,29
Armenia,2012,28598,646,720,74,22,31,79,349,524,1247,3288,3722,8989,8610,985,157,192,230,294,456,791,1483,1805,2135,1587,4136,4853,5276,3334,792,193,742,110,32
Armenia,2013,28608,614,685,71,19,28,71,337,513,1169,3331,4028,8618,8698,1079,147,190,227,286,443,726,1459,1872,2250,1778,3569,5049,5052,3646,890,189,704,99,32
Armenia,2014,28187,608,676,68,18,27,62,315,503,1084,3297,4374,8079,8500,1218,133,182,225,278,417,667,1376,1921,2324,2050,2892,5187,4714,3786,1032,186,694,89,32
Armenia,2015,27774,541,607,66,17,24,55,292,491,1012,3217,4688,7549,8367,1422,118,174,222,269,391,621,1266,1951,2381,2307,2325,5224,4509,3858,1228,194,624,79,32
Armenia,2016,27738,501,564,63,16,22,52,271,484,974,3164,4997,7118,8390,1647,104,167,220,264,380,594,1165,1999,2456,2541,2020,5098,4523,3867,1438,209,580,74,31
Armenia,2017,27679,448,506,58,16,21,48,250,480,938,3058,5226,6695,8511,1897,90,160,218,262,366,572,1056,2002,2524,2702,2013,4682,4682,3829,1661,236,522,69,31
Armenia,2018,27777,412,465,53,16,19,46,232,481,915,2946,5492,6326,8673,2131,80,152,218,263,358,557,970,1976,2632,2860,2274,4052,4936,3737,1850,281,481,65,32
Armenia,2019,27370,378,426,48,16,18,42,206,468,869,2743,5642,5910,8681,2315,71,135,210,258,346,523,884,1859,2694,2948,2621,3289,5113,3568,1970,345,442,60,35
Armenia,2020,35963,346,390,44,15,16,38,190,543,1192,4155,8968,7615,10126,2678,64,126,226,317,465,727,1334,2821,4309,4659,4121,3494,6191,3935,2224,454,405,54,40
Armenia,2021,36379,317,357,40,15,16,39,183,570,1228,4021,9384,7682,10085,2758,65,118,233,337,490,738,1339,2682,4532,4852,4562,3120,6073,4012,2232,526,372,55,42
Aruba,1950,403,132,179,47,15,5,10,20,22,33,30,29,28,26,2,10,10,10,12,18,15,15,15,15,14,10,18,17,9,2,0,194,15,0
Aruba,1951,403,133,180,47,15,5,10,20,22,34,30,30,26,24,2,10,10,10,12,18,16,15,15,15,15,10,16,15,9,2,0,195,15,0
Aruba,1952,392,127,171,44,15,5,9,20,21,35,30,30,25,22,3,10,10,10,11,18,17,15,15,15,15,12,13,14,8,3,0,186,14,0
Aruba,1953,383,120,162,42,15,5,9,20,21,36,30,30,25,22,1,10,10,10,11,17,19,15,15,15,15,13,12,14,8,1,0,177,14,0
Aruba,1954,373,114,153,39,15,5,9,20,21,37,30,30,24,20,1,10,10,10,11,17,20,15,15,15,15,14,10,13,7,1,0,168,14,0
Aruba,1955,366,108,145,37,12,5,9,20,21,37,40,35,26,16,1,10,10,10,11,17,20,20,20,18,17,16,10,10,6,1,0,157,14,0
Aruba,1956,361,103,136,33,12,5,9,20,20,36,40,38,29,16,1,10,10,10,10,16,20,20,20,20,18,18,11,10,6,1,0,148,14,0
Aruba,1957,358,98,130,32,12,5,9,20,20,36,40,40,31,16,1,10,10,10,10,16,20,20,20,20,20,19,12,10,6,1,0,142,14,0
Aruba,1958,358,94,122,28,12,5,9,20,20,36,42,40,33,16,0,10,10,10,10,16,20,22,20,20,20,20,13,10,6,0,0,134,14,0
Aruba,1959,357,90,117,27,11,5,10,20,20,34,49,40,35,12,1,10,10,10,10,14,20,25,24,20,20,20,15,7,5,1,0,128,15,0
Aruba,1960,360,86,111,25,11,5,10,20,20,34,50,49,37,12,0,10,10,10,10,14,20,25,25,24,25,21,16,7,5,0,0,122,15,0
Aruba,1961,362,82,105,23,10,5,10,20,20,34,50,50,43,13,0,10,10,10,10,14,20,25,25,25,25,25,18,8,5,0,0,115,15,0
Aruba,1962,364,78,98,20,9,5,10,20,20,33,54,50,46,15,1,10,10,10,10,14,19,26,28,25,25,25,21,10,5,1,0,107,15,0
Aruba,1963,363,73,93,20,9,6,10,20,20,32,55,50,48,16,1,10,10,10,10,14,18,25,30,25,25,25,23,11,5,1,0,102,16,0
Aruba,1964,366,69,87,18,9,6,11,20,20,32,55,53,49,19,0,10,10,10,10,14,18,25,30,28,25,25,24,14,5,0,0,96,17,0
Aruba,1965,368,64,80,16,9,6,10,20,20,30,57,56,55,20,0,10,10,10,10,13,17,24,33,30,26,29,26,15,5,0,0,89,16,0
Aruba,1966,361,60,76,16,8,6,10,20,20,29,56,57,56,22,0,10,10,10,10,13,16,23,33,30,27,29,27,17,5,0,0,84,16,0
Aruba,1967,359,56,69,13,8,5,10,20,20,27,53,61,58,23,0,10,10,10,10,12,15,22,31,31,30,30,28,18,5,0,0,77,15,0
Aruba,1968,358,52,64,12,7,5,10,20,20,27,52,63,59,27,0,10,10,10,10,12,15,21,31,33,30,30,29,20,7,0,0,71,15,0
Aruba,1969,355,48,59,11,7,5,10,20,20,27,48,67,60,28,0,10,10,10,10,12,15,19,29,35,32,30,30,21,7,0,0,66,15,0
Aruba,1970,351,44,54,10,6,5,10,20,20,27,46,70,60,32,0,10,10,10,10,12,15,18,28,35,35,30,30,23,9,0,0,60,15,0
Aruba,1971,349,41,51,10,5,5,9,20,20,27,43,69,66,33,1,10,10,10,10,12,15,17,26,34,35,35,31,24,9,1,0,56,14,0
Aruba,1972,340,38,46,8,5,5,9,20,20,26,40,68,67,35,1,10,10,10,10,11,15,16,24,33,35,35,32,25,10,1,0,51,14,0
Aruba,1973,338,37,44,7,5,5,9,20,20,25,37,67,69,37,2,10,10,10,10,10,15,15,22,32,35,35,34,26,11,2,0,49,14,0
Aruba,1974,340,36,43,7,5,5,9,20,20,26,36,69,74,38,2,10,10,10,10,11,15,15,21,31,38,39,35,26,12,2,0,48,14,0
Aruba,1975,347,35,42,7,5,5,9,20,20,28,36,70,76,42,3,10,10,10,10,13,15,15,21,31,39,40,36,28,14,3,0,47,14,0
Aruba,1976,353,34,41,7,5,5,9,20,20,28,35,69,78,43,3,10,10,10,10,13,15,15,20,30,39,40,38,29,14,3,0,46,14,0
Aruba,1977,361,33,39,6,5,5,8,20,20,28,37,69,87,46,3,10,10,10,10,13,15,16,21,29,40,45,42,31,15,3,0,44,13,0
Aruba,1978,369,32,37,5,5,4,8,20,20,29,36,69,89,50,5,10,10,10,10,14,15,16,20,28,41,45,44,33,17,5,0,42,12,0
Aruba,1979,374,31,36,5,4,3,7,20,20,28,35,68,97,52,5,10,10,10,10,13,15,15,20,28,40,49,48,35,17,5,0,40,10,0
Aruba,1980,380,30,35,5,4,2,7,20,20,28,35,65,100,55,5,10,10,10,10,13,15,15,20,28,37,50,50,37,18,5,0,39,9,0
Aruba,1981,373,29,34,5,3,1,6,20,20,27,37,62,99,58,6,10,10,10,10,12,15,17,20,27,35,49,50,38,20,6,0,37,7,0
Aruba,1982,387,28,33,5,3,1,5,20,20,27,37,61,106,68,9,10,10,10,10,12,15,18,19,25,36,51,55,44,24,8,1,36,6,0
Aruba,1983,399,28,33,5,2,1,5,19,20,27,41,61,106,75,11,9,10,10,10,12,15,20,21,26,35,50,56,48,27,10,1,35,6,0
Aruba,1984,410,27,32,5,1,1,5,17,20,27,40,61,109,82,14,7,10,10,10,12,15,20,20,25,36,49,60,52,30,13,1,33,6,0
Aruba,1985,421,27,32,5,1,1,5,16,20,28,41,58,109,91,18,6,10,10,10,12,16,20,21,24,34,47,62,56,35,16,2,33,6,0
Aruba,1986,435,26,31,5,2,0,5,15,20,30,44,57,108,101,21,5,10,10,10,14,16,20,24,25,32,44,64,61,40,18,3,33,5,0
Aruba,1987,440,26,31,5,2,0,5,14,20,29,46,53,107,109,26,5,9,10,10,14,15,21,25,23,30,43,64,64,45,22,4,33,5,0
Aruba,1988,447,25,30,5,2,0,4,13,20,29,45,52,106,117,31,5,8,10,10,14,15,20,25,22,30,43,63,67,50,25,6,32,4,0
Aruba,1989,461,24,29,5,2,0,3,13,21,30,45,51,102,128,36,5,8,10,11,15,15,20,25,23,28,42,60,73,55,29,7,31,3,0
Aruba,1990,463,23,28,5,3,0,3,12,21,30,47,53,100,130,32,5,7,10,11,15,15,22,25,24,29,42,58,74,56,25,7,31,3,0
Aruba,1991,459,23,28,5,4,0,4,11,21,30,50,59,100,123,29,5,6,10,11,15,15,22,28,29,30,42,58,72,51,23,6,32,4,0
Aruba,1992,446,22,26,4,5,0,5,10,20,35,54,66,100,108,20,5,5,10,10,15,20,23,31,33,33,42,58,68,40,15,5,31,5,1
Aruba,1993,459,22,26,4,5,1,5,10,21,37,55,67,105,112,21,5,5,10,11,17,20,23,32,35,32,43,62,69,43,16,5,31,6,1
Aruba,1994,472,21,25,4,5,5,5,10,20,38,56,71,108,113,20,5,5,9,11,18,20,23,33,37,34,43,65,69,44,17,3,30,10,1
Aruba,1995,486,23,27,4,4,4,5,10,20,38,59,78,109,114,22,5,5,9,11,18,20,25,34,40,38,44,65,67,47,19,3,31,9,1
Aruba,1996,498,24,29,5,2,3,5,10,20,39,60,84,106,119,22,5,5,9,11,18,21,25,35,42,42,44,62,68,51,19,3,31,8,1
Aruba,1997,515,25,30,5,2,3,5,10,20,42,62,89,107,123,23,5,5,9,11,18,24,27,35,44,45,46,61,70,53,20,3,32,8,0
Aruba,1998,529,23,28,5,2,2,5,11,22,43,63,94,109,127,24,5,6,10,12,19,24,28,35,44,50,48,61,73,54,20,4,30,7,0
Aruba,1999,542,23,28,5,2,2,5,12,22,43,67,97,111,127,25,5,7,10,12,19,24,30,37,46,51,49,62,75,52,21,4,30,7,0
Aruba,2000,560,23,28,5,2,1,5,12,22,47,69,102,117,126,26,5,7,10,12,21,26,32,37,47,55,55,62,74,52,22,4,30,6,0
Aruba,2001,574,23,28,5,2,1,5,11,22,48,72,106,125,127,29,5,6,10,12,22,26,32,40,49,57,61,64,74,53,24,5,30,6,0
Aruba,2002,588,21,26,5,2,1,5,11,22,47,75,109,132,126,32,5,6,10,12,21,26,34,41,49,60,67,65,71,55,27,5,28,6,0
Aruba,2003,606,21,25,4,2,1,5,10,21,48,80,113,139,130,30,5,5,10,11,21,27,36,44,50,63,72,67,72,58,25,5,27,6,0
Aruba,2004,636,19,23,4,2,1,5,10,21,50,85,119,152,134,30,5,5,10,11,21,29,37,48,53,66,77,75,74,60,25,5,25,6,0
Aruba,2005,644,20,24,4,1,1,5,10,20,50,88,124,160,133,29,5,5,9,11,21,29,39,49,56,68,80,80,74,59,24,5,25,6,0
Aruba,2006,657,21,25,4,1,1,5,10,18,48,88,125,171,130,31,5,5,8,10,19,29,38,50,56,69,83,88,75,55,25,6,26,6,0
Aruba,2007,671,20,24,4,0,0,5,10,17,48,90,128,184,129,31,5,5,7,10,19,29,39,51,59,69,88,96,75,54,25,6,24,5,0
Aruba,2008,701,20,24,4,0,1,5,10,16,48,96,136,195,134,32,5,5,6,10,19,29,41,55,63,73,92,103,80,54,26,6,24,6,0
Aruba,2009,701,19,23,4,0,0,5,10,15,46,96,137,198,138,32,5,5,5,10,17,29,41,55,64,73,93,105,83,55,27,5,23,5,1
Aruba,2010,675,19,23,4,0,0,5,10,14,41,92,133,192,137,29,5,5,5,9,15,26,39,53,63,70,89,103,86,51,24,5,23,5,1
Aruba,2011,702,19,23,4,0,0,5,10,13,39,93,138,199,149,28,5,5,5,8,15,24,39,54,65,73,90,109,97,52,23,5,23,5,1
Aruba,2012,733,19,22,3,0,0,4,10,13,39,95,146,210,159,31,5,5,5,8,15,24,39,56,69,77,95,115,105,54,24,7,22,4,1
Aruba,2013,762,20,23,3,0,0,4,10,12,39,97,153,216,172,32,5,5,5,7,15,24,39,58,71,82,95,121,114,58,25,7,23,4,1
Aruba,2014,801,20,24,4,0,0,4,10,12,37,99,163,228,187,33,5,5,5,7,15,22,40,59,75,88,101,127,121,66,27,6,24,4,1
Aruba,2015,830,18,21,3,0,0,3,10,12,36,98,171,237,200,35,5,5,5,7,14,22,38,60,78,93,106,131,127,73,28,7,21,3,1
Aruba,2016,874,18,21,3,0,0,3,10,12,35,98,181,251,221,36,5,5,5,7,13,22,37,61,82,99,112,139,139,82,29,7,21,3,1
Aruba,2017,887,16,18,2,0,0,3,10,11,35,95,185,254,234,34,5,5,5,6,13,22,35,60,82,103,116,138,146,88,27,7,18,3,1
Aruba,2018,909,14,16,2,0,0,3,10,12,32,95,191,263,243,37,5,5,5,7,12,20,35,60,85,106,121,142,150,93,29,8,16,3,1
Aruba,2019,932,13,15,2,0,0,3,10,14,32,90,195,273,255,42,5,5,5,9,12,20,32,58,85,110,128,145,155,100,34,8,15,3,1
Aruba,2020,1032,11,13,2,0,0,4,10,14,31,92,226,312,281,49,5,5,5,9,12,19,32,60,97,129,151,161,170,111,41,8,13,4,1
Aruba,2021,1194,10,12,2,0,0,4,10,14,36,110,260,368,323,54,5,5,5,9,13,23,40,70,111,149,179,189,193,130,46,8,12,4,1
Asia (UN),1950,31626510,9005117,13601448,4596331,1127025,672199,778358,1859150,1752773,1976770,2378276,3132896,2801863,1378816,165197,938981,920169,866205,886568,965076,1011694,1139513,1238763,1548363,1584533,1491890,1309973,919630,459186,139011,26186,14728473,1450557,1739
Asia (UN),1951,31092766,8991915,13625465,4633550,1110889,647560,746142,1732773,1665074,1919465,2336434,3071217,2746625,1328504,160447,876106,856667,818236,846838,928718,990747,1115738,1220696,1513228,1557989,1469728,1276897,885878,442626,136359,24088,14736354,1393702,2171
Asia (UN),1952,30549918,9170474,13749305,4578831,1057849,615761,698092,1585089,1557579,1842619,2287755,3007185,2696166,1292369,157605,801170,783919,759422,798157,883134,959485,1089277,1198478,1467005,1540180,1453033,1243133,863729,428640,134247,23358,14807154,1313853,2544
Asia (UN),1953,30398354,9118686,13717236,4598550,1144254,595708,682897,1558009,1528201,1818148,2272606,2974762,2671859,1275637,156381,787308,770701,745924,782277,868067,950081,1082660,1189946,1433797,1540965,1453865,1217994,854676,420961,133533,22848,14861490,1278605,2654
Asia (UN),1954,30052708,9156559,13772219,4615660,1072605,571761,653556,1503504,1477550,1779618,2248685,2941496,2630719,1244688,153796,758875,744629,723543,754007,846036,933582,1076094,1172591,1403131,1538365,1445658,1185061,836532,408156,131663,22133,14844824,1225317,2509
Asia (UN),1955,30023178,9121415,13700421,4579006,1093315,563610,641439,1492993,1467071,1779623,2268915,2970643,2649475,1240275,153170,753657,739336,720727,746344,843891,935732,1090964,1177951,1414982,1555661,1462482,1186993,835807,404468,131037,22133,14793736,1205049,2224
Asia (UN),1956,29862650,8947152,13492679,4545527,1116009,556780,628529,1485371,1457533,1773856,2288646,2989701,2678009,1240372,153102,749250,736121,716971,740562,841351,932505,1100591,1188055,1432702,1556999,1477529,1200480,838142,402230,130382,22720,14608688,1185309,2064
Asia (UN),1957,30004412,9046382,13531228,4484846,1150670,557971,616429,1479298,1452273,1771998,2313331,3012689,2725622,1239669,151157,744947,734351,715721,736552,840486,931512,1110140,1203191,1455365,1557324,1507588,1218034,837537,402132,128290,22867,14681898,1174400,2077
Asia (UN),1958,29771578,8847999,13268285,4420286,1191091,563266,602797,1471496,1448924,1763880,2329442,3012743,2751197,1219204,147190,738136,733360,715231,733693,834005,929875,1115463,1213979,1467219,1545524,1529523,1221674,823275,395929,124957,22233,14459376,1166063,2063
Asia (UN),1959,34213372,9527019,15348173,5821154,1633110,768851,685860,1651053,1648170,1998024,2660732,3352328,3048307,1267894,148812,822620,828433,810690,837480,939784,1058240,1267949,1392783,1642116,1710212,1706087,1342220,860233,407661,126665,22147,16981284,1454711,2056
Asia (UN),1960,37750030,10041646,16753061,6711415,2097339,981459,764809,1800618,1825349,2208121,2953152,3646311,3266576,1301853,149329,889999,910619,893553,931796,1034085,1174036,1399155,1553997,1787892,1858419,1836752,1429824,888842,413011,127411,21918,18850400,1746268,2053
Asia (UN),1961,32762174,8793292,13962292,5169000,1663410,821985,680054,1623416,1649801,1983666,2667441,3340715,2992745,1233918,140807,796582,826834,810738,839063,928205,1055461,1257695,1409746,1634275,1706440,1675906,1316839,841110,392808,120304,20503,15625702,1502039,1923
Asia (UN),1962,28761320,8471795,12297813,3826018,1163328,618817,586533,1425052,1453559,1736739,2358867,3035878,2763058,1184817,135023,693905,731147,716494,737065,812662,924077,1108621,1250246,1479154,1556724,1524326,1238732,804818,379999,115431,19592,13461141,1205350,1836
Asia (UN),1963,29495050,9182237,12989499,3807262,1149064,635842,595901,1415617,1463675,1735502,2358964,3059621,2776168,1181702,131722,685367,730250,720590,743085,814709,920793,1105480,1253484,1489618,1570003,1512426,1263742,805617,376085,112915,18807,14138563,1231743,1772
Asia (UN),1964,29429128,9052145,12974536,3922391,1095941,640160,604640,1386469,1455998,1718322,2350717,3077184,2801469,1190476,131475,670528,715941,716550,739448,812051,906271,1098384,1252333,1502377,1574807,1508925,1292544,813872,376604,112932,18543,14070477,1244800,1740
Asia (UN),1965,30454046,9055981,13328361,4272380,1141436,686799,652023,1467377,1533207,1780081,2426995,3186510,2892804,1223150,133589,713219,754158,757244,775963,846084,933997,1133277,1293718,1561034,1625476,1554917,1337887,837283,385867,115026,18563,14469797,1338822,1714
Asia (UN),1966,29806172,8812606,13015677,4203071,1074513,677878,643633,1366138,1472173,1727357,2384871,3181139,2896664,1230673,133828,665412,700726,723323,748850,820160,907197,1111852,1273019,1555225,1625914,1564817,1331847,843023,387650,115402,18426,14090190,1321511,1625
Asia (UN),1967,29450992,8597003,12754270,4157267,1054158,655460,635888,1305397,1424521,1694611,2373058,3216699,2935357,1263832,136107,642132,663265,697341,727180,802562,892049,1103925,1269133,1566886,1649813,1598050,1337307,870283,393549,117482,18625,13808428,1291348,1634
Asia (UN),1968,29110966,8564601,12487007,3922406,1055605,618991,631826,1265037,1382520,1664916,2350554,3241017,2968151,1304209,139461,631717,633320,673818,708702,787167,877749,1087765,1262789,1572302,1668715,1628085,1340066,903257,400952,120422,19039,13542612,1250817,1671
Asia (UN),1969,29048826,8536766,12369619,3832853,1099837,593437,627662,1238948,1345236,1649326,2340125,3289676,3010034,1340079,143110,630592,608356,650302,694934,775806,873520,1074848,1265277,1587733,1701943,1659046,1350988,932090,407989,123471,19639,13469456,1221099,1737
Asia (UN),1970,29273266,8470791,12314197,3843406,1193665,594365,644129,1257482,1335973,1656163,2347927,3341094,3065591,1371331,149515,652338,605144,641680,694293,776890,879273,1073608,1274319,1604914,1736180,1689070,1376521,952693,418638,128675,20840,13507862,1238494,1829
Asia (UN),1971,30374566,8414045,12378857,3964812,1265402,592091,723977,1526250,1489684,1778820,2450686,3450353,3169012,1393903,153682,800723,725527,722393,767291,840870,937950,1123055,1327631,1654108,1796245,1744584,1424428,965380,428523,131436,22246,13644259,1316068,1850
Asia (UN),1972,28421286,8041023,11655919,3614896,1152071,534811,635685,1258860,1264854,1617780,2303257,3322575,3122734,1393504,157205,673689,585171,598171,666683,756669,861111,1046881,1256376,1582687,1739888,1707496,1415238,952502,441002,133162,24043,12807990,1170496,2030
Asia (UN),1973,28048130,7853598,11355279,3501681,1121274,540892,630254,1271311,1230038,1599939,2270396,3294354,3148081,1419722,164238,685826,585485,578644,651394,746765,853174,1034188,1236208,1564186,1730168,1711263,1436818,957919,461803,138069,26169,12476553,1171146,2351
Asia (UN),1974,27767736,7612287,10999918,3387631,1096671,560770,625873,1295414,1204452,1596351,2258525,3299768,3199475,1455115,172538,698688,596726,565764,638688,744628,851723,1034848,1223677,1561791,1737977,1736240,1463235,972588,482527,144416,28122,12096589,1186643,2864
Asia (UN),1975,27668036,7311955,10615068,3303113,1092363,583352,635155,1370378,1210712,1614215,2272390,3323748,3263038,1500505,183465,738618,631760,571779,638933,753008,861207,1045934,1226456,1570870,1752878,1769477,1493561,1000855,499650,152751,30714,11707431,1218507,3645
Asia (UN),1976,27355722,7061192,10188676,3127484,1082832,629819,636130,1364953,1187192,1605530,2261143,3324096,3320823,1555660,194846,728632,636321,561317,625875,747998,857532,1042206,1218937,1571006,1753090,1791155,1529668,1038637,517023,162438,32408,11271508,1265949,4021
Asia (UN),1977,26717434,6822281,9775347,2953066,1023462,581951,579613,1299031,1116035,1561275,2241615,3333511,3388548,1610213,202686,685362,613669,530418,585617,721836,839439,1031507,1210108,1573984,1759527,1816092,1572456,1079830,530383,169947,32739,10798809,1161564,4147
Asia (UN),1978,26562204,6667756,9490973,2823217,985094,557898,573997,1298540,1097521,1549766,2258379,3365180,3482676,1682599,215368,677370,621170,529374,568147,712316,837450,1038355,1220024,1582280,1782900,1855019,1627657,1132485,550114,181934,33434,10476067,1131895,4212
Asia (UN),1979,26458566,6606536,9299988,2693452,947158,538849,572966,1273386,1082537,1530145,2269511,3384838,3574685,1753022,227276,655023,618363,531365,551172,696015,834130,1040000,1229511,1580901,1803937,1892635,1682050,1180116,572906,193226,34050,10247146,1111815,4206
Asia (UN),1980,26530844,6561678,9159766,2598088,911340,525500,576404,1256388,1082311,1517018,2289711,3426917,3687875,1849256,244126,634800,621588,540650,541661,683021,833997,1045682,1244029,1591703,1835214,1939716,1748159,1239503,609753,207837,36289,10071106,1101904,4230
Asia (UN),1981,26568916,6513764,9039274,2525510,882029,511682,585439,1253667,1091531,1503322,2299283,3453893,3761280,1928726,254393,625067,628600,554929,536602,670402,832920,1049277,1250006,1598462,1855431,1968643,1792637,1287451,641275,214933,39460,9921303,1097121,4396
Asia (UN),1982,26661274,6492180,8967310,2475130,856858,498620,586109,1246954,1103421,1489588,2312367,3484210,3835520,2010633,264968,617767,629187,568142,535279,656740,832848,1053710,1258657,1608112,1876098,1998771,1836749,1336318,674315,221921,43047,9824168,1084729,4714
Asia (UN),1983,26548234,6309797,8732334,2422537,822742,481140,571500,1229259,1110023,1464949,2322391,3507045,3914437,2106019,281225,612328,616931,574790,535233,639487,825462,1054682,1267709,1620775,1886270,2031207,1883230,1390531,715488,233768,47457,9555076,1052640,5168
Asia (UN),1984,26569430,6251506,8637712,2386206,804491,463912,560249,1218399,1121224,1439759,2327123,3523143,3984696,2188227,294983,618019,600380,578261,542963,625764,813995,1055042,1272081,1636489,1886654,2058972,1925724,1440143,748084,244501,50482,9442203,1024161,5511
Asia (UN),1985,26651356,6203716,8543688,2339972,793036,446731,554207,1214545,1140145,1419281,2334843,3550190,4060626,2275795,312366,629625,584920,585185,554960,616308,802973,1056843,1278000,1654061,1896129,2090405,1970221,1491177,784618,259239,53127,9336724,1000938,5901
Asia (UN),1986,26708254,6179507,8453062,2273555,773993,424893,546350,1208103,1155607,1400577,2344540,3578776,4123545,2360331,331959,639133,568970,588341,567266,609273,791304,1058003,1286537,1667851,1910925,2118993,2004552,1537853,822478,276049,55910,9227055,971243,6517
Asia (UN),1987,26805184,6133941,8359067,2225126,764428,408878,541407,1200237,1172314,1390301,2361204,3617995,4186398,2443041,352673,639349,560888,590606,581708,610255,780046,1060841,1300363,1688951,1929044,2146291,2040107,1581773,861268,294045,58628,9123495,950285,7241
Asia (UN),1988,26923840,5992559,8176275,2183716,752931,395348,538387,1208935,1195169,1393233,2382301,3678581,4262956,2549943,381613,636511,572424,594640,600529,621061,772172,1063665,1318636,1717953,1960628,2172861,2090095,1639883,910060,318369,63244,8929206,933735,8168
Asia (UN),1989,26940726,5898061,8032015,2133954,735749,381240,523116,1194733,1188261,1395696,2387316,3734389,4317767,2638024,403598,617192,577541,581968,606293,633929,761767,1055603,1331713,1737404,1996985,2186975,2130792,1689032,948992,336643,66955,8767764,904356,8823
Asia (UN),1990,27124774,5813683,7894566,2080883,721512,376251,513683,1211184,1195826,1415108,2400342,3802162,4401997,2747831,434763,615217,595967,575530,620296,655444,759664,1051845,1348497,1763654,2038508,2218524,2183473,1750064,997767,361887,72876,8616078,889934,9548
Asia (UN),1991,27164170,5537498,7580788,2043290,732205,380615,502176,1223870,1201428,1443489,2417038,3871183,4494328,2843579,463453,610961,612909,569407,632021,680269,763220,1051466,1365572,1793192,2077991,2259065,2235263,1803729,1039850,385220,78233,8312993,882791,10018
Asia (UN),1992,26807018,5295110,7219641,1924531,688396,358528,476427,1210615,1189492,1454538,2395391,3894866,4523858,2896554,488032,598176,612439,560191,629301,693492,761046,1033063,1362328,1801292,2093574,2271051,2252807,1829773,1066781,403996,84036,7908037,834955,10678
Asia (UN),1993,26747264,5116462,6951976,1835514,677470,356251,461659,1200924,1203057,1492292,2387442,3946936,4579645,2964764,513468,591821,609103,570686,632371,715447,776845,1024399,1363043,1819323,2127613,2306125,2273520,1866366,1098398,423537,89931,7629446,817910,11380
Asia (UN),1994,26823378,4958661,6702779,1744118,670493,353065,451122,1195936,1223803,1541548,2386826,4013713,4662674,3063538,545598,586276,609660,590483,633320,736188,805360,1023402,1363424,1846205,2167508,2362433,2300241,1918649,1144889,448070,97528,7373272,804187,12283
Asia (UN),1995,26930792,4816628,6489804,1673176,666167,353472,446161,1192895,1243234,1595218,2390695,4066791,4743022,3151341,578403,579925,612970,611698,631536,756885,838333,1026595,1364100,1867385,2199406,2413321,2329701,1964264,1187077,472089,106314,7155971,799633,13590
Asia (UN),1996,27031148,4639157,6225647,1586490,653355,353080,445358,1187392,1262871,1649612,2400491,4141489,4851109,3240451,605575,571566,615826,632407,630464,777732,871880,1033635,1366856,1894644,2246845,2470496,2380613,2015015,1225436,491969,113606,6879002,798438,14717
Asia (UN),1997,26972888,4469472,5974237,1504765,625681,349867,442461,1169215,1265638,1683240,2394984,4174338,4920089,3319497,637114,557034,612181,637587,628051,788113,895127,1038961,1356023,1900108,2274230,2505709,2414380,2056401,1263096,514847,122267,6599918,792328,16528
Asia (UN),1998,26867314,4304522,5731727,1427205,589205,346662,441345,1147630,1269601,1709030,2394408,4186043,4990000,3376623,666761,542598,605032,631810,637791,793004,916026,1052854,1341554,1891401,2294642,2540466,2449534,2080292,1296331,536513,130248,6320932,788007,18280
Asia (UN),1999,27001490,4139469,5487476,1348007,557560,346115,440891,1127124,1288923,1731849,2425670,4225449,5127092,3502728,720153,530896,596228,629407,659516,795040,936809,1086104,1339566,1889255,2336194,2595744,2531348,2138813,1363915,577471,142682,6045036,787006,20460
Asia (UN),2000,27090732,4012610,5279618,1267008,517589,344004,442229,1111972,1311660,1747257,2466609,4255085,5241636,3597170,754005,526493,585479,629457,682203,788835,958422,1126386,1340223,1884911,2370174,2641286,2600350,2188999,1408171,602953,151052,5797207,786233,21897
Asia (UN),2001,26959014,3860007,5056354,1196347,488489,338139,440531,1088477,1320983,1741062,2485172,4237281,5297679,3658362,782439,520795,567682,623952,697031,771205,969857,1156651,1328521,1861448,2375833,2664314,2633365,2220147,1438215,622410,160029,5544843,778670,24045
Asia (UN),2002,27059516,3699075,4828377,1129302,465576,328097,437188,1067730,1326436,1748059,2526728,4251508,5431340,3795710,826118,517330,550400,621923,704513,760086,987973,1194105,1332623,1851289,2400219,2720047,2711293,2297344,1498366,655121,170997,5293953,765285,26645
Asia (UN),2003,27185292,3525208,4580717,1055509,444581,316602,435961,1054351,1318748,1767737,2580528,4250696,5575942,3948802,880950,518873,535478,618972,699776,763200,1004537,1232766,1347762,1839644,2411052,2778057,2797885,2389618,1559184,696247,184703,5025298,752563,29677
Asia (UN),2004,27564758,3387725,4407057,1019332,444379,317663,444673,1062857,1331237,1815012,2664226,4269058,5730630,4109450,936198,529378,533479,624449,706788,790642,1024370,1272919,1391307,1847499,2421559,2847829,2882801,2494324,1615126,737938,198260,4851436,762336,32316
Asia (UN),2005,27647110,3223679,4166602,942923,413920,295857,433123,1032185,1296888,1815358,2720922,4263466,5871744,4297700,1003610,517368,514817,604446,692442,800333,1015025,1294050,1426872,1845795,2417671,2908801,2962943,2606921,1690779,787504,216106,4580522,728980,35733
Asia (UN),2006,27730676,3075785,3950983,875198,391244,273628,420670,1020886,1275254,1826748,2783196,4261487,5985400,4449481,1053810,513117,507769,588988,686266,819925,1006823,1313554,1469642,1849580,2411907,2957009,3028391,2691152,1758329,824734,229076,4342227,694298,37888
Asia (UN),2007,28092588,2957313,3776455,819142,376758,262931,412177,1022255,1265767,1849531,2873041,4312848,6142220,4644158,1113256,513764,508491,577073,688694,839820,1009711,1340099,1532942,1886432,2426416,3025842,3116378,2801326,1842832,868146,245110,4153213,675108,41190
Asia (UN),2008,28643880,2850734,3641824,791090,383305,268649,414058,1042870,1273364,1897804,2983463,4391865,6285407,4844479,1171530,523376,519494,572568,700796,859924,1037880,1371009,1612454,1948558,2443307,3079316,3206091,2913653,1930826,908196,263334,4025129,682707,45262
Asia (UN),2009,28678614,2729855,3453549,723694,340166,246337,388886,1018835,1229350,1906446,3021222,4451723,6351527,5003485,1218082,509260,509575,547195,682155,853458,1052988,1363217,1658005,2007853,2443870,3083260,3268267,2990765,2012720,939175,278907,3793715,635223,49005
Asia (UN),2010,28900242,2610743,3289663,678920,319094,234791,371925,1005899,1201385,1932799,3068199,4540302,6417789,5175339,1289244,501685,504214,533003,668382,857405,1075394,1353409,1714790,2084205,2456097,3085134,3332655,3070333,2105006,989174,300070,3608757,606716,53812
Asia (UN),2011,29175558,2495112,3132985,637873,296359,226354,356181,989398,1180003,1968847,3120349,4652537,6498091,5338618,1357831,490379,499019,524352,655651,864422,1104425,1349522,1770827,2172181,2480356,3094181,3403910,3151668,2186950,1039376,318455,3429344,582535,58005
Asia (UN),2012,29395322,2403802,3009890,606088,280780,219108,343917,974766,1163199,1988495,3171818,4764282,6532640,5468867,1415232,478392,496374,521020,642179,867490,1121005,1355248,1816570,2253599,2510683,3080125,3452515,3210941,2257926,1082351,332881,3290670,563025,62327
Asia (UN),2013,29576076,2289343,2865235,575892,264434,210706,329160,943978,1137783,1976769,3241600,4902642,6551519,5613338,1472898,457121,486857,515102,622681,859181,1117588,1389980,1851620,2339920,2562722,3065505,3486014,3277177,2336161,1129307,343591,3129669,539866,66013
Asia (UN),2014,29720634,2160825,2700157,539332,249802,201588,315635,909351,1111936,1951289,3306270,5047757,6559620,5750479,1546387,433485,475866,507480,604456,841318,1109971,1441874,1864396,2405810,2641947,3060980,3498640,3343844,2406635,1189407,356980,2949959,517223,70364
Asia (UN),2015,29933580,2044103,2548602,504499,235352,193091,305412,880260,1094435,1932243,3364198,5208873,6570271,5888076,1637045,412721,467539,502046,592389,822039,1110204,1501044,1863154,2472604,2736269,3066144,3504127,3409267,2478809,1257377,379668,2783954,498503,75722
Asia (UN),2016,30245778,1952994,2421651,468657,221951,183720,296941,857967,1088601,1914427,3421506,5379855,6613390,6039440,1725227,396883,461084,500491,588110,803037,1111390,1559676,1861830,2531632,2848223,3089841,3523549,3484538,2554902,1321374,403853,2643602,480661,81101
Asia (UN),2017,30770426,1847615,2278639,431024,207131,174859,289716,840680,1091105,1907156,3477267,5590896,6739618,6254086,1832575,386670,454010,501593,589512,789954,1117202,1599549,1877718,2596690,2994206,3173708,3565910,3592840,2661246,1400553,432022,2485770,464575,86696
Asia (UN),2018,30948894,1746730,2151547,404817,198673,168147,281384,817105,1087663,1866977,3481271,5703363,6804689,6366259,1929616,375481,441624,498393,589270,768606,1098371,1579384,1901887,2603048,3100315,3250328,3554361,3629387,2736872,1468718,460898,2350220,449531,92200
Asia (UN),2019,31476206,1654560,2035015,380455,190292,162982,274240,798841,1095607,1848280,3545307,5835404,6999755,6540539,2050912,367287,431554,500924,594683,760711,1087569,1575634,1969673,2615093,3220311,3405847,3593908,3692040,2848499,1550043,500869,2225307,437222,99031
Asia (UN),2020,33775732,1565535,1922837,357302,186980,156952,252853,734198,1090866,1920944,3929797,6494404,7707108,7063354,2209826,336034,398164,487566,603300,785849,1135095,1693675,2236122,2859113,3635291,3857030,3850078,3952860,3110494,1666468,543358,2109817,409805,105610
Asia (UN),2021,38150400,1499446,1838204,338758,178486,158065,294387,842764,1263394,2195856,4567230,7432352,8874826,7945332,2441898,390356,452408,562790,700604,901788,1294068,1955267,2611963,3247461,4184891,4522874,4351952,4424871,3520461,1837089,604809,2016690,452452,117605
Australia,1950,77952,4677,5790,1113,521,378,585,1841,2367,4638,9409,16617,19649,14050,2084,951,890,962,1405,1951,2687,3881,5528,7637,8980,9776,9873,8528,5522,1762,322,6311,963,24
Australia,1951,81541,4828,6103,1275,508,384,644,1989,2573,4716,9832,17409,20519,14470,2366,993,996,1092,1481,1957,2759,4090,5742,8044,9365,10262,10257,8853,5617,2010,356,6611,1028,27
Australia,1952,81460,4833,6030,1197,513,348,603,1882,2534,4859,9777,17796,20370,14376,2340,882,1000,1067,1467,1987,2872,4118,5659,8118,9678,10233,10137,8872,5504,1969,371,6543,951,28
Australia,1953,80072,4695,5896,1201,569,337,631,1729,2355,4668,9440,17243,20597,14182,2392,820,909,986,1369,1899,2769,4015,5425,7835,9408,10498,10099,8604,5578,2016,376,6465,968,31
Australia,1954,81640,4491,5674,1183,513,352,596,1664,2395,4780,9354,17405,21711,14590,2577,738,926,1049,1346,2008,2772,4019,5335,7678,9727,11014,10697,8846,5744,2183,394,6187,948,33
Australia,1955,81870,4555,5720,1165,494,357,639,1523,2298,4751,9205,17784,21758,14688,2616,700,823,1053,1245,1946,2805,3872,5333,7561,10223,11073,10685,8858,5830,2190,426,6214,996,39
Australia,1956,85760,4579,5646,1067,445,361,577,1605,2368,4853,9422,18159,23358,16125,2795,764,841,1067,1301,1985,2868,3897,5525,7750,10409,11725,11633,9723,6402,2324,471,6091,938,42
Australia,1957,84830,4730,5823,1093,479,388,668,1607,2518,4887,9504,18014,23092,15057,2751,748,859,1160,1358,1976,2911,3922,5582,7513,10501,11681,11411,9090,5967,2277,474,6302,1056,42
Australia,1958,83643,4522,5500,978,476,377,621,1558,2386,4886,9547,17549,22973,14954,2773,802,756,1010,1376,1892,2994,4108,5439,7409,10140,11668,11305,9027,5927,2271,502,5976,998,43
Australia,1959,89005,4825,5824,999,501,373,697,1446,2585,5132,10102,18178,24957,16054,3103,730,716,1093,1492,1958,3174,4171,5931,7465,10713,12575,12382,9759,6295,2515,588,6325,1070,51
Australia,1960,88303,4570,5560,990,492,402,705,1449,2415,5159,10020,18177,24554,16100,3214,721,728,1013,1402,2003,3156,4283,5737,7701,10476,12486,12068,9978,6122,2626,588,6052,1107,56
Australia,1961,88814,4696,5657,961,451,423,692,1501,2413,5095,9991,17869,25110,16400,3153,776,725,972,1441,2001,3094,4374,5617,7682,10187,12696,12414,10119,6281,2575,578,6108,1115,60
Australia,1962,92897,4754,5658,904,475,365,719,1555,2428,5323,10635,18251,26533,17565,3319,833,722,969,1459,2043,3280,4636,5999,8007,10244,13362,13171,10790,6775,2706,613,6133,1084,67
Australia,1963,94672,4556,5427,871,464,395,777,1584,2428,5451,10996,18823,27020,17834,3398,838,746,942,1486,2158,3293,4766,6230,8433,10390,13236,13784,10996,6838,2775,623,5891,1172,73
Australia,1964,100420,4236,5173,937,503,442,859,1642,2521,5706,11746,19650,28881,19603,3618,925,717,986,1535,2398,3308,5050,6696,8991,10659,14044,14837,12179,7424,2973,645,5676,1301,76
Australia,1965,100081,4102,5005,903,426,432,980,1789,2512,5674,11971,19658,28432,19526,3602,965,824,925,1587,2356,3318,5268,6703,8627,11031,13679,14753,11932,7594,2956,646,5431,1412,76
Australia,1966,104246,4034,4895,861,470,396,1036,1830,2513,5634,12312,20528,29666,20931,3947,1003,827,913,1600,2340,3294,5269,7043,9019,11509,14021,15645,12907,8024,3197,750,5365,1432,85
Australia,1967,102838,4093,4925,832,476,367,946,1918,2224,5990,12511,20451,28807,20383,3762,1104,814,868,1356,2431,3559,5190,7321,9098,11353,13573,15234,12601,7782,3034,728,5401,1313,80
Australia,1968,109046,4282,5105,823,507,437,1096,2035,2383,6014,12741,21527,29989,22828,4292,1182,853,951,1432,2418,3596,5267,7474,9737,11790,13902,16087,13921,8907,3469,823,5612,1533,94
Australia,1969,106575,4560,5396,836,501,416,1034,2048,2295,6149,12602,21674,29035,21431,3912,1161,887,916,1379,2376,3773,5088,7514,9611,12063,13427,15608,13147,8284,3171,741,5897,1450,90
Australia,1970,112806,4741,5619,878,510,430,1169,2287,2462,6178,13092,22619,30481,23492,4373,1330,957,968,1494,2358,3820,5229,7863,10115,12504,14354,16127,14501,8991,3564,809,6129,1599,96
Australia,1971,109612,4905,5755,850,469,408,1286,2359,2302,5953,12551,21407,29092,23392,4537,1396,963,967,1335,2181,3772,5064,7487,9621,11786,13818,15274,14183,9209,3687,850,6224,1694,102
Australia,1972,110614,4511,5380,869,470,427,1176,2242,2281,6016,12794,22175,29242,23596,4705,1264,978,970,1311,2205,3811,5257,7537,10170,12005,14179,15063,14331,9265,3823,882,5850,1603,111
Australia,1973,110577,4028,4901,873,464,410,1235,2296,2259,6007,12615,22433,29056,24067,4715,1301,995,982,1277,2144,3863,5290,7325,10172,12261,14288,14768,14399,9668,3810,905,5365,1645,112
Australia,1974,115441,3871,4712,841,434,422,1288,2391,2384,5991,13231,23406,30073,25503,5475,1295,1096,1022,1362,2108,3883,5778,7453,10687,12719,14827,15246,14943,10560,4426,1049,5146,1710,128
Australia,1975,108707,3238,4019,781,401,397,1286,2377,2454,5637,12660,22529,28393,23505,4934,1288,1089,1038,1416,2037,3600,5559,7101,10202,12327,14117,14276,13560,9945,3979,955,4420,1683,113
Australia,1976,112698,3094,3769,675,422,409,1243,2308,2380,5448,12740,22994,30107,25029,5712,1269,1039,1075,1305,1969,3479,5496,7244,10174,12820,14366,15741,14215,10814,4581,1131,4191,1652,136
Australia,1977,108334,2802,3418,616,411,379,1282,2494,2398,5259,12222,22269,28999,23636,5429,1389,1105,1077,1321,1904,3355,5253,6969,9859,12410,14068,14931,13502,10134,4323,1106,3829,1661,138
Australia,1978,108659,2731,3308,577,352,379,1293,2568,2425,4896,12303,22301,29414,23618,5667,1475,1093,1130,1295,1866,3030,5071,7232,9675,12626,14220,15194,13316,10302,4528,1139,3660,1672,139
Australia,1979,106828,2476,3011,535,351,335,1153,2589,2370,4640,12054,21507,29125,23341,6190,1435,1154,1129,1241,1722,2918,4957,7097,9013,12494,14251,14874,13067,10274,4911,1279,3362,1488,162
Australia,1980,108144,2388,2881,493,344,334,1112,2384,2366,4602,11887,21412,29805,24286,6547,1315,1069,1111,1255,1807,2795,4789,7098,8856,12556,14510,15295,13903,10383,5181,1366,3225,1446,183
Australia,1981,109357,2429,2943,514,333,345,1106,2470,2350,4316,11644,21590,30333,24720,7002,1323,1147,1093,1257,1672,2644,4548,7096,8945,12645,14935,15398,14129,10591,5516,1486,3276,1451,205
Australia,1982,113838,2413,2939,526,328,357,1060,2610,2408,4305,11486,22232,31793,26202,7883,1390,1220,1129,1279,1705,2600,4490,6996,9341,12891,15469,16324,15029,11173,6194,1689,3267,1417,233
Australia,1983,110008,2339,2816,477,288,321,910,2523,2399,4026,11139,21574,31313,25220,7254,1353,1170,1108,1291,1638,2388,4253,6886,9393,12181,15240,16073,14695,10525,5641,1613,3104,1231,226
Australia,1984,113031,2226,2702,476,252,349,960,2475,2533,4209,10689,21512,32565,26610,7920,1365,1110,1171,1362,1779,2430,3978,6711,9671,11841,16018,16547,15597,11013,6113,1807,2954,1309,260
Australia,1985,117607,2412,2898,486,284,303,996,2701,2599,4184,10407,21633,33844,28926,8544,1444,1257,1220,1379,1700,2484,3812,6595,9748,11885,16365,17479,16441,12485,6558,1986,3182,1299,287
Australia,1986,114280,2140,2577,437,251,306,1002,2530,2585,4242,9787,21493,33283,27529,8396,1332,1198,1158,1427,1866,2376,3602,6185,9459,12034,15915,17368,15803,11726,6383,2013,2828,1308,300
Australia,1987,118028,2176,2600,424,229,260,1014,2567,2660,4321,9767,21609,34255,29507,8887,1324,1243,1200,1460,1835,2486,3651,6116,9342,12267,16200,18055,16843,12664,6627,2260,2829,1274,350
Australia,1988,118894,2010,2421,411,243,268,1043,2687,2727,4447,9349,21787,34477,30100,8977,1344,1343,1275,1452,2006,2441,3593,5756,9329,12458,15685,18792,17433,12667,6685,2292,2664,1311,367
Australia,1989,125306,2119,2543,424,238,267,1012,2620,2873,4477,9170,22538,35915,32916,10289,1272,1348,1324,1549,1957,2520,3598,5572,9394,13144,16104,19811,18684,14232,7599,2690,2781,1279,447
Australia,1990,118778,2060,2458,398,234,220,909,2540,2801,4480,8721,21555,33994,31172,9282,1231,1309,1350,1451,2024,2456,3518,5203,8776,12779,15036,18958,17674,13498,6951,2331,2692,1129,412
Australia,1991,118470,1770,2115,345,220,228,813,2355,2879,4565,8480,20983,33996,31671,9719,1150,1205,1318,1561,2001,2564,3509,4971,8512,12471,15024,18972,18322,13349,7349,2370,2335,1041,449
Australia,1992,122590,1815,2210,395,218,219,756,2335,2820,4641,8586,20824,35100,33993,10399,1182,1153,1349,1471,2007,2634,3568,5018,8314,12510,15825,19275,19267,14726,7878,2521,2428,975,484
Australia,1993,120645,1570,1970,400,194,233,735,2171,2954,4616,8311,19801,34255,34426,10478,1100,1071,1368,1586,1928,2688,3386,4925,7700,12101,15730,18525,19466,14960,7937,2541,2164,968,501
Australia,1994,126783,1536,1902,366,196,249,704,2222,2975,4869,8448,19907,35447,37375,11918,1106,1116,1325,1650,2035,2834,3491,4957,7571,12336,16581,18866,20984,16391,9006,2912,2098,953,570
Australia,1995,125081,1448,1813,365,215,239,695,2337,3118,4760,8306,18956,34485,37647,11949,1193,1144,1470,1648,1993,2767,3542,4764,7206,11750,16276,18209,20868,16779,8986,2963,2028,934,564
Australia,1996,128002,1451,1814,363,187,252,729,2259,3059,4839,8549,18439,35106,39138,13047,1100,1159,1393,1666,2035,2804,3670,4879,7128,11311,16198,18908,21567,17571,9835,3212,2001,981,582
Australia,1997,128529,1383,1718,335,184,215,787,2339,2950,4803,8623,18012,34818,39900,13566,1109,1230,1357,1593,2055,2748,3821,4802,6989,11023,15986,18832,21612,18288,10203,3363,1902,1002,611
Australia,1998,127209,1252,1622,370,171,209,745,2444,3110,4773,8652,17036,34848,39275,13715,1125,1319,1405,1705,2067,2706,3866,4786,6747,10289,15651,19197,20961,18314,10347,3368,1793,954,610
Australia,1999,128176,1412,1733,321,175,194,736,2415,2990,4810,8611,16242,35160,40000,14477,1101,1314,1385,1605,2067,2743,3775,4836,6520,9722,15408,19752,20555,19445,10979,3498,1908,930,637
Australia,2000,128647,1266,1540,274,177,204,723,2208,2966,4848,8856,15830,34366,40599,15631,964,1244,1300,1666,2124,2724,3913,4943,6439,9391,14779,19587,20441,20158,11820,3811,1717,927,698
Australia,2001,128715,1262,1523,261,164,172,625,1869,2769,4738,9061,15615,33860,41617,15971,885,984,1227,1542,2034,2704,3915,5146,6582,9033,14405,19455,21181,20436,11999,3972,1687,797,726
Australia,2002,133196,1248,1511,263,166,184,613,1801,2646,4866,9130,15842,33834,43982,17825,797,1004,1210,1436,2016,2850,3952,5178,6772,9070,14083,19751,22452,21530,13365,4460,1677,797,797
Australia,2003,131930,1208,1478,270,150,156,608,1732,2620,4979,8967,15739,32636,43611,18439,827,905,1175,1445,2104,2875,3641,5326,6710,9029,13278,19358,22584,21027,13759,4680,1628,764,813
Australia,2004,132372,1189,1451,262,141,170,544,1708,2512,4811,9150,15668,32052,44352,18987,810,898,1163,1349,2002,2809,3797,5353,6702,8966,12744,19308,23551,20801,14193,4794,1592,714,829
Australia,2005,131515,1328,1569,241,143,141,490,1645,2446,4900,9174,15607,30317,44437,19766,793,852,1116,1330,2061,2839,3789,5385,6717,8890,11993,18324,23417,21020,14741,5025,1712,631,880
Australia,2006,134405,1289,1507,218,135,149,548,1583,2401,4826,9269,15538,29986,46227,21247,812,771,1044,1357,1958,2868,3809,5460,6829,8709,11804,18182,23984,22243,15670,5577,1642,697,989
Australia,2007,139399,1225,1450,225,126,151,531,1649,2558,4838,9515,16648,30219,48264,22385,773,876,1072,1486,1888,2950,4006,5509,7495,9153,11854,18365,24348,23916,16345,6040,1576,682,1058
Australia,2008,142269,1260,1481,221,128,130,520,1581,2474,4806,9342,16494,29923,50404,23839,725,856,1040,1434,1895,2911,3980,5362,7425,9069,12029,17894,24949,25455,17212,6627,1609,650,1147
Australia,2009,141220,1227,1454,227,133,150,508,1631,2500,4975,9576,16788,28985,49993,23376,718,913,1014,1486,1975,3000,4141,5435,7602,9186,12134,16851,24187,25806,16677,6699,1587,658,1149
Australia,2010,142544,1227,1444,217,142,138,505,1524,2396,4761,9450,16803,28534,50899,24727,706,818,967,1429,1853,2908,4040,5410,7517,9286,12268,16266,24259,26640,17592,7135,1586,643,1223
Australia,2011,146380,1133,1339,206,139,130,475,1574,2405,4766,9673,17398,28943,51897,26336,729,845,1030,1375,1923,2843,4111,5562,7844,9554,12480,16463,24160,27737,18812,7524,1478,605,1308
Australia,2012,148916,1016,1221,205,123,133,501,1570,2260,4616,9528,17696,29083,52502,28254,719,851,985,1275,1953,2663,4054,5474,7663,10033,12418,16665,24188,28314,20353,7901,1344,634,1424
Australia,2013,148216,1107,1316,209,129,131,430,1438,2286,4743,9859,18325,28849,51265,28007,646,792,990,1296,1951,2792,4143,5716,7681,10644,12487,16362,23255,28010,20403,7604,1445,561,1435
Australia,2014,153941,1010,1186,176,140,119,402,1495,2453,4862,10013,18723,30238,51988,30677,675,820,1072,1381,2082,2780,4223,5790,7897,10826,13101,17137,23294,28694,22443,8234,1326,521,1642
Australia,2015,157076,949,1146,197,121,144,465,1508,2457,5006,10274,18744,30724,52542,32209,658,850,1069,1388,2118,2888,4331,5943,7881,10863,13303,17421,23133,29409,23540,8669,1267,609,1734
Australia,2016,158305,934,1132,198,106,123,396,1561,2494,4917,10072,18792,31408,52235,33240,711,850,1134,1360,2036,2881,4175,5897,7814,10978,13810,17598,23069,29166,23962,9278,1238,519,1827
Australia,2017,160643,1027,1216,189,122,140,436,1500,2471,4920,9864,18801,32543,52197,34567,666,834,1083,1388,1952,2968,4006,5858,7799,11002,14530,18013,23023,29174,24650,9917,1338,576,1867
Australia,2018,158724,994,1153,159,102,135,450,1451,2488,4668,9993,18841,32586,50599,34394,663,788,1036,1452,1818,2850,3980,6013,8070,10771,14831,17755,22689,27910,24230,10164,1255,585,1862
Australia,2019,166979,915,1087,172,116,142,476,1912,2643,5231,10280,19905,34619,51855,36769,888,1024,1142,1501,2021,3210,4018,6262,8625,11280,15713,18906,23827,28028,25986,10783,1203,618,1939
Australia,2020,162601,875,1042,167,110,55,131,622,857,2934,7635,18198,35946,54005,38839,291,331,329,528,919,2015,2796,4839,7656,10542,16094,19852,25046,28959,26984,11855,1152,186,2226
Australia,2021,166082,857,1018,161,106,40,117,540,810,2570,6870,17779,36602,56537,40527,265,275,282,528,876,1694,2555,4315,7353,10426,16027,20575,26326,30211,27751,12776,1124,157,2565
Austria,1950,85768,7087,8289,1202,459,359,633,1928,2127,5447,10259,17715,24335,12994,1210,927,1001,744,1383,2136,3311,4675,5584,7581,10134,12408,11927,8738,4256,1060,150,8748,992,11
Austria,1951,88232,6238,7354,1116,428,352,575,1773,1987,5214,10476,17843,26178,14508,1538,863,910,780,1207,1992,3222,4703,5773,7579,10264,13009,13169,9734,4774,1357,181,7782,927,12
Austria,1952,83457,5371,6194,823,333,324,442,1510,1746,4914,9976,17058,25183,14311,1453,732,778,764,982,1859,3055,4500,5476,7202,9856,12117,13066,9529,4782,1285,168,6527,766,11
Austria,1953,83432,5128,5844,716,330,321,414,1347,1638,4485,9978,17273,25513,14746,1522,643,704,776,862,1732,2753,4426,5552,7192,10081,12212,13301,9793,4953,1342,180,6174,735,15
Austria,1954,84721,5044,5799,755,363,299,417,1426,1674,4386,10269,17197,25640,15565,1671,700,726,874,800,1667,2719,4407,5862,7301,9896,12265,13375,10437,5128,1483,188,6162,716,15
Austria,1955,85146,5022,5724,702,359,310,482,1500,1610,4118,10207,17386,25986,15717,1731,717,783,872,738,1547,2571,4360,5847,7385,10001,12306,13680,10402,5315,1527,204,6083,792,14
Austria,1956,86988,5082,5743,661,299,231,527,1538,1731,4098,10425,17543,26334,16679,1829,745,793,901,830,1485,2613,4265,6160,7611,9932,12483,13851,11187,5492,1611,218,6042,758,14
Austria,1957,89344,5266,5973,707,350,298,648,1613,1748,3935,10615,18243,27141,16938,1823,745,868,881,867,1263,2672,4268,6347,8013,10230,13142,13999,11259,5679,1599,224,6323,946,13
Austria,1958,86059,4911,5568,657,271,246,643,1370,1803,3467,10208,17421,25965,17217,1863,647,723,842,961,1060,2407,3991,6217,7806,9615,12446,13519,11444,5773,1636,227,5839,889,13
Austria,1959,88098,5007,5722,715,303,211,682,1370,1897,3413,10180,17990,26468,17842,2006,683,687,840,1057,967,2446,3908,6272,8257,9733,12632,13836,11799,6043,1759,247,6025,893,13
Austria,1960,89658,4731,5430,699,259,195,550,1300,1791,3171,10248,18717,26956,18761,2266,681,619,746,1045,977,2194,3973,6275,8471,10246,12851,14105,12261,6500,1980,286,5689,745,16
Austria,1961,85746,4363,4972,609,249,208,476,1213,1751,2948,9755,18204,25634,18165,2154,637,576,740,1011,1018,1930,3691,6064,8392,9812,12150,13484,11805,6360,1872,282,5221,684,16
Austria,1962,90863,4374,4940,566,243,211,444,1143,1721,2976,9690,19361,27528,20060,2528,634,509,759,962,1153,1823,3626,6064,8861,10500,12993,14535,12686,7374,2179,349,5183,655,18
Austria,1963,91552,4190,4834,644,250,191,446,1188,1714,2848,9355,20168,27624,20263,2647,690,498,697,1017,1289,1559,3506,5849,8987,11181,12930,14694,12804,7459,2286,361,5084,637,21
Austria,1964,89113,3908,4542,634,285,205,431,1253,1613,2716,9055,20042,26705,19699,2542,711,542,644,969,1284,1432,3478,5577,8895,11147,12670,14035,12482,7217,2208,334,4827,636,23
Austria,1965,94213,3609,4234,625,277,198,415,1069,1671,2884,9015,21287,28721,21495,2916,554,515,678,993,1441,1443,3192,5823,9188,12099,13554,15167,13423,8072,2531,385,4511,613,31
Austria,1966,91463,3606,4171,565,293,198,456,1265,1635,2936,8513,20631,27592,20736,3001,601,664,643,992,1431,1505,3055,5458,8837,11794,13248,14344,13084,7652,2620,381,4464,654,35
Austria,1967,95362,3334,3862,528,303,197,543,1281,1602,3236,8163,21254,29535,22091,3262,588,693,638,964,1456,1780,2680,5483,8865,12389,14401,15134,13905,8186,2825,437,4165,740,36
Austria,1968,96004,3187,3702,515,329,190,469,1255,1558,3409,7764,21567,29984,22345,3400,619,636,637,921,1444,1965,2381,5383,8916,12651,14705,15279,14063,8282,2941,459,4031,659,34
Austria,1969,98644,3022,3541,519,321,228,493,1243,1614,3675,7502,22374,31751,22323,3549,576,667,613,1001,1399,2276,2248,5254,8919,13455,15975,15776,13903,8420,3055,494,3862,721,33
Austria,1970,98757,2828,3328,500,317,235,533,1256,1599,3749,7210,21917,32077,22845,3654,643,613,645,954,1494,2255,2214,4996,8842,13075,15965,16112,14074,8771,3145,509,3645,768,35
Austria,1971,97263,2779,3204,425,286,254,591,1328,1680,3715,6742,20715,31564,23316,3831,701,627,768,912,1482,2233,2363,4379,8167,12548,15602,15962,14282,9034,3282,549,3490,845,37
Austria,1972,95228,2561,2982,421,281,258,611,1277,1624,3651,6684,19971,31630,22594,3633,679,598,769,855,1440,2211,2667,4017,7835,12136,15555,16075,13868,8726,3071,562,3263,869,37
Austria,1973,92688,2269,2634,365,280,215,638,1232,1589,3474,6324,18942,30927,22576,3813,621,611,802,787,1399,2075,2938,3386,7459,11483,15207,15720,13753,8823,3207,606,2914,853,43
Austria,1974,94286,2278,2636,358,255,209,635,1179,1600,3487,6345,18660,32041,23193,3997,599,580,782,818,1376,2111,3189,3156,7240,11420,15661,16380,14197,8996,3375,622,2891,844,52
Austria,1975,96106,1889,2230,341,246,237,633,1196,1687,3462,6334,18319,32941,24375,4383,630,566,788,899,1341,2121,3159,3175,7005,11314,15684,17257,14853,9522,3693,690,2476,870,64
Austria,1976,95089,1556,1840,284,196,202,602,1184,1605,3346,6588,17164,33107,24849,4347,603,581,728,877,1279,2067,3225,3363,6181,10983,15595,17512,15096,9753,3647,700,2036,804,63
Austria,1977,92365,1427,1674,247,182,191,690,1185,1681,3340,6892,15917,32296,24027,4231,625,560,672,1009,1173,2167,3119,3773,5458,10459,14932,17364,14917,9110,3570,661,1856,881,59
Austria,1978,94693,1276,1541,265,148,172,698,1250,1710,3237,7207,15297,33029,25720,4622,692,558,685,1025,1178,2059,3094,4113,4857,10440,14835,18194,15870,9850,3909,713,1689,870,57
Austria,1979,92001,1274,1496,222,167,187,681,1238,1671,3252,7510,14044,32082,25033,4579,695,543,609,1062,1162,2090,2989,4521,4339,9705,14558,17524,15664,9369,3848,731,1663,868,61
Austria,1980,92469,1320,1552,232,168,175,663,1231,1570,3200,7597,13541,31945,26123,4640,673,558,627,943,1233,1967,3027,4570,4267,9274,14134,17811,16149,9974,3873,767,1720,838,65
Austria,1981,92658,1179,1388,209,123,157,654,1236,1529,3231,7443,13094,31817,27198,4724,702,534,601,928,1403,1828,3010,4433,4557,8537,13991,17826,16673,10525,3925,799,1511,811,71
Austria,1982,91460,1209,1399,190,123,156,651,1298,1612,3163,7427,12533,31021,27249,4755,706,592,713,899,1493,1670,3034,4393,5124,7409,13518,17503,16751,10498,3960,795,1522,807,71
Austria,1983,93033,1050,1220,170,119,142,640,1263,1551,3246,7392,12316,31314,28676,5074,703,560,630,921,1555,1691,3022,4370,5847,6469,13656,17658,17504,11172,4229,845,1339,782,75
Austria,1984,88473,1011,1212,201,105,137,550,1320,1461,3224,7005,11759,29016,27632,4967,740,580,585,876,1512,1712,2804,4201,6058,5701,12509,16507,16725,10907,4153,814,1317,687,79
Austria,1985,89636,961,1156,195,81,128,500,1237,1376,3182,6702,11658,28776,29177,5566,694,543,553,823,1428,1754,2594,4108,6066,5592,11844,16932,17537,11640,4641,925,1237,628,96
Austria,1986,87022,887,1050,163,102,93,454,1160,1447,3149,6370,11729,26927,28900,5550,610,550,585,862,1267,1882,2344,4026,5763,5966,10730,16197,17143,11757,4620,930,1152,547,92
Austria,1987,84908,849,991,142,93,89,446,1128,1381,3063,6021,12164,24999,28700,5732,602,526,588,793,1158,1905,2193,3828,5599,6565,9364,15635,16829,11871,4746,986,1084,535,99
Austria,1988,83197,713,834,121,91,85,432,1101,1326,3119,5622,12655,22955,29039,5839,573,528,593,733,1157,1962,2049,3573,5551,7104,8064,14891,16772,12267,4836,1003,925,517,101
Austria,1989,83358,731,887,156,104,76,397,1126,1295,3025,5683,13013,21994,29305,6346,551,575,569,726,1115,1910,2200,3483,5358,7655,7293,14701,16677,12628,5235,1111,991,473,111
Austria,1990,82940,707,862,155,79,70,341,1065,1294,3050,5613,13094,21020,29869,6478,546,519,608,686,1192,1858,2276,3337,5256,7838,6933,14087,16902,12967,5337,1141,941,411,108
Austria,1991,83441,709,847,138,85,63,340,1147,1349,2965,5750,12923,20678,30046,7124,564,583,625,724,1236,1729,2529,3221,5092,7831,7644,13034,16804,13242,5853,1271,932,403,123
Austria,1992,83170,718,860,142,64,70,326,1072,1372,2854,5739,12699,20140,30353,7490,534,538,615,757,1130,1724,2736,3003,5148,7551,8638,11502,16684,13669,6143,1347,924,396,135
Austria,1993,82466,612,731,119,89,101,352,1126,1410,2762,5776,12362,19514,30131,7955,551,575,646,764,1094,1668,2810,2966,5047,7315,9390,10124,16362,13769,6452,1503,820,453,153
Austria,1994,80709,571,707,136,73,90,344,1097,1465,2796,5599,11731,19055,29452,8140,520,577,660,805,1112,1684,2640,2959,4760,6971,10010,9045,15961,13491,6611,1529,780,434,161
Austria,1995,81193,477,598,121,60,77,313,965,1470,2799,5799,11455,18931,29905,8644,437,528,673,797,1101,1698,2663,3136,4575,6880,10082,8849,15640,14265,6971,1673,658,390,176
Austria,1996,80781,451,559,108,74,73,262,839,1438,2777,5907,11156,19441,28973,9090,393,446,605,833,1031,1746,2507,3400,4281,6875,9861,9580,14380,14593,7284,1806,633,335,193
Austria,1997,79380,384,492,108,61,69,286,800,1248,2686,5738,10765,20151,27488,9393,400,400,509,739,1018,1668,2253,3485,4047,6718,9413,10738,13012,14476,7517,1876,553,355,201
Austria,1998,78224,394,491,97,64,60,246,707,1275,2540,6007,10016,20712,26076,9812,331,376,513,762,1002,1538,2324,3683,3638,6378,9121,11591,11383,14693,7818,1994,555,306,219
Austria,1999,78191,334,432,98,51,72,277,676,1318,2511,5789,9951,21233,25227,10420,329,347,512,806,1075,1436,2247,3542,3951,6000,8962,12271,10346,14881,8248,2172,483,349,239
Austria,2000,76836,372,449,77,61,70,279,719,1193,2549,5712,9494,20977,24354,10732,331,388,477,716,1116,1433,2377,3335,4045,5449,8492,12485,10114,14240,8498,2234,510,349,241
Austria,2001,74642,361,437,76,45,57,263,619,1177,2547,5366,9336,19905,23728,10903,295,324,472,705,1067,1480,2290,3076,4202,5134,8102,11803,10811,12917,8574,2329,482,320,260
Austria,2002,76117,323,386,63,47,59,248,626,1123,2512,5262,9294,20109,24503,11653,301,325,424,699,1079,1433,2261,3001,4384,4910,8146,11963,12496,12007,9104,2549,433,307,298
Austria,2003,77094,340,430,90,41,64,251,606,1094,2499,5146,9648,19575,25325,12100,332,274,424,670,1011,1488,2121,3025,4879,4769,7969,11606,14278,11047,9494,2606,471,315,316
Austria,2004,74290,355,405,50,56,61,276,619,997,2380,5072,9596,18059,24435,12013,327,292,361,636,935,1445,2045,3027,4740,4856,7263,10796,14801,9634,9364,2649,461,337,325
Austria,2005,75138,323,391,68,56,56,238,593,998,2381,5169,9584,17742,25405,12160,311,282,360,638,947,1434,2024,3145,4359,5225,6990,10752,15292,10113,9268,2892,447,294,358
Austria,2006,74306,280,350,70,41,54,243,554,916,2297,4992,9635,16891,26228,11715,297,257,340,576,933,1364,1930,3062,3988,5647,6527,10364,14754,11474,8640,3075,391,297,389
Austria,2007,74442,278,333,55,34,49,223,546,849,2388,5058,9843,16422,27500,10807,298,248,321,528,921,1467,2025,3033,3889,5954,6181,10241,14400,13100,7634,3173,367,272,394
Austria,2008,75156,288,349,61,31,42,216,544,766,2281,4914,10065,15838,28856,10802,289,255,285,481,848,1433,2057,2857,3963,6102,5928,9910,14196,14660,7263,3539,380,258,454
Austria,2009,77340,289,355,66,39,58,202,535,774,2455,5062,10480,16248,30197,10451,264,271,291,483,896,1559,2178,2884,4202,6278,6478,9770,14188,16009,6813,3638,394,260,483
Austria,2010,77136,310,370,60,34,40,180,569,778,2362,4988,10207,15969,30120,10995,305,264,294,484,827,1535,2190,2798,4320,5887,6931,9038,13773,16347,7445,3550,404,220,526
Austria,2011,76471,279,335,56,36,35,171,536,702,2251,5010,9782,15990,29255,11808,269,267,297,405,785,1466,2171,2839,4297,5485,7301,8689,13383,15872,8551,3257,371,206,559
Austria,2012,79439,254,300,46,34,51,152,492,673,2147,4985,9729,16823,29803,13605,211,281,272,401,742,1405,2170,2815,4287,5442,8310,8513,13397,16406,10463,3142,334,203,643
Austria,2013,79404,247,301,54,36,47,124,446,663,2090,5080,9647,16751,29212,14326,218,228,271,392,677,1413,2173,2907,4116,5531,8291,8460,13194,16018,11540,2786,337,171,684
Austria,2014,78158,252,299,47,38,42,143,427,667,2026,5078,9568,16643,27892,14630,195,232,309,358,713,1313,2132,2946,4008,5560,8285,8358,12440,15452,11922,2708,337,185,704
Austria,2015,83022,261,304,43,26,45,123,442,691,1933,5150,9869,17887,29392,16468,226,216,278,413,677,1256,2115,3035,4033,5836,8134,9753,12778,16614,13193,3275,330,168,692
Austria,2016,80598,273,324,51,34,33,137,419,675,1813,5073,9849,17879,27190,16582,193,226,307,368,615,1198,2012,3061,3978,5871,7491,10388,11817,15373,12783,3799,358,170,591
Austria,2017,83154,255,313,58,26,40,124,418,662,1702,5095,9617,18524,28154,17925,174,244,273,389,588,1114,2046,3049,4007,5610,7465,11059,11948,16206,13309,4616,339,164,556
Austria,2018,84162,230,273,43,31,33,120,427,705,1743,5238,9674,19117,27596,18673,188,239,303,402,636,1107,1993,3245,4068,5606,7542,11575,11835,15761,13466,5207,304,153,531
Austria,2019,83514,252,317,65,31,41,116,423,716,1656,4883,9609,18895,27525,18734,184,239,320,396,566,1090,1866,3017,4092,5517,7462,11433,12064,15461,13199,5535,348,157,561
Austria,2020,90324,244,308,64,31,37,113,339,704,1484,5010,10124,19518,32248,19735,152,187,304,400,572,912,1812,3198,4472,5652,8189,11329,15599,16649,13854,5881,339,150,675
Austria,2021,89691,242,303,61,30,29,118,407,750,1498,5100,10872,18023,32557,19217,189,218,311,439,582,916,1863,3237,4857,6015,8499,9524,17149,15408,13417,5800,333,147,786
Azerbaijan,1950,54053,14743,18226,3483,646,894,1198,2157,1514,2445,4105,5970,9643,6576,677,1285,872,687,827,1085,1360,1836,2269,2760,3210,4325,5318,4304,2272,615,62,18872,2092,1
Azerbaijan,1951,54696,15472,19407,3935,612,835,1223,2280,1499,2429,4100,5875,9191,6517,725,1333,947,698,801,1079,1350,1830,2270,2737,3138,4071,5120,4240,2277,654,71,20019,2058,2
Azerbaijan,1952,55349,16004,20248,4244,606,758,1253,2408,1512,2429,4132,5860,8837,6524,774,1379,1029,731,781,1075,1354,1837,2295,2748,3112,3911,4926,4219,2305,693,81,20854,2011,2
Azerbaijan,1953,56846,16623,21073,4450,803,690,1301,2580,1583,2477,4254,5975,8662,6616,824,1447,1133,800,783,1087,1390,1880,2374,2821,3154,3872,4790,4258,2358,732,92,21876,1991,3
Azerbaijan,1954,57141,17310,21923,4613,762,595,1301,2668,1638,2454,4256,5929,8267,6502,843,1467,1201,864,774,1063,1391,1868,2388,2817,3112,3753,4514,4165,2337,742,101,22685,1896,4
Azerbaijan,1955,57797,18052,22810,4758,885,508,1279,2773,1725,2441,4268,5928,7941,6380,856,1503,1270,947,778,1040,1401,1866,2402,2832,3096,3676,4265,4068,2312,748,108,23695,1787,5
Azerbaijan,1956,58943,18840,23752,4912,1005,454,1210,2888,1848,2439,4327,6021,7778,6333,880,1556,1332,1045,803,1023,1416,1887,2440,2887,3134,3672,4106,4004,2329,762,118,24757,1664,5
Azerbaijan,1957,59674,19622,24702,5080,1066,440,1107,2983,1979,2414,4342,6068,7573,6121,881,1600,1383,1138,841,1001,1413,1891,2451,2922,3146,3637,3936,3826,2295,759,122,25768,1547,6
Azerbaijan,1958,60445,20376,25630,5254,1117,461,990,3047,2128,2381,4354,6124,7426,5897,876,1625,1422,1228,900,982,1399,1898,2456,2962,3162,3612,3814,3631,2266,752,124,26747,1451,6
Azerbaijan,1959,61259,21033,26460,5427,1108,523,867,3088,2302,2360,4389,6210,7359,5705,878,1633,1455,1317,985,978,1382,1920,2469,3014,3196,3610,3749,3459,2246,749,129,27568,1390,7
Azerbaijan,1960,61699,21569,27154,5585,1165,593,738,3065,2453,2322,4381,6231,7259,5461,868,1584,1481,1380,1073,978,1344,1924,2457,3028,3203,3586,3673,3267,2194,740,128,28319,1331,7
Azerbaijan,1961,61921,21909,27627,5718,1192,657,645,2987,2598,2297,4362,6257,7202,5233,861,1474,1513,1432,1166,994,1303,1916,2446,3035,3222,3581,3621,3104,2129,734,127,28819,1302,7
Azerbaijan,1962,61897,21931,27742,5811,1227,705,614,2886,2746,2308,4343,6290,7173,5005,851,1337,1549,1480,1266,1039,1269,1903,2440,3037,3253,3587,3586,2976,2029,725,126,28969,1319,8
Azerbaijan,1963,61504,21715,27563,5848,1255,726,632,2739,2859,2335,4299,6303,7139,4802,844,1181,1558,1506,1353,1101,1234,1869,2430,3024,3279,3588,3551,2881,1921,719,125,28818,1358,8
Azerbaijan,1964,61022,21187,27004,5817,1288,745,711,2581,2976,2417,4278,6348,7156,4667,843,1025,1556,1533,1443,1195,1222,1834,2444,3023,3325,3613,3543,2836,1831,719,124,28292,1456,8
Azerbaijan,1965,59887,20371,26087,5716,1315,761,807,2360,3055,2507,4203,6317,7124,4517,831,863,1497,1550,1505,1295,1212,1773,2430,2989,3328,3608,3516,2783,1734,707,124,27402,1568,8
Azerbaijan,1966,59754,19514,25054,5540,1344,795,919,2201,3216,2704,4245,6497,7376,4560,834,776,1425,1619,1597,1440,1264,1762,2483,3059,3438,3745,3631,2847,1713,710,124,26398,1714,8
Azerbaijan,1967,58574,18388,23701,5313,1370,816,988,2035,3299,2878,4183,6522,7469,4500,800,748,1287,1653,1646,1561,1317,1716,2467,3059,3463,3806,3663,2843,1657,677,123,25071,1804,7
Azerbaijan,1968,57255,17452,22493,5041,1346,835,1023,1917,3339,3065,4086,6474,7497,4415,757,784,1133,1662,1677,1671,1394,1668,2418,3034,3440,3838,3659,2812,1603,636,121,23839,1858,7
Azerbaijan,1969,56669,16694,21450,4756,1363,857,1046,1861,3360,3290,4033,6533,7669,4462,738,887,974,1657,1703,1778,1512,1652,2381,3065,3468,3938,3731,2852,1610,615,123,22813,1903,7
Azerbaijan,1970,55635,16066,20567,4501,1304,869,1067,1811,3305,3478,3933,6468,7691,4435,706,998,813,1590,1715,1847,1631,1635,2298,3041,3427,3952,3739,2845,1590,585,121,21871,1936,6
Azerbaijan,1971,54998,15565,19851,4286,1243,884,1089,1814,3227,3688,3883,6428,7756,4449,679,1104,710,1477,1750,1917,1771,1658,2225,3021,3407,3975,3781,2863,1586,563,116,21094,1973,6
Azerbaijan,1972,54115,15117,19230,4113,1194,882,1098,1834,3066,3830,3828,6300,7752,4439,655,1161,673,1309,1757,1943,1887,1699,2129,2951,3349,3949,3803,2864,1575,544,111,20424,1980,7
Azerbaijan,1973,53972,14765,18743,3978,1119,884,1124,1906,2921,4005,3891,6275,7910,4537,652,1199,707,1152,1769,1982,2023,1806,2085,2915,3360,3994,3916,2931,1606,546,106,19862,2008,7
Azerbaijan,1974,54186,14659,18528,3869,1078,886,1162,2043,2762,4184,4020,6241,8008,4611,652,1236,807,992,1770,2022,2162,1959,2061,2867,3374,4003,4005,2981,1630,550,102,19606,2048,7
Azerbaijan,1975,54781,14624,18422,3798,1017,876,1194,2198,2559,4350,4232,6250,8214,4788,676,1276,922,834,1725,2066,2284,2150,2082,2826,3424,4063,4151,3094,1694,573,103,19439,2070,7
Azerbaijan,1976,55090,14596,18360,3764,998,855,1225,2345,2342,4508,4472,6162,8255,4883,677,1316,1029,729,1613,2123,2385,2348,2124,2747,3415,4052,4203,3160,1723,577,100,19358,2080,7
Azerbaijan,1977,57153,14670,18382,3712,955,806,1250,2403,2193,4710,4799,6497,8989,5449,708,1323,1080,711,1482,2180,2530,2574,2225,2807,3690,4236,4753,3529,1920,602,106,19337,2056,7
Azerbaijan,1978,59416,14776,18473,3697,930,761,1269,2449,2098,4878,5235,6790,9755,6038,733,1363,1086,779,1319,2244,2634,2868,2367,2804,3986,4479,5276,3911,2127,622,111,19403,2030,8
Azerbaijan,1979,61770,15027,18703,3676,888,712,1244,2487,2006,4922,5730,6966,10492,6851,764,1423,1064,895,1111,2274,2648,3191,2539,2757,4209,4864,5628,4470,2381,647,117,19591,1956,8
Azerbaijan,1980,62511,15494,19214,3720,875,680,1192,2573,1888,4846,6154,6696,10294,7324,764,1477,1096,969,919,2216,2630,3388,2766,2692,4004,5013,5281,4793,2531,657,107,20089,1872,7
Azerbaijan,1981,63329,15981,19764,3783,870,651,1139,2645,1826,4758,6562,6476,10160,7668,803,1512,1133,1025,801,2083,2675,3511,3051,2717,3759,5137,5023,5073,2595,694,109,20634,1790,6
Azerbaijan,1982,64398,16455,20318,3863,859,632,1092,2720,1839,4645,6994,6372,10256,7796,871,1532,1188,1061,778,1880,2765,3587,3407,2829,3543,5252,5004,5180,2616,765,106,21177,1724,5
Azerbaijan,1983,64253,16724,20600,3876,836,602,1021,2724,1869,4355,7223,6218,10206,7654,941,1493,1231,1050,819,1580,2775,3514,3709,2931,3287,5166,5040,5019,2635,834,107,21436,1623,5
Azerbaijan,1984,66179,16978,20864,3886,838,598,999,2818,2021,4193,7714,6499,10651,7916,1059,1487,1331,1083,938,1333,2860,3555,4159,3249,3250,5218,5433,5007,2909,946,113,21702,1597,5
Azerbaijan,1985,67333,17135,21040,3905,856,591,970,2858,2182,3951,8089,6844,10782,8035,1134,1449,1409,1139,1043,1112,2839,3597,4492,3604,3240,5063,5719,4805,3230,1017,117,21896,1561,5
Azerbaijan,1986,68367,17115,21041,3926,862,591,947,2889,2346,3705,8485,7376,10806,8146,1170,1414,1475,1208,1138,979,2726,3738,4747,4044,3332,4848,5958,4669,3477,1042,128,21903,1538,4
Azerbaijan,1987,68307,17322,21262,3940,914,580,911,2829,2437,3375,8629,7838,10417,7956,1154,1344,1485,1263,1174,939,2436,3831,4798,4436,3402,4476,5941,4538,3418,1014,140,22176,1491,4
Azerbaijan,1988,69010,17341,21308,3967,915,578,892,2790,2551,3121,8796,8571,10234,8035,1212,1296,1494,1352,1199,1020,2101,3962,4834,4957,3614,4260,5974,4686,3349,1054,158,22223,1470,4
Azerbaijan,1989,70555,16949,20958,4009,951,595,893,2786,2733,2971,9040,9589,10265,8383,1386,1280,1506,1481,1252,1190,1781,4117,4923,5578,4011,4228,6037,5058,3325,1196,190,21909,1488,6
Azerbaijan,1990,71512,16353,20377,4024,968,623,903,2765,2946,2846,9266,10612,10107,8524,1563,1267,1498,1605,1341,1352,1494,4177,5089,6128,4484,4234,5873,5321,3203,1353,210,21345,1526,8
Azerbaijan,1991,73129,16023,20005,3982,1005,647,946,2913,3276,2868,9469,11642,10030,8680,1639,1341,1572,1787,1489,1534,1334,4083,5386,6561,5081,4389,5641,5556,3124,1440,199,21010,1593,7
Azerbaijan,1992,76073,15710,19848,4138,1148,719,1090,3462,3914,3129,9710,12750,9988,8724,1582,1613,1849,2134,1780,1754,1375,3873,5837,6936,5814,4635,5353,5643,3081,1395,187,20996,1809,7
Azerbaijan,1993,76562,15000,18855,3855,1066,719,1092,3446,4146,3347,9483,13649,10193,9002,1556,1621,1825,2198,1948,1827,1520,3371,6112,7071,6578,5003,5190,5763,3239,1360,196,19921,1811,6
Azerbaijan,1994,75356,14318,18085,3767,1091,742,1046,3040,4020,3540,8910,14180,10319,8900,1472,1438,1602,2020,2000,1820,1720,2751,6159,7003,7177,5354,4965,5562,3338,1260,212,19176,1788,6
Azerbaijan,1995,72552,13599,17131,3532,1006,720,951,2514,3663,3673,8086,14239,10417,8710,1434,1195,1319,1728,1935,1809,1864,2210,5876,6861,7378,5661,4756,5250,3460,1185,249,18137,1671,7
Azerbaijan,1996,71260,12604,15908,3304,983,709,943,2415,3616,3908,7406,14510,10870,8541,1435,1155,1260,1640,1976,1885,2023,1920,5486,6962,7548,6086,4784,4897,3644,1163,272,16891,1652,9
Azerbaijan,1997,69635,11540,14552,3012,910,700,975,2512,3680,4147,6757,14658,11254,8077,1396,1212,1300,1632,2048,2013,2134,1866,4891,7093,7565,6447,4807,4417,3660,1139,257,15462,1675,10
Azerbaijan,1998,67274,10488,13161,2673,838,677,966,2429,3551,4267,6148,14577,11684,7551,1411,1182,1247,1543,2008,2107,2160,1996,4152,7110,7467,6781,4903,3982,3569,1166,245,13999,1643,13
Azerbaijan,1999,65053,9511,11824,2313,800,664,931,2224,3312,4358,5738,14480,12231,7016,1464,1097,1127,1414,1898,2175,2183,2254,3484,7073,7407,7132,5099,3657,3359,1234,230,12624,1595,15
Azerbaijan,2000,63647,8705,10718,2013,738,650,929,2177,3180,4497,5351,14166,12982,6697,1542,1093,1084,1354,1826,2254,2243,2467,2884,6832,7334,7612,5370,3617,3080,1314,228,11456,1579,20
Azerbaijan,2001,62907,7943,9697,1754,668,632,927,2165,3068,4659,5189,13899,13807,6536,1631,1101,1064,1313,1755,2326,2333,2673,2516,6432,7467,8072,5735,3720,2816,1392,239,10365,1559,24
Azerbaijan,2002,61866,7343,8878,1535,611,605,912,2138,2924,4743,5152,13332,14470,6407,1669,1097,1041,1262,1662,2332,2411,2764,2388,5738,7594,8295,6175,3842,2565,1418,251,9489,1517,27
Azerbaijan,2003,62027,6968,8323,1355,549,587,911,2165,2843,4912,5407,12814,15318,6494,1677,1116,1049,1233,1610,2346,2566,2846,2561,5003,7811,8508,6810,4087,2407,1406,271,8872,1498,28
Azerbaijan,2004,61935,6770,7992,1222,504,560,894,2168,2739,4996,5746,12015,15941,6715,1635,1119,1049,1190,1549,2301,2695,2882,2864,4190,7825,8519,7422,4378,2337,1340,295,8496,1454,29
Azerbaijan,2005,63555,6589,7712,1123,456,548,913,2273,2742,5189,6339,11414,16941,7402,1599,1174,1099,1197,1545,2295,2894,3078,3261,3620,7794,8746,8195,4924,2478,1280,319,8168,1461,28
Azerbaijan,2006,63200,6493,7551,1058,423,513,885,2251,2635,5129,6676,10422,17307,7894,1485,1157,1094,1155,1480,2179,2950,3176,3500,3196,7226,8786,8521,5289,2605,1158,327,7974,1398,26
Azerbaijan,2007,63623,6427,7440,1013,380,484,865,2286,2599,5112,7035,9685,17752,8565,1397,1165,1121,1150,1449,2105,3007,3344,3691,3161,6524,8978,8774,5739,2826,1066,331,7820,1349,25
Azerbaijan,2008,65051,6338,7315,977,359,456,875,2492,2684,5153,7424,9192,18224,9484,1365,1260,1232,1218,1466,2089,3064,3579,3845,3438,5754,9209,9015,6287,3197,1033,332,7674,1331,27
Azerbaijan,2009,64603,6172,7108,936,326,423,813,2353,2572,4995,7715,8778,18146,10032,1312,1171,1182,1184,1388,1995,3000,3769,3946,3854,4924,9136,9010,6585,3447,1002,310,7434,1236,29
Azerbaijan,2010,66211,5914,6805,891,316,398,795,2387,2617,4989,8255,8684,18666,10877,1388,1176,1211,1232,1385,1986,3003,4044,4211,4310,4374,9233,9433,7123,3754,1092,296,7121,1193,32
Azerbaijan,2011,66196,5703,6540,837,310,362,755,2355,2616,4852,8589,8607,18398,11332,1443,1149,1206,1254,1362,1939,2913,4191,4398,4643,3964,8773,9625,7441,3891,1171,272,6850,1117,34
Azerbaijan,2012,66410,5438,6222,784,298,334,739,2472,2728,4768,8919,8775,17866,11736,1520,1194,1278,1337,1391,1924,2844,4293,4626,4889,3886,8012,9854,7706,4030,1269,251,6520,1073,33
Azerbaijan,2013,65987,5107,5842,735,295,309,663,2253,2648,4561,9180,9201,17210,12156,1639,1066,1187,1297,1351,1837,2724,4293,4887,5065,4136,7097,10113,7941,4215,1398,241,6137,972,33
Azerbaijan,2014,66831,4722,5403,681,276,292,641,2373,2798,4528,9516,9883,16541,12745,1801,1112,1261,1379,1419,1834,2694,4303,5213,5248,4635,6196,10345,8237,4508,1548,253,5679,933,33
Azerbaijan,2015,66978,4257,4885,628,273,280,594,2322,2852,4447,9768,10652,15678,13281,1913,1072,1250,1394,1458,1805,2642,4250,5518,5532,5120,5416,10262,8496,4785,1640,273,5158,874,31
Azerbaijan,2016,65722,3732,4303,571,263,269,540,2225,2853,4312,9754,11204,14466,13534,1965,1012,1213,1378,1475,1758,2554,4084,5670,5728,5476,4852,9614,8593,4941,1671,294,4566,809,29
Azerbaijan,2017,66235,3039,3548,509,251,266,501,2144,2898,4272,9848,12002,13892,14440,2145,958,1186,1384,1514,1757,2515,3993,5855,6113,5889,4871,9021,9125,5315,1808,337,3799,767,29
Azerbaijan,2018,65539,2731,3178,447,239,259,441,1878,2781,4117,9657,12546,13181,14948,2286,821,1057,1300,1481,1715,2402,3822,5835,6443,6103,5190,7991,9429,5519,1912,374,3417,700,29
Azerbaijan,2019,65871,2646,3032,386,218,253,413,1761,2770,4065,9495,13144,12801,15417,2468,753,1008,1281,1489,1731,2334,3710,5785,6832,6312,5823,6978,9660,5757,2056,412,3250,666,30
Azerbaijan,2020,110160,2328,2735,407,264,311,735,3932,5468,7720,18669,26480,19846,20735,3232,1665,2267,2614,2854,3308,4412,7239,11430,14045,12435,10680,9166,13158,7577,2704,528,2999,1046,39
Azerbaijan,2021,94932,2100,2412,312,202,246,366,1641,3396,6345,16618,25353,17885,17613,2821,640,1001,1456,1940,2642,3703,6402,10216,13457,11896,10432,7453,10858,6755,2383,438,2614,612,32
Bahamas,1950,923,172,210,38,15,6,14,46,78,80,85,113,144,111,20,20,26,36,42,40,40,40,45,51,62,69,75,68,43,17,3,225,20,0
Bahamas,1951,904,172,211,39,14,6,14,44,75,80,83,109,138,104,19,20,24,34,41,40,40,40,43,50,59,66,72,64,40,16,3,225,20,0
Bahamas,1952,890,170,210,40,12,6,14,44,73,80,82,109,133,102,19,20,24,31,42,40,40,40,42,51,58,63,70,62,40,16,3,222,20,0
Bahamas,1953,883,169,210,41,12,6,14,44,73,82,81,107,131,100,19,20,24,30,43,42,40,40,41,49,58,62,69,60,40,16,3,222,20,0
Bahamas,1954,884,169,211,42,13,7,14,46,70,85,86,109,128,98,19,21,25,29,41,45,40,44,42,49,60,61,67,58,40,16,3,224,21,0
Bahamas,1955,893,170,211,41,14,7,15,47,70,90,90,111,126,96,19,22,25,29,41,45,45,45,45,49,62,61,65,58,38,16,3,225,22,0
Bahamas,1956,900,173,214,41,15,7,15,47,69,90,93,111,123,91,19,22,25,29,40,45,45,47,46,48,63,58,65,56,35,16,3,229,22,0
Bahamas,1957,910,175,216,41,16,7,16,48,69,98,97,113,122,90,18,23,25,30,39,49,49,49,48,48,65,58,64,55,35,15,3,232,23,0
Bahamas,1958,921,178,219,41,17,7,16,53,70,99,99,115,118,87,18,25,28,31,39,49,50,50,49,48,67,58,60,53,34,15,3,236,23,0
Bahamas,1959,934,181,222,41,17,8,16,54,69,99,107,118,120,84,18,25,29,31,38,49,50,54,53,51,67,61,59,51,33,15,3,239,24,0
Bahamas,1960,947,184,225,41,18,9,17,55,72,104,109,118,118,80,18,25,30,34,38,49,55,55,54,51,67,63,55,48,32,15,3,243,26,0
Bahamas,1961,964,189,232,43,18,10,17,60,74,104,116,120,120,76,18,29,31,35,39,49,55,60,56,53,67,65,55,46,30,15,3,250,27,0
Bahamas,1962,982,190,233,43,18,10,17,61,77,108,119,123,121,73,18,29,32,37,40,49,59,61,58,56,67,66,55,44,29,15,3,251,27,0
Bahamas,1963,998,190,233,43,19,10,17,65,81,108,127,127,122,69,17,30,35,39,42,49,59,65,62,58,69,68,54,42,27,14,3,252,27,0
Bahamas,1964,1014,190,233,43,20,10,18,66,86,108,132,132,125,67,17,31,35,41,45,47,61,68,64,61,71,69,56,40,27,14,3,253,28,0
Bahamas,1965,1039,190,233,43,20,11,19,68,87,107,137,134,132,72,17,31,37,42,45,47,60,69,68,62,72,70,62,44,28,14,3,253,30,0
Bahamas,1966,1066,189,234,45,21,11,19,70,88,107,142,139,137,79,17,31,39,43,45,48,59,70,72,66,73,70,67,48,31,14,3,255,30,0
Bahamas,1967,1097,188,232,44,20,11,21,71,94,109,146,147,139,89,18,31,40,44,50,50,59,72,74,71,76,70,69,54,35,15,3,252,32,1
Bahamas,1968,1122,185,226,41,21,12,21,73,96,108,151,151,140,99,22,32,41,46,50,50,58,73,78,72,79,70,70,59,40,18,4,247,33,1
Bahamas,1969,1153,181,222,41,21,12,21,73,99,107,153,160,140,111,26,32,41,47,52,50,57,73,80,77,83,70,70,63,48,21,5,243,33,1
Bahamas,1970,1184,175,215,40,21,13,24,74,104,112,155,168,142,121,34,32,42,50,54,54,58,75,80,80,88,73,69,67,54,27,7,236,37,1
Bahamas,1971,1202,171,209,38,21,15,25,74,106,113,157,177,148,119,34,32,42,51,55,55,58,74,83,85,92,78,70,66,53,27,7,230,40,1
Bahamas,1972,1215,168,203,35,21,15,26,75,109,116,160,182,153,117,36,34,41,53,56,59,57,75,85,87,95,82,71,65,52,27,9,224,41,1
Bahamas,1973,1239,163,196,33,21,15,28,76,114,120,163,190,164,117,37,35,41,54,60,60,60,75,88,92,98,90,74,66,51,29,8,217,43,1
Bahamas,1974,1227,156,189,33,20,15,28,74,114,120,159,192,167,112,34,35,39,54,60,60,60,71,88,92,100,91,76,63,49,26,8,209,43,1
Bahamas,1975,1236,148,181,33,19,16,29,77,113,122,160,200,173,112,35,38,39,53,60,62,60,71,89,94,106,94,79,64,48,26,9,200,45,1
Bahamas,1976,1225,147,178,31,19,16,28,76,111,120,154,201,178,109,35,39,37,51,60,60,60,67,87,93,108,95,83,62,47,26,9,197,44,1
Bahamas,1977,1263,147,177,30,18,16,29,81,115,128,157,209,189,113,35,41,40,51,64,63,65,69,88,97,112,99,90,66,47,26,9,195,45,2
Bahamas,1978,1330,145,174,29,17,16,33,88,119,136,163,224,205,120,35,45,43,52,67,66,70,73,90,103,121,106,99,71,49,26,9,191,49,2
Bahamas,1979,1392,143,170,27,17,16,35,94,121,144,170,236,221,126,35,48,46,52,69,70,74,78,92,109,127,115,106,76,50,26,9,187,51,2
Bahamas,1980,1422,141,168,27,16,15,36,100,123,152,173,242,230,130,35,50,50,53,70,75,77,81,92,111,131,120,110,80,50,26,9,184,51,2
Bahamas,1981,1448,140,167,27,16,14,37,103,120,152,175,245,240,137,36,50,53,52,68,75,77,84,91,112,133,126,114,87,50,27,9,183,51,2
Bahamas,1982,1425,139,166,27,15,14,37,105,114,151,170,238,240,141,35,52,53,51,63,75,76,83,87,107,131,126,114,90,51,26,9,181,51,2
Bahamas,1983,1399,138,163,25,14,12,33,106,111,142,165,229,240,144,35,53,53,52,59,70,72,80,85,99,130,125,115,91,53,26,9,177,45,2
Bahamas,1984,1423,138,163,25,14,12,33,110,113,144,166,232,248,152,34,54,56,55,58,71,73,81,85,98,134,128,120,96,56,25,9,177,45,2
Bahamas,1985,1473,137,161,24,14,12,33,118,120,147,170,234,262,163,36,58,60,60,60,71,76,83,87,96,138,132,130,102,61,27,9,175,45,2
Bahamas,1986,1512,138,162,24,14,12,32,119,126,145,175,234,276,173,39,58,61,64,62,69,76,85,90,96,138,138,138,107,66,30,9,176,44,2
Bahamas,1987,1590,135,159,24,14,12,32,129,137,150,183,237,298,191,42,61,68,71,66,70,80,88,95,97,140,148,150,116,75,31,11,173,44,3
Bahamas,1988,1598,132,155,23,14,12,32,129,145,148,184,229,303,198,44,59,70,74,71,69,79,88,96,96,133,151,152,121,77,33,11,169,44,3
Bahamas,1989,1599,130,153,23,13,12,32,129,150,148,182,220,307,205,45,57,72,77,73,69,79,86,96,96,124,153,154,125,80,34,11,166,44,3
Bahamas,1990,1584,130,153,23,13,12,31,127,152,146,175,210,304,213,48,55,72,77,75,70,76,84,91,94,116,150,154,130,83,36,12,166,43,3
Bahamas,1991,1693,130,151,21,13,12,32,135,173,157,191,225,319,232,53,57,78,86,87,78,79,91,100,103,122,154,165,142,90,41,12,164,44,3
Bahamas,1992,1635,135,157,22,13,11,30,121,168,149,186,216,299,230,53,51,70,82,86,75,74,89,97,100,116,139,160,140,90,41,12,170,41,3
Bahamas,1993,1687,128,147,19,11,12,30,122,179,157,193,224,307,244,58,52,70,88,91,81,76,92,101,105,119,137,170,148,96,46,12,158,42,3
Bahamas,1994,1707,113,132,19,12,12,28,121,185,162,198,232,307,251,62,51,70,91,94,84,78,94,104,108,124,133,174,151,100,47,15,144,40,3
Bahamas,1995,1769,109,127,18,11,12,28,122,194,175,206,245,311,268,67,52,70,94,100,91,84,98,108,114,131,134,177,158,110,51,16,138,40,3
Bahamas,1996,1823,100,117,17,12,12,29,120,200,190,211,257,313,283,72,52,68,95,105,99,91,98,113,120,137,136,177,166,117,55,17,129,41,4
Bahamas,1997,1832,97,113,16,12,12,28,117,202,197,213,263,305,288,72,50,67,94,108,104,93,98,115,122,141,135,170,168,120,55,17,125,40,4
Bahamas,1998,1831,93,109,16,12,12,26,112,200,203,215,268,298,294,78,48,64,91,109,107,96,98,117,123,145,135,163,173,121,58,20,121,38,4
Bahamas,1999,1836,85,100,15,13,12,26,110,200,208,216,272,295,300,81,46,64,87,113,109,99,99,117,126,146,139,156,175,125,61,20,113,38,4
Bahamas,2000,1852,83,98,15,11,11,26,106,197,218,220,277,297,300,84,45,61,85,112,112,106,103,117,127,150,144,153,174,126,63,21,109,37,4
Bahamas,2001,1897,83,98,15,10,11,26,106,198,229,226,289,303,303,91,45,61,84,114,117,112,109,117,132,157,147,156,172,131,70,21,108,37,5
Bahamas,2002,1930,82,97,15,10,11,25,105,198,240,231,295,311,306,94,45,60,84,114,121,119,113,118,134,161,153,158,170,136,72,22,107,36,5
Bahamas,2003,1956,81,96,15,10,11,25,103,193,247,235,303,320,304,101,45,58,82,111,124,123,118,117,138,165,160,160,164,140,75,26,106,36,6
Bahamas,2004,1998,83,99,16,12,12,26,104,190,256,245,311,330,305,105,46,58,82,108,129,127,124,121,141,170,164,166,160,145,77,28,111,38,6
Bahamas,2005,2021,87,102,15,10,12,26,100,187,260,256,309,340,307,107,44,56,81,106,132,128,130,126,139,170,168,172,161,146,79,28,112,38,7
Bahamas,2006,2057,77,92,15,10,11,25,101,186,264,268,312,352,309,115,44,57,80,106,131,133,137,131,139,173,174,178,165,144,84,31,102,36,7
Bahamas,2007,2148,79,94,15,10,11,26,102,188,278,289,327,376,318,124,44,58,80,108,135,143,149,140,143,184,184,192,171,147,90,34,104,37,8
Bahamas,2008,2217,83,98,15,10,11,27,102,190,286,305,337,392,324,131,44,58,80,110,136,150,156,149,146,191,191,201,177,147,95,36,108,38,9
Bahamas,2009,2297,83,98,15,10,11,27,103,192,294,324,349,410,333,136,44,59,80,112,135,159,164,160,153,196,201,209,187,146,99,37,108,38,10
Bahamas,2010,2332,76,91,15,10,11,26,102,191,297,340,355,420,344,136,45,57,80,111,134,163,170,170,159,196,204,216,196,148,97,39,101,37,10
Bahamas,2011,2434,70,84,14,10,10,27,102,191,305,365,377,444,365,141,45,57,80,111,136,169,182,183,172,205,212,232,208,157,99,42,94,37,11
Bahamas,2012,2477,69,82,13,10,10,26,105,188,306,384,384,456,375,140,48,57,80,108,136,170,190,194,178,206,219,237,216,159,98,42,92,36,12
Bahamas,2013,2498,60,72,12,10,9,25,102,183,303,399,394,467,382,140,46,56,78,105,136,167,198,201,185,209,226,241,222,160,97,43,82,34,12
Bahamas,2014,2521,64,74,10,9,8,25,102,175,295,409,408,473,390,137,47,55,75,100,134,161,203,206,196,212,228,245,224,166,95,42,83,33,12
Bahamas,2015,2636,63,76,13,13,11,25,105,180,299,431,438,488,412,142,47,58,76,104,135,164,212,219,211,227,235,253,235,177,99,43,89,36,12
Bahamas,2016,2656,57,67,10,8,8,21,101,176,293,440,461,495,428,145,45,56,75,101,131,162,213,227,223,238,238,257,245,183,103,42,75,29,12
Bahamas,2017,2725,54,64,10,6,7,21,102,175,292,456,489,510,445,149,44,58,75,100,128,164,217,239,240,249,242,268,255,190,106,43,70,28,13
Bahamas,2018,2784,52,61,9,5,7,20,102,171,289,467,511,524,460,154,42,60,72,99,125,164,215,252,250,261,247,277,262,198,110,44,66,27,13
Bahamas,2019,3209,68,111,43,43,33,36,126,201,328,520,577,568,485,164,53,73,86,115,142,186,233,287,282,295,269,299,278,207,118,46,154,69,14
Bahamas,2020,3283,49,58,9,5,7,17,88,165,304,543,665,648,573,190,34,54,69,96,128,176,235,308,319,346,317,331,320,253,138,52,63,24,15
Bahamas,2021,3663,48,55,7,5,7,20,96,182,331,595,766,735,647,209,38,58,77,105,140,191,256,339,365,401,365,370,356,291,152,57,60,27,16
Bahrain,1950,3024,1173,1920,747,138,59,62,163,130,111,110,132,142,52,3,82,81,67,63,58,53,55,55,64,68,75,67,37,15,3,0,2058,121,0
Bahrain,1951,3094,1225,1964,739,143,63,66,165,135,114,110,136,143,57,2,83,82,70,65,59,55,55,55,66,70,75,68,40,17,2,0,2107,129,0
Bahrain,1952,3133,1242,1985,743,143,64,67,165,138,115,111,136,145,60,3,84,81,73,65,60,55,55,56,66,70,76,69,43,17,3,0,2128,131,0
Bahrain,1953,3163,1257,2002,745,141,68,69,165,139,117,112,138,147,63,4,84,81,74,65,62,55,55,57,66,72,77,70,46,17,4,0,2143,137,0
Bahrain,1954,3182,1268,2013,745,136,68,71,163,142,117,114,140,148,66,5,84,79,76,66,62,55,55,59,67,73,78,70,48,18,5,0,2149,139,0
Bahrain,1955,3191,1273,2013,740,131,68,72,166,142,119,114,140,151,69,5,87,79,75,67,63,56,55,59,67,73,80,71,49,20,5,0,2144,140,0
Bahrain,1956,3047,1222,1897,675,120,64,71,159,138,115,114,141,150,70,5,84,75,73,65,60,55,55,59,68,73,79,71,50,20,5,0,2017,135,0
Bahrain,1957,2914,1173,1792,619,111,60,68,154,133,114,114,140,150,72,6,81,73,70,63,59,55,55,59,68,72,79,71,50,22,6,0,1903,128,0
Bahrain,1958,2805,1135,1711,576,105,55,66,148,127,112,112,141,148,76,6,79,69,65,62,57,55,55,57,69,72,79,69,51,25,6,0,1816,121,0
Bahrain,1959,2691,1087,1619,532,98,50,64,143,121,111,111,141,148,77,6,76,67,61,60,56,55,55,56,69,72,79,69,52,25,6,0,1717,114,0
Bahrain,1960,2573,1037,1529,492,94,46,60,139,120,110,111,138,145,77,7,74,65,60,60,55,55,55,56,67,71,77,68,52,25,7,0,1623,106,0
Bahrain,1961,2449,986,1437,451,89,42,55,132,112,105,110,138,142,76,7,70,62,57,55,54,51,55,55,66,72,75,67,51,25,7,0,1526,97,0
Bahrain,1962,2324,927,1334,407,87,39,52,128,110,103,110,140,140,75,8,67,61,55,55,53,50,55,55,65,75,75,65,49,26,8,0,1421,91,0
Bahrain,1963,2188,866,1228,362,82,36,49,122,105,101,109,136,138,72,8,64,58,55,50,51,50,55,54,62,74,74,64,47,25,8,0,1310,85,0
Bahrain,1964,2066,817,1136,319,79,36,44,115,102,100,109,132,134,70,9,59,56,52,50,50,50,54,55,59,73,72,62,45,25,9,0,1215,80,0
Bahrain,1965,1939,760,1039,279,74,33,42,107,100,100,109,129,129,70,10,54,53,50,50,50,50,54,55,57,72,71,58,44,26,9,1,1113,75,0
Bahrain,1966,1845,710,957,247,68,31,39,95,90,100,109,133,142,68,10,48,47,45,45,50,50,54,55,60,73,78,64,42,26,9,1,1025,70,0
Bahrain,1967,1751,649,868,219,61,31,36,85,88,96,112,136,158,72,10,44,41,43,45,46,50,55,57,63,73,85,73,46,26,9,1,929,67,0
Bahrain,1968,1663,592,784,192,54,30,35,76,81,95,113,141,169,75,10,40,36,40,41,45,50,55,58,66,75,89,80,50,25,9,1,838,65,0
Bahrain,1969,1591,538,705,167,48,29,34,70,75,93,116,147,182,78,10,35,35,35,40,43,50,55,61,69,78,93,89,55,23,9,1,753,63,0
Bahrain,1970,1540,492,637,145,45,26,33,64,69,92,120,155,200,88,10,34,30,32,37,42,50,58,62,73,82,98,102,65,23,9,1,682,59,0
Bahrain,1971,1477,446,573,127,39,25,33,59,64,87,121,159,209,97,10,32,27,30,34,39,48,58,63,74,85,100,109,73,24,9,1,612,58,0
Bahrain,1972,1449,416,527,111,37,25,33,61,61,87,124,164,211,108,10,33,28,28,33,39,48,58,66,76,88,101,110,82,26,9,1,564,58,0
Bahrain,1973,1420,392,491,99,33,23,36,64,60,86,125,164,211,115,10,36,28,28,32,39,47,58,67,76,88,101,110,87,28,9,1,524,59,0
Bahrain,1974,1402,371,462,91,31,22,36,68,62,86,127,165,209,124,10,38,30,30,32,38,48,59,68,76,89,100,109,91,33,9,1,493,58,0
Bahrain,1975,1392,353,437,84,27,22,38,73,62,87,128,167,209,133,10,41,32,30,32,39,48,59,69,77,90,100,109,94,39,9,1,464,60,0
Bahrain,1976,1377,336,415,79,27,20,38,76,62,87,129,167,209,139,10,43,33,30,32,38,49,59,70,77,90,101,108,94,45,9,1,442,58,0
Bahrain,1977,1375,322,396,74,24,19,38,79,63,89,131,169,208,145,11,44,35,30,33,40,49,60,71,80,89,101,107,95,50,10,1,420,57,0
Bahrain,1978,1382,308,378,70,24,17,35,84,69,93,135,173,210,149,12,45,39,34,35,42,51,62,73,83,90,102,108,95,54,11,1,402,52,0
Bahrain,1979,1377,296,361,65,23,17,35,87,70,95,137,174,209,153,14,45,42,35,35,42,53,63,74,83,91,104,105,95,58,13,1,384,52,0
Bahrain,1980,1381,284,345,61,24,16,33,89,75,97,142,178,208,155,17,45,44,38,37,43,54,66,76,86,92,104,104,95,60,16,1,369,49,0
Bahrain,1981,1384,274,332,58,24,16,31,90,81,101,147,180,204,158,20,45,45,41,40,45,56,68,79,87,93,102,102,96,62,18,2,356,47,0
Bahrain,1982,1397,268,322,54,23,16,30,89,83,103,151,186,207,159,24,44,45,43,40,46,57,70,81,91,95,103,104,96,63,22,2,345,46,0
Bahrain,1983,1423,265,316,51,22,16,32,94,87,106,156,194,216,159,24,45,49,45,42,47,59,71,85,94,100,106,110,96,63,22,2,338,48,0
Bahrain,1984,1433,264,315,51,21,16,30,92,89,104,158,200,221,158,28,45,47,45,44,46,58,72,86,96,104,108,113,94,64,25,3,336,46,0
Bahrain,1985,1476,266,317,51,21,16,32,96,95,107,163,209,230,162,30,46,50,50,45,47,60,74,89,101,108,113,117,96,66,26,4,338,48,0
Bahrain,1986,1509,268,320,52,21,16,30,97,100,108,167,216,234,166,30,47,50,50,50,48,60,75,92,104,112,116,118,99,67,26,4,341,46,0
Bahrain,1987,1546,267,319,52,21,16,31,101,108,113,171,225,240,171,32,48,53,55,53,51,62,77,94,108,117,120,120,102,69,27,5,340,47,0
Bahrain,1988,1586,268,322,54,22,16,31,102,116,117,174,232,248,172,33,48,54,60,56,55,62,77,97,111,121,125,123,105,67,27,6,344,47,0
Bahrain,1989,1614,274,330,56,22,16,30,101,120,117,174,238,253,180,35,46,55,60,60,55,62,78,96,114,124,128,125,111,69,29,6,352,46,0
Bahrain,1990,1651,273,329,56,25,16,29,100,129,124,176,244,261,183,35,44,56,64,65,60,64,79,97,117,127,132,129,113,70,29,6,354,45,1
Bahrain,1991,1679,268,323,55,25,16,28,100,137,131,178,251,266,186,36,44,56,67,70,65,66,80,98,121,130,137,129,114,72,30,6,348,44,1
Bahrain,1992,1710,262,314,52,26,17,30,96,136,137,181,263,278,190,39,42,54,66,70,70,67,81,100,125,138,143,135,115,75,31,8,340,47,1
Bahrain,1993,1704,250,301,51,24,17,31,90,133,140,179,267,287,194,40,41,49,63,70,70,70,81,98,126,141,148,139,117,77,32,8,325,48,1
Bahrain,1994,1742,233,280,47,22,17,34,92,138,150,186,276,301,202,39,41,51,64,74,75,75,83,103,127,149,154,147,121,81,31,8,302,51,1
Bahrain,1995,1763,214,257,43,22,17,35,95,141,160,191,284,315,206,39,45,50,63,78,80,80,86,105,128,156,160,155,124,82,31,8,279,52,1
Bahrain,1996,1738,196,235,39,19,17,35,91,136,166,188,283,322,209,41,44,47,60,76,83,83,84,104,125,158,161,161,126,83,33,8,254,52,1
Bahrain,1997,1783,182,218,36,18,16,35,94,142,180,199,290,332,217,43,45,49,62,80,90,90,90,109,127,163,166,166,132,85,35,8,236,51,1
Bahrain,1998,1845,171,204,33,18,16,35,102,149,198,210,296,346,225,44,50,52,64,85,98,100,96,114,131,165,174,172,138,87,36,8,222,51,1
Bahrain,1999,1861,165,198,33,18,16,35,102,148,204,212,293,358,237,47,50,52,64,84,100,104,99,113,131,162,183,175,147,90,38,9,216,51,1
Bahrain,2000,1838,157,186,29,15,13,30,96,139,203,209,285,364,247,48,45,51,59,80,98,105,100,109,131,154,188,176,154,93,40,8,201,43,1
Bahrain,2001,1831,150,179,29,14,12,30,91,133,204,208,280,369,260,51,43,48,58,75,97,107,102,106,131,149,191,178,161,99,41,10,193,42,1
Bahrain,2002,1874,150,177,27,14,12,29,91,134,214,215,281,379,272,53,42,49,59,75,100,114,108,107,133,148,196,183,168,104,42,11,191,41,1
Bahrain,2003,1900,151,178,27,14,12,27,87,135,218,221,282,384,283,57,39,48,59,76,100,118,114,107,133,149,194,190,172,111,46,11,192,39,1
Bahrain,2004,1962,154,179,25,14,12,28,91,138,230,237,287,393,295,58,42,49,61,77,104,126,125,112,134,153,188,205,175,120,47,11,193,40,1
Bahrain,2005,2021,158,184,26,12,12,30,100,138,235,256,290,399,306,62,48,52,61,77,103,132,136,120,131,159,182,217,178,128,51,11,196,42,1
Bahrain,2006,2110,155,181,26,12,12,30,108,144,247,288,296,407,321,65,52,56,64,80,107,140,153,135,131,165,182,225,185,136,53,12,193,42,1
Bahrain,2007,2136,149,176,27,11,11,28,112,143,244,306,296,410,330,71,52,60,64,79,103,141,161,145,130,166,184,226,189,141,58,13,187,39,2
Bahrain,2008,2168,145,171,26,11,11,25,109,140,242,329,296,412,345,76,49,60,63,77,102,140,169,160,134,162,189,223,199,146,62,14,182,36,2
Bahrain,2009,2220,141,167,26,11,11,23,108,144,244,356,301,412,358,83,45,63,66,78,103,141,179,177,143,158,195,217,210,148,68,15,178,34,2
Bahrain,2010,2302,139,164,25,11,11,21,104,150,253,385,316,420,376,89,40,64,69,81,107,146,189,196,161,155,202,218,222,154,73,16,175,32,2
Bahrain,2011,2356,135,161,26,11,11,21,105,153,254,400,328,425,396,93,40,65,71,82,107,147,194,206,172,156,206,219,236,160,77,16,172,32,2
Bahrain,2012,2360,131,156,25,10,8,20,96,143,245,404,339,429,409,100,36,60,66,77,102,143,192,212,182,157,208,221,241,168,82,18,166,28,2
Bahrain,2013,2413,131,155,24,9,8,19,94,148,242,406,362,438,423,107,34,60,71,77,101,141,188,218,197,165,207,231,241,182,86,21,164,27,2
Bahrain,2014,2623,135,161,26,9,8,19,91,148,246,445,432,502,451,112,33,58,70,78,101,145,198,247,232,200,232,270,252,199,89,23,170,27,2
Bahrain,2015,2842,138,164,26,10,9,19,90,147,246,473,507,563,493,120,33,57,69,78,101,145,203,270,269,238,254,309,275,218,94,26,174,28,3
Bahrain,2016,2889,135,161,26,10,8,20,90,153,246,470,526,557,520,125,34,56,73,80,101,145,202,268,277,249,248,309,290,230,99,26,171,28,3
Bahrain,2017,2940,131,158,27,10,9,19,92,159,251,468,544,554,540,134,34,58,75,84,105,146,203,265,283,261,248,306,305,235,106,28,168,28,3
Bahrain,2018,2967,126,152,26,10,8,19,85,161,255,467,555,544,558,145,32,53,74,87,109,146,203,264,286,269,248,296,320,238,115,30,162,27,4
Bahrain,2019,3005,118,143,25,10,9,18,80,163,259,468,574,542,580,159,30,50,73,90,110,149,205,263,294,280,255,287,328,252,127,32,153,27,4
Bahrain,2020,3362,110,135,25,10,9,17,64,155,277,500,663,638,702,187,24,40,65,90,117,160,218,282,334,329,307,331,387,315,153,34,145,26,4
Bahrain,2021,3638,98,120,22,10,9,15,54,166,298,540,754,713,755,199,19,35,67,99,127,171,233,307,376,378,357,356,412,343,163,36,130,24,5
Bangladesh,1950,1072107,399681,628097,228416,47341,18672,21002,37350,33587,34726,46972,69328,100301,33442,1288,19692,17658,17850,15737,15712,19014,21706,25266,31165,38163,50682,49619,25673,7769,1212,76,675438,39674,1
Bangladesh,1951,1065671,403667,623268,219601,48428,18866,21271,37886,34244,35240,47490,67670,96010,34302,990,20010,17876,18182,16062,15948,19292,22032,25458,31062,36608,47939,48071,26496,7806,959,31,671696,40137,1
Bangladesh,1952,1055897,404546,619794,215248,45223,19009,21486,38403,34855,35691,47905,66439,91200,34987,905,20331,18072,18475,16380,16198,19493,22377,25528,31177,35262,44992,46208,27373,7614,867,38,665017,40495,1
Bangladesh,1953,1066615,405926,620081,214155,55208,19420,21951,39420,35902,36529,48696,66081,86829,35592,900,20900,18520,18979,16923,16674,19855,22936,25760,31662,34419,42397,44432,28050,7542,868,32,675289,41371,0
Bangladesh,1954,1046554,406955,618679,211724,44853,19055,21610,38757,35388,36072,48396,65079,82027,35706,932,20598,18159,18660,16728,16479,19593,22885,25511,31641,33438,39792,42235,27983,7723,908,24,663532,40665,0
Bangladesh,1955,1043891,408900,619966,211066,43573,19153,21726,39050,35735,36414,48774,64835,78073,35602,985,20745,18305,18778,16957,16692,19722,23117,25657,31828,33007,37900,40173,27493,8109,968,17,663539,40879,0
Bangladesh,1956,1048104,410783,622347,211564,43805,19553,22158,40003,36661,37339,49672,65286,74797,35456,1027,21201,18802,19195,17466,17196,20143,23553,26119,32192,33094,36557,38240,26881,8575,1007,20,666152,41711,0
Bangladesh,1957,1037197,411448,619981,208533,42658,18970,21702,39101,35817,36810,49417,65079,71404,35223,1038,20714,18387,18709,17108,16922,19888,23314,26103,31977,33102,35260,36144,26189,9034,1014,24,662639,40672,0
Bangladesh,1958,1042887,414482,623516,209034,43540,19128,22006,39826,36500,37671,50251,65804,68745,34826,1072,21037,18789,19021,17479,17362,20309,23617,26634,32178,33626,34476,34269,25453,9373,1043,29,667056,41134,0
Bangladesh,1959,1044943,417778,626209,208431,41974,18987,22191,40142,36819,38271,50964,66759,67078,34381,1170,21170,18972,19163,17656,17652,20619,23859,27105,32507,34252,34171,32907,24789,9592,1136,34,668183,41178,0
Bangladesh,1960,1069699,427914,640765,212851,45136,19430,22920,41178,37802,39561,52449,68538,66727,33901,1294,21711,19467,19666,18136,18267,21294,24510,27939,33334,35204,34530,32197,24206,9695,1260,34,685901,42350,0
Bangladesh,1961,1064124,429091,638796,209705,44597,18757,22713,40757,37503,39480,52468,68853,65834,32956,1410,21488,19269,19552,17951,18198,21282,24483,27985,33504,35349,34589,31245,23306,9650,1376,34,683393,41470,0
Bangladesh,1962,1054902,431729,639379,207650,42598,17258,22065,40032,36778,38840,51700,68325,64793,31638,1492,21102,18930,19238,17540,17859,20981,24139,27561,33325,35000,34587,30206,22147,9491,1462,30,681977,39323,0
Bangladesh,1963,1083838,437265,652563,215298,47258,18983,23059,41735,38515,40543,53174,69924,65615,30883,1576,21981,19754,20144,18371,18704,21839,24952,28222,34298,35626,35589,30026,21433,9450,1549,27,699821,42042,0
Bangladesh,1964,1068201,435538,646480,210942,43079,17064,21992,40998,37769,39935,52785,70079,66097,30264,1657,21599,19399,19822,17947,18309,21626,24796,27989,34425,35654,36168,29929,20875,9389,1623,34,689559,39056,0
Bangladesh,1965,1129838,445597,670647,225050,53076,21755,23756,44408,41325,43545,56479,73866,68947,30303,1737,23370,21038,21595,19730,20052,23493,26687,29792,36419,37447,37992,30955,20903,9400,1693,44,723723,45511,0
Bangladesh,1966,1088091,442584,655808,213224,43918,17567,21214,41947,38855,41149,54557,72612,68943,29737,1783,22067,19880,20367,18488,18745,22404,25731,28826,35638,36974,37862,31081,20526,9211,1730,53,699726,38781,0
Bangladesh,1967,1107120,451071,666264,215193,44760,17795,20926,42447,39557,41931,55917,74490,71250,29915,1868,22272,20175,20700,18857,19034,22897,26392,29525,36418,38072,38885,32365,20727,9188,1805,63,711024,38721,0
Bangladesh,1968,1129852,461108,680076,218968,45925,18111,20841,42926,40361,42698,57209,76170,73452,30149,1931,22389,20537,21075,19286,19350,23348,27016,30193,37052,39118,39737,33715,21002,9147,1863,68,726001,38952,0
Bangladesh,1969,1159386,472595,696679,224084,46657,18659,21083,43668,41536,43928,59167,78658,76447,30924,1976,22584,21084,21648,19888,19896,24032,27951,31216,38120,40538,41049,35398,21683,9241,1906,70,743336,39742,0
Bangladesh,1970,1508695,528951,838124,309173,111559,47643,35273,60759,60155,62171,76743,94318,87039,32997,1914,30965,29794,30842,29313,29190,32981,36760,39983,46276,48042,47150,39889,23481,9516,1866,48,949683,82916,0
Bangladesh,1971,2810702,653324,1148497,495173,155788,66869,109233,309325,230463,190787,189442,200271,161355,46614,2058,158247,151078,123085,107378,95888,94899,93445,95997,100256,100015,91434,69921,34712,11902,2022,36,1304285,176102,0
Bangladesh,1972,1188671,492135,721669,229534,48997,19330,21883,41860,41922,44635,60886,79453,76183,30303,1544,20882,20978,21746,20176,20331,24304,28759,32127,38716,40737,41042,35141,21842,8461,1520,24,770666,41213,0
Bangladesh,1973,1211333,503858,739804,235946,48963,19645,22080,41152,41837,44885,61633,80600,77950,31318,1462,20519,20633,21656,20181,20481,24404,29029,32604,39349,41251,42030,35920,22760,8558,1438,24,788767,41725,0
Bangladesh,1974,1274673,521716,773748,252032,52780,21580,23757,42997,44007,47505,65195,85248,82901,33496,1462,21629,21368,22715,21292,21739,25766,30626,34569,41679,43569,44717,38184,24459,9037,1445,17,826528,45337,0
Bangladesh,1975,1246441,514223,758459,244236,49225,19995,22681,40637,42201,45976,63963,84434,83022,34388,1457,20849,19788,21781,20420,20960,25016,29891,34072,41293,43141,44620,38402,25059,9329,1437,20,807684,42676,0
Bangladesh,1976,1260455,520214,766478,246264,47508,19775,22684,41134,42669,46179,64429,86217,85404,36267,1704,21369,19765,22037,20632,21083,25096,29924,34505,42174,44043,45686,39718,26219,10048,1674,30,813986,42459,0
Bangladesh,1977,1265521,524404,771020,246616,50923,19095,21743,40255,41838,45303,63439,86331,86082,37569,1923,21060,19195,21640,20198,20640,24663,29281,34158,42191,44140,45773,40309,26863,10706,1867,56,821943,40838,0
Bangladesh,1978,1288939,524579,770745,246166,50325,19764,22356,42045,43634,47278,66135,91532,91786,41096,2241,22033,20012,22519,21115,21534,25744,30415,35720,44661,46871,48480,43306,29066,12030,2153,88,821070,42120,0
Bangladesh,1979,1306025,524710,768691,243981,52084,20061,22474,43097,44685,48560,67893,95536,96283,44107,2550,22495,20602,22972,21713,22102,26458,31159,36734,46529,49007,50608,45675,30912,13195,2428,122,820775,42535,0
Bangladesh,1980,1313211,523450,764903,241453,50650,20333,22397,44037,45070,49384,68913,98404,99667,46601,2851,22676,21361,22928,22142,22488,26896,31625,37288,47802,50602,52232,47435,32422,14179,2701,150,815553,42730,0
Bangladesh,1981,1324262,520870,758983,238113,54906,20780,22477,44715,45585,50293,70017,101160,103033,49133,3181,22770,21945,22993,22592,22917,27376,32194,37823,48948,52212,53914,49119,33979,15154,3008,173,813889,43257,1
Bangladesh,1982,1332324,517443,751646,234203,55044,21471,22879,45395,46365,51579,71593,104155,106767,51865,3564,22939,22456,23236,23129,23498,28081,33048,38545,50151,54004,55883,50884,35700,16165,3365,199,806690,44350,1
Bangladesh,1983,1326944,504869,734066,229197,53940,22154,23351,45554,46867,52702,73004,106619,110242,54479,3964,22915,22639,23458,23409,23978,28724,33864,39140,51025,55594,57750,52492,37352,17127,3738,226,788006,45505,1
Bangladesh,1984,1317679,491926,714849,222923,54007,22667,23824,45405,47117,53586,74092,108153,112953,56666,4358,22837,22568,23657,23460,24345,29241,34485,39607,51432,56721,59181,53772,38672,17994,4100,258,768856,46491,2
Bangladesh,1985,1316506,479974,698353,218379,56833,24441,24843,45751,47858,54878,75411,109395,115389,58596,4755,23092,22659,24447,23411,24934,29944,35189,40222,51754,57641,60431,54958,39784,18812,4458,297,755186,49284,2
Bangladesh,1986,1301081,460332,665641,205309,53862,23938,25480,46365,48883,56602,78045,113353,121311,62320,5280,23511,22854,25188,23695,25686,30916,36419,41626,53318,60035,63458,57853,42103,20217,4933,347,719503,49418,3
Bangladesh,1987,1285576,443237,639012,195775,52461,24332,26016,46549,49305,57731,79719,115136,124926,64680,5711,23783,22766,25535,23770,26150,31581,37212,42507,53995,61141,65232,59694,43468,21212,5311,400,691473,50348,4
Bangladesh,1988,1289880,423577,609365,185788,51641,25443,27691,48844,51773,60953,84480,121108,133056,69210,6308,25198,23646,26800,24973,27513,33440,39445,45035,56740,64368,69351,63705,46312,22898,5841,467,661006,53134,4
Bangladesh,1989,1299484,406195,580669,174474,53080,26524,29644,51739,54665,64340,89538,127548,141415,73501,6812,26937,24802,28120,26545,28943,35397,41814,47724,59804,67744,73634,67781,49108,24393,6288,524,633749,56168,5
Bangladesh,1990,1257445,387832,551549,163717,48734,25829,29533,51151,53981,63059,88593,125322,139980,72840,6873,26899,24252,27374,26607,28036,35023,41396,47197,58912,66410,72777,67203,48639,24201,6319,554,600283,55362,6
Bangladesh,1991,1374886,382488,569368,186880,77392,40399,36964,60206,62998,71067,96778,131768,145463,75222,7258,31930,28276,31601,31397,31784,39283,45529,51249,62529,69239,75677,69786,50258,24964,6642,616,646760,77363,8
Bangladesh,1992,1177916,344301,486227,141926,45010,24217,28686,49875,51727,61453,88018,122700,138755,73857,7384,26587,23288,25775,25952,26709,34744,41131,46887,58181,64519,71649,67106,49168,24689,6732,652,531237,52903,9
Bangladesh,1993,1174468,327290,458662,131372,40281,24665,29826,52642,53404,63556,91863,128125,145243,78200,7984,28182,24460,26501,26903,27627,35929,42847,49016,60976,67149,74703,70540,52020,26180,7256,728,498943,54491,12
Bangladesh,1994,1152967,315324,436503,121179,39083,23928,29664,53177,52757,63186,92224,128649,145928,79567,8289,28481,24696,26185,26572,27566,35620,42937,49287,61388,67261,74746,71182,52837,26730,7506,783,475586,53592,14
Bangladesh,1995,1120364,300564,413030,112466,35231,22956,29167,53210,51586,62212,91643,127776,144900,80120,8518,28450,24760,25679,25907,27653,34559,42601,49042,61027,66749,73920,70980,53047,27073,7688,830,448261,52123,17
Bangladesh,1996,1138022,285572,389789,104217,35582,23222,30787,57281,54325,65285,96854,135976,153784,85883,9234,30543,26738,27172,27153,29469,35816,44947,51907,64871,71105,78235,75549,56738,29145,8316,918,425371,54009,20
Bangladesh,1997,1046905,276833,373168,96335,29978,19848,26773,51556,48272,58381,87638,123452,139489,79480,8849,27385,24171,24420,23852,26443,31938,40588,47050,58871,64581,70726,68763,52181,27299,7936,913,403146,46621,22
Bangladesh,1998,935549,266373,356219,89846,23550,16098,22350,44348,41222,49710,74919,106857,121108,70845,8300,23332,21016,21090,20132,22522,27188,34537,40382,50839,56018,61174,59934,46134,24711,7397,903,379769,38448,24
Bangladesh,1999,845973,253601,337288,83687,22167,13042,18813,38536,35680,42669,64394,93522,106953,64744,8139,20107,18429,18447,17233,19248,23421,29476,34918,44330,49192,53785,53168,41726,23018,7204,935,359455,31855,28
Bangladesh,2000,887066,241973,320045,78072,18608,13594,19965,42524,39618,47527,71233,105370,121736,76409,10396,21994,20530,20745,18873,21035,26492,32161,39072,49827,55543,60983,60753,48697,27712,9126,1270,338653,33559,43
Bangladesh,2001,889991,230470,303175,72705,17628,13140,19525,43412,40838,48672,72789,109319,127439,82107,11888,22229,21183,21558,19280,21246,27426,32530,40259,51549,57770,63736,63703,51897,30210,10366,1522,320803,32665,57
Bangladesh,2002,886483,218953,286538,67585,17426,12590,18675,43067,41440,49284,74049,111884,131492,86654,13312,21795,21272,21963,19477,21229,28055,32878,41171,52643,59241,65729,65763,54360,32294,11530,1782,303964,31265,72
Bangladesh,2003,895671,207138,269943,62805,21386,12211,18127,43158,42837,50489,76429,116210,137627,92270,14894,21660,21498,22736,20101,21569,28920,33980,42449,54547,61663,68803,68824,57531,34739,12831,2063,291329,30338,87
Bangladesh,2004,895505,195162,253604,58442,19580,11892,17570,43151,44064,51205,78206,119819,142973,97060,16279,21431,21720,23343,20721,21851,29354,35017,43189,56132,63687,71458,71515,60234,36826,13968,2311,273184,29462,101
Bangladesh,2005,907531,181221,235053,53832,18655,11811,17292,43759,46184,52965,81876,126246,151591,103956,18027,21489,22270,24383,21801,22646,30319,37394,44482,59134,67112,75696,75895,64243,39713,15377,2650,253708,29103,121
Bangladesh,2006,929804,168524,217963,49439,19778,11885,17274,44593,48759,55324,86380,134154,162025,111738,19793,21610,22983,25642,23117,23793,31531,39936,46444,62858,71296,80794,81231,68847,42891,16801,2992,237741,29159,142
Bangladesh,2007,982163,157986,204263,46277,21910,13062,18037,46864,53256,59988,94082,147059,178530,123009,21935,22484,24380,27824,25432,26015,33973,43793,50289,68888,78171,88932,89598,75696,47313,18542,3393,226173,31099,166
Bangladesh,2008,978992,146053,187176,41123,21006,13048,17158,45489,53750,60798,96203,150702,184350,126606,22533,21580,23909,27789,25961,26562,34236,44674,51529,70365,80337,91761,92589,77880,48726,18986,3547,208182,30206,179
Bangladesh,2009,972247,134887,172349,37462,18376,13530,16610,43962,53980,61338,97510,153107,188935,129463,22899,20636,23326,27637,26343,27051,34287,44878,52632,71019,82088,93938,94997,79648,49815,19258,3641,190725,30140,186
Bangladesh,2010,907362,124693,158750,34057,16676,12576,14800,39251,49987,57488,92071,142952,178460,122491,21680,18298,20953,25391,24596,25551,31937,41572,50499,65494,77458,88604,89856,75295,47196,18217,3463,175426,27376,182
Bangladesh,2011,919052,115726,146719,30993,14520,12872,14623,38794,51165,59533,95325,147646,186114,128594,22934,18036,20758,25766,25399,26598,32935,42396,52929,67024,80622,92172,93942,78935,49659,19240,3694,161239,27495,205
Bangladesh,2012,893182,109090,137363,28273,13032,12188,13804,35981,49144,58759,93690,144882,183729,127487,22913,16720,19261,24524,24620,26229,32530,41229,52461,65492,79390,90791,92938,78216,49271,19216,3697,150395,25992,213
Bangladesh,2013,920894,104105,129968,25863,11221,11927,14437,35826,50394,62375,98448,152410,194112,135127,24415,16636,19190,25022,25372,27747,34628,43075,55373,69249,83161,95719,98393,82919,52208,20508,3907,141189,26364,231
Bangladesh,2014,919335,98872,122682,23810,11112,10978,14899,34579,49915,63015,98081,153485,196784,138314,25250,16057,18522,24526,25389,28040,34975,42876,55205,70404,83081,96796,99988,84746,53568,21266,3984,133794,25877,234
Bangladesh,2015,912490,93572,115646,22074,9630,10036,14977,33194,48929,63427,97208,153966,198445,140656,26123,15442,17752,23786,25143,28131,35296,42620,54588,72152,81814,97561,100884,86030,54626,21951,4172,125276,25013,254
Bangladesh,2016,900115,89234,109697,20463,8628,8971,14835,31478,47184,63132,95659,153212,198356,141902,26800,14657,16821,22660,24524,27892,35240,42204,53455,72644,80568,97533,100823,86613,55289,22505,4295,118325,23806,260
Bangladesh,2017,880955,83897,102933,19036,7615,7860,14233,29914,44972,62204,93542,151099,196406,142392,27504,14111,15803,21380,23592,27354,34850,41589,51953,71963,79136,96491,99915,86672,55720,23011,4493,110548,22093,276
Bangladesh,2018,858712,80239,97877,17638,6895,6824,13141,28612,42427,60354,90581,148042,192596,142674,28394,13927,14685,19946,22481,26326,34028,40622,49959,70149,77893,94132,98464,86475,56199,23642,4752,104772,19965,298
Bangladesh,2019,874931,76710,93137,16427,6552,6213,12200,28766,41679,61803,93317,153057,198448,149118,30293,14456,14310,19445,22234,26650,35153,42244,51073,71789,81268,96382,102066,90126,58992,25066,5227,99689,18413,344
Bangladesh,2020,973853,72708,88050,15342,9670,4772,10677,24600,36380,61541,120827,193654,221227,167834,34238,11347,13253,15952,20428,24739,36802,46362,74465,85946,107708,109338,111889,100312,67522,28348,5890,97720,15449,381
Bangladesh,2021,962479,69207,83602,14395,8702,7632,21082,23807,31406,67271,132217,197043,209093,150388,29861,11943,11864,13938,17468,25034,42237,61284,70933,94267,102776,105508,103585,90117,60271,24583,5278,92304,28714,375
Barbados,1950,3004,974,1225,251,28,11,41,83,115,219,237,282,431,291,40,38,45,50,65,93,126,124,113,144,138,220,211,184,107,37,3,1253,52,0
Barbados,1951,3033,1021,1285,264,29,12,38,78,114,208,243,283,409,295,42,37,41,49,65,88,120,129,114,142,141,200,209,189,106,38,4,1314,50,0
Barbados,1952,3000,1023,1292,269,29,13,37,74,112,200,247,282,385,293,41,36,38,47,65,84,116,130,117,134,148,183,202,193,100,36,5,1321,50,0
Barbados,1953,2935,992,1250,258,30,13,34,72,106,190,251,279,364,307,42,34,38,44,62,81,109,128,123,123,156,168,196,204,103,36,6,1280,47,0
Barbados,1954,2826,929,1164,235,29,14,29,67,101,180,252,277,350,314,43,32,35,42,59,77,103,124,128,116,161,161,189,211,103,37,6,1193,43,0
Barbados,1955,2716,852,1068,216,36,20,28,63,98,169,252,282,343,308,41,30,33,39,59,72,97,122,130,118,164,157,186,206,102,36,5,1104,48,0
Barbados,1956,2500,760,933,173,26,15,26,58,90,156,244,266,330,313,43,26,32,36,54,66,90,112,132,117,149,156,174,205,108,37,6,959,41,0
Barbados,1957,2429,678,826,148,25,15,23,56,84,157,254,277,349,316,43,26,30,34,50,67,90,114,140,132,145,176,173,201,115,36,7,851,38,0
Barbados,1958,2323,608,735,127,25,15,23,55,80,156,252,279,359,301,40,25,30,32,48,67,89,110,142,143,136,192,167,186,115,34,6,760,38,0
Barbados,1959,2258,553,662,109,24,15,22,54,76,154,248,283,368,309,45,25,29,32,44,65,89,106,142,151,132,202,166,185,124,38,7,686,37,0
Barbados,1960,2222,509,608,99,24,14,22,53,72,152,244,291,387,314,46,25,28,31,41,64,88,104,140,158,133,208,179,185,129,39,7,632,36,0
Barbados,1961,2166,471,558,87,23,12,20,48,68,145,235,298,389,311,52,21,27,30,38,60,85,99,136,162,136,200,189,182,129,45,7,581,32,0
Barbados,1962,2112,430,509,79,22,12,19,45,66,138,232,319,401,297,51,20,25,30,36,56,82,99,133,169,150,193,208,175,122,44,7,531,31,0
Barbados,1963,2061,390,462,72,22,11,19,44,60,132,227,337,403,286,53,20,24,26,34,52,80,98,129,173,164,181,222,169,117,46,7,484,30,1
Barbados,1964,2028,354,419,65,22,15,19,40,56,122,231,361,410,283,53,20,20,24,32,47,75,104,127,177,184,170,240,171,112,46,7,441,34,1
Barbados,1965,2015,321,379,58,22,12,19,40,56,119,227,370,413,297,58,20,20,22,34,46,73,100,127,177,193,167,246,182,115,50,8,401,31,1
Barbados,1966,1981,293,345,52,22,11,21,40,53,115,221,389,420,292,53,20,20,22,31,46,69,95,126,181,208,181,239,187,105,46,7,367,32,1
Barbados,1967,1999,267,314,47,21,11,21,41,53,113,222,403,433,313,54,21,20,21,32,46,67,96,126,179,224,198,235,207,106,46,8,335,32,1
Barbados,1968,2025,244,286,42,19,11,21,42,54,106,225,410,448,350,59,22,20,23,31,44,62,94,131,176,234,220,228,235,115,48,11,305,32,1
Barbados,1969,2005,224,261,37,17,11,22,43,53,105,230,407,455,346,56,23,20,22,31,44,61,96,134,174,233,242,213,235,111,45,11,278,33,1
Barbados,1970,2082,207,241,34,17,12,24,45,53,103,241,417,490,379,58,25,20,22,31,46,57,103,138,180,237,265,225,254,125,47,11,258,36,1
Barbados,1971,2072,191,221,30,15,11,23,46,51,103,242,410,515,375,57,26,20,20,31,46,57,106,136,182,228,282,233,245,130,46,11,236,34,1
Barbados,1972,2086,179,207,28,14,11,22,46,48,102,237,414,547,387,56,26,20,20,28,47,55,103,134,186,228,295,252,242,145,45,11,221,33,1
Barbados,1973,2097,168,193,25,12,12,22,49,47,102,234,408,583,379,53,28,21,20,27,46,56,98,136,185,223,308,275,228,151,44,9,205,34,1
Barbados,1974,2104,158,181,23,11,12,23,48,44,100,233,407,609,380,58,28,20,20,24,43,57,95,138,190,217,315,294,221,159,47,11,192,35,1
Barbados,1975,2101,148,168,20,11,12,21,47,43,99,222,402,630,383,62,27,20,20,23,41,58,91,131,190,212,316,314,222,161,51,11,179,33,1
Barbados,1976,2116,139,158,19,11,12,22,49,42,99,212,404,649,395,66,28,21,20,22,39,60,86,126,187,217,317,332,233,162,55,11,169,34,1
Barbados,1977,2103,131,149,18,11,11,20,45,41,95,196,406,650,407,72,25,20,20,21,35,60,79,117,186,220,305,345,248,159,61,11,160,31,1
Barbados,1978,2105,125,141,16,10,11,20,44,40,92,187,405,649,431,78,24,20,20,20,32,60,76,111,183,222,292,357,277,154,67,11,151,31,1
Barbados,1979,2091,118,132,14,8,9,19,44,40,90,177,403,645,441,81,24,20,20,20,31,59,74,103,177,226,282,363,292,149,70,11,140,28,1
Barbados,1980,2080,112,126,14,7,10,18,50,41,84,171,395,643,453,80,25,25,20,21,28,56,75,96,172,223,275,368,303,150,68,12,133,28,1
Barbados,1981,2131,106,118,12,6,9,17,48,49,81,165,396,658,498,86,23,25,24,25,28,53,73,92,167,229,281,377,337,161,72,14,124,26,1
Barbados,1982,2194,101,112,11,6,8,16,47,48,74,163,392,681,554,87,22,25,23,25,26,48,72,91,155,237,289,392,372,182,71,16,118,24,1
Barbados,1983,2197,96,107,11,6,8,14,48,49,70,164,391,690,566,81,20,28,24,25,26,44,73,91,151,240,300,390,383,183,65,16,113,22,1
Barbados,1984,2244,91,101,10,6,10,13,49,54,69,162,388,699,607,82,19,30,25,29,27,42,70,92,149,239,304,395,411,196,65,17,107,23,1
Barbados,1985,2339,87,97,10,8,10,12,50,55,70,160,387,732,666,88,21,29,25,30,27,43,69,91,147,240,318,414,445,221,71,17,105,22,2
Barbados,1986,2361,82,92,10,6,10,13,53,56,75,159,385,749,675,88,23,30,26,30,30,45,66,93,145,240,326,423,447,228,72,16,98,23,2
Barbados,1987,2397,78,87,9,6,9,13,53,61,76,151,378,761,706,91,24,29,27,34,31,45,62,89,142,236,328,433,460,246,75,16,93,22,2
Barbados,1988,2453,74,82,8,6,10,14,48,65,84,153,361,773,751,100,21,27,28,37,35,49,62,91,138,223,324,449,477,274,84,16,88,24,2
Barbados,1989,2458,70,78,8,7,8,15,52,72,87,154,351,767,762,105,23,29,32,40,39,48,64,90,136,215,323,444,478,284,89,16,85,23,2
Barbados,1990,2518,66,74,8,5,7,16,54,75,92,149,344,758,822,120,24,30,34,41,40,52,65,84,136,208,314,444,507,315,102,18,79,23,2
Barbados,1991,2535,63,69,6,5,7,16,54,82,96,148,332,757,839,127,25,29,37,45,43,53,64,84,134,198,310,447,516,323,109,18,74,23,2
Barbados,1992,2559,60,66,6,5,7,18,56,84,103,145,324,758,853,137,25,31,39,45,47,56,62,83,131,193,303,455,523,330,118,19,71,25,2
Barbados,1993,2518,57,63,6,5,6,16,50,88,105,150,316,738,832,141,20,30,43,45,47,58,65,85,131,185,289,449,507,325,121,20,68,22,2
Barbados,1994,2549,55,61,6,5,6,16,51,94,111,156,308,736,855,146,20,31,44,50,50,61,67,89,130,178,276,460,520,335,125,21,66,22,2
Barbados,1995,2591,53,59,6,5,5,14,53,97,116,154,301,734,887,163,21,32,45,52,53,63,66,88,126,175,269,465,528,359,139,24,64,19,2
Barbados,1996,2562,52,57,5,5,5,13,53,95,127,153,292,702,891,168,21,32,44,51,58,69,67,86,126,166,253,449,531,360,142,26,62,18,2
Barbados,1997,2579,51,56,5,5,6,13,53,102,133,157,288,676,917,169,21,32,48,54,61,72,71,86,125,163,246,430,545,372,142,27,61,19,2
Barbados,1998,2562,50,55,5,5,5,14,54,99,134,161,287,654,922,175,21,33,46,53,61,73,75,86,122,165,241,413,553,369,145,30,60,19,2
Barbados,1999,2515,50,55,5,5,5,12,52,95,135,163,280,619,913,178,20,32,43,52,61,74,77,86,120,160,233,386,550,363,147,31,60,17,3
Barbados,2000,2509,51,56,5,5,5,13,56,91,138,164,278,612,900,188,21,35,40,51,63,75,76,88,123,155,241,371,538,362,154,34,61,18,3
Barbados,2001,2478,51,57,6,5,6,13,55,86,141,172,271,604,875,189,21,34,38,48,63,78,80,92,117,154,242,362,514,361,154,35,62,19,4
Barbados,2002,2477,52,58,6,5,7,14,52,83,141,181,269,606,868,190,21,31,37,46,63,78,83,98,114,155,239,367,497,371,155,35,63,21,4
Barbados,2003,2496,52,58,6,5,7,14,53,83,134,189,270,605,886,196,22,31,39,44,56,78,88,101,116,154,234,371,493,393,158,38,63,21,4
Barbados,2004,2486,52,58,6,5,7,14,48,74,132,187,272,605,882,203,20,28,34,40,56,76,86,101,118,154,224,381,486,396,163,40,63,21,5
Barbados,2005,2485,51,57,6,5,7,14,46,71,131,194,270,606,876,205,19,27,32,39,52,79,90,104,120,150,213,393,484,392,164,41,62,21,5
Barbados,2006,2457,50,55,5,5,7,14,46,72,128,200,276,596,845,210,20,26,32,40,52,76,93,107,130,146,206,390,475,370,168,42,60,21,5
Barbados,2007,2439,49,54,5,5,8,15,41,71,125,206,272,584,842,214,18,23,31,40,49,76,98,108,132,140,197,387,482,360,173,41,59,23,5
Barbados,2008,2459,48,53,5,5,6,14,40,71,128,209,283,576,851,220,18,22,31,40,50,78,101,108,137,146,188,388,493,358,181,39,58,20,5
Barbados,2009,2445,47,52,5,5,6,13,41,69,125,215,287,551,853,224,17,24,30,39,46,79,103,112,137,150,182,369,498,355,183,41,57,19,5
Barbados,2010,2482,45,50,5,5,6,12,39,69,125,220,294,549,876,232,16,23,28,41,48,77,101,119,137,157,192,357,512,364,188,44,55,18,6
Barbados,2011,2466,44,49,5,5,6,11,37,67,124,226,300,532,878,228,15,22,27,40,48,76,102,124,137,163,185,347,512,366,183,45,54,17,5
Barbados,2012,2452,43,48,5,3,6,10,35,65,122,230,309,521,874,221,15,20,27,38,46,76,103,127,138,171,181,340,505,369,176,45,51,16,5
Barbados,2013,2451,42,47,5,2,6,10,33,64,119,233,317,510,882,224,15,18,27,37,45,74,104,129,139,178,177,333,504,378,175,49,49,16,5
Barbados,2014,2441,40,45,5,1,6,10,31,64,117,234,325,509,867,226,14,17,28,36,44,73,103,131,140,185,181,328,478,389,176,50,46,16,6
Barbados,2015,2440,39,44,5,0,6,10,30,63,116,234,336,511,857,226,13,17,28,35,45,71,103,131,143,193,184,327,466,391,177,49,44,16,6
Barbados,2016,2450,38,43,5,0,6,10,29,63,114,233,344,509,861,233,13,16,28,35,43,71,101,132,144,200,190,319,469,392,183,50,43,16,6
Barbados,2017,2471,37,42,5,0,6,10,29,63,111,235,352,506,872,238,13,16,28,35,41,70,101,134,147,205,195,311,474,398,188,50,42,16,7
Barbados,2018,2497,36,40,4,0,6,10,28,63,112,232,361,510,883,249,12,16,28,35,41,71,99,133,149,212,201,309,485,398,197,52,40,16,7
Barbados,2019,2497,35,39,4,0,5,10,28,60,110,231,364,519,873,248,12,16,27,33,39,71,98,133,147,217,205,314,484,389,198,50,39,15,7
Barbados,2020,2519,34,38,4,0,5,8,27,61,109,225,372,531,872,259,12,15,27,34,37,72,94,131,146,226,211,320,486,386,206,53,38,13,8
Barbados,2021,2533,33,37,4,0,4,7,23,61,106,223,383,544,877,258,11,12,27,34,36,70,95,128,146,237,214,330,484,393,204,54,37,11,8
Belarus,1950,114067,12480,19091,6611,796,652,1106,2856,3163,7008,10748,20636,27460,16367,4003,1568,1288,1080,2083,2980,4028,4579,6169,9339,11297,13379,14081,9752,6615,3062,941,19887,1758,177
Belarus,1951,109682,12203,18727,6524,1459,634,1075,2938,2940,6645,10293,19507,25577,15627,4063,1579,1359,1070,1870,2793,3852,4467,5826,8835,10672,12633,12944,9405,6222,3123,940,20186,1709,197
Belarus,1952,102226,11627,17506,5879,974,594,1029,2932,2717,6168,9762,18178,23532,14636,3992,1534,1398,1090,1627,2579,3589,4320,5442,8180,9998,11767,11765,8959,5677,3029,963,18480,1623,208
Belarus,1953,96420,11000,16251,5251,1097,542,1000,2893,2561,5744,9336,17077,21968,13825,3908,1458,1435,1134,1427,2390,3354,4187,5149,7596,9481,11044,10924,8579,5246,2899,1009,17348,1542,215
Belarus,1954,91337,10333,14994,4661,1133,493,983,2847,2474,5358,9004,16170,20780,13109,3781,1387,1460,1194,1280,2208,3150,4079,4925,7111,9059,10427,10353,8148,4961,2730,1051,16127,1476,213
Belarus,1955,86190,9639,13773,4134,954,450,950,2773,2432,4948,8666,15267,19742,12418,3612,1309,1464,1242,1190,1996,2952,3899,4767,6637,8630,9861,9881,7661,4757,2544,1068,14727,1400,201
Belarus,1956,82506,8950,12616,3666,1099,417,913,2720,2479,4603,8459,14531,19092,11942,3441,1263,1457,1313,1166,1808,2795,3776,4683,6269,8262,9526,9566,7295,4647,2372,1069,13715,1330,194
Belarus,1957,78591,8275,11523,3248,828,413,855,2640,2559,4253,8240,13797,18519,11527,3235,1217,1423,1370,1189,1613,2640,3619,4621,5948,7849,9266,9253,6967,4560,2192,1043,12351,1268,199
Belarus,1958,70099,7628,10511,2883,826,387,722,2371,2456,3629,7385,12076,16508,10247,2780,1105,1266,1313,1143,1336,2293,3202,4183,5252,6824,8311,8197,6164,4083,1872,908,11337,1109,199
Belarus,1959,71480,7004,9574,2570,761,429,691,2444,2724,3603,7688,12380,17275,10806,2864,1153,1291,1437,1287,1311,2292,3286,4402,5431,6949,8742,8533,6524,4282,1955,909,10335,1120,236
Belarus,1960,65165,6413,8713,2300,698,416,584,2190,2628,3142,6956,11171,15837,9973,2611,1039,1151,1366,1262,1171,1971,2956,4000,4989,6182,8030,7807,6073,3900,1824,787,9411,1000,243
Belarus,1961,64463,5863,7927,2064,635,443,544,2133,2748,3026,6890,11075,15973,10154,2655,1002,1131,1390,1358,1188,1838,2903,3987,5041,6034,8027,7946,6229,3925,1900,755,8562,987,257
Belarus,1962,67272,5280,7139,1859,613,484,582,2214,3046,3153,7263,11781,17048,10861,2817,1017,1197,1498,1548,1346,1807,3047,4216,5466,6315,8435,8613,6712,4149,2064,753,7752,1066,270
Belarus,1963,67361,4642,6311,1669,651,495,610,2149,3150,3176,7258,11974,17359,11118,2850,940,1209,1490,1660,1476,1700,3019,4239,5616,6358,8420,8939,6884,4234,2117,733,6962,1105,263
Belarus,1964,63629,3986,5470,1484,589,468,624,1984,3065,3069,6809,11466,16522,10647,2676,821,1163,1398,1667,1532,1537,2792,4017,5419,6047,7877,8645,6574,4073,1991,685,6059,1092,234
Belarus,1965,65200,3510,4810,1300,561,477,696,1975,3219,3288,6884,11968,17114,11218,2766,784,1191,1418,1801,1720,1568,2747,4137,5613,6355,8017,9097,6902,4316,2045,721,5371,1173,223
Belarus,1966,65905,3173,4304,1131,545,481,761,1909,3289,3523,6780,12282,17328,11690,2806,742,1167,1420,1869,1888,1635,2614,4166,5710,6572,8019,9309,7210,4480,2062,744,4849,1242,209
Belarus,1967,66532,2949,3943,994,549,482,793,1886,3354,3831,6630,12581,17396,12082,2806,767,1119,1435,1919,2048,1783,2445,4185,5764,6817,8039,9357,7507,4575,2056,750,4492,1275,195
Belarus,1968,69063,2778,3673,895,512,502,833,1891,3450,4281,6646,13205,18053,12910,2919,835,1056,1492,1958,2255,2026,2358,4288,5970,7235,8387,9666,8088,4822,2146,773,4185,1335,191
Belarus,1969,69516,2641,3467,826,450,508,842,1903,3486,4657,6474,13433,18081,13140,2895,930,973,1537,1949,2406,2251,2253,4221,6011,7422,8497,9584,8300,4840,2152,743,3917,1350,180
Belarus,1970,72768,2625,3403,778,449,521,867,1974,3567,5174,6516,14047,19009,14023,3033,1046,928,1590,1977,2618,2556,2316,4200,6253,7794,9088,9921,8896,5127,2285,748,3852,1388,181
Belarus,1971,73150,2616,3369,753,424,506,855,1966,3445,5420,6300,14036,19221,14374,3059,1112,854,1519,1926,2660,2760,2376,3924,6198,7838,9354,9867,9068,5306,2328,731,3793,1361,175
Belarus,1972,75662,2574,3319,745,388,512,883,2101,3483,5848,6382,14455,20093,14921,3107,1190,911,1492,1991,2793,3055,2659,3723,6364,8091,9959,10134,9304,5617,2387,720,3707,1395,170
Belarus,1973,76449,2525,3268,743,366,491,891,2182,3370,6005,6390,14453,20591,15168,3115,1209,973,1361,2009,2755,3250,2937,3453,6312,8141,10297,10294,9323,5845,2403,712,3634,1382,161
Belarus,1974,78927,2562,3304,742,360,473,920,2367,3376,6295,6662,14698,21533,15610,3169,1252,1115,1269,2107,2773,3522,3325,3337,6333,8365,10817,10716,9483,6127,2447,722,3664,1393,153
Belarus,1975,83110,2549,3292,743,373,465,962,2611,3452,6725,7252,15115,23018,16389,3312,1320,1291,1230,2222,2847,3878,3810,3442,6330,8785,11442,11576,9849,6540,2562,750,3665,1427,147
Belarus,1976,85349,2582,3325,743,359,441,965,2778,3362,6921,7839,14972,24042,16773,3430,1349,1429,1165,2197,2863,4058,4216,3623,6024,8948,11807,12235,10008,6765,2671,759,3684,1406,139
Belarus,1977,87705,2615,3354,739,356,419,975,2912,3374,7152,8649,14754,25049,17059,3522,1389,1523,1236,2138,2934,4218,4620,4029,5630,9124,12094,12955,10195,6864,2769,753,3710,1394,130
Belarus,1978,91182,2636,3373,737,361,401,969,3044,3382,7341,9653,14703,26388,17757,3681,1447,1597,1377,2005,3063,4278,5054,4599,5351,9352,12559,13829,10689,7068,2922,759,3734,1370,126
Belarus,1979,93698,2632,3366,734,358,395,950,3180,3480,7550,10681,14502,27244,18150,3719,1516,1664,1602,1878,3244,4306,5479,5202,5143,9359,12836,14408,11052,7098,2981,738,3724,1345,122
Belarus,1980,96004,2618,3343,725,364,385,896,3184,3500,7485,11545,14215,28081,19034,3854,1513,1671,1777,1723,3276,4209,5787,5758,5125,9090,13143,14938,11780,7254,3115,739,3707,1281,121
Belarus,1981,98058,2546,3244,698,345,382,854,3251,3625,7516,12419,13997,28688,19713,3908,1530,1721,1988,1637,3264,4252,6064,6355,5386,8611,13353,15335,12394,7319,3169,739,3589,1236,116
Belarus,1982,98543,2512,3186,674,343,372,792,3253,3766,7367,12943,13707,28684,20148,3870,1517,1736,2073,1693,3103,4264,6154,6789,5868,7839,13325,15359,12848,7300,3139,731,3529,1164,109
Belarus,1983,103067,2500,3157,657,344,378,762,3347,4100,7426,13736,14245,29875,21570,4019,1521,1826,2194,1906,2933,4493,6273,7463,6759,7486,13792,16083,13829,7741,3259,760,3501,1140,106
Belarus,1984,106676,2445,3089,644,347,382,756,3418,4510,7524,14411,14922,30485,22652,4079,1500,1918,2288,2222,2746,4778,6308,8103,7701,7221,13911,16574,14541,8111,3310,769,3436,1138,103
Belarus,1985,107721,2347,2980,633,348,373,728,3289,4720,7268,14527,15524,30234,23508,4123,1394,1895,2272,2448,2488,4780,6086,8441,8417,7107,13395,16839,14941,8567,3342,781,3328,1101,99
Belarus,1986,105589,2358,2974,616,324,346,672,3002,4707,6619,14012,15976,28907,23849,4105,1228,1774,2165,2542,2188,4431,5733,8279,8834,7142,12260,16647,15000,8849,3318,787,3298,1018,98
Belarus,1987,107164,2192,2790,598,314,343,667,2940,4887,6540,14264,17406,28175,24590,4154,1158,1782,2206,2681,2288,4252,5814,8450,9537,7869,11295,16880,15268,9322,3363,791,3104,1010,97
Belarus,1988,109697,2105,2684,579,313,345,675,2895,5130,6543,14547,19184,27610,25389,4290,1115,1780,2307,2823,2560,3983,6067,8480,10303,8881,10537,17073,15616,9773,3490,800,2997,1020,97
Belarus,1989,115971,1952,2507,555,301,353,689,2863,5362,6731,15054,21659,28256,27419,4676,1112,1751,2418,2944,2995,3736,6485,8569,11325,10334,10446,17810,16719,10700,3829,847,2808,1042,100
Belarus,1990,117128,1792,2326,534,308,350,691,2798,5483,6880,15073,23290,27281,27742,4815,1110,1688,2465,3018,3398,3482,6642,8431,11950,11340,10260,17021,16879,10863,3981,834,2634,1041,97
Belarus,1991,119911,1666,2178,512,312,350,696,2754,5659,7170,15218,25073,26913,28460,5035,1123,1631,2521,3138,3838,3332,6658,8560,12529,12544,10790,16123,17261,11199,4195,840,2490,1046,96
Belarus,1992,124296,1616,2105,489,315,348,704,2695,5797,7615,15257,26795,27428,29735,5408,1136,1559,2560,3237,4085,3530,6454,8803,12983,13812,12177,15251,18020,11715,4540,868,2420,1052,97
Belarus,1993,132354,1516,1984,468,303,358,747,2779,6204,8615,15866,29083,29161,31346,5816,1205,1574,2667,3537,4483,4132,6288,9578,13567,15516,14323,14838,18936,12410,4900,916,2287,1105,98
Belarus,1994,125859,1430,1875,445,275,332,717,2645,5948,8895,14973,28031,27845,28745,5489,1161,1484,2468,3480,4376,4519,5495,9478,12602,15429,14832,13013,17196,11549,4620,869,2150,1049,89
Belarus,1995,131378,1319,1735,416,284,330,734,2707,6039,9807,15143,29338,30081,29229,5861,1190,1517,2422,3617,4575,5232,5230,9913,12671,16667,16769,13312,17048,12181,4920,941,2019,1064,92
Belarus,1996,131981,1235,1616,381,262,318,714,2655,5836,10326,14491,29438,31953,28253,6024,1167,1488,2263,3573,4610,5716,4863,9628,12483,16955,18145,13808,15907,12346,5030,994,1878,1032,93
Belarus,1997,136624,1132,1478,346,210,315,712,2689,5792,10848,14532,30310,35428,27863,6348,1183,1506,2166,3626,4770,6078,5200,9332,12818,17492,19886,15542,14984,12879,5257,1091,1688,1027,96
Belarus,1998,138781,1108,1419,311,203,300,690,2686,5601,11181,14325,30343,38495,26923,6515,1186,1500,2055,3546,4909,6272,5758,8567,13139,17204,21108,17387,13959,12964,5359,1156,1622,990,101
Belarus,1999,144288,1058,1337,279,185,288,680,2716,5492,11561,14641,30905,42549,26957,6873,1205,1511,2041,3451,5092,6469,6697,7944,13833,17072,22700,19849,13756,13201,5631,1242,1522,968,110
Belarus,2000,138003,994,1248,254,160,253,614,2514,4958,10952,13947,28730,42762,25047,6702,1117,1397,1894,3064,4801,6151,7051,6896,13133,15597,22263,20499,13032,12015,5481,1221,1408,867,114
Belarus,2001,144755,907,1141,234,137,236,610,2531,4884,11351,14695,29189,46637,26035,7178,1122,1409,1920,2964,4911,6440,7987,6708,13221,15968,23511,23126,14259,11776,5867,1311,1278,846,130
Belarus,2002,151510,819,1035,216,126,217,612,2577,4848,11840,15957,29549,49840,27279,7489,1132,1445,1970,2878,5056,6784,8623,7334,12965,16584,24430,25410,16155,11124,6124,1365,1161,829,144
Belarus,2003,148407,756,953,197,126,185,566,2448,4514,11497,16458,27801,48977,27471,7266,1056,1392,1884,2630,4757,6740,8578,7880,11458,16343,23116,25861,17440,10031,5927,1339,1079,751,146
Belarus,2004,145801,707,889,182,103,162,514,2316,4258,10978,17057,26262,47776,28274,7062,983,1333,1787,2471,4365,6613,8382,8675,10058,16204,21670,26106,18829,9445,5718,1344,992,676,150
Belarus,2005,148151,661,828,167,106,147,484,2266,4215,10800,18294,25693,48059,30175,6923,948,1318,1760,2455,4139,6661,8543,9751,9369,16324,21069,26990,20589,9586,5530,1393,934,631,157
Belarus,2006,144664,623,778,155,85,128,420,2110,3981,10092,18639,23829,46516,31426,6491,877,1233,1654,2327,3735,6357,8365,10274,8583,15246,20133,26383,21592,9834,5084,1407,863,548,161
Belarus,2007,139199,599,743,144,81,110,349,1927,3700,9222,18058,22212,44253,32386,5990,798,1129,1535,2165,3290,5932,8014,10044,8662,13550,19167,25086,21958,10428,4573,1417,824,459,166
Belarus,2008,140568,566,702,136,73,100,307,1838,3648,8819,18439,21893,43870,34833,5865,754,1084,1521,2127,3094,5725,8195,10244,9625,12268,19460,24410,23095,11738,4396,1469,775,407,177
Belarus,2009,141899,543,673,130,70,92,273,1732,3556,8360,18477,21947,43395,37213,5923,698,1034,1492,2064,2987,5373,8235,10242,10908,11039,19842,23553,24028,13185,4409,1514,743,365,194
Belarus,2010,144325,493,620,127,70,85,247,1651,3509,8067,18710,22567,43003,39452,6137,653,998,1475,2034,2978,5089,8282,10428,12250,10317,19996,23007,24882,14570,4617,1520,690,332,211
Belarus,2011,142061,457,582,125,60,79,216,1519,3360,7568,18418,22760,41194,39797,6277,574,945,1410,1950,2884,4684,8036,10382,13084,9676,18893,22301,24412,15385,4829,1448,642,295,221
Belarus,2012,133211,445,565,120,52,68,179,1291,3006,6597,16877,21982,37357,38473,6525,461,830,1252,1754,2601,3996,7246,9631,12395,9587,16387,20970,22891,15582,5159,1366,617,247,235
Belarus,2013,132318,429,546,117,59,61,161,1158,2870,6161,16416,22857,35751,38744,7278,395,763,1172,1698,2493,3668,6808,9608,12340,10517,14614,21137,22243,16501,5906,1372,605,222,259
Belarus,2014,128437,405,519,114,48,54,142,1020,2701,5785,15514,23502,33539,37481,7857,338,682,1086,1615,2348,3437,6178,9336,11927,11575,12717,20822,20838,16643,6490,1367,567,196,268
Belarus,2015,127107,381,493,112,46,49,128,908,2553,5544,14715,24373,32060,37268,8694,295,613,1013,1540,2231,3313,5649,9066,11739,12634,11565,20495,20158,17110,7227,1467,539,177,277
Belarus,2016,126937,349,459,110,44,47,119,803,2449,5391,14101,25444,30681,37492,9624,259,544,965,1484,2156,3235,5242,8859,11784,13660,11009,19672,20168,17324,7982,1642,503,166,284
Belarus,2017,127460,290,394,104,38,45,113,708,2363,5295,13568,25949,30170,37958,10571,233,475,926,1437,2116,3179,4878,8690,11884,14065,11823,18347,20513,17445,8676,1895,432,158,291
Belarus,2018,128588,244,340,96,44,42,105,633,2271,5261,13040,26612,29989,38397,11550,214,419,879,1392,2116,3145,4625,8415,12211,14401,13330,16659,21103,17294,9359,2191,384,147,300
Belarus,2019,134161,217,303,86,37,43,102,606,2288,5469,13150,28179,31491,39563,12607,209,397,867,1421,2215,3254,4771,8379,12996,15183,15896,15595,22218,17345,10052,2555,340,145,323
Belarus,2020,159349,195,272,77,39,41,101,601,2530,6241,14725,33161,38335,47719,15206,209,392,925,1605,2541,3700,5514,9211,15122,18039,21000,17335,26799,20920,12022,3184,311,142,380
Belarus,2021,158349,175,246,71,50,39,95,581,2451,6306,14517,34386,39882,44602,14786,207,374,865,1586,2563,3743,5596,8921,15416,18970,23088,16794,24920,19682,11425,3361,296,134,410
Belgium,1950,108041,7646,8708,1062,330,332,647,2363,2797,6581,12498,21334,31254,18989,2190,1033,1330,1040,1757,2548,4033,5538,6960,8973,12361,15175,16079,12678,6311,1894,296,9038,979,16
Belgium,1951,109764,7032,8118,1086,396,295,482,1966,2540,6196,12628,21489,32909,20203,2519,901,1065,969,1571,2400,3796,5631,6997,9111,12378,15798,17111,13183,7020,2207,312,8514,777,21
Belgium,1952,104187,6508,7448,940,356,242,433,1600,2110,5675,12205,20432,31420,19821,2418,689,911,908,1202,2115,3560,5274,6931,8842,11590,15037,16383,12860,6961,2126,292,7804,675,22
Belgium,1953,105792,6049,6892,843,335,242,393,1558,2011,5488,12244,20792,32311,21115,2382,699,859,950,1061,2035,3453,5176,7068,8878,11914,15155,17156,13581,7534,2079,303,7227,635,23
Belgium,1954,105059,6137,6972,835,417,234,367,1472,1941,5386,12215,20557,31744,21146,2581,662,810,1029,912,2024,3362,5195,7020,8829,11728,14811,16933,13806,7340,2243,338,7389,601,26
Belgium,1955,108704,6007,6898,891,414,235,374,1457,1943,5279,12351,20760,33069,22996,2898,638,819,967,976,1928,3351,5156,7195,8996,11764,15476,17593,14922,8074,2509,389,7312,609,28
Belgium,1956,108790,5864,6624,760,346,259,355,1382,2016,4887,12408,21288,32961,23269,2967,593,789,981,1035,1825,3062,5035,7373,9267,12021,15463,17498,15115,8154,2566,401,6970,614,28
Belgium,1957,107744,5480,6221,741,391,284,384,1383,2025,4709,12441,21396,32649,22907,2924,639,744,948,1077,1634,3075,5051,7390,9536,11860,15460,17189,14933,7974,2538,386,6612,668,26
Belgium,1958,106110,4846,5517,671,363,260,419,1321,2008,4344,12299,20811,32111,23585,3046,580,741,901,1107,1400,2944,4971,7328,9211,11600,15066,17045,15113,8472,2640,406,5880,679,29
Belgium,1959,103981,4772,5539,767,377,288,388,1280,2051,4100,11836,20856,30703,23395,3137,566,714,847,1204,1263,2837,4658,7178,9500,11356,14308,16395,14976,8419,2708,429,5916,676,32
Belgium,1960,114030,4764,5403,639,351,276,373,1364,2068,4220,12646,23195,34543,25795,3750,654,710,877,1191,1316,2904,4862,7784,10505,12690,16027,18516,16191,9604,3228,522,5754,649,39
Belgium,1961,107014,4469,5083,614,342,261,373,1292,2178,3960,11850,22272,31729,24296,3343,607,685,882,1296,1314,2646,4602,7248,10069,12203,14518,17211,15171,9125,2865,478,5425,634,36
Belgium,1962,112871,4234,4851,617,351,280,419,1236,2138,4040,12041,23750,33414,26450,3857,609,627,876,1262,1535,2505,4602,7439,10615,13135,15214,18200,16189,10261,3302,555,5202,699,41
Belgium,1963,117013,4330,4968,638,318,301,462,1167,2103,3990,12105,24797,34376,28135,4247,564,603,867,1236,1734,2256,4643,7462,11024,13773,15936,18440,17429,10706,3644,603,5286,763,44
Belgium,1964,110269,4066,4617,551,341,245,514,1290,2057,4007,11535,23947,32466,25387,3820,625,665,830,1227,1850,2157,4426,7109,10435,13512,15374,17092,15568,9819,3269,551,4958,759,42
Belgium,1965,115216,3604,4203,599,335,283,509,1220,2096,4075,11774,25054,34388,26931,4296,597,623,867,1229,1885,2190,4462,7312,11017,14037,16226,18162,16694,10237,3668,628,4538,792,50
Belgium,1966,115762,3657,4242,585,380,279,517,1209,1912,4111,11188,25437,34402,27506,4523,576,633,740,1172,1827,2284,4129,7059,11046,14391,16463,17939,16920,10586,3841,682,4622,796,56
Belgium,1967,115252,3277,3811,534,333,258,502,1227,1832,4250,10929,25279,34892,27220,4667,640,587,721,1111,1832,2418,3883,7046,10763,14516,17066,17826,16656,10564,3976,691,4144,760,57
Belgium,1968,121896,3002,3572,570,350,288,544,1254,1817,4442,10816,26245,37517,29779,5205,691,563,737,1080,1796,2646,3614,7202,10958,15287,18180,19337,17891,11888,4411,794,3922,832,64
Belgium,1969,120597,2979,3553,574,333,313,553,1309,1812,4742,10405,26379,37626,28580,4930,703,606,718,1094,1756,2986,3440,6965,10861,15518,18498,19128,17236,11344,4168,762,3886,866,61
Belgium,1970,118888,2991,3496,505,350,304,553,1264,1871,4739,9902,26143,37385,27819,4996,689,575,727,1144,1792,2947,3197,6705,10712,15431,18291,19094,16785,11034,4206,790,3846,857,65
Belgium,1971,119595,2847,3360,513,323,291,622,1365,1693,4643,9703,25670,37931,28670,5255,747,618,658,1035,1767,2876,3390,6313,10560,15110,18696,19235,17243,11427,4415,840,3683,913,71
Belgium,1972,117479,2519,3023,504,300,267,643,1406,1687,4665,9683,24722,37703,27993,5316,792,614,682,1005,1800,2865,3818,5865,10042,14680,18475,19228,16930,11063,4461,855,3323,910,74
Belgium,1973,118262,2219,2643,424,315,250,657,1439,1651,4524,9347,24300,38469,29175,5415,766,673,667,984,1695,2829,4236,5111,9728,14572,18616,19853,17481,11694,4557,858,2958,907,75
Belgium,1974,116198,2107,2519,412,271,291,638,1410,1589,4357,8905,23451,38234,28832,5624,798,612,650,939,1618,2739,4314,4591,9522,13929,18397,19837,17327,11505,4720,904,2790,929,82
Belgium,1975,119536,1890,2273,383,244,250,609,1424,1591,4278,9234,23171,40061,30450,5863,761,663,660,931,1616,2662,4415,4819,9092,14079,19131,20930,18501,11949,4890,973,2517,859,89
Belgium,1976,118940,1838,2210,372,251,252,641,1381,1696,4224,9292,22714,39665,30389,6131,744,637,728,968,1521,2703,4312,4980,8840,13874,18594,21071,18371,12018,5097,1034,2461,893,93
Belgium,1977,112715,1638,1953,315,250,220,641,1490,1620,4071,9591,20955,37811,28619,5410,814,676,734,886,1487,2584,4361,5230,7913,13042,17788,20023,17531,11088,4468,942,2203,861,86
Belgium,1978,115529,1598,1899,301,256,252,637,1564,1703,4049,10193,19904,38444,30543,5984,813,751,801,902,1460,2589,4212,5981,7191,12713,17841,20603,18510,12033,4914,1070,2155,889,98
Belgium,1979,112131,1503,1820,317,218,215,641,1528,1713,3959,10189,18412,37365,30097,5873,797,731,782,931,1434,2525,4068,6121,6387,12025,17078,20287,18457,11640,4787,1086,2038,856,102
Belgium,1980,113796,1491,1801,310,207,199,614,1550,1748,3829,10220,18496,37426,31346,6245,806,744,834,914,1466,2363,4002,6218,6460,12036,16846,20580,18964,12382,5073,1172,2008,813,114
Belgium,1981,112387,1404,1690,286,183,190,554,1489,1720,3605,9863,18001,36799,31824,6347,794,695,816,904,1310,2295,3810,6053,6638,11363,16293,20506,19146,12678,5189,1158,1873,744,120
Belgium,1982,112052,1333,1587,254,171,192,512,1469,1716,3408,9987,17543,36081,32699,6556,756,713,755,961,1274,2134,3907,6080,7234,10309,16078,20003,19501,13198,5354,1202,1758,704,131
Belgium,1983,114676,1229,1493,264,168,190,480,1383,1922,3531,9620,17112,36613,34902,7114,694,689,894,1028,1344,2187,3778,5842,7936,9176,16234,20379,20639,14263,5803,1311,1661,670,146
Belgium,1984,110904,1156,1408,252,145,166,443,1383,1864,3358,9089,16748,35226,33748,7166,705,678,835,1029,1231,2127,3470,5619,8432,8316,15636,19590,20089,13659,5811,1355,1553,609,157
Belgium,1985,111917,1120,1327,207,159,161,435,1390,1805,3361,8797,17158,34808,34587,7750,691,699,775,1030,1336,2025,3383,5414,8687,8471,15027,19781,20295,14292,6261,1489,1486,596,175
Belgium,1986,111784,1139,1320,181,156,140,422,1368,1886,3342,8436,17110,33585,35822,8020,686,682,771,1115,1382,1960,3075,5361,8282,8828,14272,19313,20810,15012,6504,1516,1476,562,175
Belgium,1987,105507,1132,1321,189,137,143,402,1372,1882,3235,8176,16912,30572,33582,7606,679,693,825,1057,1331,1904,2998,5178,7733,9179,12588,17984,19399,14183,6157,1449,1458,545,169
Belgium,1988,104840,1083,1279,196,110,125,421,1350,1785,3194,7792,17538,29318,33508,8226,710,640,782,1003,1480,1714,2885,4907,7579,9959,11337,17981,19004,14504,6619,1607,1389,546,195
Belgium,1989,107556,1033,1205,172,121,128,442,1340,1820,3152,7591,18041,28480,35674,9334,687,653,816,1004,1432,1720,2755,4836,7295,10746,10356,18124,19904,15770,7456,1878,1326,570,231
Belgium,1990,104342,988,1189,201,136,120,398,1340,1805,3326,7176,17492,27082,34784,9264,660,680,787,1018,1538,1788,2662,4514,6976,10516,9966,17116,19270,15514,7420,1844,1325,518,225
Belgium,1991,104380,1045,1209,164,105,124,392,1364,1807,3335,6905,17320,26979,34824,9775,640,724,817,990,1472,1863,2556,4349,6977,10343,10715,16264,19169,15655,7788,1987,1314,516,243
Belgium,1992,104419,1006,1176,170,126,123,355,1226,1881,3538,6655,17132,26709,34979,10259,602,624,846,1035,1494,2044,2582,4073,6969,10163,11619,15090,19113,15866,8139,2120,1302,478,262
Belgium,1993,107035,952,1112,160,98,112,368,1289,1812,3666,6497,16701,27041,36684,11362,612,677,766,1046,1532,2134,2476,4021,6592,10109,13083,13958,19792,16892,8992,2370,1210,480,294
Belgium,1994,103861,865,1024,159,88,116,367,1221,1851,3687,6607,16080,25918,35480,11130,634,587,770,1081,1549,2138,2612,3995,6418,9662,13784,12134,18948,16532,8789,2341,1112,483,293
Belgium,1995,105084,691,864,173,88,132,330,1165,1863,3793,6584,16133,26791,35365,11654,547,618,788,1075,1534,2259,2632,3952,6451,9682,14046,12745,18709,16656,9121,2533,952,462,321
Belgium,1996,104722,615,746,131,86,120,332,1135,1792,3812,6414,15187,26990,35333,12425,544,591,757,1035,1539,2273,2742,3672,5887,9300,13721,13269,18262,17071,9667,2758,832,452,352
Belgium,1997,104080,640,763,123,96,84,310,1073,1760,3666,6644,14755,27654,34229,12681,488,585,712,1048,1497,2169,2951,3693,5602,9153,13253,14401,17066,17163,9833,2848,859,394,365
Belgium,1998,104841,586,728,142,104,101,313,1026,1628,3717,6730,14849,29601,32846,12821,491,535,675,953,1498,2219,3091,3639,5600,9249,13304,16297,15405,17441,9885,2936,832,414,379
Belgium,1999,105175,555,683,128,95,99,315,1022,1656,3680,6818,14431,29957,32119,13862,489,533,662,994,1469,2211,3153,3665,5555,8876,12720,17237,14404,17715,10580,3282,778,414,436
Belgium,2000,105330,561,700,139,62,101,331,1083,1702,3671,6880,13830,30067,32272,14174,550,533,707,995,1466,2205,3172,3708,5313,8517,12697,17370,14591,17681,10773,3401,762,432,460
Belgium,2001,103841,522,665,143,99,99,316,1014,1587,3797,7006,13187,28967,32228,14379,488,526,648,939,1524,2273,3200,3806,5124,8063,12082,16885,15331,16897,10866,3513,764,415,493
Belgium,2002,106079,496,623,127,87,88,284,946,1515,3639,7324,13015,29160,33500,15345,447,499,595,920,1400,2239,3240,4084,5069,7946,12028,17132,17468,16032,11530,3815,710,372,553
Belgium,2003,107257,470,594,124,58,90,255,940,1408,3555,7494,12452,29127,34662,16038,448,492,538,870,1369,2186,3164,4330,4936,7516,12067,17060,19853,14809,12047,3991,652,345,583
Belgium,2004,102274,447,548,101,55,72,253,884,1319,3444,7315,11797,27510,33323,15184,426,458,542,777,1352,2092,3160,4155,4756,7041,11309,16201,20142,13181,11402,3782,603,325,570
Belgium,2005,103473,447,567,120,77,80,228,766,1293,3472,7438,11975,26884,34691,15401,353,413,528,765,1362,2110,3064,4374,4934,7041,11172,15712,20601,14090,11483,3918,644,308,599
Belgium,2006,101772,496,605,109,63,73,221,779,1345,3364,7275,11792,25815,35202,14620,356,423,547,798,1280,2084,3016,4259,5078,6714,10286,15529,20086,15116,10700,3920,668,294,614
Belgium,2007,102358,508,616,108,54,88,253,790,1304,3298,7414,11836,25334,36645,14071,393,397,531,773,1252,2046,3158,4256,5352,6484,10025,15309,19688,16957,9983,4088,670,341,654
Belgium,2008,104877,486,578,92,58,64,247,779,1224,3320,7655,12255,24902,39255,13828,344,435,465,759,1256,2064,3184,4471,5791,6464,9639,15263,20003,19252,9426,4402,636,311,711
Belgium,2009,104712,439,556,117,55,69,207,741,1207,3173,7581,12239,24460,40277,13427,348,393,469,738,1197,1976,3232,4349,5793,6446,9585,14875,19659,20618,8928,4499,611,276,718
Belgium,2010,105369,466,571,105,51,69,189,794,1191,3064,7238,12555,23835,40712,14334,354,440,471,720,1116,1948,3044,4194,6013,6542,9364,14471,19597,21115,9714,4620,622,258,765
Belgium,2011,104226,423,534,111,69,64,203,748,1122,2967,7372,12583,22729,39960,15121,330,418,474,648,1094,1873,2968,4404,5997,6586,9054,13675,19156,20804,10961,4160,603,267,761
Belgium,2012,109049,472,579,107,65,75,189,636,1105,2847,7462,13124,22635,42016,17468,300,336,465,640,1056,1791,3083,4379,5960,7164,9105,13530,19858,22158,13328,4140,644,264,854
Belgium,2013,109419,427,536,109,57,48,165,674,1066,2823,7243,13490,22310,41720,18402,299,375,410,656,1056,1767,2894,4349,5884,7606,8869,13441,19657,22063,14585,3817,593,213,884
Belgium,2014,104790,416,504,88,44,65,177,621,1029,2680,6959,13196,20753,39264,18595,296,325,443,586,1029,1651,2757,4202,5541,7655,8308,12445,18600,20664,14956,3639,548,242,906
Belgium,2015,110843,395,480,85,58,58,143,605,1039,2617,7021,13782,21530,41136,21383,298,307,437,602,963,1654,2690,4331,5992,7790,8565,12965,19190,21946,16835,4548,538,201,994
Belgium,2016,108163,382,459,77,64,43,150,616,1049,2525,6665,13660,21169,39671,21243,265,351,454,595,952,1573,2663,4002,5853,7807,8813,12356,18085,21586,16199,5044,523,193,852
Belgium,2017,109875,425,509,84,60,67,149,583,1050,2437,6387,13507,21423,40040,22858,264,319,425,625,893,1544,2461,3926,5764,7743,9468,11955,17695,22345,16930,5928,569,216,801
Belgium,2018,110929,440,519,79,55,56,131,550,1039,2377,6332,13532,21601,40211,23739,251,299,422,617,868,1509,2431,3901,5823,7709,9911,11690,17718,22493,17058,6681,574,187,785
Belgium,2019,109123,423,487,64,46,55,144,532,985,2308,6065,13131,21533,39119,23926,227,305,406,579,856,1452,2396,3669,5648,7483,10221,11312,16973,22146,16964,6962,533,199,789
Belgium,2020,127440,367,424,57,49,66,131,518,1032,2385,6462,14444,25042,46166,29656,228,290,427,605,889,1496,2451,4011,6021,8423,11726,13316,20317,25849,21052,8604,473,197,1064
Belgium,2021,110280,404,463,59,42,49,134,513,1031,2266,5900,13830,24076,36607,24304,217,296,428,603,925,1341,2212,3688,5797,8033,11206,12870,15966,20641,17167,7137,505,183,1062
Belize,1950,1196,443,595,152,29,15,21,52,57,69,94,116,97,42,8,25,27,25,32,33,36,43,51,56,60,52,45,26,16,6,2,624,36,0
Belize,1951,1238,473,638,165,30,15,20,51,55,71,94,116,99,41,7,25,26,25,30,35,36,43,51,56,60,54,45,26,15,6,1,668,35,0
Belize,1952,1257,470,647,177,30,15,20,52,55,72,95,118,104,43,7,25,27,25,30,35,37,43,52,57,61,57,47,30,13,6,1,677,35,0
Belize,1953,1255,462,643,181,35,15,19,50,53,71,94,118,107,43,6,25,25,25,28,34,37,43,51,57,61,59,48,31,12,6,0,678,34,0
Belize,1954,1232,454,635,181,32,15,18,48,51,69,91,115,108,44,6,23,25,25,26,32,37,42,49,55,60,59,49,32,12,6,0,667,33,0
Belize,1955,1238,449,630,181,38,15,18,46,50,69,92,116,113,48,5,21,25,25,25,32,37,42,50,56,60,63,50,35,13,5,0,668,33,0
Belize,1956,1222,439,610,171,36,15,18,45,50,67,92,117,118,50,5,20,25,25,25,30,37,42,50,56,61,64,54,36,14,5,0,646,33,0
Belize,1957,1199,433,601,168,36,15,17,43,48,64,89,115,117,56,5,20,23,23,25,28,36,41,48,55,60,62,55,40,16,5,0,637,32,0
Belize,1958,1172,426,591,165,37,15,17,40,42,59,86,112,116,56,4,20,20,20,22,26,33,39,47,54,58,60,56,40,16,4,0,628,32,0
Belize,1959,1150,419,579,160,35,15,16,40,40,56,83,109,117,56,4,20,20,20,20,24,32,38,45,53,56,60,57,40,16,4,0,614,31,0
Belize,1960,1131,411,567,156,33,15,15,40,40,53,83,107,116,60,4,20,20,20,20,23,30,38,45,52,55,60,56,43,17,4,0,600,30,0
Belize,1961,1416,445,666,221,88,37,26,50,54,68,99,125,127,69,5,25,25,25,29,30,38,46,53,60,65,65,62,49,20,5,0,754,63,0
Belize,1962,1140,402,552,150,34,15,15,39,40,53,84,113,120,70,5,19,20,20,20,23,30,38,46,53,60,60,60,49,21,5,0,586,30,0
Belize,1963,1135,395,544,149,37,15,15,35,40,50,84,113,120,74,7,15,20,20,20,22,28,38,46,53,60,60,60,49,25,7,0,581,30,0
Belize,1964,1136,389,538,149,37,15,19,32,38,50,85,113,123,79,7,15,17,18,20,22,28,38,47,53,60,63,60,53,26,7,0,575,34,0
Belize,1965,1131,381,527,146,37,16,19,31,36,48,83,116,125,81,10,16,15,16,20,21,27,36,47,53,63,65,60,53,28,9,1,564,35,0
Belize,1966,1138,375,518,143,37,16,20,32,36,48,84,118,127,83,10,17,15,16,20,21,27,36,48,55,63,65,62,53,30,9,1,555,36,0
Belize,1967,1133,369,508,139,38,18,20,32,35,48,82,120,130,86,11,17,15,15,20,21,27,35,47,55,65,68,62,55,31,10,1,546,38,0
Belize,1968,1119,361,496,135,38,20,20,33,34,46,80,119,131,90,14,18,15,15,19,20,26,34,46,55,64,69,62,55,35,12,2,534,40,0
Belize,1969,1108,352,479,127,38,20,20,33,33,46,79,119,134,90,14,18,15,15,18,20,26,33,46,55,64,71,63,55,35,12,2,517,40,0
Belize,1970,1084,340,459,119,38,20,22,34,32,44,77,117,137,90,15,19,15,15,17,20,24,32,45,54,63,73,64,55,35,13,2,497,42,0
Belize,1971,1063,333,442,109,35,20,23,34,30,43,72,115,137,89,18,19,15,15,15,20,23,30,42,53,62,72,65,54,35,15,3,477,43,0
Belize,1972,1067,330,431,101,34,20,23,36,30,44,73,119,142,92,19,21,15,15,15,20,24,31,42,56,63,74,68,56,36,16,3,465,43,0
Belize,1973,1073,326,422,96,33,20,25,39,30,45,72,122,147,97,20,22,17,15,15,20,25,31,41,56,66,75,72,58,39,17,3,455,45,0
Belize,1974,1068,321,414,93,31,21,25,40,30,43,72,121,150,100,23,23,17,15,15,19,24,31,41,56,65,75,75,60,40,18,5,445,46,1
Belize,1975,1035,316,407,91,27,20,25,39,30,41,66,114,143,99,23,22,17,15,15,18,23,28,38,51,63,71,72,59,40,18,5,434,45,1
Belize,1976,1039,315,403,88,27,20,25,41,30,40,66,114,146,101,23,23,18,15,15,17,23,28,38,51,63,72,74,61,40,18,5,430,45,1
Belize,1977,1046,313,399,86,26,20,28,43,30,40,66,116,147,104,26,24,19,15,15,17,23,28,38,50,66,72,75,64,40,21,5,425,48,1
Belize,1978,1047,311,396,85,24,20,28,46,30,39,66,114,146,108,28,26,20,15,15,16,23,29,37,49,65,71,75,66,42,21,7,420,48,1
Belize,1979,1037,306,387,81,23,18,28,47,31,38,66,109,150,114,28,27,20,16,15,16,22,29,37,46,63,75,75,69,45,21,7,410,46,1
Belize,1980,1034,301,381,80,23,17,28,48,31,37,64,110,149,116,29,27,21,16,15,15,22,28,36,46,64,74,75,71,45,22,7,404,45,1
Belize,1981,1036,295,372,77,23,17,27,50,32,38,64,107,154,119,29,28,22,17,15,16,22,28,36,46,61,77,77,73,46,22,7,395,44,1
Belize,1982,1063,291,365,74,23,16,28,56,34,39,68,112,162,129,32,32,24,19,15,17,22,30,38,49,63,82,80,78,51,25,7,388,44,1
Belize,1983,1066,281,350,69,23,16,28,60,35,39,69,111,166,133,34,33,27,20,15,17,22,30,39,49,62,83,83,80,53,25,9,373,44,2
Belize,1984,1048,268,335,67,22,15,26,62,38,38,68,111,168,134,34,34,28,21,17,17,21,29,39,49,62,83,85,79,55,25,9,357,41,2
Belize,1985,1014,255,317,62,22,15,24,58,39,36,65,106,164,131,33,30,28,21,18,16,20,27,38,47,59,79,85,77,54,25,8,339,39,2
Belize,1986,1014,245,304,59,22,15,24,59,41,37,65,108,165,135,34,30,29,22,19,16,21,27,38,48,60,76,89,80,55,25,9,326,39,2
Belize,1987,1000,234,288,54,19,15,22,60,43,37,65,107,164,136,36,30,30,23,20,16,21,27,38,48,59,75,89,80,56,27,9,307,37,2
Belize,1988,983,225,276,51,18,15,22,59,44,38,62,107,160,138,37,29,30,24,20,17,21,26,36,48,59,72,88,81,57,28,9,294,37,2
Belize,1989,1004,217,264,47,19,15,23,59,51,42,64,111,164,148,39,29,30,27,24,20,22,27,37,50,61,74,90,88,60,30,9,283,38,2
Belize,1990,1020,208,251,43,19,15,23,60,53,44,65,115,169,159,43,30,30,28,25,22,22,28,37,52,63,77,92,95,64,33,10,270,38,2
Belize,1991,1063,194,235,41,20,16,25,64,59,50,70,124,178,175,48,30,34,32,27,25,25,31,39,54,70,84,94,106,69,36,12,255,41,2
Belize,1992,1093,183,223,40,21,17,26,66,64,55,73,129,185,185,49,31,35,34,30,30,25,32,41,56,73,87,98,112,73,37,12,244,43,3
Belize,1993,1091,173,209,36,20,18,27,69,66,57,74,132,182,186,49,34,35,35,31,30,27,33,41,58,74,88,94,110,76,37,12,229,45,3
Belize,1994,1066,162,196,34,20,17,27,69,68,59,73,130,177,179,49,34,35,35,33,30,29,31,42,55,75,87,90,103,76,37,12,216,44,2
Belize,1995,1109,157,190,33,20,20,29,73,72,68,78,133,190,188,51,35,38,36,36,35,33,33,45,56,77,94,96,103,85,39,12,210,49,2
Belize,1996,1134,152,182,30,20,20,30,76,79,71,82,137,200,186,52,36,40,40,39,35,36,36,46,58,79,98,102,98,88,40,12,202,50,2
Belize,1997,1217,151,180,29,20,21,32,81,87,81,91,151,221,194,54,40,41,42,45,40,41,40,51,64,87,109,112,102,92,42,12,200,53,2
Belize,1998,1313,149,179,30,20,22,35,89,96,95,101,164,247,202,55,44,45,46,50,46,49,46,55,70,94,121,126,110,92,43,12,199,57,2
Belize,1999,1340,146,172,26,18,21,35,91,101,103,108,172,262,201,55,44,47,49,52,51,52,52,56,75,97,126,136,116,85,43,12,190,56,2
Belize,2000,1404,145,175,30,20,22,35,95,106,114,119,179,277,204,56,45,50,50,56,57,57,58,61,78,101,131,146,126,78,44,12,195,57,2
Belize,2001,1467,144,176,32,22,24,38,98,112,127,128,188,289,211,56,47,51,53,59,63,64,65,63,82,106,135,154,136,75,45,11,198,62,2
Belize,2002,1468,139,165,26,15,20,36,96,114,130,137,189,296,214,53,46,50,55,59,65,65,71,66,84,105,138,158,142,72,42,11,180,56,2
Belize,2003,1493,135,161,26,15,19,37,99,115,138,147,195,301,220,49,46,53,55,60,68,70,75,72,85,110,140,161,146,74,38,11,176,56,2
Belize,2004,1504,132,158,26,15,18,35,98,114,144,156,195,301,226,44,46,52,54,60,69,75,77,79,85,110,139,162,149,77,35,9,173,53,1
Belize,2005,1538,132,158,26,15,17,35,98,116,151,168,197,305,236,41,46,52,55,61,71,80,82,86,86,111,141,164,153,83,31,10,173,52,1
Belize,2006,1507,128,153,25,11,15,34,95,111,150,174,196,294,237,38,45,50,52,59,69,81,84,90,86,110,135,159,152,85,29,9,164,49,1
Belize,2007,1498,125,150,25,11,14,30,93,109,149,181,196,290,240,37,44,49,51,58,67,82,86,95,89,107,133,157,153,87,28,9,161,44,1
Belize,2008,1501,124,150,26,11,12,29,91,108,149,186,199,285,242,36,43,48,50,58,66,83,90,96,94,105,130,155,154,88,28,8,161,41,1
Belize,2009,1486,120,142,22,10,11,26,85,103,147,189,204,280,244,38,40,45,47,56,64,83,91,98,99,105,129,151,154,90,31,7,152,37,1
Belize,2010,1497,116,138,22,10,11,24,84,100,147,197,211,280,249,40,39,45,46,54,64,83,95,102,105,106,130,150,155,94,33,7,148,35,1
Belize,2011,1510,115,136,21,10,10,22,83,100,144,204,219,277,256,46,38,45,46,54,64,80,99,105,111,108,130,147,156,100,38,8,146,32,1
Belize,2012,1499,113,134,21,10,9,20,80,97,143,208,226,272,258,48,36,44,45,52,63,80,100,108,115,111,128,144,155,103,40,8,144,29,1
Belize,2013,1509,110,130,20,7,8,18,78,97,141,212,235,272,262,52,34,44,45,52,62,79,100,112,119,116,128,144,154,108,44,8,137,26,1
Belize,2014,1612,106,123,17,7,8,17,79,102,149,233,263,287,282,59,34,45,48,54,66,83,109,124,130,133,136,151,162,120,48,11,130,25,1
Belize,2015,1688,101,118,17,10,8,17,80,108,154,247,286,302,293,66,33,47,51,57,67,87,113,134,141,145,143,159,165,128,54,12,128,25,1
Belize,2016,1722,97,113,16,9,7,16,76,107,155,255,302,309,296,73,30,46,50,57,67,88,113,142,147,155,148,161,164,132,59,14,122,23,1
Belize,2017,1763,92,107,15,10,7,14,73,109,158,262,320,320,303,79,28,45,51,58,68,90,114,148,155,165,157,163,167,136,64,15,117,21,2
Belize,2018,1808,88,103,15,7,7,14,70,110,160,269,339,332,309,84,27,43,52,58,69,91,116,153,165,174,167,165,171,138,68,16,110,21,2
Belize,2019,1835,78,93,15,6,7,14,64,110,161,272,353,348,310,89,24,40,52,58,69,92,116,156,173,180,180,168,172,138,73,16,99,21,2
Belize,2020,2071,71,85,14,11,14,41,164,185,192,323,368,308,295,83,66,98,96,89,83,109,136,187,186,182,165,143,163,132,67,16,96,55,2
Belize,2021,2540,70,85,15,12,14,45,186,219,244,399,465,397,370,107,75,111,111,108,106,138,172,227,235,230,214,183,204,166,84,23,97,59,3
Benin,1950,71531,18286,30289,12003,3333,1426,1346,3012,3194,3581,4443,6540,10216,4047,104,1498,1514,1555,1639,1754,1827,2044,2399,2899,3641,4657,5559,3260,787,100,4,33622,2772,0
Benin,1951,72119,19323,31098,11775,3371,1453,1362,3016,3179,3565,4432,6429,9712,4403,99,1506,1510,1550,1629,1743,1822,2038,2394,2875,3554,4416,5296,3442,961,94,5,34469,2815,0
Benin,1952,72151,19356,31417,12061,3378,1482,1377,3029,3168,3548,4420,6339,9171,4720,99,1519,1510,1545,1623,1731,1817,2032,2388,2861,3478,4229,4942,3624,1096,93,6,34795,2859,0
Benin,1953,71924,19453,31737,12284,3325,1505,1387,3026,3137,3508,4383,6241,8619,4937,117,1525,1501,1531,1606,1707,1801,2014,2369,2842,3399,4069,4550,3733,1204,110,7,35062,2892,0
Benin,1954,72009,19567,32103,12536,3243,1542,1414,3057,3139,3500,4384,6210,8204,5058,153,1547,1510,1532,1607,1699,1801,2013,2371,2848,3362,3961,4243,3746,1312,148,5,35346,2956,0
Benin,1955,71812,19699,32431,12732,3188,1561,1433,3065,3114,3466,4356,6146,7824,5026,204,1557,1508,1521,1593,1682,1784,2000,2356,2832,3314,3844,3980,3625,1401,200,4,35619,2994,0
Benin,1956,71399,19858,32625,12767,3218,1565,1447,3063,3072,3413,4304,6066,7480,4899,246,1561,1502,1502,1570,1656,1757,1978,2326,2803,3263,3725,3755,3422,1477,243,3,35843,3012,0
Benin,1957,71561,20052,32953,12901,3286,1576,1478,3100,3071,3399,4300,6061,7280,4777,280,1584,1516,1504,1567,1652,1747,1977,2323,2804,3257,3660,3620,3211,1566,276,4,36239,3054,0
Benin,1958,71417,20251,33260,13009,3333,1557,1501,3116,3042,3356,4263,6019,7073,4584,309,1595,1521,1493,1549,1633,1723,1961,2302,2783,3236,3582,3491,2968,1616,302,7,36593,3058,0
Benin,1959,71390,20449,33584,13135,3412,1516,1526,3141,3025,3320,4229,5991,6916,4384,345,1612,1529,1488,1537,1619,1701,1945,2284,2766,3225,3527,3389,2770,1614,332,13,36996,3042,0
Benin,1960,71600,20657,33931,13274,3501,1495,1555,3191,3026,3304,4214,5986,6816,4199,381,1643,1548,1494,1532,1613,1691,1937,2277,2762,3224,3500,3316,2627,1572,361,20,37432,3050,0
Benin,1961,71881,20971,34396,13425,3555,1500,1573,3234,3024,3280,4192,5971,6729,4014,412,1671,1563,1498,1526,1603,1677,1924,2268,2751,3220,3480,3249,2515,1499,388,24,37951,3073,0
Benin,1962,72083,21199,34774,13575,3613,1511,1581,3279,3023,3256,4162,5949,6660,3834,440,1702,1577,1504,1519,1592,1664,1905,2257,2736,3213,3468,3192,2428,1406,412,28,38387,3092,0
Benin,1963,72218,21330,35065,13735,3673,1531,1572,3324,3025,3232,4131,5923,6606,3674,460,1733,1591,1512,1513,1581,1651,1887,2244,2722,3201,3462,3144,2362,1312,429,31,38738,3103,0
Benin,1964,72309,21437,35279,13842,3738,1576,1536,3373,3030,3206,4095,5896,6570,3543,462,1763,1610,1523,1507,1568,1638,1865,2230,2705,3191,3460,3110,2307,1236,428,34,39017,3112,0
Benin,1965,72389,21508,35482,13974,3799,1613,1504,3418,3033,3181,4057,5865,6539,3443,453,1786,1632,1530,1503,1557,1624,1846,2211,2689,3176,3454,3085,2263,1180,414,39,39281,3117,1
Benin,1966,72339,21516,35587,14071,3861,1627,1495,3451,3034,3146,4012,5821,6510,3356,437,1799,1652,1536,1498,1541,1605,1825,2187,2667,3154,3442,3068,2220,1136,394,43,39448,3122,0
Benin,1967,72400,21481,35644,14163,3943,1651,1500,3486,3050,3129,3976,5798,6509,3299,417,1806,1680,1548,1502,1534,1595,1811,2165,2656,3142,3440,3069,2193,1106,370,47,39587,3151,1
Benin,1968,72335,21494,35701,14207,4001,1669,1514,3489,3057,3096,3924,5747,6487,3247,397,1786,1703,1555,1502,1521,1575,1792,2132,2633,3114,3422,3065,2167,1080,349,48,39702,3183,1
Benin,1969,72648,21526,35738,14212,4114,1713,1578,3500,3108,3099,3908,5748,6524,3236,384,1756,1744,1585,1523,1526,1573,1788,2120,2632,3116,3435,3089,2167,1069,335,49,39852,3291,1
Benin,1970,72957,21587,35863,14276,4200,1750,1628,3505,3153,3099,3885,5732,6542,3228,370,1730,1775,1613,1540,1530,1569,1780,2105,2622,3110,3438,3104,2168,1060,323,47,40063,3378,1
Benin,1971,73165,21689,36003,14314,4260,1788,1654,3529,3191,3093,3856,5691,6526,3213,357,1733,1796,1639,1552,1533,1560,1770,2086,2598,3093,3423,3103,2166,1047,313,44,40263,3442,1
Benin,1972,72968,21728,35997,14269,4271,1806,1660,3508,3196,3059,3794,5620,6495,3211,351,1726,1782,1649,1547,1523,1536,1741,2053,2556,3064,3396,3099,2170,1041,309,42,40268,3466,1
Benin,1973,73104,21720,36030,14310,4312,1841,1687,3519,3232,3059,3768,5584,6493,3230,346,1754,1765,1675,1557,1529,1530,1731,2037,2530,3054,3386,3107,2188,1042,307,39,40342,3528,1
Benin,1974,73116,21706,35990,14284,4342,1872,1713,3527,3270,3057,3735,5536,6482,3250,343,1811,1716,1700,1570,1535,1522,1716,2019,2501,3035,3372,3110,2205,1045,306,37,40332,3585,1
Benin,1975,72937,21726,36086,14360,4300,1876,1721,3504,3264,3027,3672,5453,6434,3259,341,1842,1662,1697,1567,1526,1501,1689,1983,2456,2997,3339,3095,2211,1048,304,37,40386,3597,1
Benin,1976,72272,21749,36071,14322,4180,1847,1711,3444,3219,2967,3574,5317,6341,3259,341,1823,1621,1669,1550,1499,1468,1646,1928,2390,2927,3281,3060,2207,1052,304,37,40251,3558,1
Benin,1977,71975,21776,36075,14299,4100,1832,1718,3432,3192,2941,3513,5227,6306,3289,345,1828,1604,1645,1547,1488,1453,1621,1892,2348,2879,3255,3051,2222,1067,308,37,40175,3550,1
Benin,1978,71440,21787,36029,14242,3986,1796,1711,3417,3124,2903,3440,5122,6250,3312,349,1821,1596,1589,1535,1470,1433,1591,1849,2302,2820,3219,3031,2229,1083,312,37,40015,3507,1
Benin,1979,72077,22012,36299,14287,4015,1815,1748,3520,3114,2942,3448,5119,6306,3389,363,1863,1657,1550,1564,1492,1450,1598,1850,2303,2816,3241,3065,2273,1116,323,40,40314,3563,2
Benin,1980,72619,22388,36752,14364,3990,1814,1769,3580,3083,2962,3432,5089,6321,3450,376,1887,1693,1509,1574,1506,1456,1595,1837,2289,2800,3237,3084,2306,1144,333,43,40742,3583,2
Benin,1981,73395,22747,37234,14487,4010,1828,1798,3647,3101,3004,3437,5076,6350,3515,391,1928,1719,1510,1591,1532,1472,1604,1833,2282,2794,3240,3110,2341,1174,346,45,41244,3626,2
Benin,1982,73901,22991,37619,14628,4001,1830,1813,3702,3097,3030,3431,5046,6354,3568,410,1963,1739,1512,1585,1552,1478,1608,1823,2268,2778,3227,3127,2366,1202,360,50,41620,3643,3
Benin,1983,74241,23123,37864,14741,3987,1832,1823,3755,3089,3062,3427,5013,6345,3614,425,1995,1760,1529,1560,1574,1488,1614,1813,2251,2762,3205,3140,2387,1227,372,53,41851,3655,3
Benin,1984,74903,23318,38206,14888,4004,1844,1840,3832,3097,3112,3448,5012,6375,3686,444,2040,1792,1581,1516,1601,1511,1633,1815,2249,2763,3206,3169,2425,1261,389,55,42210,3684,4
Benin,1985,75001,23545,38484,14939,3941,1814,1825,3839,3062,3113,3428,4960,6347,3734,452,2045,1794,1600,1462,1601,1512,1629,1799,2224,2736,3180,3167,2447,1287,393,59,42425,3639,4
Benin,1986,74903,23715,38680,14965,3849,1768,1798,3822,3015,3094,3405,4903,6313,3781,471,2032,1790,1585,1430,1584,1510,1624,1781,2195,2708,3153,3160,2469,1312,410,61,42529,3566,4
Benin,1987,75095,23897,38864,14967,3822,1751,1793,3845,3011,3096,3409,4870,6299,3835,493,2037,1808,1589,1422,1572,1524,1630,1779,2180,2690,3142,3157,2498,1337,427,66,42686,3544,5
Benin,1988,75127,24025,38980,14955,3772,1725,1782,3839,3014,3073,3411,4835,6284,3889,518,2025,1814,1591,1423,1538,1535,1634,1777,2164,2671,3131,3153,2527,1362,447,71,42752,3507,5
Benin,1989,75703,24066,39098,15032,3805,1744,1808,3914,3105,3075,3464,4854,6322,3971,540,2056,1858,1624,1481,1505,1570,1665,1799,2175,2679,3147,3175,2574,1397,465,75,42903,3552,5
Benin,1990,75736,24143,39089,14946,3759,1731,1802,3920,3135,3039,3490,4841,6330,4033,561,2051,1869,1633,1502,1459,1580,1683,1807,2172,2669,3146,3184,2604,1429,482,79,42848,3533,6
Benin,1991,76556,24309,39240,14931,3814,1776,1841,4017,3224,3094,3575,4890,6387,4114,583,2096,1921,1685,1539,1479,1615,1732,1843,2201,2689,3170,3217,2645,1469,498,85,43054,3617,6
Benin,1992,76904,24300,39107,14807,3841,1801,1861,4069,3289,3117,3645,4932,6441,4189,604,2120,1949,1723,1566,1492,1625,1774,1871,2228,2704,3189,3252,2682,1507,515,89,42948,3662,7
Benin,1993,77391,24389,39136,14747,3854,1822,1883,4116,3356,3140,3718,4980,6492,4262,626,2143,1973,1763,1593,1522,1618,1817,1901,2258,2722,3207,3285,2715,1547,531,95,42990,3705,7
Benin,1994,80414,25433,40258,14825,3914,1865,1969,4450,3650,3303,3900,5132,6657,4464,820,2304,2146,1927,1723,1659,1644,1915,1985,2339,2793,3280,3377,2811,1653,628,192,44172,3834,34
Benin,1995,80065,25192,40037,14845,3937,1882,1969,4358,3636,3277,3946,5173,6674,4460,696,2257,2101,1914,1722,1680,1597,1934,2012,2364,2809,3285,3389,2816,1644,583,113,43974,3851,20
Benin,1996,80312,24838,39733,14895,4019,1928,2015,4380,3706,3316,4036,5260,6733,4503,666,2268,2112,1945,1761,1709,1607,1972,2064,2411,2849,3314,3419,2846,1657,575,91,43752,3943,12
Benin,1997,80473,24743,39479,14736,4031,1942,2048,4401,3756,3355,4101,5332,6776,4559,682,2279,2122,1964,1792,1737,1618,1988,2113,2449,2883,3334,3442,2879,1680,589,93,43510,3990,8
Benin,1998,81384,24708,39353,14645,4125,1996,2122,4522,3879,3473,4200,5463,6873,4650,715,2344,2178,2018,1861,1797,1676,2009,2191,2513,2950,3382,3491,2934,1716,613,102,43478,4118,7
Benin,1999,82158,24720,39231,14511,4214,2031,2185,4620,3981,3611,4248,5595,6961,4729,745,2397,2223,2061,1920,1853,1758,1988,2260,2580,3015,3429,3532,2981,1748,634,111,43445,4216,7
Benin,2000,83716,24672,39028,14356,4455,2132,2300,4842,4186,3825,4371,5814,7131,4846,778,2517,2325,2158,2028,1953,1872,2009,2362,2692,3122,3521,3610,3052,1794,657,121,43483,4432,8
Benin,2001,85280,24693,38915,14222,4646,2227,2407,5065,4378,4008,4518,6043,7305,4955,806,2645,2420,2249,2129,2055,1953,2065,2453,2812,3231,3619,3686,3116,1839,677,129,43561,4634,10
Benin,2002,87469,24830,38883,14053,4936,2363,2549,5364,4635,4251,4702,6330,7535,5081,829,2812,2552,2376,2259,2190,2061,2151,2551,2961,3369,3751,3784,3192,1889,695,134,43819,4912,12
Benin,2003,89227,25104,39051,13947,5102,2451,2648,5589,4813,4446,4835,6560,7701,5165,850,2944,2645,2464,2349,2296,2150,2241,2594,3087,3473,3852,3849,3241,1924,710,140,44153,5099,13
Benin,2004,91150,25269,39181,13912,5286,2563,2760,5839,5010,4659,4981,6822,7903,5258,870,3083,2756,2563,2447,2410,2249,2383,2598,3220,3602,3972,3931,3296,1962,726,144,44467,5323,14
Benin,2005,92233,25336,39264,13928,5305,2616,2809,5992,5103,4805,5068,7012,8040,5314,890,3164,2828,2611,2492,2483,2322,2488,2580,3311,3701,4056,3984,3328,1986,741,149,44569,5425,15
Benin,2006,93619,25597,39569,13972,5311,2638,2859,6158,5210,4953,5170,7203,8202,5393,930,3242,2916,2669,2541,2554,2399,2556,2614,3390,3813,4149,4053,3372,2021,765,165,44880,5497,20
Benin,2007,94799,25611,39541,13930,5419,2695,2924,6319,5328,5107,5298,7398,8385,5447,918,3315,3004,2726,2602,2623,2484,2632,2666,3456,3942,4250,4135,3410,2037,766,152,44960,5619,17
Benin,2008,96171,25568,39474,13906,5540,2754,2998,6522,5467,5285,5486,7580,8594,5523,933,3409,3113,2797,2670,2701,2584,2729,2757,3494,4086,4362,4232,3460,2063,778,155,45014,5752,17
Benin,2009,98145,25629,39511,13882,5743,2829,3116,6779,5668,5501,5774,7751,8878,5631,952,3532,3247,2903,2765,2799,2702,2848,2926,3494,4257,4517,4361,3532,2099,793,159,45254,5945,16
Benin,2010,98809,25728,39532,13804,5727,2802,3147,6844,5724,5583,5941,7794,9051,5686,964,3556,3288,2940,2784,2825,2758,2914,3027,3445,4349,4618,4433,3570,2116,803,161,45259,5949,17
Benin,2011,100885,25862,39572,13710,5942,2885,3260,7095,5952,5795,6187,8016,9368,5811,981,3681,3414,3069,2883,2923,2872,3045,3142,3520,4496,4798,4570,3656,2155,815,166,45514,6145,17
Benin,2012,102401,26062,39697,13635,6052,2923,3323,7241,6110,5929,6384,8165,9640,5917,999,3752,3489,3165,2945,2986,2943,3151,3233,3584,4581,4959,4681,3734,2183,830,169,45749,6246,18
Benin,2013,104003,26303,39929,13626,6098,2959,3377,7391,6254,6069,6605,8313,9935,6042,1011,3827,3564,3255,2999,3049,3020,3267,3338,3695,4618,5131,4804,3825,2217,840,171,46027,6336,18
Benin,2014,106122,26592,40238,13646,6216,3029,3442,7599,6458,6235,6862,8506,10296,6198,1027,3940,3659,3369,3089,3131,3104,3397,3465,3905,4601,5331,4965,3934,2264,853,174,46454,6471,18
Benin,2015,107775,26785,40414,13629,6264,3080,3472,7779,6620,6376,7100,8664,10610,6338,1045,4045,3734,3454,3166,3198,3178,3515,3585,4084,4580,5492,5118,4032,2306,868,177,46678,6552,18
Benin,2016,109926,26973,40611,13638,6393,3162,3547,7994,6845,6554,7369,8885,10968,6511,1063,4155,3839,3562,3283,3288,3266,3640,3729,4222,4663,5660,5308,4150,2361,882,181,47004,6709,19
Benin,2017,111246,27069,40668,13599,6406,3198,3580,8112,6980,6667,7581,9075,11223,6655,1079,4215,3897,3620,3360,3341,3326,3729,3852,4336,4739,5750,5473,4245,2410,896,183,47074,6778,19
Benin,2018,112575,26959,40476,13517,6468,3229,3632,8238,7145,6795,7803,9361,11470,6838,1099,4275,3963,3691,3454,3404,3391,3819,3984,4475,4886,5798,5672,4363,2475,912,187,46944,6861,20
Benin,2019,113670,26745,40155,13410,6501,3247,3680,8357,7282,6928,8017,9737,11592,7033,1122,4313,4044,3748,3534,3471,3457,3905,4112,4614,5123,5734,5858,4492,2541,930,192,46656,6927,20
Benin,2020,118400,26436,39650,13214,6546,3242,3598,8123,7281,7324,9024,11550,12940,7889,1210,4171,3952,3701,3580,3637,3687,4316,4708,5436,6114,6425,6515,5029,2860,1008,202,46196,6840,21
Benin,2021,122627,26088,39017,12929,6535,3252,3748,8474,7661,7854,9796,12650,13907,8458,1252,4322,4152,3875,3786,3873,3981,4655,5141,5962,6688,6849,7058,5413,3045,1048,204,45552,7000,21
Bermuda,1950,564,87,110,23,12,6,13,38,43,54,62,75,90,58,9,18,20,20,23,25,29,30,32,35,40,45,45,35,23,9,0,122,19,0
Bermuda,1951,651,121,157,36,16,10,15,44,47,60,64,77,90,57,10,20,24,22,25,30,30,30,34,35,42,45,45,35,22,9,1,173,25,0
Bermuda,1952,552,81,104,23,12,6,13,38,41,53,62,74,90,55,10,18,20,20,21,25,28,30,32,35,39,45,45,34,21,9,1,116,19,0
Bermuda,1953,512,68,88,20,10,5,12,30,34,48,61,72,83,53,10,15,15,15,19,22,26,30,31,35,37,43,40,34,19,9,1,98,17,0
Bermuda,1954,522,83,106,23,10,5,11,30,32,45,60,72,85,55,9,15,15,15,17,20,25,30,30,35,37,44,41,36,19,8,1,116,16,0
Bermuda,1955,470,70,89,19,9,5,9,29,30,41,52,68,80,52,9,14,15,15,15,19,22,25,27,33,35,40,40,34,18,8,1,98,14,0
Bermuda,1956,339,44,54,10,5,5,5,10,16,25,39,55,69,48,8,5,5,6,10,10,15,19,20,25,30,34,35,31,17,7,1,59,10,0
Bermuda,1957,350,44,55,11,5,5,5,10,18,26,40,56,69,51,8,5,5,8,10,11,15,19,21,26,30,34,35,32,19,7,1,60,10,0
Bermuda,1958,331,39,47,8,5,5,5,10,14,24,39,55,68,52,7,5,5,5,9,10,14,18,21,25,30,33,35,31,21,6,1,52,10,0
Bermuda,1959,345,40,48,8,5,5,5,10,16,25,44,56,69,53,9,5,5,6,10,10,15,19,25,26,30,34,35,32,21,8,1,53,10,0
Bermuda,1960,349,37,45,8,5,5,5,10,16,25,44,57,70,55,9,5,5,6,10,10,15,19,25,26,31,35,35,32,23,8,1,50,10,0
Bermuda,1961,418,51,65,14,6,5,5,18,20,31,51,65,80,61,11,8,10,10,10,13,18,22,29,30,35,40,40,36,25,10,1,71,10,0
Bermuda,1962,431,50,62,12,6,5,7,20,22,33,54,70,80,60,12,10,10,10,12,15,18,24,30,33,37,40,40,36,24,11,1,68,12,0
Bermuda,1963,443,53,65,12,6,5,8,20,22,33,57,73,80,60,11,10,10,10,12,15,18,25,32,35,38,40,40,36,24,10,1,71,13,0
Bermuda,1964,366,34,42,8,5,5,5,10,19,25,47,65,77,54,11,5,5,9,10,10,15,20,27,30,35,39,38,33,21,10,1,47,10,0
Bermuda,1965,370,32,39,7,5,2,5,10,19,26,49,70,78,56,11,5,5,9,10,11,15,22,27,35,35,40,38,34,22,9,2,44,7,0
Bermuda,1966,479,44,56,12,6,5,8,20,28,39,62,88,92,62,11,10,10,13,15,18,21,28,34,44,44,48,44,39,23,9,2,62,13,0
Bermuda,1967,375,27,33,6,5,2,5,14,19,27,49,71,79,56,10,9,5,9,10,12,15,22,27,36,35,40,39,34,22,8,2,38,7,0
Bermuda,1968,383,25,31,6,4,2,5,16,19,29,50,77,83,59,10,10,6,9,10,13,16,22,28,37,40,41,42,35,24,8,2,35,7,0
Bermuda,1969,401,27,33,6,4,2,5,19,20,30,51,80,85,63,11,9,10,10,10,13,17,22,29,39,41,42,43,36,27,9,2,37,7,0
Bermuda,1970,383,21,25,4,4,2,5,18,19,29,49,78,83,62,11,8,10,9,10,12,17,21,28,36,42,40,43,35,27,9,2,29,7,0
Bermuda,1971,418,27,33,6,5,3,5,18,20,32,52,84,92,69,13,8,10,10,10,14,18,22,30,37,47,45,47,38,31,11,2,38,8,0
Bermuda,1972,390,23,28,5,3,1,5,10,15,26,47,79,90,65,13,5,5,5,10,11,15,20,27,35,44,45,45,37,28,11,2,31,6,0
Bermuda,1973,353,15,19,4,0,0,5,10,12,24,44,73,85,61,15,5,5,5,7,10,14,19,25,32,41,44,41,36,25,13,2,19,5,0
Bermuda,1974,346,15,19,4,0,0,5,10,10,23,40,72,87,62,15,5,5,5,5,10,13,17,23,32,40,45,42,37,25,13,2,19,5,0
Bermuda,1975,350,13,16,3,0,0,5,10,11,24,41,71,91,62,16,5,5,5,6,10,14,18,23,32,39,47,44,38,24,14,2,16,5,0
Bermuda,1976,376,15,19,4,0,0,5,10,11,24,44,75,100,68,16,5,5,5,6,10,14,19,25,33,42,52,48,42,26,14,2,19,5,0
Bermuda,1977,381,13,17,4,0,0,5,10,11,24,44,75,102,70,16,5,5,5,6,10,14,19,25,34,41,52,50,43,27,13,3,17,5,0
Bermuda,1978,369,11,13,2,0,0,4,10,10,24,43,72,101,71,15,5,5,5,5,10,14,19,24,32,40,51,50,42,29,12,3,13,4,0
Bermuda,1979,367,11,13,2,0,0,4,10,10,22,41,70,99,73,16,5,5,5,5,9,13,18,23,30,40,48,51,44,29,13,3,13,4,0
Bermuda,1980,370,12,14,2,0,0,4,10,10,20,41,71,101,78,17,5,5,5,5,8,12,18,23,31,40,47,54,46,32,14,3,14,4,0
Bermuda,1981,374,9,10,1,0,0,4,10,11,23,44,73,101,79,16,5,5,5,6,10,13,19,25,31,42,47,54,47,32,13,3,10,4,0
Bermuda,1982,381,10,11,1,0,0,4,10,10,22,42,72,103,82,18,5,5,5,5,10,12,18,24,30,42,46,57,49,33,15,3,11,4,0
Bermuda,1983,384,9,10,1,0,0,3,10,12,22,42,72,107,84,18,5,5,5,7,10,12,18,24,32,40,49,58,50,34,15,3,10,3,0
Bermuda,1984,380,7,7,0,0,0,3,10,14,22,44,70,105,86,19,5,5,5,9,10,12,19,25,32,38,49,56,51,35,16,3,7,3,0
Bermuda,1985,426,10,12,2,0,0,3,10,15,23,47,78,114,99,21,5,5,5,10,10,13,20,27,35,43,54,60,59,40,17,4,12,3,1
Bermuda,1986,427,10,11,1,0,0,4,10,17,24,49,77,111,99,21,5,5,7,10,10,14,21,28,36,41,54,57,59,40,17,4,11,4,1
Bermuda,1987,419,7,7,0,0,0,3,10,17,25,48,75,108,97,22,5,5,7,10,10,15,20,28,34,41,52,56,58,39,17,5,7,3,1
Bermuda,1988,395,5,5,0,0,0,3,10,18,26,47,71,98,91,21,5,5,8,10,11,15,20,27,33,38,46,52,54,37,16,5,5,3,1
Bermuda,1989,423,7,7,0,0,0,3,10,20,27,48,78,107,100,20,5,5,10,10,12,15,20,28,37,41,49,58,59,41,16,4,7,3,1
Bermuda,1990,423,7,7,0,0,0,3,10,16,26,46,78,108,103,21,5,5,6,10,11,15,18,28,36,42,49,59,59,44,17,4,7,3,1
Bermuda,1991,413,7,7,0,0,0,2,10,18,26,45,76,104,99,22,5,5,8,10,11,15,18,27,35,41,47,57,55,44,19,3,7,2,1
Bermuda,1992,460,11,12,1,0,0,2,10,18,26,47,83,117,117,22,5,5,8,10,11,15,19,28,38,45,52,65,64,53,20,2,12,2,1
Bermuda,1993,443,8,8,0,0,0,3,10,18,26,47,83,108,109,25,5,5,8,10,11,15,20,27,38,45,50,58,60,49,21,4,8,3,1
Bermuda,1994,485,13,15,2,0,0,2,10,16,26,46,88,123,125,30,5,5,6,10,11,15,20,26,39,49,58,65,70,55,26,4,15,2,1
Bermuda,1995,409,6,6,0,0,0,1,10,15,25,42,75,99,106,30,5,5,5,10,10,15,19,23,33,42,47,52,59,47,25,5,6,1,0
Bermuda,1996,350,3,3,0,0,0,0,10,17,26,38,61,80,87,29,5,5,7,10,11,15,18,20,28,33,39,41,47,40,24,5,3,0,0
Bermuda,1997,365,3,3,0,0,0,0,10,16,25,41,67,87,87,29,5,5,6,10,10,15,19,22,30,37,42,45,48,39,23,6,3,0,1
Bermuda,1998,316,1,1,0,0,0,1,10,18,29,40,52,66,71,29,5,5,8,10,14,15,20,20,23,29,32,34,37,34,22,7,1,1,1
Bermuda,1999,355,2,2,0,0,0,0,8,15,26,39,60,82,87,33,3,5,5,10,11,15,19,20,27,33,39,43,44,43,24,9,2,0,1
Bermuda,2000,374,3,3,0,0,0,0,5,13,23,41,64,92,95,35,0,5,5,8,10,13,18,23,27,37,44,48,48,47,26,9,3,0,1
Bermuda,2001,350,3,3,0,0,0,0,4,12,23,39,59,84,85,31,0,4,5,7,10,13,17,22,26,33,39,45,43,42,23,8,3,0,1
Bermuda,2002,342,2,2,0,0,0,0,5,13,24,37,50,80,91,35,0,5,5,8,10,14,17,20,22,28,36,44,47,44,26,9,2,0,2
Bermuda,2003,400,3,3,0,0,0,0,3,11,24,40,60,99,107,44,0,3,5,6,10,14,18,22,26,34,45,54,57,50,33,11,3,0,2
Bermuda,2004,351,1,1,0,0,0,0,4,11,24,38,54,84,88,40,0,4,5,6,10,14,17,21,25,29,39,45,48,40,30,10,1,0,2
Bermuda,2005,493,4,4,0,0,0,0,1,10,23,46,75,132,139,55,0,1,5,5,9,14,19,27,33,42,60,72,77,62,43,12,4,0,2
Bermuda,2006,519,6,6,0,0,0,0,0,10,23,46,77,139,152,59,0,0,5,5,9,14,19,27,34,43,63,76,85,67,46,13,6,0,2
Bermuda,2007,450,3,3,0,0,0,0,2,10,23,45,69,114,125,51,0,2,5,5,9,14,19,26,32,37,52,62,68,57,38,13,3,0,2
Bermuda,2008,498,4,4,0,0,0,0,1,10,22,47,75,128,149,57,0,1,5,5,8,14,20,27,34,41,55,73,81,68,42,15,4,0,2
Bermuda,2009,444,2,2,0,0,0,0,5,10,26,47,69,105,127,50,0,5,5,5,10,16,21,26,33,36,46,59,67,60,35,15,2,0,2
Bermuda,2010,429,1,1,0,0,0,0,3,10,23,48,70,104,120,44,0,3,5,5,9,14,21,27,33,37,45,59,64,56,31,13,1,0,2
Bermuda,2011,412,1,1,0,0,0,0,3,10,22,44,66,95,118,48,0,3,5,5,9,13,19,25,31,35,40,55,61,57,33,15,1,0,2
Bermuda,2012,433,1,1,0,0,0,0,2,10,22,45,70,98,126,53,0,2,5,5,9,13,20,25,32,38,42,56,65,61,38,15,1,0,3
Bermuda,2013,520,1,1,0,0,0,0,1,10,20,50,80,122,163,68,0,1,5,5,8,12,22,28,35,45,53,69,85,78,51,17,1,0,3
Bermuda,2014,568,2,2,0,0,0,0,0,9,19,48,84,133,185,79,0,0,4,5,7,12,20,28,37,47,56,77,97,88,60,19,2,0,4
Bermuda,2015,500,2,2,0,0,0,0,0,9,18,47,79,112,158,70,0,0,4,5,7,11,20,27,35,44,50,62,84,74,53,17,2,0,3
Bermuda,2016,528,2,2,0,0,0,0,0,10,18,51,84,118,164,76,0,0,5,5,7,11,21,30,38,46,55,63,87,77,56,20,2,0,2
Bermuda,2017,461,1,1,0,0,0,0,2,10,19,45,68,94,141,76,0,2,5,5,8,11,18,27,32,36,44,50,71,70,53,23,1,0,3
Bermuda,2018,572,1,1,0,0,0,0,0,8,16,48,86,127,186,92,0,0,3,5,6,10,19,29,38,48,58,69,91,95,64,28,1,0,4
Bermuda,2019,580,1,1,0,0,0,0,0,6,16,45,86,130,190,92,0,0,1,5,5,11,17,28,38,48,60,70,90,100,64,28,1,0,6
Bermuda,2020,591,1,1,0,0,0,0,0,6,16,45,90,135,191,96,0,0,1,5,5,11,17,28,39,51,62,73,89,102,66,30,1,0,7
Bermuda,2021,689,1,1,0,0,0,0,0,10,21,61,116,165,205,100,0,0,5,5,8,13,22,39,52,64,78,87,99,106,70,30,1,0,7
Bhutan,1950,6021,2268,3405,1137,235,148,171,385,359,326,327,339,250,72,3,197,188,183,176,169,157,164,163,174,165,145,105,55,17,3,0,3640,319,0
Bhutan,1951,6000,2223,3335,1112,241,151,174,395,367,332,333,343,251,75,2,202,193,188,179,172,160,167,166,176,167,146,105,55,20,2,0,3576,325,0
Bhutan,1952,6026,2251,3323,1072,246,153,177,405,374,337,335,345,254,75,2,207,198,192,182,175,162,169,166,178,167,147,107,55,20,2,0,3569,330,0
Bhutan,1953,6076,2281,3340,1059,246,154,180,414,381,343,337,346,258,75,2,211,203,194,187,178,165,170,167,179,167,149,109,55,20,2,0,3586,334,0
Bhutan,1954,6140,2312,3370,1058,244,157,182,421,389,348,344,348,259,80,3,214,207,199,190,181,167,173,171,179,169,149,110,60,20,3,0,3614,339,0
Bhutan,1955,6209,2343,3411,1068,240,159,184,427,397,353,346,352,259,80,4,217,210,204,193,183,170,175,171,182,170,149,110,60,20,4,0,3651,343,0
Bhutan,1956,6283,2373,3455,1082,233,161,186,435,405,358,349,355,260,80,3,221,214,208,197,186,172,176,173,184,171,150,110,60,20,3,0,3688,347,0
Bhutan,1957,6357,2402,3499,1097,228,165,188,443,413,364,355,357,260,82,3,224,219,213,200,189,175,179,176,184,173,150,110,61,21,3,0,3727,353,0
Bhutan,1958,6431,2429,3540,1111,226,166,189,449,420,369,357,361,266,83,3,226,223,216,204,193,176,181,176,187,174,153,113,61,22,3,0,3766,355,0
Bhutan,1959,6504,2455,3580,1125,226,164,192,455,428,375,362,365,269,84,3,229,226,219,209,194,181,183,179,189,176,154,115,62,22,3,0,3806,356,0
Bhutan,1960,6577,2482,3619,1137,228,161,194,460,437,381,367,366,269,88,4,231,229,224,213,199,182,186,181,189,177,154,115,65,23,4,0,3847,355,0
Bhutan,1961,6645,2505,3654,1149,231,157,197,464,444,389,372,371,273,91,4,233,231,228,216,203,186,188,184,192,179,158,115,65,26,4,0,3885,354,0
Bhutan,1962,6707,2526,3687,1161,233,152,199,466,449,393,377,375,274,91,4,233,233,230,219,205,188,191,186,194,181,159,115,65,26,4,0,3920,351,0
Bhutan,1963,6779,2548,3719,1171,235,150,200,472,458,400,383,380,282,91,9,235,237,234,224,209,191,194,189,197,183,163,119,65,26,7,2,3954,350,0
Bhutan,1964,6844,2568,3750,1182,239,148,198,474,466,408,387,384,284,94,11,237,237,239,227,214,194,196,191,198,186,164,120,67,27,9,2,3989,346,0
Bhutan,1965,6903,2583,3774,1191,241,147,194,481,471,414,394,388,290,98,13,241,240,240,231,217,197,200,194,201,187,168,122,70,28,9,4,4015,341,0
Bhutan,1966,6953,2592,3790,1198,241,148,188,483,477,421,400,393,296,99,15,242,241,243,234,220,201,203,197,203,190,170,126,70,29,10,5,4031,336,1
Bhutan,1967,6996,2597,3802,1205,244,149,183,487,482,428,405,400,299,101,15,246,241,245,237,224,204,205,200,208,192,171,128,70,31,10,5,4046,332,2
Bhutan,1968,7037,2599,3808,1209,247,149,178,486,485,435,411,406,307,103,16,244,242,245,240,228,207,209,202,210,196,175,132,72,31,11,5,4055,327,2
Bhutan,1969,7029,2582,3786,1204,248,149,174,483,487,440,416,410,309,106,17,240,243,245,242,229,211,211,205,213,197,175,134,75,31,12,5,4034,323,2
Bhutan,1970,7029,2563,3762,1199,249,149,172,477,489,446,421,417,318,109,17,234,243,247,242,233,213,214,207,216,201,179,139,77,32,12,5,4011,321,2
Bhutan,1971,7034,2545,3740,1195,250,150,172,470,491,450,430,424,326,111,17,226,244,247,244,234,216,218,212,219,205,184,142,79,32,12,5,3990,322,3
Bhutan,1972,7029,2522,3709,1187,250,150,172,463,491,457,435,433,332,118,17,219,244,246,245,238,219,220,215,223,210,187,145,84,34,12,5,3959,322,3
Bhutan,1973,7013,2498,3674,1176,250,150,172,454,490,459,441,440,339,121,18,211,243,245,245,238,221,224,217,227,213,190,149,87,34,13,5,3924,322,3
Bhutan,1974,7007,2476,3644,1168,252,151,172,445,490,466,450,446,346,128,18,206,239,245,245,240,226,228,222,229,217,194,152,90,38,13,5,3896,323,3
Bhutan,1975,7001,2455,3611,1156,252,151,172,435,490,470,456,456,353,131,19,204,231,245,245,242,228,230,226,234,222,199,154,93,38,13,6,3863,323,3
Bhutan,1976,6985,2433,3574,1141,250,151,172,427,487,473,465,465,363,137,20,204,223,244,243,242,231,235,230,239,226,204,159,96,41,14,6,3824,323,3
Bhutan,1977,6972,2410,3538,1128,250,151,172,417,486,475,473,474,373,140,20,202,215,244,242,243,232,238,235,243,231,209,164,99,41,14,6,3788,323,3
Bhutan,1978,6964,2389,3500,1111,249,151,172,410,482,478,483,486,383,147,20,202,208,241,241,243,235,243,240,249,237,214,169,102,45,14,6,3749,323,3
Bhutan,1979,6950,2361,3451,1090,248,151,172,406,476,482,492,497,399,152,20,202,204,236,240,244,238,247,245,254,243,223,176,106,46,14,6,3699,323,3
Bhutan,1980,6930,2330,3397,1067,245,150,172,403,470,485,502,508,410,158,22,202,201,230,240,244,241,251,251,259,249,229,181,110,48,16,6,3642,322,3
Bhutan,1981,6898,2293,3336,1043,245,149,174,402,461,486,510,521,421,165,22,202,200,221,240,244,242,254,256,265,256,234,187,115,50,16,6,3581,323,3
Bhutan,1982,6856,2253,3265,1012,242,149,174,399,452,487,520,536,436,172,24,202,197,212,240,243,244,259,261,273,263,243,193,120,52,17,7,3507,323,2
Bhutan,1983,6816,2213,3194,981,239,148,174,396,442,487,529,550,448,181,21,200,196,205,237,240,247,262,267,279,271,249,199,125,56,17,4,3433,322,2
Bhutan,1984,6779,2172,3122,950,237,145,174,397,432,488,541,566,466,186,23,201,196,200,232,240,248,267,274,288,278,259,207,129,57,19,4,3359,319,1
Bhutan,1985,6749,2124,3046,922,236,145,175,393,423,491,554,583,482,195,22,200,193,197,226,240,251,272,282,295,288,268,214,135,60,19,3,3282,320,1
Bhutan,1986,6694,2076,2967,891,231,144,174,390,408,491,562,601,499,204,22,199,191,193,215,240,251,274,288,304,297,277,222,141,63,19,3,3198,318,1
Bhutan,1987,6633,2026,2883,857,226,142,173,386,396,489,571,618,515,212,23,198,188,189,207,239,250,278,293,312,306,285,230,146,66,20,3,3109,315,1
Bhutan,1988,6566,1965,2788,823,221,139,171,381,385,486,580,637,535,222,23,197,184,186,199,236,250,280,300,321,316,295,240,153,69,20,3,3009,310,0
Bhutan,1989,6507,1907,2697,790,216,138,170,378,375,481,589,655,556,232,24,195,183,182,193,231,250,284,305,329,326,307,249,160,72,21,3,2913,308,0
Bhutan,1990,6452,1845,2604,759,212,137,169,375,367,475,596,674,576,239,24,193,182,179,188,224,251,285,311,338,336,317,259,165,74,21,3,2816,306,0
Bhutan,1991,6378,1774,2499,725,206,135,168,372,360,467,602,694,596,251,24,193,179,176,184,216,251,286,316,346,348,327,269,174,77,21,3,2705,303,0
Bhutan,1992,6178,1670,2345,675,197,129,163,359,344,449,598,701,608,259,26,187,172,168,176,203,246,282,316,348,353,334,274,178,81,23,3,2542,292,0
Bhutan,1993,5443,1425,1993,568,171,113,144,316,301,391,539,643,564,241,24,164,152,147,154,173,218,253,286,318,325,309,255,165,76,21,3,2164,257,0
Bhutan,1994,5275,1333,1867,534,167,111,141,306,290,375,532,647,573,246,24,159,147,141,149,164,211,248,284,318,329,314,259,170,76,21,3,2034,252,0
Bhutan,1995,5047,1226,1705,479,150,103,134,293,276,355,523,648,583,254,25,153,140,135,141,156,199,243,280,318,330,319,264,175,79,22,3,1855,237,0
Bhutan,1996,4947,1147,1591,444,144,99,131,289,268,344,525,662,603,263,26,151,138,131,137,153,191,244,281,323,339,329,274,180,83,23,3,1735,230,0
Bhutan,1997,4852,1067,1477,410,138,96,128,285,264,334,525,675,623,277,27,149,136,130,134,150,184,243,282,327,348,339,284,189,88,23,4,1615,224,0
Bhutan,1998,4749,992,1364,372,130,93,125,280,255,322,526,688,646,288,29,147,133,125,130,146,176,241,285,332,356,350,296,197,91,25,4,1494,218,0
Bhutan,1999,4670,922,1259,337,124,88,123,274,252,316,526,704,672,302,30,144,130,125,127,144,172,239,287,338,366,363,309,206,96,26,4,1383,211,0
Bhutan,2000,4887,914,1271,357,135,97,129,287,262,321,526,738,738,348,36,151,136,130,132,146,175,235,291,349,389,394,344,235,113,32,4,1406,226,0
Bhutan,2001,4697,809,1086,277,110,84,123,275,247,311,500,734,780,395,45,146,129,121,126,141,170,219,281,342,392,411,369,263,132,40,5,1196,207,0
Bhutan,2002,4723,757,1004,247,103,81,120,276,245,310,486,742,834,456,61,147,129,120,125,140,170,211,275,342,400,433,401,299,157,52,9,1107,201,0
Bhutan,2003,4762,705,926,221,93,77,120,278,244,309,476,747,886,529,81,148,130,120,124,140,169,208,268,340,407,454,432,340,189,68,13,1019,197,0
Bhutan,2004,4853,684,882,198,85,73,116,278,242,308,469,743,935,606,115,148,130,120,122,138,170,209,260,332,411,471,464,380,226,93,22,967,189,1
Bhutan,2005,4951,652,829,177,79,69,114,278,239,309,464,736,980,692,156,148,130,117,122,138,171,211,253,324,412,484,496,423,269,122,34,908,183,2
Bhutan,2006,4953,614,774,160,72,64,109,274,236,307,464,734,1011,731,173,144,130,116,120,136,171,212,252,321,413,496,515,442,289,134,39,846,173,4
Bhutan,2007,4889,578,723,145,66,59,104,263,228,302,469,736,1034,740,164,136,127,112,116,135,167,213,256,321,415,504,530,451,289,128,36,789,163,4
Bhutan,2008,4839,540,672,132,59,54,98,250,225,294,471,736,1059,756,154,129,121,111,114,130,164,213,258,321,415,512,547,464,292,122,32,731,152,4
Bhutan,2009,4834,504,627,123,59,51,94,243,223,292,477,740,1086,782,154,124,119,112,111,130,162,213,264,322,418,520,566,482,300,121,33,686,145,4
Bhutan,2010,4808,472,580,108,53,46,88,232,216,288,480,741,1107,814,153,119,113,108,108,128,160,212,268,322,419,524,583,503,311,121,32,633,134,4
Bhutan,2011,4809,441,541,100,50,43,82,226,214,285,478,745,1128,857,155,115,111,108,106,126,159,208,270,325,420,529,599,530,327,125,30,591,125,4
Bhutan,2012,4826,413,502,89,46,39,77,218,210,281,481,752,1142,910,165,111,107,105,105,122,159,207,274,331,421,531,611,561,349,135,30,548,116,4
Bhutan,2013,4874,392,475,83,43,38,70,211,208,280,480,757,1158,970,180,107,104,103,105,121,159,204,276,336,421,536,622,595,375,149,31,518,108,4
Bhutan,2014,4940,370,447,77,42,34,66,204,206,277,479,765,1173,1039,203,102,102,101,105,118,159,202,277,343,422,542,631,629,410,171,32,489,100,6
Bhutan,2015,5028,347,418,71,38,34,62,201,202,275,480,777,1187,1109,238,99,102,97,105,116,159,203,277,352,425,548,639,659,450,198,40,456,96,6
Bhutan,2016,5129,317,384,67,37,33,59,194,202,277,481,791,1199,1181,285,94,100,96,106,117,160,205,276,360,431,554,645,684,497,231,54,421,92,5
Bhutan,2017,5246,289,350,61,35,32,57,189,203,274,482,808,1209,1256,347,89,100,97,106,117,157,207,275,367,441,557,652,702,554,272,75,385,89,5
Bhutan,2018,5154,262,317,55,33,29,55,182,203,276,485,824,1197,1215,327,84,98,97,106,119,157,211,274,374,450,551,646,676,539,255,72,350,84,6
Bhutan,2019,5083,238,289,51,31,28,53,172,206,280,491,840,1197,1177,312,78,94,100,106,124,156,214,277,378,462,550,647,655,522,242,70,320,81,7
Bhutan,2020,5055,227,275,48,30,28,52,164,206,286,501,859,1200,1150,299,74,90,100,106,129,157,219,282,379,480,553,647,641,509,234,65,305,80,7
Bhutan,2021,5035,219,263,44,29,26,49,157,207,293,506,876,1209,1122,289,71,86,99,108,132,161,220,286,380,496,562,647,632,490,229,60,292,75,8
Bolivia,1950,81441,24685,41478,16793,3132,1399,1521,3490,3012,2994,3656,6056,7445,5692,1495,1880,1610,1478,1534,1522,1472,1639,2017,2762,3294,3773,3672,3417,2275,1051,444,44610,2920,73
Bolivia,1951,81510,25040,41818,16778,3216,1427,1531,3549,3030,3043,3634,6070,7410,5381,1328,1901,1648,1492,1538,1548,1495,1642,1992,2753,3317,3793,3617,3242,2139,974,354,45034,2958,71
Bolivia,1952,81945,25259,42012,16753,3278,1458,1580,3768,3137,3154,3661,6099,7431,5111,1186,2002,1766,1563,1574,1609,1545,1674,1987,2750,3349,3828,3603,3081,2030,893,293,45290,3038,70
Bolivia,1953,81563,25531,42316,16785,3292,1479,1544,3632,3046,3141,3613,6054,7436,4864,1076,1907,1725,1527,1519,1598,1543,1673,1940,2707,3347,3844,3592,2934,1930,827,249,45608,3023,65
Bolivia,1954,81897,25826,42697,16871,3290,1515,1562,3681,3082,3198,3631,6041,7484,4667,992,1917,1764,1562,1520,1622,1576,1702,1929,2684,3357,3880,3604,2834,1833,777,215,45987,3077,55
Bolivia,1955,82129,26126,43094,16968,3271,1544,1574,3691,3106,3221,3640,5997,7517,4503,927,1911,1780,1587,1519,1626,1595,1723,1917,2651,3346,3903,3614,2767,1736,731,196,46365,3118,43
Bolivia,1956,82510,26449,43524,17075,3263,1575,1591,3703,3144,3248,3669,5951,7559,4378,870,1913,1790,1617,1527,1625,1623,1749,1920,2620,3331,3926,3633,2730,1648,688,182,46787,3166,35
Bolivia,1957,83099,26785,43972,17187,3273,1608,1625,3732,3218,3285,3725,5904,7617,4284,824,1926,1806,1664,1554,1627,1658,1785,1940,2589,3315,3954,3663,2717,1567,656,168,47245,3233,30
Bolivia,1958,83835,27320,44634,17314,3281,1625,1655,3741,3280,3303,3781,5846,7666,4217,781,1934,1807,1705,1575,1618,1685,1815,1966,2559,3287,3972,3694,2718,1499,624,157,47915,3280,26
Bolivia,1959,84468,27661,45129,17468,3309,1633,1694,3756,3347,3323,3845,5792,7705,4177,739,1948,1808,1739,1608,1615,1708,1848,1997,2537,3255,3980,3725,2726,1451,592,147,48438,3327,22
Bolivia,1960,85203,27871,45506,17635,3351,1637,1744,3812,3436,3371,3937,5774,7747,4163,699,1985,1827,1780,1656,1635,1736,1896,2041,2540,3234,3986,3761,2741,1422,561,138,48857,3381,20
Bolivia,1961,85730,28081,45817,17736,3385,1638,1789,3844,3492,3392,4012,5751,7762,4166,664,2011,1833,1797,1695,1650,1742,1932,2080,2550,3201,3973,3789,2757,1409,532,132,49202,3427,18
Bolivia,1962,86001,28265,46078,17813,3397,1624,1809,3835,3505,3386,4065,5720,7753,4182,631,2020,1815,1785,1720,1658,1728,1958,2107,2564,3156,3942,3811,2778,1404,507,124,49475,3433,17
Bolivia,1963,86513,28409,46240,17831,3441,1629,1839,3900,3570,3425,4158,5735,7751,4210,603,2068,1832,1796,1774,1695,1730,2003,2155,2609,3126,3918,3833,2804,1406,485,118,49681,3468,16
Bolivia,1964,87004,28527,46354,17827,3494,1650,1859,3968,3620,3472,4241,5767,7734,4243,583,2119,1849,1803,1817,1736,1736,2038,2203,2656,3111,3888,3846,2831,1412,471,112,49848,3509,15
Bolivia,1965,87335,28636,46454,17818,3527,1663,1859,4018,3636,3510,4300,5810,7699,4277,570,2158,1860,1798,1838,1768,1742,2056,2244,2702,3108,3853,3846,2856,1421,464,106,49981,3522,14
Bolivia,1966,87475,28704,46462,17758,3534,1666,1845,4057,3632,3553,4342,5860,7643,4306,561,2189,1868,1787,1845,1801,1752,2059,2283,2745,3115,3811,3832,2877,1429,460,101,49996,3511,13
Bolivia,1967,87944,28795,46490,17695,3568,1690,1856,4164,3667,3644,4405,5958,7593,4343,557,2252,1912,1804,1863,1859,1785,2066,2339,2804,3154,3775,3818,2900,1443,460,97,50058,3546,12
Bolivia,1968,88241,28903,46534,17631,3583,1705,1851,4192,3661,3725,4449,6067,7535,4376,553,2260,1932,1801,1860,1905,1820,2062,2387,2863,3204,3740,3795,2918,1458,460,93,50117,3556,12
Bolivia,1969,88387,28955,46489,17534,3583,1722,1862,4214,3651,3792,4476,6168,7472,4395,551,2255,1959,1800,1851,1938,1854,2056,2420,2914,3254,3711,3761,2923,1472,461,90,50072,3584,11
Bolivia,1970,88623,28968,46407,17439,3590,1742,1883,4249,3666,3861,4517,6291,7443,4408,552,2251,1998,1814,1852,1966,1895,2069,2448,2974,3317,3712,3731,2923,1485,463,89,49997,3625,11
Bolivia,1971,88641,29001,46290,17289,3575,1749,1890,4250,3661,3909,4538,6397,7411,4405,555,2227,2023,1820,1841,1974,1935,2084,2454,3025,3372,3722,3689,2910,1495,467,88,49865,3639,10
Bolivia,1972,88731,28968,46144,17176,3565,1756,1901,4249,3666,3960,4567,6523,7419,4407,562,2206,2043,1832,1834,1977,1983,2113,2454,3086,3437,3764,3655,2898,1509,474,88,49709,3657,10
Bolivia,1973,88712,28936,45973,17037,3545,1756,1911,4227,3666,3990,4585,6641,7441,4403,566,2187,2040,1843,1823,1963,2027,2144,2441,3140,3501,3820,3621,2882,1521,478,88,49518,3667,9
Bolivia,1974,88726,28907,45779,16872,3529,1756,1926,4208,3681,4013,4621,6753,7490,4388,571,2184,2024,1863,1818,1951,2062,2185,2436,3183,3570,3885,3605,2861,1527,483,88,49308,3682,9
Bolivia,1975,89002,28779,45563,16784,3530,1764,1949,4214,3729,4058,4713,6897,7606,4389,581,2201,2013,1897,1832,1955,2103,2247,2466,3235,3662,3978,3628,2854,1535,490,91,49093,3713,9
Bolivia,1976,89113,28702,45282,16580,3522,1768,1973,4215,3779,4084,4804,7005,7721,4362,585,2214,2001,1930,1849,1957,2127,2306,2498,3261,3744,4063,3658,2831,1531,494,91,48804,3741,9
Bolivia,1977,89141,28612,44985,16373,3505,1765,1989,4200,3815,4091,4907,7093,7858,4334,591,2221,1979,1950,1865,1954,2137,2369,2538,3264,3829,4150,3708,2807,1527,500,91,48490,3754,9
Bolivia,1978,89203,28458,44613,16155,3494,1770,2007,4216,3859,4101,5034,7179,8018,4309,594,2242,1974,1964,1895,1958,2143,2440,2594,3263,3916,4243,3775,2787,1522,502,92,48107,3777,9
Bolivia,1979,89096,28214,44120,15906,3471,1768,2015,4232,3878,4107,5156,7256,8192,4294,598,2258,1974,1956,1922,1963,2144,2497,2659,3271,3985,4340,3852,2781,1513,505,93,47591,3783,9
Bolivia,1980,88850,27939,43577,15638,3432,1758,2013,4229,3876,4111,5259,7325,8367,4297,598,2261,1968,1930,1946,1970,2141,2537,2722,3291,4034,4433,3934,2792,1505,505,93,47009,3771,9
Bolivia,1981,88812,27621,42956,15335,3419,1765,2032,4272,3909,4151,5390,7424,8569,4316,601,2288,1984,1921,1988,1997,2154,2581,2809,3344,4080,4541,4028,2821,1495,504,97,46375,3797,9
Bolivia,1982,88729,27238,42244,15006,3405,1768,2046,4317,3944,4207,5523,7521,8789,4355,600,2314,2003,1915,2029,2033,2174,2614,2909,3417,4104,4661,4128,2869,1486,503,97,45649,3814,9
Bolivia,1983,88919,26904,41631,14727,3412,1780,2075,4379,3985,4292,5671,7645,9027,4411,599,2345,2034,1923,2062,2088,2204,2647,3024,3516,4129,4789,4238,2931,1480,501,98,45043,3855,9
Bolivia,1984,88355,26407,40697,14290,3352,1764,2069,4370,3963,4330,5751,7749,9219,4479,598,2335,2035,1915,2048,2117,2213,2651,3100,3603,4146,4878,4341,2996,1483,500,98,44049,3833,9
Bolivia,1985,88150,26022,39903,13881,3317,1757,2081,4398,3968,4412,5848,7903,9401,4557,596,2345,2053,1925,2043,2167,2245,2672,3176,3709,4194,4951,4450,3065,1492,498,98,43220,3838,9
Bolivia,1986,87927,25624,39116,13492,3279,1751,2090,4417,3960,4487,5922,8088,9566,4651,592,2351,2066,1931,2029,2210,2277,2690,3232,3824,4264,5004,4562,3138,1513,495,97,42395,3841,10
Bolivia,1987,87447,25206,38302,13096,3207,1728,2078,4385,3917,4541,5958,8282,9697,4753,588,2332,2053,1920,1997,2235,2306,2697,3261,3940,4342,5019,4678,3214,1539,491,97,41509,3806,10
Bolivia,1988,86535,24683,37355,12672,3112,1692,2047,4306,3841,4542,5940,8460,9783,4855,587,2290,2016,1890,1951,2219,2323,2687,3253,4039,4421,5006,4777,3284,1571,490,97,40467,3739,10
Bolivia,1989,85739,24093,36370,12277,3026,1662,2021,4244,3800,4545,5947,8660,9892,4976,588,2259,1985,1873,1927,2193,2352,2693,3254,4133,4527,5023,4869,3368,1608,491,97,39396,3683,10
Bolivia,1990,84760,23445,35246,11801,2930,1624,1993,4175,3754,4537,5961,8845,9995,5096,593,2225,1950,1851,1903,2155,2382,2706,3255,4205,4640,5062,4933,3449,1647,497,96,38176,3617,10
Bolivia,1991,83585,22708,34000,11292,2833,1584,1961,4098,3702,4518,5974,9005,10083,5215,598,2186,1912,1825,1877,2110,2408,2720,3254,4247,4758,5118,4965,3529,1686,502,96,36833,3545,10
Bolivia,1992,82887,21933,32799,10866,2791,1577,1962,4078,3700,4530,6034,9205,10224,5364,609,2176,1902,1824,1876,2085,2445,2762,3272,4289,4916,5227,4997,3630,1734,513,96,35590,3539,10
Bolivia,1993,81130,21016,31298,10282,2652,1504,1896,3937,3593,4450,6035,9314,10322,5499,623,2104,1833,1763,1830,2025,2425,2778,3257,4273,5041,5325,4997,3718,1781,527,96,33950,3400,10
Bolivia,1994,82366,20021,29688,9667,2565,1460,1869,3899,3590,4448,6168,9719,11123,6548,1253,2083,1816,1753,1837,2023,2425,2845,3323,4381,5338,5728,5395,4225,2323,973,280,32253,3329,35
Bolivia,1995,83440,19078,28170,9092,2486,1426,1846,3863,3587,4437,6304,10083,11938,7460,1786,2061,1802,1741,1846,2027,2410,2911,3393,4483,5600,6131,5807,4676,2784,1341,445,30656,3272,59
Bolivia,1996,84207,18222,26724,8502,2405,1396,1822,3828,3582,4421,6440,10383,12710,8207,2203,2039,1789,1730,1852,2032,2389,2977,3463,4570,5813,6513,6197,5049,3158,1627,576,29129,3218,81
Bolivia,1997,84164,17312,25252,7940,2292,1346,1773,3723,3509,4344,6499,10556,13423,8819,2526,1983,1740,1686,1823,2008,2336,2995,3504,4610,5946,6864,6559,5351,3468,1845,681,27544,3119,102
Bolivia,1998,84265,16497,23881,7384,2195,1319,1745,3671,3481,4333,6598,10727,14108,9326,2759,1953,1718,1667,1814,2013,2320,3020,3578,4669,6058,7202,6906,5605,3721,2002,757,26076,3064,119
Bolivia,1999,84419,15797,22659,6862,2084,1275,1713,3631,3468,4369,6700,10913,14770,9776,2928,1928,1703,1657,1811,2033,2336,3030,3670,4743,6170,7513,7257,5851,3925,2117,811,24743,2988,133
Bolivia,2000,84517,15021,21446,6425,1996,1249,1698,3613,3470,4419,6801,11099,15370,10173,3038,1917,1696,1656,1814,2057,2362,3030,3771,4826,6273,7774,7596,6092,4081,2193,845,23442,2947,144
Bolivia,2001,84353,14237,20260,6023,1899,1213,1674,3562,3446,4456,6873,11260,15896,10538,3118,1888,1674,1643,1803,2072,2384,3012,3861,4905,6355,7974,7922,6327,4211,2252,866,22159,2887,152
Bolivia,2002,82739,13584,19249,5665,1813,1183,1662,3532,3433,4508,6929,11286,15978,10268,2762,1870,1662,1635,1798,2090,2418,3002,3927,4950,6336,7963,8015,6283,3985,2009,753,21062,2845,140
Bolivia,2003,81938,13008,18336,5328,1748,1165,1677,3563,3478,4625,7055,11422,16140,10129,2474,1884,1679,1656,1822,2133,2492,3044,4011,5056,6366,7977,8163,6297,3832,1820,654,20084,2842,128
Bolivia,2004,81052,12470,17468,4998,1685,1140,1688,3582,3513,4718,7134,11532,16207,10036,2234,1892,1690,1672,1841,2162,2556,3094,4040,5151,6381,7951,8256,6320,3716,1667,567,19153,2828,115
Bolivia,2005,80281,11985,16692,4707,1623,1108,1687,3581,3529,4788,7194,11663,16248,10021,2049,1892,1689,1678,1851,2178,2610,3148,4046,5254,6409,7927,8321,6369,3652,1552,497,18315,2795,102
Bolivia,2006,79705,11647,16112,4465,1556,1073,1673,3558,3518,4831,7232,11805,16269,10080,1908,1882,1676,1669,1849,2180,2651,3197,4035,5354,6451,7907,8362,6453,3627,1467,441,17668,2746,90
Bolivia,2007,79732,11184,15429,4245,1512,1055,1689,3621,3593,4961,7377,12066,16339,10205,1799,1918,1703,1702,1891,2227,2734,3300,4077,5502,6564,7932,8407,6576,3629,1402,397,16941,2744,79
Bolivia,2008,79054,10662,14695,4033,1441,1012,1656,3584,3566,4977,7445,12211,16321,10352,1722,1903,1681,1685,1881,2222,2755,3358,4087,5560,6651,7919,8402,6698,3654,1360,362,16136,2668,70
Bolivia,2009,78336,10136,13931,3795,1365,969,1616,3546,3541,4990,7552,12319,16292,10485,1668,1885,1661,1668,1873,2219,2771,3419,4133,5566,6753,7913,8379,6794,3691,1331,337,15296,2585,61
Bolivia,2010,78359,9656,13233,3577,1316,946,1604,3586,3595,5090,7772,12525,16371,10631,1639,1905,1681,1691,1904,2261,2829,3528,4244,5603,6922,7977,8394,6881,3750,1321,318,14549,2550,54
Bolivia,2011,77973,9211,12581,3370,1264,914,1566,3570,3591,5124,7915,12637,16396,10741,1622,1892,1678,1685,1906,2274,2850,3597,4318,5587,7050,8018,8378,6926,3815,1320,302,13845,2480,48
Bolivia,2012,78608,8810,11991,3181,1235,899,1567,3646,3681,5273,8206,12916,16607,10914,1625,1922,1724,1724,1957,2342,2931,3729,4477,5655,7261,8173,8434,6996,3918,1333,292,13226,2466,44
Bolivia,2013,78530,8512,11557,3045,1196,873,1529,3609,3666,5293,8343,13019,16733,11037,1637,1893,1716,1713,1953,2347,2946,3774,4569,5677,7342,8288,8445,7022,4015,1352,285,12753,2402,40
Bolivia,2014,79315,8266,11190,2924,1181,867,1531,3664,3748,5421,8598,13236,17007,11175,1663,1907,1757,1750,1998,2404,3017,3869,4729,5809,7427,8490,8517,7065,4110,1380,283,12371,2398,38
Bolivia,2015,80069,8071,10885,2814,1157,852,1523,3688,3809,5532,8830,13434,17322,11307,1697,1903,1785,1779,2030,2451,3081,3950,4880,5957,7477,8707,8615,7117,4190,1414,283,12042,2375,36
Bolivia,2016,80050,7912,10631,2719,1116,825,1480,3604,3766,5520,8910,13477,17563,11387,1736,1849,1755,1758,2008,2438,3082,3958,4952,6036,7441,8872,8691,7142,4245,1451,285,11747,2305,34
Bolivia,2017,81303,7770,10415,2645,1103,825,1484,3642,3863,5672,9178,13756,18008,11529,1793,1855,1787,1806,2057,2503,3169,4059,5119,6237,7519,9128,8880,7217,4312,1503,290,11518,2309,33
Bolivia,2018,82718,7618,10182,2564,1098,830,1499,3709,3999,5865,9476,14119,18418,11646,1845,1877,1832,1875,2124,2587,3278,4184,5292,6469,7650,9326,9092,7287,4359,1549,296,11280,2329,33
Bolivia,2019,83967,7462,9956,2494,1087,831,1498,3736,4100,6015,9723,14529,18774,11784,1897,1885,1851,1925,2175,2650,3365,4291,5432,6695,7834,9438,9336,7377,4407,1592,305,11043,2329,32
Bolivia,2020,111027,7258,9647,2389,1043,806,1470,3856,4928,8490,15367,23056,25933,14267,2129,1890,1966,2221,2707,3592,4898,6634,8733,10873,12183,13414,12519,9107,5160,1795,334,10690,2276,34
Bolivia,2021,120158,7050,9355,2305,1018,800,1523,4089,5423,9489,17173,25757,28066,15213,2218,1995,2094,2425,2998,4013,5476,7437,9736,12230,13527,14438,13628,9758,5455,1871,347,10373,2323,34
Bonaire Sint Eustatius and Saba,1950,140,16,22,6,0,0,0,0,0,8,10,21,36,31,5,0,0,0,0,3,5,5,5,9,12,16,20,19,12,5,0,22,0,0
Bonaire Sint Eustatius and Saba,1951,130,14,19,5,0,0,0,0,0,7,10,19,34,31,6,0,0,0,0,2,5,5,5,8,11,15,19,19,12,6,0,19,0,0
Bonaire Sint Eustatius and Saba,1952,115,11,14,3,0,0,0,0,0,4,10,16,31,29,5,0,0,0,0,0,4,5,5,6,10,14,17,17,12,5,0,14,0,0
Bonaire Sint Eustatius and Saba,1953,115,11,14,3,0,0,0,0,0,4,10,16,30,28,5,0,0,0,0,0,4,5,5,6,10,14,16,16,12,5,0,14,0,0
Bonaire Sint Eustatius and Saba,1954,111,11,14,3,0,0,0,0,0,3,10,15,28,27,5,0,0,0,0,0,3,5,5,5,10,13,15,15,12,5,0,14,0,0
Bonaire Sint Eustatius and Saba,1955,114,10,13,3,0,0,0,0,0,3,10,15,31,29,5,0,0,0,0,0,3,5,5,5,10,14,17,17,12,5,0,13,0,0
Bonaire Sint Eustatius and Saba,1956,114,10,13,3,0,0,0,0,0,3,10,15,29,29,5,0,0,0,0,0,3,5,5,5,10,14,15,17,12,5,0,13,0,0
Bonaire Sint Eustatius and Saba,1957,106,9,12,3,0,0,0,0,0,1,10,15,28,27,4,0,0,0,0,0,1,5,5,5,10,13,15,15,12,4,0,12,0,0
Bonaire Sint Eustatius and Saba,1958,101,8,10,2,0,0,0,0,0,0,10,15,27,26,4,0,0,0,0,0,0,5,5,5,10,12,15,15,11,4,0,10,0,0
Bonaire Sint Eustatius and Saba,1959,100,8,10,2,0,0,0,0,0,0,10,16,26,26,4,0,0,0,0,0,0,5,5,6,10,11,15,15,11,4,0,10,0,0
Bonaire Sint Eustatius and Saba,1960,96,8,10,2,0,0,0,0,0,0,9,16,25,26,4,0,0,0,0,0,0,4,5,6,10,10,15,15,11,4,0,10,0,0
Bonaire Sint Eustatius and Saba,1961,98,9,12,3,0,0,0,0,0,0,9,16,24,24,4,0,0,0,0,0,0,4,5,6,10,10,14,14,10,4,0,12,0,0
Bonaire Sint Eustatius and Saba,1962,94,8,10,2,0,0,0,0,0,0,8,16,23,23,4,0,0,0,0,0,0,3,5,6,10,10,13,13,10,4,0,10,0,0
Bonaire Sint Eustatius and Saba,1963,86,7,7,0,0,0,0,0,0,0,7,15,22,23,4,0,0,0,0,0,0,2,5,5,10,10,12,13,10,4,0,7,0,0
Bonaire Sint Eustatius and Saba,1964,87,7,8,1,0,0,0,0,0,0,7,15,21,24,4,0,0,0,0,0,0,2,5,5,10,10,11,14,10,4,0,8,0,0
Bonaire Sint Eustatius and Saba,1965,97,9,11,2,0,0,0,0,0,0,9,17,21,24,4,0,0,0,0,0,0,4,5,7,10,11,10,15,9,4,0,11,0,0
Bonaire Sint Eustatius and Saba,1966,90,7,8,1,0,0,0,0,0,0,7,16,20,22,4,0,0,0,0,0,0,2,5,6,10,10,10,14,8,4,0,8,0,0
Bonaire Sint Eustatius and Saba,1967,87,6,7,1,0,0,0,0,0,0,7,16,20,20,4,0,0,0,0,0,0,2,5,6,10,10,10,12,8,4,0,7,0,0
Bonaire Sint Eustatius and Saba,1968,90,7,8,1,0,0,0,0,0,0,7,17,26,18,4,0,0,0,0,0,0,2,5,7,10,14,12,10,8,4,0,8,0,0
Bonaire Sint Eustatius and Saba,1969,85,5,5,0,0,0,0,0,0,0,6,16,26,19,4,0,0,0,0,0,0,1,5,6,10,13,13,10,9,4,0,5,0,0
Bonaire Sint Eustatius and Saba,1970,80,4,4,0,0,0,0,0,0,0,5,15,25,20,3,0,0,0,0,0,0,0,5,5,10,12,13,11,9,3,0,4,0,0
Bonaire Sint Eustatius and Saba,1971,86,4,4,0,0,0,0,0,0,0,5,15,29,23,4,0,0,0,0,0,0,0,5,5,10,14,15,14,9,4,0,4,0,0
Bonaire Sint Eustatius and Saba,1972,87,4,4,0,0,0,0,0,0,0,5,15,29,23,4,0,0,0,0,0,0,0,5,5,10,14,15,14,9,4,0,4,0,0
Bonaire Sint Eustatius and Saba,1973,88,4,4,0,0,0,0,0,0,0,5,15,29,23,4,0,0,0,0,0,0,0,5,5,10,14,15,15,8,4,0,4,0,0
Bonaire Sint Eustatius and Saba,1974,90,4,4,0,0,0,0,0,0,0,5,14,31,24,4,0,0,0,0,0,0,0,5,5,9,15,16,15,9,4,0,4,0,0
Bonaire Sint Eustatius and Saba,1975,92,4,4,0,0,0,0,0,0,0,4,14,32,26,4,0,0,0,0,0,0,0,4,5,9,14,18,16,10,4,0,4,0,0
Bonaire Sint Eustatius and Saba,1976,95,4,4,0,0,0,0,0,0,0,4,13,34,29,4,0,0,0,0,0,0,0,4,5,8,14,20,17,12,4,0,4,0,0
Bonaire Sint Eustatius and Saba,1977,102,4,4,0,0,0,0,0,0,0,4,13,35,32,5,0,0,0,0,0,0,0,4,5,8,15,20,19,13,5,0,4,0,0
Bonaire Sint Eustatius and Saba,1978,108,4,4,0,0,0,0,0,0,0,3,13,36,37,6,0,0,0,0,0,0,0,3,5,8,15,21,23,14,6,0,4,0,0
Bonaire Sint Eustatius and Saba,1979,115,5,5,0,0,0,0,0,0,0,3,13,36,39,6,0,0,0,0,0,0,0,3,5,8,14,22,24,15,6,0,5,0,0
Bonaire Sint Eustatius and Saba,1980,124,5,5,0,0,0,0,0,0,0,5,15,37,43,8,0,0,0,0,0,0,0,5,5,10,14,23,25,18,8,0,5,0,0
Bonaire Sint Eustatius and Saba,1981,129,5,5,0,0,0,0,0,0,0,6,15,35,47,11,0,0,0,0,0,0,1,5,5,10,13,22,27,20,10,1,5,0,0
Bonaire Sint Eustatius and Saba,1982,122,5,5,0,0,0,0,0,0,0,4,14,32,45,12,0,0,0,0,0,0,0,4,5,9,12,20,25,20,10,2,5,0,0
Bonaire Sint Eustatius and Saba,1983,119,5,5,0,0,0,0,0,0,0,4,13,30,46,11,0,0,0,0,0,0,0,4,5,8,11,19,25,21,9,2,5,0,0
Bonaire Sint Eustatius and Saba,1984,118,5,5,0,0,0,0,0,0,0,5,13,28,46,13,0,0,0,0,0,0,1,4,5,8,11,17,25,21,10,3,5,0,0
Bonaire Sint Eustatius and Saba,1985,117,5,5,0,0,0,0,0,0,0,9,12,27,45,12,0,0,0,0,0,0,4,5,5,7,10,17,24,21,9,3,5,0,0
Bonaire Sint Eustatius and Saba,1986,116,5,5,0,0,0,0,0,0,0,9,12,27,45,12,0,0,0,0,0,0,4,5,5,7,10,17,24,21,9,3,5,0,0
Bonaire Sint Eustatius and Saba,1987,115,5,5,0,0,0,0,0,0,0,9,12,28,43,14,0,0,0,0,0,0,4,5,5,7,12,16,23,20,11,3,5,0,0
Bonaire Sint Eustatius and Saba,1988,111,4,4,0,0,0,0,0,0,0,8,11,27,42,13,0,0,0,0,0,0,3,5,5,6,11,16,22,20,10,3,4,0,0
Bonaire Sint Eustatius and Saba,1989,113,4,4,0,0,0,0,0,0,0,8,11,26,42,12,0,0,0,0,0,0,3,5,5,6,11,15,21,21,10,2,4,0,0
Bonaire Sint Eustatius and Saba,1990,114,4,4,0,0,0,0,0,0,1,9,11,26,42,12,0,0,0,0,0,1,4,5,5,6,11,15,20,22,10,2,4,0,0
Bonaire Sint Eustatius and Saba,1991,116,5,5,0,0,0,0,0,0,3,10,10,26,43,12,0,0,0,0,0,3,5,5,5,5,11,15,20,23,10,2,5,0,0
Bonaire Sint Eustatius and Saba,1992,119,5,5,0,0,0,0,0,0,4,10,11,25,42,15,0,0,0,0,0,4,5,5,5,6,10,15,19,23,12,3,5,0,0
Bonaire Sint Eustatius and Saba,1993,108,4,4,0,0,0,0,0,0,3,10,11,23,37,13,0,0,0,0,0,3,5,5,5,6,9,14,17,20,11,2,4,0,0
Bonaire Sint Eustatius and Saba,1994,104,4,4,0,0,0,0,0,0,2,10,11,23,35,13,0,0,0,0,0,2,5,5,5,6,10,13,15,20,11,2,4,0,0
Bonaire Sint Eustatius and Saba,1995,96,3,3,0,0,0,0,0,0,1,10,10,22,30,13,0,0,0,0,0,1,5,5,5,5,10,12,15,15,11,2,3,0,0
Bonaire Sint Eustatius and Saba,1996,104,4,4,0,0,0,0,0,0,4,10,11,23,30,14,0,0,0,0,0,4,5,5,5,6,10,13,15,15,11,3,4,0,0
Bonaire Sint Eustatius and Saba,1997,98,3,3,0,0,0,0,0,0,3,10,10,22,30,13,0,0,0,0,0,3,5,5,5,5,10,12,15,15,10,3,3,0,0
Bonaire Sint Eustatius and Saba,1998,97,3,3,0,0,0,0,0,0,3,10,12,21,28,13,0,0,0,0,0,3,5,5,5,7,10,11,15,13,10,3,3,0,0
Bonaire Sint Eustatius and Saba,1999,93,3,3,0,0,0,0,0,0,3,10,14,20,26,12,0,0,0,0,0,3,5,5,5,9,10,10,15,11,9,3,3,0,0
Bonaire Sint Eustatius and Saba,2000,95,3,3,0,0,0,0,0,0,4,10,15,20,26,12,0,0,0,0,0,4,5,5,5,10,10,10,14,12,9,3,3,0,0
Bonaire Sint Eustatius and Saba,2001,98,3,3,0,0,0,0,0,0,4,10,15,20,26,12,0,0,0,0,0,4,5,5,5,10,10,10,13,13,9,3,3,0,0
Bonaire Sint Eustatius and Saba,2002,98,3,3,0,0,0,0,0,0,6,10,15,20,23,10,0,0,0,0,1,5,5,5,5,10,10,10,11,12,7,3,3,0,0
Bonaire Sint Eustatius and Saba,2003,100,3,3,0,0,0,0,0,0,7,10,16,21,23,9,0,0,0,0,2,5,5,5,6,10,10,11,10,13,6,3,3,0,0
Bonaire Sint Eustatius and Saba,2004,102,3,3,0,0,0,0,0,0,8,10,19,22,24,10,0,0,0,0,3,5,5,5,9,10,12,10,11,13,7,3,3,0,0
Bonaire Sint Eustatius and Saba,2005,106,3,3,0,0,0,0,0,0,8,12,20,27,23,10,0,0,0,0,3,5,5,7,10,10,14,13,12,11,7,3,3,0,0
Bonaire Sint Eustatius and Saba,2006,116,3,3,0,0,0,0,0,0,9,14,20,30,25,10,0,0,0,0,4,5,5,9,10,10,15,15,14,11,7,3,3,0,1
Bonaire Sint Eustatius and Saba,2007,112,3,3,0,0,0,0,0,0,8,13,20,29,24,8,0,0,0,0,3,5,5,8,10,10,14,15,14,10,7,1,3,0,0
Bonaire Sint Eustatius and Saba,2008,119,3,3,0,0,0,0,0,0,8,14,21,31,25,9,0,0,0,0,3,5,5,9,10,11,15,16,15,10,8,1,3,0,1
Bonaire Sint Eustatius and Saba,2009,126,3,3,0,0,0,0,0,0,8,15,24,33,26,9,0,0,0,0,3,5,5,10,10,14,15,18,15,11,7,2,3,0,0
Bonaire Sint Eustatius and Saba,2010,138,3,3,0,0,0,0,0,0,8,17,29,36,28,10,0,0,0,0,3,5,7,10,14,15,16,20,16,12,8,2,3,0,0
Bonaire Sint Eustatius and Saba,2011,136,3,3,0,0,0,0,0,0,7,16,28,35,29,10,0,0,0,0,2,5,6,10,13,15,15,20,17,12,9,1,3,0,0
Bonaire Sint Eustatius and Saba,2012,159,3,3,0,0,0,0,0,0,8,20,31,43,34,10,0,0,0,0,3,5,10,10,15,16,20,23,21,13,8,2,3,0,0
Bonaire Sint Eustatius and Saba,2013,163,3,3,0,0,0,0,0,0,8,20,35,43,36,10,0,0,0,0,3,5,10,10,15,20,20,23,22,14,7,3,3,0,0
Bonaire Sint Eustatius and Saba,2014,156,3,3,0,0,0,0,0,0,7,19,33,42,37,9,0,0,0,0,2,5,9,10,14,19,20,22,23,14,6,3,3,0,0
Bonaire Sint Eustatius and Saba,2015,153,3,3,0,0,0,0,0,0,6,18,31,41,38,10,0,0,0,0,1,5,8,10,13,18,20,21,24,14,7,3,3,0,0
Bonaire Sint Eustatius and Saba,2016,191,4,4,0,0,0,0,0,0,8,24,39,53,47,9,0,0,0,0,3,5,10,14,16,23,26,27,29,18,7,2,4,0,0
Bonaire Sint Eustatius and Saba,2017,176,3,3,0,0,0,0,0,0,6,20,35,50,44,10,0,0,0,0,1,5,8,12,15,20,25,25,25,19,8,2,3,0,0
Bonaire Sint Eustatius and Saba,2018,214,4,4,0,0,0,0,0,0,8,24,42,60,54,13,0,0,0,0,3,5,9,15,18,24,30,30,30,24,10,3,4,0,1
Bonaire Sint Eustatius and Saba,2019,215,3,3,0,0,0,0,0,0,7,22,41,61,55,14,0,0,0,0,2,5,8,14,18,23,30,31,30,25,12,2,3,0,0
Bonaire Sint Eustatius and Saba,2020,239,4,4,0,0,0,0,0,0,8,25,45,69,64,19,0,0,0,0,3,5,8,17,20,25,34,35,35,29,15,4,4,0,0
Bonaire Sint Eustatius and Saba,2021,276,4,4,0,0,0,0,0,0,10,27,53,79,70,24,0,0,0,0,5,5,9,18,25,28,38,41,39,31,18,6,4,0,0
Bosnia and Herzegovina,1950,46201,16568,22640,6072,1064,725,1016,1680,1109,2329,3087,4013,5763,2568,204,1035,645,448,661,1024,1305,1584,1503,1965,2048,2940,2823,1786,782,184,20,23704,1741,2
Bosnia and Herzegovina,1951,45976,16453,22494,6041,1037,691,997,1757,1073,2316,3192,4002,5526,2663,225,1064,693,457,616,1001,1315,1629,1563,1956,2046,2742,2784,1839,824,204,21,23531,1688,2
Bosnia and Herzegovina,1952,43828,15961,21653,5692,894,615,927,1722,1001,2185,3146,3831,5003,2615,236,1022,700,462,539,919,1266,1561,1585,1810,2021,2385,2618,1796,819,210,26,22547,1542,2
Bosnia and Herzegovina,1953,42007,15389,20736,5347,1037,546,862,1677,946,2054,3104,3693,4529,2572,248,972,705,475,471,834,1220,1482,1622,1663,2030,2074,2455,1755,817,218,30,21773,1408,2
Bosnia and Herzegovina,1954,40052,14688,19709,5021,931,488,801,1629,920,1926,3072,3600,4161,2551,263,922,707,495,425,755,1171,1418,1654,1571,2029,1873,2288,1722,829,233,30,20640,1289,2
Bosnia and Herzegovina,1955,38278,13774,18459,4685,868,449,752,1593,925,1818,3068,3571,3922,2563,288,881,712,520,405,689,1129,1384,1684,1553,2018,1785,2137,1701,862,253,35,19327,1201,2
Bosnia and Herzegovina,1956,36554,12822,17152,4330,844,420,696,1552,948,1701,3049,3554,3746,2576,313,840,712,544,404,623,1078,1362,1687,1582,1972,1771,1975,1680,896,273,40,17996,1116,2
Bosnia and Herzegovina,1957,34923,11869,15826,3957,830,407,639,1511,983,1581,3025,3550,3628,2603,337,806,705,566,417,562,1019,1354,1671,1660,1890,1829,1799,1668,935,292,45,16656,1046,3
Bosnia and Herzegovina,1958,33389,11111,14698,3587,827,401,577,1449,1023,1446,2961,3527,3523,2593,359,763,686,582,441,501,945,1336,1625,1744,1783,1899,1624,1633,960,307,52,15525,978,4
Bosnia and Herzegovina,1959,32275,10451,13698,3247,770,411,531,1400,1077,1349,2939,3589,3515,2600,391,731,669,603,474,466,883,1329,1610,1839,1750,1972,1543,1602,998,332,59,14468,942,4
Bosnia and Herzegovina,1960,31164,9822,12775,2953,745,416,491,1338,1119,1259,2891,3648,3499,2551,425,691,647,616,503,446,813,1299,1592,1892,1756,1990,1509,1533,1018,359,66,13520,907,5
Bosnia and Herzegovina,1961,30330,9197,11892,2695,712,425,469,1279,1168,1203,2871,3778,3540,2518,467,650,629,630,538,450,753,1269,1602,1942,1836,1991,1549,1469,1049,392,75,12604,894,6
Bosnia and Herzegovina,1962,29717,8564,11031,2467,690,435,466,1227,1218,1175,2879,3965,3627,2483,512,610,617,643,575,479,696,1237,1642,1978,1987,1966,1661,1394,1089,427,85,11721,901,7
Bosnia and Herzegovina,1963,28906,7931,10180,2249,648,439,472,1159,1247,1150,2839,4112,3685,2416,549,562,597,641,606,514,636,1177,1662,1970,2142,1907,1778,1309,1107,456,93,10828,911,9
Bosnia and Herzegovina,1964,28238,7317,9359,2042,612,437,493,1099,1274,1155,2796,4267,3773,2376,587,522,577,637,637,559,596,1115,1681,1976,2291,1900,1873,1269,1107,485,102,9971,930,10
Bosnia and Herzegovina,1965,27706,6748,8595,1847,577,437,513,1047,1294,1189,2732,4408,3895,2381,626,493,554,628,666,608,581,1050,1682,1997,2411,1960,1935,1287,1094,511,115,9172,950,12
Bosnia and Herzegovina,1966,27157,6181,7842,1661,534,433,530,1000,1305,1244,2636,4520,4029,2402,665,477,523,616,689,654,590,976,1660,2026,2494,2075,1954,1340,1062,536,129,8376,963,14
Bosnia and Herzegovina,1967,27037,5639,7123,1484,504,433,555,983,1331,1349,2570,4701,4254,2505,711,486,497,616,715,714,635,920,1650,2116,2585,2291,1963,1467,1038,569,142,7627,988,16
Bosnia and Herzegovina,1968,27072,5148,6463,1315,476,431,578,986,1355,1484,2497,4878,4517,2636,756,515,471,615,740,779,705,870,1627,2218,2660,2551,1966,1622,1014,599,157,6939,1009,19
Bosnia and Herzegovina,1969,27205,4716,5876,1160,446,426,596,1006,1368,1631,2423,5051,4813,2769,781,558,448,612,756,844,787,838,1585,2308,2743,2797,2016,1753,1016,611,170,6322,1022,21
Bosnia and Herzegovina,1970,27065,4302,5319,1017,415,409,603,1012,1346,1754,2330,5136,5066,2865,782,586,426,593,753,891,863,822,1508,2337,2799,2962,2104,1825,1040,603,179,5734,1012,24
Bosnia and Herzegovina,1971,27026,3955,4845,890,379,393,607,1027,1315,1877,2263,5215,5341,2958,777,612,415,567,748,935,942,842,1421,2337,2878,3087,2254,1860,1098,590,187,5224,1000,27
Bosnia and Herzegovina,1972,26938,3629,4411,782,347,376,600,1051,1268,1982,2211,5263,5603,3034,761,632,419,532,736,962,1020,892,1319,2296,2967,3147,2456,1845,1189,568,193,4758,976,29
Bosnia and Herzegovina,1973,26770,3296,3986,690,309,354,582,1072,1209,2065,2188,5262,5849,3117,749,640,432,490,719,973,1092,968,1220,2215,3047,3167,2682,1824,1293,551,198,4295,936,31
Bosnia and Herzegovina,1974,26403,2995,3604,609,279,330,553,1086,1137,2107,2184,5163,6000,3182,742,636,450,448,689,961,1146,1047,1137,2092,3071,3157,2843,1824,1358,545,197,3883,883,33
Bosnia and Herzegovina,1975,26254,2734,3275,541,251,306,529,1103,1078,2148,2239,5054,6171,3306,763,636,467,418,660,948,1200,1134,1105,1971,3083,3194,2977,1897,1409,567,196,3526,835,35
Bosnia and Herzegovina,1976,26708,2504,2986,482,227,290,514,1135,1047,2229,2400,5012,6473,3538,818,642,493,409,638,954,1275,1256,1144,1882,3130,3332,3141,2072,1466,620,198,3213,804,38
Bosnia and Herzegovina,1977,26825,2291,2724,433,206,269,493,1141,1008,2253,2577,4842,6652,3741,877,635,506,410,598,941,1312,1361,1216,1753,3089,3448,3204,2270,1471,681,196,2930,762,40
Bosnia and Herzegovina,1978,27587,2114,2505,391,191,253,481,1164,1002,2316,2860,4760,6977,4068,967,634,530,435,567,947,1369,1506,1354,1675,3085,3657,3320,2558,1510,766,201,2696,734,42
Bosnia and Herzegovina,1979,28106,1975,2329,354,179,235,462,1159,996,2330,3140,4621,7214,4366,1038,619,540,465,531,938,1392,1631,1509,1611,3010,3801,3413,2796,1570,830,208,2508,697,44
Bosnia and Herzegovina,1980,28666,1892,2214,322,161,217,440,1158,998,2326,3426,4509,7418,4653,1097,606,552,494,504,922,1404,1752,1674,1602,2907,3897,3521,2981,1672,873,224,2375,657,44
Bosnia and Herzegovina,1981,29376,1846,2142,296,152,201,419,1152,1014,2309,3716,4456,7642,4974,1155,591,561,520,494,896,1413,1862,1854,1664,2792,3962,3680,3140,1834,909,246,2294,620,45
Bosnia and Herzegovina,1982,30031,1785,2060,275,139,187,394,1135,1046,2272,3990,4449,7836,5281,1202,574,561,545,501,856,1416,1948,2042,1797,2652,3972,3864,3242,2039,928,274,2199,581,45
Bosnia and Herzegovina,1983,30551,1685,1941,256,127,173,369,1110,1087,2217,4239,4495,7963,5548,1240,556,554,564,523,804,1413,2006,2233,1981,2514,3921,4042,3300,2248,940,300,2068,542,46
Bosnia and Herzegovina,1984,31726,1561,1800,239,120,165,346,1088,1149,2192,4539,4751,8233,5962,1332,540,548,581,568,767,1425,2072,2467,2259,2492,3928,4305,3465,2497,1006,326,1920,511,49
Bosnia and Herzegovina,1985,33397,1428,1647,219,111,158,329,1076,1231,2202,4895,5205,8565,6462,1459,527,549,611,620,749,1453,2154,2741,2601,2604,3964,4601,3716,2746,1110,349,1758,487,53
Bosnia and Herzegovina,1986,33024,1308,1510,202,102,144,297,1016,1246,2094,4947,5433,8227,6471,1481,490,526,607,639,711,1383,2108,2839,2791,2642,3695,4532,3735,2736,1145,336,1612,441,53
Bosnia and Herzegovina,1987,32743,1216,1405,189,90,130,267,939,1231,1976,4914,5772,7874,6542,1549,445,494,587,644,690,1286,2040,2874,2977,2795,3431,4443,3821,2721,1221,328,1495,397,55
Bosnia and Herzegovina,1988,33367,1151,1329,178,86,120,247,899,1251,1940,5009,6349,7678,6757,1641,419,480,581,670,719,1221,2037,2972,3254,3095,3269,4409,4008,2749,1318,323,1415,367,58
Bosnia and Herzegovina,1989,34105,1099,1270,171,96,113,231,849,1252,1920,5052,6986,7540,6999,1734,388,461,567,685,767,1153,2021,3031,3533,3453,3204,4336,4192,2807,1402,332,1366,344,59
Bosnia and Herzegovina,1990,33240,1069,1235,166,80,101,208,774,1208,1832,4850,7259,7078,6849,1713,349,425,533,675,781,1051,1917,2933,3633,3626,3091,3987,4108,2741,1382,331,1315,309,57
Bosnia and Herzegovina,1991,35082,982,1130,148,79,97,201,755,1252,1912,4991,8124,7344,7299,1837,334,421,541,711,854,1058,1942,3049,4003,4121,3382,3962,4336,2963,1469,368,1209,298,59
Bosnia and Herzegovina,1992,85885,1976,4165,2189,1127,696,2495,11499,10172,7839,11213,14721,10784,9060,2052,5561,5938,5326,4846,4209,3630,4759,6454,7444,7277,5541,5243,5464,3596,1631,421,5292,3191,60
Bosnia and Herzegovina,1993,78904,1512,3437,1925,1066,674,2206,9189,8992,7546,10497,14832,10537,8335,1565,4446,4743,4596,4396,4035,3511,4281,6216,7337,7495,5855,4682,4974,3361,1340,225,4503,2880,30
Bosnia and Herzegovina,1994,40839,540,631,91,61,109,657,2801,3099,3243,5289,9527,7545,6518,1341,1370,1431,1524,1575,1643,1600,1975,3314,4463,5064,4317,3228,3690,2828,1134,207,692,766,18
Bosnia and Herzegovina,1995,35787,545,823,278,174,152,304,935,1399,2278,4441,9527,8099,6330,1312,456,479,603,796,1049,1229,1552,2889,4272,5255,4757,3342,3510,2820,1119,193,997,456,12
Bosnia and Herzegovina,1996,32199,459,527,68,48,71,120,341,769,1778,3710,8947,8280,6062,1513,159,182,291,478,762,1016,1265,2445,3873,5074,4837,3443,3250,2812,1221,292,575,191,29
Bosnia and Herzegovina,1997,33329,496,560,64,43,66,120,362,771,1845,3600,9091,9082,5983,1740,172,190,292,479,777,1068,1265,2335,3853,5238,5215,3867,3129,2854,1353,387,603,186,58
Bosnia and Herzegovina,1998,34172,468,529,61,38,62,115,362,745,1866,3489,9143,9977,5902,1864,173,189,280,465,767,1099,1297,2192,3800,5343,5600,4377,3046,2856,1445,419,567,177,77
Bosnia and Herzegovina,1999,31795,404,463,59,32,53,104,324,651,1714,3144,8378,9831,5278,1745,155,169,242,409,686,1028,1257,1887,3424,4954,5421,4410,2751,2527,1361,384,495,157,79
Bosnia and Herzegovina,2000,34891,369,426,57,31,50,107,339,660,1843,3321,8940,11377,5761,1949,160,179,244,416,715,1128,1414,1907,3590,5350,6152,5225,3108,2653,1518,431,457,157,89
Bosnia and Herzegovina,2001,34303,348,401,53,32,45,95,315,599,1768,3191,8513,11640,5703,1912,148,167,222,377,668,1100,1424,1767,3345,5168,6186,5454,3252,2451,1485,427,433,140,87
Bosnia and Herzegovina,2002,37255,343,392,49,29,42,92,312,587,1809,3348,8772,13119,6540,2123,144,168,218,369,671,1138,1529,1819,3341,5431,6786,6333,3964,2576,1637,486,421,134,92
Bosnia and Herzegovina,2003,34365,335,381,46,27,36,79,275,505,1622,3164,7792,12347,6165,1893,125,150,189,316,592,1030,1448,1716,2881,4911,6279,6068,3953,2212,1442,451,408,115,81
Bosnia and Herzegovina,2004,34493,328,372,44,25,31,71,251,460,1517,3188,7372,12635,6602,1888,115,136,175,285,545,972,1430,1758,2635,4737,6262,6373,4379,2223,1420,468,397,102,80
Bosnia and Herzegovina,2005,38009,309,351,42,20,31,69,253,464,1578,3597,7745,14131,7710,1976,116,137,179,285,557,1021,1589,2008,2700,5045,6860,7271,5190,2520,1475,501,371,100,79
Bosnia and Herzegovina,2006,36292,291,332,41,22,27,60,222,406,1410,3459,6996,13573,7895,1821,101,121,160,246,486,924,1502,1957,2426,4570,6464,7109,5296,2599,1339,482,354,87,74
Bosnia and Herzegovina,2007,37920,287,325,38,18,25,56,207,388,1364,3593,6912,14181,8921,1852,93,114,155,233,459,905,1525,2068,2453,4459,6645,7536,5893,3028,1342,510,343,81,78
Bosnia and Herzegovina,2008,36205,273,309,36,17,22,47,181,345,1221,3412,6339,13389,9054,1784,81,100,139,206,404,817,1410,2002,2366,3973,6198,7191,5811,3243,1273,511,326,69,84
Bosnia and Herzegovina,2009,36343,256,290,34,13,22,43,165,322,1145,3382,6191,13265,9545,1865,74,91,128,194,373,772,1360,2022,2475,3716,6057,7208,5961,3584,1334,531,303,65,97
Bosnia and Herzegovina,2010,36518,232,265,33,16,20,39,147,301,1068,3346,6061,13136,9981,2024,64,83,118,183,345,723,1304,2042,2588,3473,5922,7214,6115,3866,1478,546,281,59,110
Bosnia and Herzegovina,2011,37184,206,236,30,15,18,37,139,281,1008,3355,6071,13183,10436,2282,60,79,108,173,322,686,1270,2085,2733,3338,5859,7324,6333,4103,1719,563,251,55,125
Bosnia and Herzegovina,2012,36655,201,230,29,15,17,35,127,260,935,3300,6071,12761,10323,2447,56,71,99,161,294,641,1224,2076,2806,3265,5591,7170,6292,4031,1906,541,245,52,132
Bosnia and Herzegovina,2013,40189,187,215,28,15,16,39,127,262,950,3489,6793,13678,11444,3006,54,73,100,162,297,653,1282,2207,3139,3654,5864,7814,7012,4432,2396,610,230,55,154
Bosnia and Herzegovina,2014,44049,179,209,30,15,16,39,125,266,953,3622,7650,14404,13033,3545,54,71,102,164,299,654,1313,2309,3443,4207,5909,8495,8042,4991,2846,699,224,55,167
Bosnia and Herzegovina,2015,42532,173,200,27,13,15,33,111,242,848,3331,7668,13326,13049,3545,49,62,93,149,270,578,1187,2144,3356,4312,5225,8101,7975,5074,2818,727,213,48,155
Bosnia and Herzegovina,2016,40609,170,195,25,11,15,28,100,213,743,3038,7564,12187,12942,3432,45,55,82,131,242,501,1063,1975,3235,4329,4659,7528,7778,5164,2672,760,206,43,142
Bosnia and Herzegovina,2017,40917,167,192,25,10,14,23,94,200,691,2921,7730,11857,13566,3478,42,52,77,123,228,463,998,1923,3235,4495,4625,7232,7969,5597,2635,843,202,37,139
Bosnia and Herzegovina,2018,41164,163,187,24,7,13,22,87,189,642,2785,7802,11614,14126,3552,40,47,74,115,214,428,929,1856,3170,4632,4797,6817,8092,6034,2639,913,194,35,139
Bosnia and Herzegovina,2019,41386,154,178,24,10,12,20,81,177,599,2631,7813,11468,14534,3718,37,44,67,110,201,398,864,1767,3088,4725,5122,6346,8148,6386,2756,962,188,32,146
Bosnia and Herzegovina,2020,46952,145,167,22,6,11,14,55,160,645,2923,9154,12791,16607,4256,24,31,53,107,212,433,940,1983,3542,5612,6299,6492,9078,7529,3224,1032,173,25,163
Bosnia and Herzegovina,2021,51587,136,158,22,10,11,21,72,196,741,3170,10144,14018,18197,4674,30,42,68,128,242,499,1022,2148,3864,6280,7246,6772,9766,8431,3625,1049,168,32,176
Botswana,1950,8423,2567,3934,1367,358,210,219,523,431,440,505,753,741,277,30,250,273,231,200,206,234,222,283,356,397,425,316,187,90,25,5,4292,429,1
Botswana,1951,8590,2613,4055,1442,354,207,223,526,449,439,503,758,763,282,32,250,276,242,207,204,235,227,276,357,401,431,332,192,90,27,5,4409,430,1
Botswana,1952,8632,2616,4081,1465,344,201,221,523,463,430,501,761,782,288,32,253,270,251,212,201,229,235,266,355,406,434,348,198,90,27,5,4425,422,1
Botswana,1953,8672,2632,4105,1473,333,195,220,520,484,422,503,765,800,294,33,258,262,264,220,199,223,247,256,354,411,433,367,205,89,29,4,4438,415,1
Botswana,1954,8704,2650,4118,1468,332,187,217,514,498,416,503,763,815,304,33,259,255,270,228,201,215,255,248,348,415,434,381,213,91,29,4,4450,404,1
Botswana,1955,8719,2659,4113,1454,338,181,213,511,506,413,504,759,829,318,34,260,251,271,235,203,210,258,246,342,417,438,391,224,94,29,5,4451,394,1
Botswana,1956,8727,2663,4104,1441,344,176,207,508,513,411,507,752,839,335,34,259,249,269,244,205,206,258,249,333,419,443,396,237,98,29,5,4448,383,1
Botswana,1957,8738,2668,4102,1434,350,171,201,506,515,411,509,736,850,352,33,256,250,262,253,209,202,250,259,320,416,449,401,251,101,28,5,4452,372,1
Botswana,1958,8709,2652,4067,1415,354,166,193,503,512,418,514,723,860,370,36,252,251,252,260,217,201,243,271,308,415,457,403,264,106,30,6,4421,359,1
Botswana,1959,8685,2634,4033,1399,356,164,188,499,511,424,514,708,866,386,37,246,253,245,266,225,199,235,279,298,410,462,404,276,110,31,6,4389,352,1
Botswana,1960,8638,2603,3977,1374,355,168,181,493,508,434,510,700,876,401,38,241,252,240,268,232,202,228,282,296,404,466,410,284,117,32,6,4332,349,1
Botswana,1961,8583,2565,3912,1347,355,171,176,486,504,447,504,694,883,412,39,234,252,237,267,241,206,223,281,300,394,467,416,288,124,33,6,4267,347,1
Botswana,1962,8529,2528,3844,1316,354,175,173,478,498,462,494,690,892,426,42,228,250,239,259,251,211,219,275,310,380,467,425,293,133,36,6,4198,348,1
Botswana,1963,8498,2519,3803,1284,352,181,170,469,494,481,482,688,899,435,42,220,249,243,251,262,219,217,265,324,364,466,433,294,141,36,6,4155,351,1
Botswana,1964,8485,2518,3773,1255,350,185,170,458,492,498,473,690,904,448,45,214,244,247,245,269,229,217,256,335,355,464,440,300,148,39,6,4123,355,1
Botswana,1965,8461,2503,3733,1230,347,186,175,448,490,512,472,695,899,455,49,209,239,249,241,273,239,222,250,342,353,456,443,303,152,42,7,4080,361,1
Botswana,1966,8350,2459,3661,1202,338,185,174,425,478,514,466,699,893,468,51,198,227,243,235,269,245,223,243,340,359,446,447,311,157,44,7,3999,359,1
Botswana,1967,8225,2405,3576,1171,331,181,176,399,468,510,463,705,878,476,55,185,214,235,233,257,253,227,236,332,373,429,449,318,158,47,8,3907,357,1
Botswana,1968,8094,2354,3486,1132,322,180,177,376,457,505,463,713,862,488,60,175,201,226,231,244,261,232,231,320,393,413,449,325,163,52,8,3808,357,1
Botswana,1969,7949,2298,3385,1087,312,177,180,355,444,500,469,715,850,496,62,169,186,215,229,234,266,240,229,307,408,404,446,332,164,54,8,3697,357,1
Botswana,1970,7803,2243,3286,1043,306,173,177,338,428,492,476,711,845,505,67,165,173,203,225,225,267,247,229,296,415,404,441,336,169,57,10,3592,350,1
Botswana,1971,7667,2194,3192,998,295,170,177,330,412,483,485,700,842,514,68,168,162,193,219,220,263,255,230,287,413,410,432,340,174,57,11,3487,347,1
Botswana,1972,7610,2174,3129,955,288,169,180,335,402,475,507,681,847,522,71,178,157,185,217,220,255,269,238,279,402,429,418,344,178,60,11,3417,349,1
Botswana,1973,7654,2184,3106,922,281,167,187,352,404,485,543,671,854,530,73,193,159,184,220,232,253,289,254,281,390,450,404,346,184,61,12,3387,354,1
Botswana,1974,7748,2209,3103,894,274,166,192,373,409,496,585,675,864,533,75,206,167,185,224,243,253,308,277,294,381,467,397,344,189,63,12,3377,358,1
Botswana,1975,7843,2226,3096,870,265,165,198,392,415,514,625,686,872,534,78,213,179,187,228,254,260,324,301,309,377,475,397,341,193,65,13,3361,363,1
Botswana,1976,7935,2237,3085,848,255,161,200,416,425,531,657,711,882,531,81,223,193,191,234,263,268,331,326,329,382,474,408,335,196,67,14,3340,361,1
Botswana,1977,8008,2228,3055,827,247,159,202,443,430,552,689,737,886,523,83,233,210,195,235,271,281,336,353,350,387,460,426,324,199,69,14,3302,361,2
Botswana,1978,8096,2212,3017,805,238,155,202,470,441,583,719,777,895,514,87,242,228,201,240,283,300,338,381,377,400,447,448,315,199,72,15,3255,357,2
Botswana,1979,8191,2188,2971,783,231,152,202,493,458,607,751,823,902,509,90,249,244,212,246,291,316,343,408,407,416,438,464,310,199,74,16,3202,354,2
Botswana,1980,8285,2157,2914,757,226,150,201,509,478,632,782,876,911,514,92,255,254,227,251,300,332,353,429,438,438,436,475,313,201,76,16,3140,351,2
Botswana,1981,8353,2112,2842,730,223,145,202,525,500,651,807,929,912,519,93,260,265,244,256,306,345,365,442,469,460,440,472,323,196,77,16,3065,347,2
Botswana,1982,8388,2046,2746,700,219,140,201,536,518,664,825,990,915,534,95,262,274,259,259,308,356,380,445,502,488,451,464,342,192,79,16,2965,341,2
Botswana,1983,8376,1969,2625,656,211,136,200,537,526,666,841,1056,923,552,100,260,277,270,256,305,361,396,445,536,520,469,454,363,189,82,18,2836,336,2
Botswana,1984,8400,1903,2540,637,209,136,200,551,554,680,855,1100,918,554,99,263,288,288,266,310,370,412,443,556,544,479,439,370,184,81,18,2749,336,2
Botswana,1985,8493,1845,2466,621,211,137,204,573,583,686,869,1143,944,571,102,271,302,302,281,311,375,424,445,571,572,502,442,381,190,82,20,2677,341,2
Botswana,1986,8674,1794,2395,601,209,138,204,589,627,712,919,1216,982,578,102,276,313,321,306,321,391,450,469,598,618,535,447,380,198,82,20,2604,342,3
Botswana,1987,8949,1737,2320,583,208,142,209,625,693,754,985,1293,1031,584,101,290,335,351,342,341,413,481,504,622,671,571,460,373,211,80,21,2528,351,3
Botswana,1988,9570,1715,2335,620,231,162,231,704,812,830,1086,1393,1095,592,98,324,380,406,406,378,452,528,558,653,740,616,479,368,224,77,21,2566,393,3
Botswana,1989,9944,1676,2254,578,213,157,235,753,921,907,1176,1476,1160,594,101,340,413,456,465,420,487,569,607,682,794,660,500,362,232,79,22,2467,392,3
Botswana,1990,10697,1699,2291,592,222,169,257,847,1078,1026,1289,1574,1237,600,104,375,472,533,545,490,536,622,667,723,851,709,528,363,237,82,22,2513,426,3
Botswana,1991,11612,1764,2387,623,235,186,286,966,1264,1168,1400,1675,1323,607,108,420,546,622,642,578,590,675,725,774,901,764,559,370,237,86,22,2622,472,3
Botswana,1992,12662,1885,2548,663,253,206,325,1111,1478,1321,1500,1761,1422,615,113,478,633,726,752,680,641,723,777,829,932,827,595,380,235,92,21,2801,531,3
Botswana,1993,13541,2023,2716,693,272,226,367,1196,1572,1413,1589,1894,1550,624,120,519,677,769,803,743,670,757,832,910,984,910,640,394,230,99,21,2988,593,4
Botswana,1994,15037,2170,2919,749,287,244,402,1389,1962,1722,1732,1977,1634,641,125,586,803,948,1014,931,791,836,896,975,1002,958,676,412,229,103,22,3206,646,4
Botswana,1995,16312,2295,3130,835,313,269,449,1552,2228,1941,1832,2075,1726,664,128,654,898,1073,1155,1052,889,886,946,1036,1039,1005,721,433,231,105,23,3443,718,4
Botswana,1996,17339,2378,3280,902,339,294,500,1693,2397,2103,1905,2183,1815,697,129,726,967,1156,1241,1135,968,921,984,1093,1090,1046,769,459,238,105,24,3619,794,4
Botswana,1997,18589,2483,3471,988,370,323,555,1884,2651,2330,1980,2278,1884,731,131,818,1066,1280,1371,1255,1075,962,1018,1137,1141,1063,821,485,246,104,27,3841,878,4
Botswana,1998,19955,2614,3638,1024,387,342,603,2083,2946,2621,2085,2397,1943,769,130,910,1173,1421,1525,1406,1215,1021,1064,1191,1206,1071,872,514,255,103,27,4025,945,4
Botswana,1999,21321,2736,3800,1064,407,361,646,2297,3244,2916,2201,2504,1994,812,132,1007,1290,1560,1684,1562,1354,1098,1103,1238,1266,1080,914,544,268,103,29,4207,1007,4
Botswana,2000,22623,2850,3967,1117,426,379,688,2510,3524,3184,2330,2581,2036,860,137,1101,1409,1687,1837,1711,1473,1194,1136,1272,1309,1093,943,577,283,106,31,4393,1067,4
Botswana,2001,23605,2892,4022,1130,426,381,710,2676,3750,3425,2455,2637,2068,912,140,1165,1511,1783,1967,1838,1587,1291,1164,1297,1340,1111,957,611,301,109,31,4448,1091,4
Botswana,2002,24261,2857,3949,1092,407,372,713,2792,3915,3642,2585,2678,2093,969,145,1203,1589,1847,2068,1944,1698,1393,1192,1312,1366,1136,957,648,321,114,31,4356,1085,5
Botswana,2003,24466,2805,3872,1067,390,362,706,2854,3936,3713,2668,2675,2109,1026,150,1218,1636,1855,2081,1965,1748,1468,1200,1304,1371,1163,946,684,342,119,31,4262,1068,5
Botswana,2004,24275,2737,3754,1017,370,346,686,2850,3873,3701,2713,2631,2109,1077,156,1204,1646,1832,2041,1943,1758,1503,1210,1278,1353,1174,935,714,363,125,31,4124,1032,6
Botswana,2005,23765,2611,3517,906,331,314,641,2760,3780,3680,2761,2579,2110,1121,166,1148,1612,1797,1983,1918,1762,1521,1240,1251,1328,1177,933,735,386,134,32,3848,955,6
Botswana,2006,22896,2525,3454,929,356,326,637,2642,3421,3372,2699,2519,2130,1163,176,1114,1528,1656,1765,1736,1636,1462,1237,1215,1304,1185,945,751,412,143,33,3810,963,6
Botswana,2007,21485,2431,3253,822,300,276,562,2399,3114,3103,2608,2393,2105,1183,186,1002,1397,1526,1588,1587,1516,1395,1213,1154,1239,1157,948,744,439,152,34,3553,838,6
Botswana,2008,20559,2429,3247,818,295,259,523,2200,2838,2846,2533,2300,2107,1204,200,921,1279,1408,1430,1444,1402,1331,1202,1108,1192,1141,966,738,466,163,37,3542,782,6
Botswana,2009,19896,2374,3175,801,282,239,476,2040,2728,2732,2485,2215,2086,1223,214,843,1197,1357,1371,1382,1350,1297,1188,1079,1136,1111,975,735,488,175,39,3457,715,6
Botswana,2010,18664,2245,3010,765,269,222,440,1829,2436,2439,2334,2137,2073,1241,230,761,1068,1217,1219,1220,1219,1204,1130,1052,1085,1088,985,738,503,188,42,3279,662,6
Botswana,2011,18643,2291,3081,790,278,223,430,1755,2388,2378,2341,2168,2093,1259,245,730,1025,1191,1197,1182,1196,1199,1142,1084,1084,1091,1002,748,511,200,45,3359,653,7
Botswana,2012,18862,2273,3051,778,278,220,421,1733,2450,2409,2400,2231,2114,1281,266,715,1018,1214,1236,1193,1216,1221,1179,1136,1095,1097,1017,767,514,217,49,3329,641,7
Botswana,2013,18086,2247,3017,770,276,214,384,1528,2213,2221,2306,2221,2116,1302,283,636,892,1081,1132,1090,1131,1156,1150,1147,1074,1089,1027,791,511,230,53,3293,598,7
Botswana,2014,17914,2283,3065,782,284,214,370,1440,2121,2139,2274,2247,2127,1327,299,606,834,1024,1097,1049,1090,1129,1145,1166,1081,1090,1037,815,512,243,56,3349,584,8
Botswana,2015,17131,2275,3045,770,282,209,347,1280,1873,1929,2147,2219,2126,1350,313,551,729,895,978,944,985,1051,1096,1139,1080,1082,1044,834,516,251,62,3327,556,9
Botswana,2016,15946,2275,3024,749,276,200,318,1075,1540,1642,1930,2132,2105,1379,322,478,597,727,813,802,840,930,1000,1077,1055,1060,1045,851,528,256,66,3300,518,9
Botswana,2017,15139,2228,2933,705,262,189,294,932,1327,1471,1795,2093,2089,1413,329,421,511,619,708,720,751,857,938,1040,1053,1043,1046,868,545,258,71,3195,483,10
Botswana,2018,16957,2206,2934,728,272,204,326,1090,1678,1862,2157,2448,2189,1448,334,476,614,770,908,928,934,1040,1117,1223,1225,1113,1076,884,564,257,77,3206,530,11
Botswana,2019,17423,2172,2883,711,270,206,328,1093,1735,1984,2262,2587,2238,1480,341,474,619,786,949,996,988,1092,1170,1288,1299,1147,1091,898,582,261,80,3153,534,12
Botswana,2020,17690,2109,2809,700,265,202,282,894,1501,1970,2410,2927,2452,1601,364,389,505,652,849,968,1002,1139,1271,1444,1483,1292,1160,961,640,278,86,3074,484,13
Botswana,2021,24478,2037,2727,690,263,210,399,1312,2363,3185,3663,4235,3427,2208,464,565,747,1007,1356,1579,1606,1749,1914,2115,2120,1837,1590,1308,900,360,104,2990,609,16
Brazil,1950,934070,396092,516162,120070,48402,20957,28356,61927,47456,45389,45841,46344,38373,27884,6842,33393,28534,24261,23195,22994,22395,23164,22677,24040,22304,20672,17701,15979,11905,5677,1165,564564,49313,137
Brazil,1951,949351,399934,522682,122748,49136,21197,28144,62767,48229,46740,47502,48492,39947,27525,6840,33575,29192,24700,23529,23700,23040,24066,23436,24904,23588,21540,18407,16099,11426,5612,1228,571818,49341,148
Brazil,1952,960045,403290,527709,124419,48727,21356,27819,63059,48799,47808,48954,50406,41370,27287,6594,33448,29611,25112,23687,24235,23573,24758,24196,25569,24837,22298,19072,16184,11103,5342,1252,576436,49175,154
Brazil,1953,974800,406085,531433,125348,53825,21507,27570,63067,49405,48810,50427,52285,42851,27268,6200,33152,29915,25584,23821,24686,24124,25392,25035,26211,26074,23096,19755,16358,10910,4952,1248,585258,49077,156
Brazil,1954,981215,408684,534220,125536,51069,21644,27475,62894,50094,49807,51995,54124,44519,27435,5781,32761,30133,26114,23980,25073,24734,26043,25952,26856,27268,24024,20495,16635,10800,4548,1233,585289,49119,156
Brazil,1955,989916,410834,536019,125185,52104,21751,27483,62446,50728,50650,53471,55703,46309,27664,5430,32266,30180,26587,24141,25326,25324,26629,26842,27464,28239,25088,21221,16988,10676,4221,1209,588123,49234,156
Brazil,1956,997779,412035,536520,124485,53044,21897,27606,61970,51435,51433,54908,57217,48331,28062,5202,31825,30145,27024,24411,25516,25917,27205,27703,28191,29026,26361,21970,17485,10577,4032,1170,589564,49503,156
Brazil,1957,1006223,413218,536967,123749,53947,22155,27809,61518,52222,52167,56316,58841,50512,28604,5005,31500,30018,27409,24813,25681,26486,27819,28497,29092,29749,27753,22759,18075,10529,3902,1103,590914,49964,156
Brazil,1958,1014150,413723,536496,122773,54616,22604,28059,61110,53033,52862,57751,60605,52785,29267,4805,31325,29785,27717,25316,25861,27001,28491,29260,30129,30476,29165,23620,18719,10548,3788,1017,591112,50663,156
Brazil,1959,1018467,413282,534828,121546,53171,23229,28232,60680,53686,53410,59146,62335,55016,29975,4601,31265,29415,27878,25808,26015,27395,29168,29978,31198,31137,30453,24563,19372,10603,3672,929,587999,51461,155
Brazil,1960,1024950,412034,532149,120115,53711,23724,28498,60482,54371,54040,60691,64328,57429,30936,4442,31426,29056,28001,26370,26284,27756,29946,30745,32389,31939,31637,25792,20134,10802,3577,865,585860,52222,153
Brazil,1961,1029326,410285,528757,118472,53729,24116,28667,60255,54756,54539,62051,66358,59695,31942,4312,31593,28662,27959,26797,26576,27963,30643,31408,33475,32883,32531,27164,20859,11083,3487,825,582486,52783,147
Brazil,1962,1032289,407381,524191,116810,53566,24373,28816,60068,54902,55058,63338,68566,61993,33069,4211,31735,28333,27800,27102,26946,28112,31275,32063,34457,34109,33360,28633,21628,11441,3420,791,577757,53189,137
Brazil,1963,1035187,403560,518692,115132,53512,24515,29186,60079,54923,55717,64685,70932,64394,34303,4128,31932,28147,27574,27349,27428,28289,31874,32811,35408,35524,34276,30118,22476,11827,3373,755,572204,53701,123
Brazil,1964,1038312,398225,511819,113594,53378,24528,29915,60373,54930,56600,66191,73584,66980,35821,4082,32188,28185,27346,27584,28034,28566,32476,33715,36450,37134,35358,31622,23536,12285,3365,717,565197,54443,110
Brazil,1965,1039012,390805,502639,111834,53181,24692,30526,60749,54768,57481,67605,76176,69440,37585,4079,32424,28325,27059,27709,28613,28868,32954,34651,37437,38739,36516,32924,24805,12780,3404,675,555820,55218,98
Brazil,1966,1040999,383396,493418,110022,53071,24953,31247,61306,54674,58524,69034,78765,72051,39715,4148,32709,28597,26855,27819,29198,29326,33389,35645,38444,40321,37954,34097,26357,13358,3503,645,546489,56200,90
Brazil,1967,1041528,375284,482938,107654,52852,25152,31864,61933,54490,59571,70326,81215,74865,41988,4246,33061,28872,26682,27808,29683,29888,33746,36580,39459,41756,39641,35224,28018,13970,3626,620,535790,57016,83
Brazil,1968,1039509,366646,471094,104448,52226,25209,32179,62675,54180,60497,71409,83518,77825,44271,4353,33593,29082,26543,27637,30016,30481,34036,37373,40481,43037,41454,36371,29653,14618,3754,599,523320,57388,75
Brazil,1969,1039870,360339,461564,101225,51569,25279,32184,63736,53919,61364,72381,85845,80921,46563,4476,34474,29262,26538,27381,30245,31119,34333,38048,41564,44281,43354,37567,31201,15362,3891,585,513133,57463,67
Brazil,1970,1042815,355693,453550,97857,50700,25326,32476,64747,53843,62260,73447,88393,84349,49009,4648,35249,29498,26700,27143,30441,31819,34760,38687,42806,45587,45373,38976,32667,16342,4064,584,504250,57802,61
Brazil,1971,1046557,350967,445724,94757,49684,25354,32834,65833,53915,63086,74609,91013,88035,51533,4874,36063,29770,26962,26953,30584,32502,35351,39258,44112,46901,47354,40681,33996,17537,4277,597,495408,58188,57
Brazil,1972,1049218,346150,437954,91804,48418,25280,33098,66769,53969,63618,75717,93470,91714,54037,5119,36699,30070,27202,26767,30571,33047,36027,39690,45297,48173,49098,42616,35261,18776,4502,617,486372,58378,53
Brazil,1973,1053064,341999,431250,89251,47112,25161,33342,67758,54127,63940,76946,95931,95495,56568,5377,37143,30615,27452,26675,30450,33490,36823,40123,46394,49537,50744,44751,36594,19974,4741,636,478362,58503,50
Brazil,1974,1056911,336141,423360,87219,45937,25091,33613,68932,54554,64213,78375,98479,99447,59168,5693,37365,31567,27757,26797,30318,33895,37744,40631,47424,51055,52416,47031,38037,21131,5032,661,469297,58704,49
Brazil,1975,1059368,331505,415939,84434,44428,24732,33636,69836,54800,64079,79702,100852,103343,61865,6103,37648,32188,27909,26891,30004,34075,38573,41129,48240,52612,54014,49329,39640,22225,5412,691,460367,58368,48
Brazil,1976,1065005,328044,409874,81830,43202,24416,33716,70983,55325,64076,81304,103311,107263,64868,6616,38070,32913,28168,27157,29811,34265,39437,41867,49017,54294,55656,51607,41582,23286,5886,730,453076,58132,49
Brazil,1977,1070203,323858,403067,79209,42047,24031,33757,72075,56001,64039,83026,105681,111086,68193,7146,38498,33577,28531,27470,29686,34353,40220,42806,49733,55948,57360,53726,43839,24354,6370,776,445114,57788,51
Brazil,1978,1073698,318372,394709,76337,40914,23554,33705,72907,56890,63963,84741,107901,114901,71800,7657,38863,34044,29108,27782,29654,34309,40868,43873,50420,57481,59166,55735,46316,25484,6832,825,435623,57259,53
Brazil,1979,1073778,311403,384740,73337,39675,22994,33484,73203,57915,63761,86176,109725,118523,75390,8138,39056,34147,29917,27998,29691,34070,41272,44904,51001,58724,60951,57572,48778,26612,7255,883,424415,56478,55
Brazil,1980,1073639,303228,373318,70090,38410,22486,33235,73769,58871,63752,87650,111673,122452,79311,8651,39240,34529,30612,28259,29908,33844,41628,46022,51766,59907,62978,59474,51369,27942,7689,962,411728,55721,58
Brazil,1981,1071389,294118,360947,66829,37252,21975,32817,74150,59717,63717,88775,113422,126137,83245,9170,39286,34864,31249,28468,30146,33571,41793,46982,52619,60803,64921,61216,53768,29477,8111,1059,398199,54792,62
Brazil,1982,1069020,283809,347384,63575,36138,21544,32326,74524,60653,63882,89791,115490,130062,87422,9738,39305,35219,31848,28805,30467,33415,41888,47903,53789,61701,66934,63128,56097,31325,8574,1164,383522,53870,67
Brazil,1983,1067947,273248,333824,60576,35275,21205,31773,74883,61714,64259,90651,117923,134241,91788,10341,39299,35584,32317,29397,30838,33421,41896,48755,55230,62693,68950,65291,58416,33372,9077,1264,369099,52978,72
Brazil,1984,1067176,262146,319892,57746,34406,20922,31212,75204,62914,64854,91319,120611,138549,96232,10978,39256,35948,32575,30339,31224,33630,41822,49497,56833,63778,70877,67672,60748,35484,9615,1363,354298,52134,79
Brazil,1985,1066387,250980,305802,54822,33599,20619,30642,75283,64148,65582,91799,123492,142914,100715,11702,39072,36211,33022,31126,31598,33984,41692,50107,58481,65011,72651,70263,63081,37634,10237,1465,339401,51261,88
Brazil,1986,1063459,239578,291531,51953,32677,20301,30053,75014,65273,66248,91942,126218,146756,104823,12522,38676,36338,33416,31857,31901,34347,41484,50458,59902,66316,74030,72726,65195,39628,10953,1569,324208,50354,99
Brazil,1987,1060998,229249,278378,49129,31672,19991,29511,74502,66265,67009,91934,129013,150343,108823,13447,38126,36376,33770,32495,32279,34730,41322,50612,61140,67873,75241,75102,67339,41484,11768,1679,310050,49502,110
Brazil,1988,1061700,218519,264987,46468,30693,19769,29162,74046,67308,68307,92301,132471,154555,113481,14503,37574,36472,34221,33087,33038,35269,41485,50816,62479,69992,76807,77748,69998,43483,12696,1807,295680,48931,122
Brazil,1989,1060454,208180,251736,43556,29416,19478,28779,73290,67863,69760,92501,135574,158327,118059,15535,36895,36395,34545,33318,34067,35693,41750,50751,63473,72101,78250,80077,72709,45350,13596,1939,281152,48257,134
Brazil,1990,1078578,197632,238332,40700,28471,19659,29275,74727,70503,72911,95128,141808,165663,125123,16831,37418,37309,35799,34704,35855,37056,43276,51852,65822,75986,81672,83991,77119,48004,14713,2118,266803,48934,148
Brazil,1991,1083804,187200,225018,37818,27258,19449,29141,74354,71747,74896,96400,145752,170845,130809,17973,37081,37273,36276,35471,37094,37802,44216,52184,67041,78711,84265,86580,80710,50099,15663,2310,252276,48590,162
Brazil,1992,1083595,176006,210956,34950,25748,19090,28911,73615,72596,76563,97330,148559,175352,135746,18950,36670,36945,36531,36065,38081,38482,44990,52340,67701,80858,86801,88551,83813,51933,16445,2505,236704,48001,176
Brazil,1993,1086137,166623,198613,31990,24547,18656,28668,72844,73368,78352,98511,151055,180421,140989,19921,36346,36498,36723,36645,38883,39469,45802,52709,68184,82871,89773,90648,86977,54012,17208,2713,223160,47324,191
Brazil,1994,1085065,157126,186255,29129,22797,18067,28320,71788,73712,79933,99555,152582,185200,145852,20799,35925,35863,36681,37031,39203,40730,46411,53144,68235,84347,92664,92536,89747,56105,17891,2908,209052,46387,206
Brazil,1995,1093164,148492,175026,26534,21336,17582,28234,71494,74572,82365,101732,155109,191809,151877,21804,35884,35610,36882,37690,40147,42218,47444,54288,68787,86322,96411,95398,93059,58818,18683,3121,196362,45816,225
Brazil,1996,1089847,139181,163386,24205,19920,16819,27684,70302,74253,83819,102759,155580,196417,156083,22581,35378,34924,36460,37793,40594,43225,47875,54884,68536,87044,98904,97513,95090,60993,19282,3299,183306,44503,245
Brazil,1997,1093661,130654,152830,22176,18554,16136,27215,69659,74215,85722,104652,156943,202630,161280,23556,35126,34533,36144,38071,41287,44435,48754,55898,68860,88083,101862,100768,97653,63627,20069,3487,171384,43351,269
Brazil,1998,1099585,122314,142601,20287,17471,15466,26679,69186,74092,87485,107067,158477,209350,166777,24639,34908,34278,35759,38333,42014,45471,50067,57000,69511,88966,104731,104619,100417,66360,20970,3669,160072,42145,294
Brazil,1999,1107868,113429,132015,18586,16142,14852,26129,69003,74082,89089,110339,160583,216677,172786,25854,34818,34185,35449,38633,42830,46259,52096,58243,70713,89870,107614,109063,103564,69222,22008,3846,148157,40981,318
Brazil,2000,1125256,104914,121895,16981,15354,14361,25874,69890,74988,92005,114664,164222,225157,179400,27105,35269,34621,35659,39329,44094,47911,54565,60099,72885,91337,110938,114219,107342,72058,23107,3998,137249,40235,339
Brazil,2001,1123125,96932,112374,15442,14426,13536,24828,68825,73941,92741,116570,164793,229124,183490,28116,34638,34187,35013,38928,44253,48488,55924,60646,73711,91082,111919,117205,109787,73703,23987,4129,126800,38364,359
Brazil,2002,1142124,88771,102746,13975,13673,12991,24192,68928,74254,95242,120955,169077,237584,192258,29838,34512,34416,35110,39144,45216,50026,58338,62617,76143,92934,115006,122578,115284,76974,25472,4366,116419,37183,385
Brazil,2003,1152752,80966,93591,12625,13047,12320,23239,68095,73729,96689,124385,172167,243529,200178,31380,33846,34249,34914,38815,45642,51047,59897,64488,77897,94270,116786,126743,120460,79718,26784,4596,106638,35559,406
Brazil,2004,1155996,75526,86876,11350,12004,11590,22171,66794,72733,97286,127015,174084,246304,206216,32500,32893,33901,34551,38182,45642,51644,60481,66534,78919,95165,117089,129215,124617,81599,27729,4771,98880,33761,420
Brazil,2005,1140735,70393,80598,10205,11142,10697,20586,63744,70146,95525,127139,172984,244477,209846,33413,31033,32711,33412,36734,44515,51010,60132,67007,78352,94632,115235,129242,127045,82801,28440,4973,91740,31283,437
Brazil,2006,1156144,65023,74282,9259,10234,10180,19652,62473,69764,96348,131098,177095,249487,219812,35258,30044,32429,33319,36445,44552,51796,61575,69523,80066,97029,116794,132693,133017,86795,29927,5331,84516,29832,465
Brazil,2007,1167420,60136,68612,8476,9362,9633,18579,60586,69012,96326,134200,180614,253390,229548,37056,28784,31802,33022,35990,44147,52179,62641,71559,81589,99025,118061,135329,138444,91104,31349,5707,77974,28212,497
Brazil,2008,1176400,55941,63782,7841,8463,9078,17484,58409,68158,95778,136474,184146,256456,238851,38790,27436,30973,32628,35530,43469,52309,63482,72992,83451,100695,119299,137157,143211,95640,32717,6073,72245,26562,531
Brazil,2009,1197320,52797,60032,7235,7738,8580,16574,56660,67972,95927,139305,190261,262188,250518,40993,26358,30302,32531,35441,43127,52800,64849,74456,87034,103227,122205,139983,149062,101456,34490,6503,67770,25154,572
Brazil,2010,1217149,50183,56958,6775,7104,8047,15792,54839,67829,95986,142488,196003,267563,260866,43061,25277,29562,32438,35391,42826,53160,66111,76377,90374,105629,125324,142239,154003,106863,36176,6885,64062,23839,614
Brazil,2011,1245125,48155,54637,6482,6482,7535,15105,52994,67807,96224,146167,203011,275215,273431,45845,24221,28773,32328,35479,42718,53506,67512,78655,94371,108640,129494,145721,160072,113359,38499,7346,61119,22640,665
Brazil,2012,1267614,45684,51691,6007,5958,6926,14400,50960,67524,96071,149347,209561,281967,284016,48485,23102,27858,32026,35498,42569,53502,68629,80718,97964,111597,133212,148755,164933,119083,40762,7723,57649,21326,711
Brazil,2013,1272713,43936,49700,5764,5496,6232,13475,48022,65910,94178,149785,212992,284831,290450,50888,21603,26419,31029,34881,41789,52389,68425,81360,99425,113567,134805,150026,167175,123275,42846,8042,55196,19707,753
Brazil,2014,1276208,43294,48844,5550,5130,5575,12518,45112,64045,92056,149582,216115,287325,295701,53411,20148,24964,29854,34191,40973,51083,67890,81692,99683,116432,135853,151472,168661,127040,45035,8376,53974,18093,794
Brazil,2015,1319930,42693,48070,5377,4791,5195,11969,43915,64343,93239,154273,226948,299542,309306,57488,19548,24367,29646,34697,41625,51614,69547,84726,104016,122932,141334,158208,175072,134234,48517,8971,52861,17164,851
Brazil,2016,1351923,40534,45803,5269,4512,4804,11267,42434,63979,93875,157537,236532,309550,319750,60978,18866,23568,29112,34867,42034,51841,70473,87064,107684,128848,145726,163824,179947,139803,51454,9524,50315,16071,898
Brazil,2017,1353694,40358,45690,5332,4313,4400,10242,39857,61540,91729,155488,239077,312113,324380,63922,17726,22131,27674,33866,41180,50549,68919,86569,108100,130977,146681,165432,181445,142935,53834,10088,50003,14642,943
Brazil,2018,1369336,40046,45212,5166,4139,4055,9238,37499,59466,90714,154937,243754,319099,332619,67606,16664,20835,26423,33043,40744,49970,67974,86963,109784,133970,150370,168729,185312,147307,56794,10812,49351,13293,994
Brazil,2019,1391436,38485,43501,5016,3899,3775,8325,35334,57578,90263,154928,248487,329307,343209,71771,15642,19692,25317,32261,40532,49731,67298,87630,111984,136503,156582,172725,190876,152333,60108,11663,47400,12100,1058
Brazil,2020,1581430,36566,41379,4813,2596,3991,16645,53069,69224,108197,185150,290927,342066,386018,81009,26758,26311,30696,38528,48221,59976,79210,105940,134940,155987,166070,175996,211967,174051,67951,13058,43975,20636,1152
Brazil,2021,1784239,35498,40154,4656,2615,3679,14807,54239,82972,140377,231618,339627,385333,404264,83346,25514,28725,35111,47861,62230,78147,98852,132766,159067,180560,189448,195885,224711,179553,69657,13689,42769,18486,1209
British Virgin Islands,1950,181,23,37,14,7,5,7,14,10,10,10,12,31,34,0,8,6,5,5,5,5,5,5,5,7,17,14,30,4,0,0,44,12,0
British Virgin Islands,1951,177,23,35,12,7,5,7,12,10,10,10,11,29,34,0,7,5,5,5,5,5,5,5,5,6,16,13,27,7,0,0,42,12,0
British Virgin Islands,1952,162,25,37,12,7,5,5,10,10,10,10,10,26,32,0,5,5,5,5,5,5,5,5,5,5,13,13,20,12,0,0,44,10,0
British Virgin Islands,1953,148,26,37,11,6,5,5,10,10,10,10,10,23,29,0,5,5,5,5,5,5,5,5,5,5,10,13,15,14,0,0,43,10,0
British Virgin Islands,1954,135,27,38,11,5,5,5,10,10,10,10,10,22,28,0,5,5,5,5,5,5,5,5,5,5,8,14,12,16,0,0,43,10,0
British Virgin Islands,1955,123,28,37,9,5,3,5,3,5,4,10,10,20,23,1,3,0,0,5,3,1,5,5,5,5,7,13,9,14,1,0,42,8,0
British Virgin Islands,1956,114,28,37,9,4,0,3,0,0,0,9,10,18,21,3,0,0,0,0,0,0,4,5,5,5,6,12,9,12,3,0,41,3,0
British Virgin Islands,1957,106,27,36,9,2,0,0,0,0,0,8,10,15,17,4,0,0,0,0,0,0,3,5,5,5,5,10,8,9,4,0,38,0,0
British Virgin Islands,1958,103,26,35,9,2,0,0,0,0,0,7,10,14,17,4,0,0,0,0,0,0,2,5,5,5,5,9,9,8,4,0,37,0,0
British Virgin Islands,1959,100,25,34,9,2,0,0,0,0,0,7,10,18,14,4,0,0,0,0,0,0,2,5,5,5,8,10,9,5,4,0,36,0,0
British Virgin Islands,1960,99,24,34,10,2,0,0,0,0,0,8,10,20,13,5,0,0,0,0,0,0,3,5,5,5,10,10,8,5,5,0,36,0,0
British Virgin Islands,1961,94,22,30,8,2,0,0,0,0,0,9,10,20,11,5,0,0,0,0,0,0,4,5,5,5,10,10,6,5,5,0,32,0,0
British Virgin Islands,1962,85,19,25,6,2,0,0,0,0,0,7,10,19,11,5,0,0,0,0,0,0,2,5,5,5,9,10,7,4,5,0,27,0,0
British Virgin Islands,1963,77,16,21,5,1,0,0,0,0,0,6,10,18,12,0,0,0,0,0,0,0,1,5,5,5,8,10,7,5,0,0,22,0,0
British Virgin Islands,1964,72,13,17,4,0,0,0,0,0,0,6,10,15,10,0,0,0,0,0,0,0,1,5,5,5,7,8,5,5,0,0,17,0,0
British Virgin Islands,1965,69,12,15,3,0,0,0,0,0,0,5,10,16,10,1,0,0,0,0,0,0,0,5,5,5,7,9,5,5,1,0,15,0,0
British Virgin Islands,1966,69,12,15,3,0,0,0,0,0,0,5,10,16,10,1,0,0,0,0,0,0,0,5,5,5,6,10,5,5,1,0,15,0,0
British Virgin Islands,1967,71,12,15,3,0,0,0,0,0,0,4,10,15,11,0,0,0,0,0,0,0,0,4,5,5,5,10,6,5,0,0,15,0,0
British Virgin Islands,1968,72,12,16,4,0,0,0,0,0,0,5,10,14,11,0,0,0,0,0,0,0,1,4,5,5,5,9,6,5,0,0,16,0,0
British Virgin Islands,1969,70,12,17,5,0,0,0,0,0,0,6,10,12,12,0,0,0,0,0,0,0,3,3,5,5,5,7,7,5,0,0,17,0,0
British Virgin Islands,1970,66,11,15,4,0,0,0,0,0,1,5,10,10,10,0,0,0,0,0,0,1,4,1,5,5,5,5,5,5,0,0,15,0,0
British Virgin Islands,1971,63,9,13,4,0,0,0,0,0,0,9,10,10,10,0,0,0,0,0,0,0,5,4,5,5,5,5,5,5,0,0,13,0,0
British Virgin Islands,1972,63,8,12,4,0,0,0,0,0,0,10,10,10,10,1,0,0,0,0,0,0,5,5,5,5,5,5,5,5,1,0,12,0,0
British Virgin Islands,1973,62,8,12,4,0,0,0,0,0,0,10,10,10,10,0,0,0,0,0,0,0,5,5,5,5,5,5,5,5,0,0,12,0,0
British Virgin Islands,1974,63,8,10,2,0,0,0,0,0,0,9,10,11,10,0,0,0,0,0,0,0,4,5,5,5,6,5,5,5,0,0,10,0,0
British Virgin Islands,1975,66,9,11,2,0,0,0,0,0,0,9,10,14,10,0,0,0,0,0,0,0,4,5,5,5,9,5,5,5,0,0,11,0,0
British Virgin Islands,1976,68,9,11,2,0,0,0,0,0,0,9,11,16,10,0,0,0,0,0,0,0,4,5,5,6,10,6,5,5,0,0,11,0,0
British Virgin Islands,1977,71,9,11,2,0,0,0,0,0,0,9,11,20,10,1,0,0,0,0,0,0,4,5,5,6,10,10,5,5,1,0,11,0,0
British Virgin Islands,1978,77,11,13,2,0,0,0,0,0,0,9,10,20,12,1,0,0,0,0,0,0,4,5,5,5,10,10,7,5,1,0,13,0,0
British Virgin Islands,1979,83,12,15,3,0,0,0,0,0,0,9,10,20,14,1,0,0,0,0,0,0,4,5,5,5,10,10,9,5,1,0,15,0,0
British Virgin Islands,1980,86,11,14,3,0,0,0,0,0,0,9,11,20,16,1,0,0,0,0,0,0,4,5,5,6,10,10,10,6,1,0,14,0,0
British Virgin Islands,1981,85,9,11,2,0,0,0,0,0,0,8,12,20,16,1,0,0,0,0,0,0,3,5,5,7,10,10,10,6,1,0,11,0,0
British Virgin Islands,1982,79,8,10,2,0,0,0,0,0,0,7,11,20,16,1,0,0,0,0,0,0,2,5,5,6,10,10,10,6,1,0,10,0,0
British Virgin Islands,1983,75,7,8,1,0,0,0,0,0,0,6,10,20,16,2,0,0,0,0,0,0,1,5,5,5,10,10,10,6,2,0,8,0,0
British Virgin Islands,1984,71,5,5,0,0,0,0,0,0,0,6,11,19,16,2,0,0,0,0,0,0,1,5,5,6,9,10,10,6,2,0,5,0,0
British Virgin Islands,1985,66,3,3,0,0,0,0,0,0,0,5,11,18,15,2,0,0,0,0,0,0,0,5,5,6,8,10,10,5,2,0,3,0,0
British Virgin Islands,1986,66,3,3,0,0,0,0,0,0,0,5,11,18,15,2,0,0,0,0,0,0,0,5,5,6,8,10,10,5,2,0,3,0,0
British Virgin Islands,1987,70,3,3,0,0,0,0,0,0,0,5,12,20,16,2,0,0,0,0,0,0,0,5,5,7,10,10,10,6,2,0,3,0,0
British Virgin Islands,1988,71,3,3,0,0,0,0,0,0,0,7,14,20,17,3,0,0,0,0,0,0,2,5,5,9,10,10,10,7,3,0,3,0,0
British Virgin Islands,1989,72,3,3,0,0,0,0,0,0,0,6,13,20,18,3,0,0,0,0,0,0,2,4,5,8,10,10,10,8,3,0,3,0,0
British Virgin Islands,1990,76,4,4,0,0,0,0,0,0,0,7,13,20,19,3,0,0,0,0,0,0,2,5,5,8,10,10,10,9,3,0,4,0,0
British Virgin Islands,1991,86,6,7,1,0,0,0,0,0,2,10,13,22,20,3,0,0,0,0,0,2,5,5,5,8,10,12,10,10,3,0,7,0,0
British Virgin Islands,1992,85,6,6,0,0,0,0,0,0,4,10,12,21,21,4,0,0,0,0,0,4,5,5,5,7,10,11,11,10,4,0,6,0,0
British Virgin Islands,1993,83,5,5,0,0,0,0,0,0,4,10,11,20,21,4,0,0,0,0,0,4,5,5,5,6,10,10,11,10,4,0,5,0,0
British Virgin Islands,1994,86,6,6,0,0,0,0,0,0,5,10,12,22,20,5,0,0,0,0,0,5,5,5,5,7,12,10,12,8,5,0,6,0,0
British Virgin Islands,1995,84,5,5,0,0,0,0,0,0,5,10,11,22,18,4,0,0,0,0,0,5,5,5,5,6,12,10,11,7,4,0,5,0,0
British Virgin Islands,1996,84,5,5,0,0,0,0,0,0,5,10,10,23,16,5,0,0,0,0,0,5,5,5,5,5,11,12,10,6,5,0,5,0,0
British Virgin Islands,1997,88,6,6,0,0,0,0,0,0,7,10,12,25,18,5,0,0,0,0,2,5,5,5,5,7,11,14,11,7,5,0,6,0,0
British Virgin Islands,1998,86,4,4,0,0,0,0,0,0,8,10,11,24,19,5,0,0,0,0,3,5,5,5,5,6,10,14,11,8,5,0,4,0,0
British Virgin Islands,1999,93,5,5,0,0,0,0,0,0,10,10,11,25,20,5,0,0,0,0,5,5,5,5,5,6,10,15,12,8,5,0,5,0,0
British Virgin Islands,2000,99,6,6,0,0,0,0,0,2,10,10,11,24,22,4,0,0,0,2,5,5,5,5,5,6,10,14,13,9,4,0,6,0,0
British Virgin Islands,2001,101,5,5,0,0,0,0,0,2,10,10,14,24,24,4,0,0,0,2,5,5,5,5,5,9,10,14,14,10,4,0,5,0,0
British Virgin Islands,2002,103,4,4,0,0,0,0,0,2,10,10,14,23,24,4,0,0,0,2,5,5,5,5,5,9,10,13,14,10,4,0,4,0,0
British Virgin Islands,2003,107,5,5,0,0,0,0,0,2,10,12,20,25,27,4,0,0,0,2,5,5,5,7,10,10,11,14,17,10,4,0,5,0,0
British Virgin Islands,2004,111,6,6,0,0,0,0,0,1,10,13,20,25,29,4,0,0,0,1,5,5,5,8,10,10,10,15,18,11,4,0,6,0,0
British Virgin Islands,2005,113,5,5,0,0,0,0,0,1,10,13,20,25,30,4,0,0,0,1,5,5,5,8,10,10,10,15,18,12,4,0,5,0,0
British Virgin Islands,2006,118,5,5,0,0,0,0,0,0,10,14,20,24,32,6,0,0,0,0,5,5,5,9,10,10,10,14,18,14,6,0,5,0,0
British Virgin Islands,2007,124,5,5,0,0,0,0,0,0,10,14,20,24,33,7,0,0,0,0,5,5,5,9,10,10,10,14,17,16,7,0,5,0,0
British Virgin Islands,2008,133,6,7,1,0,0,0,0,0,10,16,20,25,36,9,0,0,0,0,5,5,6,10,10,10,11,14,17,19,9,0,7,0,0
British Virgin Islands,2009,140,5,6,1,0,0,0,0,1,10,16,26,26,37,11,0,0,0,1,5,5,6,10,12,14,13,13,17,20,11,0,6,0,0
British Virgin Islands,2010,148,5,6,1,0,0,0,0,1,10,17,27,29,38,15,0,0,0,1,5,5,7,10,12,15,15,14,18,20,14,1,6,0,0
British Virgin Islands,2011,149,5,5,0,0,0,0,0,1,10,19,27,30,37,17,0,0,0,1,5,5,9,10,12,15,15,15,18,19,14,3,5,0,0
British Virgin Islands,2012,154,4,4,0,0,0,0,0,1,10,20,28,30,36,16,0,0,0,1,5,5,10,10,13,15,15,15,17,19,13,3,4,0,0
British Virgin Islands,2013,157,4,4,0,0,0,0,0,1,10,20,33,32,33,16,0,0,0,1,5,5,10,10,15,18,16,16,16,17,13,3,4,0,0
British Virgin Islands,2014,160,5,5,0,0,0,0,0,1,10,21,33,37,32,16,0,0,0,1,5,5,10,11,15,18,20,17,15,17,12,4,5,0,0
British Virgin Islands,2015,164,4,4,0,0,0,0,0,1,10,22,34,39,30,14,0,0,0,1,5,5,10,12,15,19,20,19,15,15,10,4,4,0,0
British Virgin Islands,2016,169,4,4,0,0,0,0,0,1,10,24,35,43,31,14,0,0,0,1,5,5,10,14,15,20,23,20,16,15,10,4,4,0,0
British Virgin Islands,2017,184,4,4,0,0,0,0,0,5,11,25,39,45,32,14,0,0,0,5,5,6,10,15,18,21,25,20,17,15,10,4,4,0,1
British Virgin Islands,2018,181,3,3,0,0,0,0,0,2,11,25,38,49,33,13,0,0,0,2,5,6,10,15,17,21,25,24,18,15,9,4,3,0,1
British Virgin Islands,2019,188,3,3,0,0,0,0,0,2,11,25,42,54,34,13,0,0,0,2,5,6,10,15,20,22,28,26,19,15,9,4,3,0,1
British Virgin Islands,2020,196,3,3,0,0,0,0,0,2,11,26,44,56,36,12,0,0,0,2,5,6,10,16,20,24,28,28,21,15,9,3,3,0,1
British Virgin Islands,2021,236,3,3,0,0,0,0,0,2,12,32,54,68,43,13,0,0,0,2,5,7,13,19,25,29,35,33,26,17,10,3,3,0,1
Brunei,1950,850,261,382,121,28,15,17,40,40,42,56,79,83,61,6,20,20,20,20,20,22,26,30,37,42,45,38,41,20,6,0,410,32,0
Brunei,1951,888,286,405,119,27,15,18,40,40,45,59,82,88,59,7,20,20,20,20,20,25,28,31,38,44,49,39,39,20,7,0,432,33,0
Brunei,1952,907,289,417,128,27,15,18,43,40,46,61,82,91,57,7,23,20,20,20,21,25,29,32,38,44,50,41,35,22,7,0,444,33,0
Brunei,1953,925,291,426,135,27,15,19,46,40,48,63,83,92,56,7,25,21,20,20,23,25,29,34,39,44,49,43,32,24,6,1,453,34,0
Brunei,1954,946,297,441,144,28,15,21,48,42,50,65,84,93,54,6,25,23,20,22,25,25,29,36,40,44,49,44,31,23,6,0,469,36,0
Brunei,1955,971,305,454,149,29,15,22,50,50,50,67,83,94,51,8,25,25,25,25,25,25,30,37,40,43,48,46,29,22,7,1,483,37,0
Brunei,1956,996,314,470,156,34,15,22,50,50,50,68,88,92,51,7,25,25,25,25,25,25,30,38,45,43,46,46,31,20,7,0,504,37,0
Brunei,1957,1016,321,480,159,37,15,22,50,50,50,69,89,90,49,7,25,25,25,25,25,25,30,39,45,44,46,44,31,18,7,0,517,37,0
Brunei,1958,1022,321,477,156,40,16,22,54,50,50,69,93,89,49,7,29,25,25,25,25,25,30,39,49,44,45,44,32,17,7,0,517,38,0
Brunei,1959,1012,313,458,145,41,16,23,55,50,56,70,100,84,47,7,29,26,25,25,28,28,30,40,53,47,44,40,32,15,7,0,499,39,0
Brunei,1960,986,297,428,131,42,17,21,56,52,60,69,107,79,47,8,29,27,25,27,30,30,30,39,56,51,43,36,31,16,7,1,470,38,0
Brunei,1961,954,278,391,113,42,19,22,57,53,60,68,112,79,46,7,29,28,25,28,30,30,30,38,56,56,42,37,31,15,6,1,433,41,0
Brunei,1962,973,260,356,96,39,20,25,70,68,70,74,117,84,47,7,35,35,35,33,35,35,35,39,56,61,45,39,31,16,6,1,395,45,0
Brunei,1963,904,241,326,85,36,20,23,52,52,60,73,114,87,46,7,27,25,25,27,30,30,35,38,53,61,48,39,30,16,6,1,362,43,0
Brunei,1964,888,224,301,77,33,20,24,51,54,60,76,116,93,49,6,26,25,25,29,30,30,36,40,53,63,53,40,32,17,6,0,334,44,0
Brunei,1965,884,212,283,71,32,20,27,51,58,64,80,114,98,51,6,26,25,28,30,30,34,37,43,51,63,56,42,33,18,6,0,315,47,0
Brunei,1966,874,203,269,66,30,21,28,51,57,64,81,113,99,55,6,26,25,27,30,30,34,37,44,50,63,56,43,35,20,6,0,299,49,0
Brunei,1967,877,197,259,62,29,21,29,53,56,65,81,114,101,61,6,28,25,26,30,30,35,36,45,52,62,57,44,37,24,6,0,288,50,0
Brunei,1968,884,194,254,60,29,21,31,54,56,65,82,115,106,65,6,29,25,26,30,30,35,36,46,54,61,59,47,38,27,6,0,283,52,0
Brunei,1969,890,191,248,57,28,21,32,56,55,64,85,118,106,67,8,31,25,25,30,30,34,39,46,55,63,59,47,38,29,8,0,276,53,0
Brunei,1970,895,188,240,52,26,19,32,57,54,66,86,122,104,72,11,32,25,25,29,30,36,40,46,59,63,59,45,39,33,11,0,266,51,0
Brunei,1971,896,183,231,48,26,18,31,59,54,66,86,125,104,75,15,33,26,25,29,30,36,40,46,62,63,61,43,40,35,15,0,257,49,0
Brunei,1972,887,174,219,45,24,17,30,60,53,67,86,128,103,73,21,34,26,25,28,31,36,42,44,62,66,62,41,38,35,20,1,243,47,0
Brunei,1973,873,164,204,40,22,17,30,61,53,67,89,130,110,68,21,34,27,25,28,31,36,43,46,62,68,66,44,37,31,20,1,226,47,0
Brunei,1974,861,152,187,35,20,17,31,64,52,67,88,130,119,62,22,36,28,25,27,32,35,43,45,59,71,69,50,35,27,19,3,207,48,0
Brunei,1975,851,140,171,31,19,16,31,65,52,67,92,130,127,60,21,37,28,25,27,32,35,43,49,58,72,71,56,35,25,17,4,190,47,0
Brunei,1976,845,130,157,27,18,16,33,67,53,68,92,128,135,60,18,37,30,25,28,32,36,42,50,56,72,73,62,36,24,14,4,175,49,0
Brunei,1977,843,120,146,26,17,14,33,70,54,71,94,129,140,65,18,38,32,25,29,32,39,42,52,56,73,75,65,39,26,13,5,163,47,0
Brunei,1978,846,111,134,23,15,12,32,72,56,71,96,127,146,69,16,39,33,27,29,32,39,43,53,56,71,77,69,43,26,12,4,149,44,0
Brunei,1979,851,103,123,20,15,12,30,74,56,72,99,127,150,76,14,40,34,28,28,32,40,45,54,57,70,79,71,48,28,10,4,138,42,0
Brunei,1980,857,97,116,19,14,12,30,77,60,72,98,126,152,84,16,40,37,31,29,32,40,45,53,58,68,80,72,54,30,12,4,130,42,0
Brunei,1981,869,91,109,18,13,11,30,80,63,75,98,128,153,92,17,41,39,33,30,35,40,45,53,61,67,79,74,57,35,13,4,122,41,0
Brunei,1982,881,86,103,17,13,11,27,81,65,76,102,129,155,95,18,41,40,35,30,35,41,49,53,63,66,78,77,60,35,15,3,116,38,1
Brunei,1983,893,83,99,16,13,11,27,81,69,77,102,129,160,102,19,41,40,37,32,35,42,49,53,63,66,79,81,63,39,17,2,112,38,1
Brunei,1984,905,81,96,15,12,11,28,84,73,79,107,132,161,105,19,41,43,39,34,37,42,51,56,65,67,78,83,65,40,17,2,108,39,1
Brunei,1985,922,79,94,15,12,11,29,86,78,79,107,131,164,113,20,41,45,41,37,37,42,51,56,63,68,79,85,70,43,17,3,106,40,1
Brunei,1986,935,78,93,15,12,11,29,85,82,81,109,134,162,120,20,40,45,43,39,37,44,50,59,64,70,77,85,74,46,16,4,105,40,0
Brunei,1987,956,77,92,15,12,11,29,84,87,83,110,137,161,129,23,40,44,45,42,39,44,50,60,64,73,74,87,78,51,19,4,104,40,0
Brunei,1988,974,78,93,15,12,11,25,84,90,86,112,138,161,134,26,40,44,45,45,40,46,52,60,64,74,73,88,81,53,22,4,105,36,0
Brunei,1989,993,78,93,15,12,11,25,82,93,89,113,140,162,141,30,39,43,46,47,43,46,52,61,65,75,75,87,83,58,25,5,105,36,0
Brunei,1990,1010,79,94,15,12,11,25,81,98,93,114,140,161,148,35,38,43,48,50,47,46,53,61,66,74,76,85,85,63,30,5,106,36,1
Brunei,1991,1027,79,94,15,13,11,24,78,99,96,115,141,161,154,41,36,42,49,50,49,47,55,60,67,74,78,83,85,69,33,8,107,35,1
Brunei,1992,1040,79,95,16,13,11,23,75,101,102,116,143,160,156,47,34,41,48,53,53,49,55,61,70,73,81,79,87,69,37,10,108,34,1
Brunei,1993,1044,76,92,16,13,11,23,71,100,106,120,148,163,154,47,33,38,47,53,55,51,58,62,73,75,84,79,86,68,36,11,105,34,1
Brunei,1994,1049,73,88,15,12,11,23,68,97,108,121,152,167,151,48,31,37,45,52,55,53,57,64,74,78,87,80,85,66,37,11,100,34,1
Brunei,1995,1053,69,84,15,12,11,23,66,95,116,124,156,169,151,48,30,36,43,52,58,58,58,66,75,81,86,83,84,67,37,11,96,34,1
Brunei,1996,1058,65,79,14,11,11,23,64,94,119,127,158,177,146,46,30,34,42,52,59,60,58,69,75,83,89,88,80,66,35,11,90,34,1
Brunei,1997,1066,61,75,14,11,11,25,63,91,124,130,164,184,145,46,30,33,40,51,59,65,61,69,77,87,91,93,79,66,35,11,86,36,2
Brunei,1998,1077,58,71,13,11,11,25,62,89,126,134,167,190,147,46,30,32,38,51,61,65,62,72,77,90,93,97,80,67,35,11,82,36,2
Brunei,1999,1090,56,69,13,10,11,25,61,86,130,140,172,193,147,44,30,31,37,49,61,69,67,73,81,91,94,99,81,66,33,11,79,36,2
Brunei,2000,1108,54,67,13,10,11,26,61,85,133,143,175,200,149,44,30,31,37,48,61,72,71,72,82,93,98,102,85,64,34,10,77,37,2
Brunei,2001,1130,52,64,12,10,11,27,62,84,134,148,179,206,156,45,32,30,37,47,61,73,75,73,85,94,102,104,92,64,35,10,74,38,2
Brunei,2002,1157,51,62,11,10,11,28,63,83,139,156,185,214,160,46,33,30,37,46,63,76,80,76,89,96,107,107,97,63,36,10,72,39,2
Brunei,2003,1186,50,61,11,10,11,28,63,83,142,164,191,223,169,45,33,30,37,46,63,79,85,79,92,99,111,112,103,66,36,9,71,39,2
Brunei,2004,1221,49,60,11,9,10,26,66,83,143,174,195,229,177,47,35,31,37,46,63,80,90,84,93,102,116,113,107,70,36,11,69,36,2
Brunei,2005,1258,49,60,11,9,10,25,70,84,146,185,199,237,185,47,35,35,37,47,63,83,94,91,93,106,118,119,110,75,36,11,69,35,2
Brunei,2006,1299,48,59,11,9,10,25,70,86,147,196,204,246,196,48,35,35,37,49,63,84,98,98,94,110,121,125,115,81,37,11,68,35,2
Brunei,2007,1343,49,59,10,9,8,25,70,87,153,205,210,256,204,49,35,35,38,49,65,88,101,104,96,114,124,132,118,86,38,11,68,33,2
Brunei,2008,1389,50,60,10,9,8,25,70,92,156,216,218,266,214,53,35,35,41,51,66,90,106,110,100,118,128,138,123,91,41,12,69,33,2
Brunei,2009,1437,51,61,10,9,8,25,73,93,157,227,226,274,223,57,35,38,41,52,67,90,111,116,107,119,131,143,128,95,45,12,70,33,2
Brunei,2010,1485,53,63,10,8,8,24,74,95,162,238,234,282,231,60,35,39,42,53,70,92,114,124,115,119,135,147,132,99,48,12,71,32,2
Brunei,2011,1532,55,65,10,8,9,24,75,99,167,247,242,289,241,64,35,40,44,55,72,95,118,129,123,119,140,149,139,102,51,13,73,33,2
Brunei,2012,1597,57,68,11,8,8,24,73,99,170,262,261,303,250,66,34,39,44,55,74,96,124,138,136,125,149,154,147,103,52,14,76,32,2
Brunei,2013,1665,58,70,12,8,8,23,73,100,175,278,282,315,260,69,34,39,45,55,75,100,130,148,148,134,154,161,155,105,54,15,78,31,2
Brunei,2014,1735,59,71,12,8,8,23,70,102,182,295,309,326,269,70,32,38,45,57,77,105,136,159,163,146,159,167,159,110,55,15,79,31,2
Brunei,2015,1809,60,72,12,8,8,23,69,102,185,307,338,338,281,71,31,38,45,57,79,106,139,168,177,161,162,176,165,116,56,15,80,31,2
Brunei,2016,1884,60,72,12,8,8,23,67,103,190,322,369,354,292,72,30,37,45,58,80,110,144,178,190,179,167,187,171,121,57,15,80,31,2
Brunei,2017,1961,60,72,12,8,8,23,65,103,193,335,401,371,304,74,30,35,45,58,80,113,148,187,204,197,175,196,177,127,58,16,80,31,2
Brunei,2018,2042,59,72,13,8,8,23,64,102,196,346,435,393,317,76,30,34,44,58,80,116,152,194,219,216,188,205,184,133,60,16,80,31,2
Brunei,2019,2119,59,72,13,8,8,23,62,102,197,356,466,415,330,78,30,32,44,58,80,117,156,200,232,234,205,210,191,139,62,16,80,31,2
Brunei,2020,2198,58,70,12,9,8,22,61,99,197,367,498,439,344,82,30,31,41,58,80,117,161,206,245,253,225,214,200,144,65,17,79,30,2
Brunei,2021,2321,57,69,12,8,8,21,60,97,197,375,537,485,373,87,30,30,40,57,80,117,164,211,259,278,258,227,221,152,69,18,77,29,3
Bulgaria,1950,75917,15387,19799,4412,972,783,1667,4660,2958,4509,5747,9757,13497,9483,1968,2552,2108,1288,1670,2107,2402,2735,3012,4793,4964,5995,7502,6096,3387,1549,419,20771,2450,112
Bulgaria,1951,79749,15313,20552,5239,1056,806,1594,4445,3011,4451,6318,10740,13999,10551,2106,2288,2157,1472,1539,2018,2433,2913,3405,4891,5849,6002,7997,6387,4164,1635,471,21608,2400,118
Bulgaria,1952,88694,15559,20725,5166,960,728,1500,4327,3051,4595,7158,12934,16832,13016,2728,2210,2117,1544,1507,2002,2593,3302,3856,5438,7496,7391,9441,7731,5285,2126,602,21685,2228,145
Bulgaria,1953,70577,12445,15641,3196,827,585,1075,3139,2479,4040,6324,10354,12703,10662,2603,1559,1580,1315,1164,1764,2276,2989,3335,4199,6155,5963,6740,6103,4559,2020,583,16468,1660,145
Bulgaria,1954,70574,13168,16263,3095,689,524,851,2478,2244,3703,6430,10926,12791,10599,2896,1179,1299,1181,1063,1523,2180,2857,3573,4321,6605,6293,6498,6014,4585,2212,684,16952,1375,177
Bulgaria,1955,69910,12782,16331,3549,602,459,655,2112,2166,3446,6547,10734,13304,10331,3033,987,1125,1145,1021,1336,2110,2833,3714,4357,6377,6996,6308,5757,4574,2313,720,16933,1114,189
Bulgaria,1956,73111,10917,13862,2945,627,416,634,1953,2187,3498,6927,11838,15544,11748,3640,930,1023,1098,1089,1362,2136,3048,3879,5089,6749,8548,6996,6723,5025,2759,881,14489,1050,237
Bulgaria,1957,67024,9520,12382,2862,583,421,568,1874,2384,3364,6866,11057,14494,9713,3096,857,1017,1193,1191,1283,2081,2949,3917,4931,6126,8237,6257,5527,4186,2307,789,12965,989,221
Bulgaria,1958,61529,7333,9484,2151,525,371,531,1648,2164,2986,6805,10622,14250,9054,2873,761,887,973,1191,1116,1870,2920,3885,5013,5609,7992,6258,5228,3826,2115,758,10009,902,219
Bulgaria,1959,74713,7660,9730,2070,506,426,537,1763,2520,3307,8154,13382,18688,11362,4010,792,971,1156,1364,1248,2059,3504,4650,6305,7077,10164,8524,6470,4892,2929,1081,10236,963,325
Bulgaria,1960,64188,6494,7973,1479,473,438,556,1506,2390,2941,7048,11677,16066,9556,3282,632,874,1038,1352,1183,1758,3040,4008,5415,6262,8265,7801,5612,3944,2369,913,8446,994,287
Bulgaria,1961,62798,5267,6489,1222,431,382,521,1382,2248,2997,7094,11972,16513,9412,3069,586,796,949,1299,1202,1795,2931,4163,5630,6342,8053,8460,5584,3828,2197,872,6920,903,284
Bulgaria,1962,70051,4977,6046,1069,421,397,543,1394,2200,3019,7558,13538,19396,11281,3873,599,795,922,1278,1339,1680,3021,4537,6104,7434,8831,10565,6672,4609,2746,1127,6467,940,387
Bulgaria,1963,66310,4778,5840,1062,439,370,582,1296,2171,2948,7342,13385,17871,10406,3324,565,731,916,1255,1393,1555,2888,4454,6032,7353,7975,9896,6387,4019,2369,955,6279,952,337
Bulgaria,1964,64633,4388,5299,911,377,308,530,1166,1959,3051,7089,13392,17571,10607,2975,566,600,820,1139,1554,1497,2757,4332,5824,7568,8053,9518,6737,3870,2111,864,5676,838,307
Bulgaria,1965,67001,3817,4601,784,375,298,559,1153,1974,3006,7062,14264,18365,11884,3113,551,602,830,1144,1502,1504,2798,4264,6111,8153,8602,9763,7786,4098,2165,948,4976,857,344
Bulgaria,1966,68619,3992,4767,775,394,298,555,1187,1931,3286,7026,14541,18602,12594,3091,574,613,798,1133,1610,1676,2612,4414,6264,8277,9120,9482,8402,4192,2125,966,5161,853,347
Bulgaria,1967,75301,4344,5149,805,389,302,513,1235,1989,3627,7264,16158,20303,14732,3278,616,619,856,1133,1679,1948,2587,4677,6919,9239,10088,10215,9938,4794,2250,1028,5538,815,362
Bulgaria,1968,73202,4430,5078,648,335,300,455,1280,2014,3710,6998,15648,19882,14155,3008,683,597,831,1183,1671,2039,2483,4515,6810,8838,10308,9574,9431,4724,2070,938,5413,755,339
Bulgaria,1969,81103,4426,5081,655,373,288,547,1282,1939,4044,7322,17714,22714,16036,3382,654,628,805,1134,1714,2330,2636,4686,7626,10088,11841,10873,10394,5642,2360,1022,5454,835,378
Bulgaria,1970,78240,3905,4553,648,325,295,492,1314,1822,3962,6842,17259,22351,15759,2946,649,665,708,1114,1580,2382,2495,4347,7293,9966,11651,10700,9833,5926,2085,861,4878,787,317
Bulgaria,1971,84143,3421,4089,668,317,296,493,1379,1940,4257,7290,18510,25102,16877,3241,689,690,730,1210,1629,2628,2794,4496,7683,10827,12758,12344,10134,6743,2329,912,4406,789,350
Bulgaria,1972,85828,3506,4136,630,311,267,506,1343,1824,4220,7346,18384,25922,17837,3378,647,696,729,1095,1631,2589,3059,4287,7732,10652,13122,12800,10567,7270,2472,906,4447,773,353
Bulgaria,1973,83584,3858,4439,581,345,254,425,1265,1779,4143,7057,17897,25496,16827,3346,624,641,712,1067,1647,2496,3275,3782,7280,10617,12744,12752,9828,6999,2530,816,4784,679,313
Bulgaria,1974,87412,3870,4417,547,330,247,451,1329,1713,4071,7568,18277,27496,17792,3447,607,722,746,967,1577,2494,3723,3845,7315,10962,13715,13781,10547,7245,2680,767,4747,698,274
Bulgaria,1975,92583,3275,3911,636,346,283,455,1348,1778,4326,7936,18973,30241,18935,3787,621,727,758,1020,1642,2684,3972,3964,7457,11516,14738,15503,11603,7332,2994,793,4257,738,267
Bulgaria,1976,91182,3331,3975,644,311,276,393,1315,1660,4205,8314,18309,29742,18441,3977,596,719,745,915,1593,2612,4108,4206,6829,11480,14317,15425,11380,7061,3144,833,4286,669,265
Bulgaria,1977,97646,3410,4039,629,346,280,435,1351,1824,4286,9174,18978,32050,20266,4366,608,743,808,1016,1606,2680,4268,4906,6989,11989,15681,16369,12873,7393,3477,889,4385,715,252
Bulgaria,1978,96092,3068,3677,609,325,282,464,1298,1852,4263,9640,18116,32107,19827,4026,616,682,851,1001,1632,2631,4181,5459,6489,11627,15769,16338,12804,7023,3202,824,4002,746,210
Bulgaria,1979,98498,2759,3360,601,329,275,493,1231,1857,4321,10343,17767,32949,21052,4314,582,649,879,978,1593,2728,4338,6005,6250,11517,16034,16915,13639,7413,3410,904,3689,768,205
Bulgaria,1980,102637,2570,3188,618,304,270,444,1269,1926,4255,10443,18097,34920,22888,4439,603,666,865,1061,1486,2769,4277,6166,6409,11688,16838,18082,14840,8048,3481,958,3492,714,194
Bulgaria,1981,100577,2346,2932,586,319,245,427,1218,1938,4092,10421,17416,34685,22572,4133,543,675,877,1061,1442,2650,4199,6222,6758,10658,16672,18013,14693,7879,3204,929,3251,672,175
Bulgaria,1982,106217,2279,2846,567,354,254,457,1243,2078,4286,10721,18549,36064,24795,4398,578,665,916,1162,1548,2738,4137,6584,7613,10936,17194,18870,16227,8568,3405,993,3200,711,176
Bulgaria,1983,108661,2040,2584,544,299,245,436,1187,2047,4179,10739,18179,37689,26603,4307,540,647,862,1185,1531,2648,4224,6515,8300,9879,17455,20234,17252,9351,3337,970,2883,681,166
Bulgaria,1984,107927,1949,2498,549,312,276,437,1196,2037,4239,11047,18830,36034,26553,4302,527,669,828,1209,1590,2649,4433,6614,8922,9908,16211,19823,17303,9250,3378,924,2810,713,163
Bulgaria,1985,114658,1790,2260,470,291,270,455,1222,2225,4303,11190,19621,38363,29291,4960,583,639,874,1351,1661,2642,4495,6695,9633,9988,16786,21577,19079,10212,3843,1117,2551,725,203
Bulgaria,1986,110958,1703,2119,416,226,235,432,1155,2182,4161,10958,19723,36200,28318,5056,530,625,849,1333,1659,2502,4560,6398,9602,10121,15604,20596,18460,9858,3968,1088,2345,667,195
Bulgaria,1987,115222,1710,2164,454,281,277,482,1150,2075,4117,10726,20654,36538,31738,4859,558,592,849,1226,1735,2382,4355,6371,9630,11024,15285,21253,19840,11898,3905,954,2445,759,157
Bulgaria,1988,115290,1588,2074,486,269,251,438,1175,2103,4320,10797,21592,35365,32053,4714,525,650,842,1261,1830,2490,4337,6460,9679,11913,14013,21352,20217,11836,3852,862,2343,689,138
Bulgaria,1989,115087,1589,2028,439,250,264,419,1149,2099,4723,10734,21936,33796,32704,4856,560,589,843,1256,2032,2691,4117,6617,9213,12723,13514,20282,20408,12296,4026,830,2278,683,130
Bulgaria,1990,117953,1548,1964,416,240,252,488,1235,2171,4846,10566,22099,34216,34231,5498,596,639,894,1277,2134,2712,4090,6476,9291,12808,13476,20740,21172,13059,4585,913,2204,740,143
Bulgaria,1991,120713,1597,2044,447,236,260,429,1144,2065,4724,10253,22766,34598,36057,5997,535,609,816,1249,2053,2671,3836,6417,9453,13313,14216,20382,22176,13881,5029,968,2280,689,142
Bulgaria,1992,118597,1434,1873,439,265,212,472,1265,2167,5226,10663,22208,33480,34647,5978,609,656,836,1331,2161,3065,3999,6664,9180,13028,14785,18695,21144,13503,4986,992,2138,684,136
Bulgaria,1993,120170,1307,1670,363,225,208,462,1239,2312,5353,10690,22173,33421,36233,6060,604,635,930,1382,2169,3184,4077,6613,9153,13020,15845,17576,21836,14397,5087,973,1895,670,120
Bulgaria,1994,122734,1284,1658,374,214,200,492,1285,2368,5754,10635,22735,34348,36355,6562,621,664,902,1466,2176,3578,4214,6421,9651,13084,16950,17398,22316,14039,5462,1100,1872,692,127
Bulgaria,1995,126008,1051,1361,310,214,188,435,1261,2180,5744,10717,22833,35040,38398,7499,610,651,870,1310,2210,3534,4350,6367,9839,12994,17559,17481,22485,15913,6222,1277,1575,623,136
Bulgaria,1996,128898,1127,1440,313,199,221,408,1165,2032,5604,10444,22861,37083,39428,7877,532,633,746,1286,2156,3448,4440,6004,9712,13149,18250,18833,22580,16848,6569,1308,1639,629,132
Bulgaria,1997,133841,1065,1455,390,217,224,433,1217,2087,5751,10919,23401,39097,40330,8574,604,613,791,1296,2181,3570,4796,6123,10097,13304,18571,20526,22443,17887,7180,1394,1672,657,135
Bulgaria,1998,129378,982,1256,274,184,208,364,1166,1935,5441,10847,22433,39107,38257,8056,576,590,748,1187,2007,3434,4952,5895,9512,12921,17990,21117,20515,17742,6752,1304,1440,572,122
Bulgaria,1999,121975,1074,1308,234,149,179,363,1063,1853,4976,10341,21100,38120,34817,7591,510,553,743,1110,1906,3070,4713,5628,8631,12469,16971,21149,18737,16080,6339,1252,1457,542,116
Bulgaria,2000,125462,982,1166,184,139,135,348,1023,1877,4947,10649,21427,39172,36141,8315,507,516,765,1112,1889,3058,4800,5849,8447,12980,17451,21721,19614,16527,6960,1355,1305,483,124
Bulgaria,2001,121751,978,1164,186,107,136,312,1041,1755,4805,10679,20555,37790,35136,8149,499,542,710,1045,1797,3008,4753,5926,8164,12391,16650,21140,19641,15495,6824,1325,1271,448,123
Bulgaria,2002,121957,928,1110,182,100,120,250,937,1712,4662,10786,19904,37671,35805,8757,436,501,688,1024,1761,2901,4776,6010,7766,12138,16378,21293,20661,15144,7267,1490,1210,370,140
Bulgaria,2003,120653,860,1025,165,80,144,265,1026,1596,4402,10891,19719,37085,35383,8885,453,573,644,952,1641,2761,4620,6271,7666,12053,16167,20918,20977,14406,7365,1520,1105,409,141
Bulgaria,2004,118212,861,1061,200,77,134,245,950,1670,4515,10995,18785,35903,35138,8592,434,516,702,968,1696,2819,4564,6431,7663,11122,15950,19953,21400,13738,7050,1542,1138,379,146
Bulgaria,2005,121129,778,934,156,95,124,230,921,1607,4536,11354,18988,37262,36187,8738,408,513,631,976,1653,2883,4548,6806,7953,11035,16624,20638,21853,14334,7119,1619,1029,354,152
Bulgaria,2006,120687,766,912,146,115,104,265,923,1624,4382,11424,18492,36832,37161,8302,426,497,648,976,1612,2770,4586,6838,8068,10424,16371,20461,22274,14887,6673,1629,1027,369,154
Bulgaria,2007,120112,730,878,148,82,97,272,949,1550,4067,11090,18279,36033,37941,8701,433,516,657,893,1448,2619,4449,6641,8196,10083,15959,20074,22243,15698,6953,1748,960,369,173
Bulgaria,2008,117122,707,849,142,108,101,276,947,1610,3971,10578,17865,34471,37901,8277,431,516,670,940,1388,2583,4257,6321,8276,9589,14980,19491,21865,16036,6627,1650,957,377,168
Bulgaria,2009,114399,766,907,141,87,87,225,836,1552,3925,10294,18202,32839,36711,8541,382,454,649,903,1386,2539,4147,6147,8543,9659,13864,18975,20921,15790,6722,1819,994,312,194
Bulgaria,2010,116301,721,866,145,80,94,202,786,1455,3926,9887,18236,32732,38266,9546,349,437,590,865,1462,2464,3897,5990,8526,9710,13184,19548,21486,16780,7608,1938,946,296,228
Bulgaria,2011,114213,616,750,134,68,66,182,728,1439,3637,9859,18384,31773,37924,9185,327,401,576,863,1357,2280,3854,6005,8618,9766,12638,19135,21173,16751,7462,1723,818,248,219
Bulgaria,2012,115250,560,691,131,74,78,172,639,1348,3354,9669,18717,31567,38907,9805,289,350,507,841,1303,2051,3809,5860,8506,10211,12524,19043,21465,17442,7963,1842,765,250,226
Bulgaria,2013,109918,514,638,124,71,67,140,652,1313,3433,9317,18374,29141,37126,9413,306,346,523,790,1338,2095,3585,5732,7940,10434,11590,17551,20394,16732,7530,1883,709,207,227
Bulgaria,2014,114907,529,623,94,59,63,149,597,1447,3470,9751,19557,29241,39141,10533,264,333,533,914,1360,2110,3931,5820,8437,11120,11992,17249,21674,17467,8334,2199,682,212,273
Bulgaria,2015,116272,438,523,85,74,60,150,604,1305,3491,9313,19604,29026,40367,11471,241,363,520,785,1309,2182,3617,5696,8317,11287,12570,16456,22380,17987,9123,2348,597,210,280
Bulgaria,2016,113430,430,500,70,59,56,141,557,1294,3563,9251,19668,28167,38814,11115,217,340,483,811,1317,2246,3502,5749,8441,11227,12499,15668,21182,17632,8930,2185,559,197,248
Bulgaria,2017,115964,408,499,91,47,56,143,515,1191,3632,9009,19708,28881,40343,11684,193,322,455,736,1401,2231,3440,5569,8277,11431,13239,15642,21724,18619,9436,2248,546,199,252
Bulgaria,2018,115908,357,450,93,63,70,148,484,1260,3556,8929,19265,29149,39431,12810,177,307,495,765,1349,2207,3284,5645,8217,11048,13698,15451,20713,18718,10185,2625,513,218,295
Bulgaria,2019,114802,341,417,76,50,66,158,474,1240,3557,8508,19183,29338,38907,12636,189,285,443,797,1316,2241,3166,5342,8099,11084,14035,15303,19879,19028,10136,2500,467,224,268
Bulgaria,2020,131998,319,388,69,45,60,144,414,1276,3960,9605,22298,36343,43543,13670,198,216,422,854,1430,2530,3609,5996,9335,12963,17725,18618,21547,21996,11080,2590,433,204,248
Bulgaria,2021,153894,299,364,65,43,58,158,530,1471,4468,11093,26370,45209,49305,14589,245,285,516,955,1533,2935,4472,6621,10813,15557,21696,23513,24483,24822,11972,2617,407,216,231
Burkina Faso,1950,119151,30987,70929,39942,5563,2506,3247,7727,6382,5615,5782,6614,3201,1554,32,4030,3697,3297,3085,2889,2726,2817,2965,3308,3306,2694,507,1302,252,32,0,76492,5753,0
Burkina Faso,1951,119294,31506,70490,38984,5616,2523,3254,7699,6406,5690,5893,6758,3676,1279,11,4014,3685,3300,3106,2924,2766,2871,3022,3374,3384,2906,770,933,346,10,1,76106,5777,0
Burkina Faso,1952,120528,31950,70801,38851,5668,2561,3294,7730,6467,5800,6040,6945,4220,995,3,4032,3698,3324,3143,2979,2821,2945,3095,3471,3474,3067,1153,555,440,3,0,76469,5855,0
Burkina Faso,1953,121464,32349,71457,39108,5519,2569,3297,7661,6445,5845,6134,7073,4714,744,6,3999,3662,3305,3140,3002,2843,2995,3139,3542,3531,3164,1550,278,466,6,0,76976,5866,0
Burkina Faso,1954,122537,32650,72073,39423,5339,2594,3317,7631,6442,5911,6249,7231,5136,594,16,3991,3640,3296,3146,3033,2878,3053,3196,3625,3606,3260,1876,186,408,16,0,77412,5911,0
Burkina Faso,1955,123553,32961,72609,39648,5238,2623,3340,7602,6428,5956,6344,7376,5451,561,23,3986,3616,3282,3146,3052,2904,3097,3247,3698,3678,3348,2103,257,304,23,0,77847,5963,0
Burkina Faso,1956,125053,33262,73137,39875,5236,2673,3391,7647,6461,6050,6495,7581,5738,614,29,4024,3623,3291,3170,3092,2958,3166,3329,3797,3784,3457,2281,424,190,29,0,78373,6064,0
Burkina Faso,1957,126245,33535,73615,40080,5231,2690,3417,7654,6448,6110,6616,7755,5945,726,38,4044,3610,3278,3170,3111,2999,3213,3403,3873,3882,3543,2402,635,91,38,0,78846,6107,0
Burkina Faso,1958,127519,33846,74181,40335,5273,2667,3443,7666,6422,6160,6734,7932,6124,879,35,4070,3596,3258,3164,3122,3038,3256,3478,3947,3985,3625,2499,842,37,35,0,79454,6110,0
Burkina Faso,1959,128497,34164,74594,40430,5345,2606,3466,7658,6373,6183,6831,8092,6283,1042,23,4084,3574,3227,3146,3121,3062,3290,3541,4015,4077,3704,2579,1007,35,23,0,79939,6072,0
Burkina Faso,1960,129968,34464,75135,40671,5457,2566,3526,7725,6372,6237,6961,8298,6478,1208,9,4134,3591,3222,3150,3137,3100,3343,3618,4108,4190,3807,2671,1132,76,9,0,80592,6092,0
Burkina Faso,1961,130954,34827,75794,40967,5491,2498,3537,7705,6289,6223,7024,8427,6620,1343,3,4133,3572,3178,3111,3117,3106,3366,3658,4168,4259,3884,2736,1215,128,3,0,81285,6035,0
Burkina Faso,1962,131647,35206,76435,41229,5497,2432,3517,7646,6180,6165,7049,8523,6743,1456,1,4108,3538,3122,3058,3079,3086,3375,3674,4217,4306,3954,2789,1273,183,1,0,81932,5949,0
Burkina Faso,1963,132860,35590,77153,41563,5559,2431,3485,7671,6125,6149,7122,8683,6920,1561,1,4125,3546,3098,3027,3062,3087,3408,3714,4301,4382,4061,2859,1328,233,1,0,82712,5916,0
Burkina Faso,1964,134287,36055,77992,41937,5627,2465,3413,7722,6083,6140,7203,8861,7116,1662,3,4159,3563,3082,3001,3049,3091,3444,3759,4390,4471,4175,2941,1385,277,3,0,83619,5878,0
Burkina Faso,1965,134966,36514,78727,42213,5620,2471,3290,7682,5972,6057,7207,8947,7248,1738,7,4148,3534,3034,2938,2997,3060,3438,3769,4427,4520,4246,3002,1431,307,7,0,84347,5761,0
Burkina Faso,1966,136682,36984,79722,42738,5706,2512,3225,7762,5963,6048,7293,9144,7471,1824,10,4199,3563,3041,2922,2985,3063,3468,3825,4513,4631,4366,3105,1489,335,10,0,85428,5737,0
Burkina Faso,1967,137650,37473,80627,43154,5709,2520,3129,7722,5889,5970,7302,9251,7629,1893,11,4175,3547,3017,2872,2938,3032,3456,3846,4545,4706,4438,3191,1535,358,11,0,86336,5649,0
Burkina Faso,1968,139353,38011,81699,43688,5779,2553,3126,7710,5889,5942,7371,9435,7851,1977,17,4136,3574,3034,2855,2916,3026,3471,3900,4611,4824,4545,3306,1594,383,17,0,87478,5679,0
Burkina Faso,1969,140493,38454,82696,44242,5773,2570,3151,7580,5851,5872,7377,9537,8018,2049,17,4002,3578,3028,2823,2873,2999,3457,3920,4640,4897,4622,3396,1645,404,17,0,88469,5721,0
Burkina Faso,1970,141272,38729,83251,44522,5774,2576,3172,7455,5809,5787,7376,9674,8237,2143,22,3869,3586,3019,2790,2826,2961,3439,3937,4685,4989,4730,3507,1713,430,22,0,89025,5748,0
Burkina Faso,1971,142290,39073,83879,44806,5786,2606,3205,7368,5812,5734,7389,9804,8445,2233,24,3761,3607,3029,2783,2795,2939,3432,3957,4735,5069,4838,3607,1781,452,24,0,89665,5811,0
Burkina Faso,1972,142414,39198,83994,44796,5740,2594,3204,7209,5749,5622,7342,9911,8675,2342,27,3642,3567,3001,2748,2738,2884,3393,3949,4775,5136,4962,3713,1864,478,27,0,89734,5798,0
Burkina Faso,1973,142598,39314,83756,44442,5749,2618,3233,7126,5761,5569,7341,10044,8917,2447,30,3624,3502,3010,2751,2712,2857,3381,3960,4833,5211,5096,3821,1945,502,30,0,89505,5851,0
Burkina Faso,1974,141417,39264,82938,43674,5636,2585,3197,6917,5682,5438,7247,10085,9108,2550,31,3593,3324,2972,2710,2650,2788,3323,3924,4839,5246,5194,3914,2023,527,31,0,88574,5782,0
Burkina Faso,1975,139756,39090,81798,42708,5475,2532,3144,6689,5596,5305,7133,10097,9289,2661,36,3548,3141,2933,2663,2591,2714,3256,3877,4826,5271,5277,4012,2101,560,36,0,87273,5676,0
Burkina Faso,1976,138270,38841,80453,41612,5373,2507,3119,6540,5554,5213,7044,10145,9501,2780,40,3532,3008,2917,2637,2554,2659,3203,3841,4826,5319,5370,4131,2183,597,40,0,85826,5626,0
Burkina Faso,1977,137320,38776,79445,40669,5293,2484,3104,6436,5510,5148,6971,10210,9741,2919,47,3525,2911,2892,2618,2533,2615,3157,3814,4827,5383,5470,4271,2276,643,47,0,84738,5588,0
Burkina Faso,1978,136636,38956,78968,40012,5184,2445,3064,6357,5394,5074,6870,10232,9952,3040,54,3496,2861,2803,2591,2508,2566,3099,3771,4805,5427,5545,4407,2369,671,54,0,84152,5509,0
Burkina Faso,1979,136456,39179,78765,39586,5130,2423,3042,6355,5277,5029,6781,10249,10157,3179,63,3487,2868,2691,2586,2497,2532,3049,3732,4781,5468,5621,4536,2460,719,62,1,83895,5465,0
Burkina Faso,1980,137156,39327,78950,39623,5138,2413,3042,6405,5207,5022,6734,10341,10466,3360,71,3504,2901,2604,2603,2505,2517,3019,3715,4794,5547,5756,4710,2584,776,70,1,84088,5455,0
Burkina Faso,1981,139204,39709,79665,39956,5284,2475,3112,6589,5269,5124,6770,10490,10798,3544,80,3593,2996,2588,2681,2565,2559,3034,3736,4842,5648,5913,4885,2713,831,79,1,84949,5587,0
Burkina Faso,1982,139157,39845,79630,39785,5242,2416,3068,6553,5148,5074,6662,10482,11055,3728,92,3567,2986,2499,2649,2542,2532,2980,3682,4812,5670,6027,5028,2844,884,91,1,84872,5484,0
Burkina Faso,1983,140268,40210,80112,39902,5308,2425,3076,6612,5122,5116,6625,10519,11327,3917,102,3588,3024,2505,2617,2566,2550,2966,3659,4809,5710,6155,5172,2979,938,101,1,85420,5501,0
Burkina Faso,1984,141229,40692,80600,39908,5342,2418,3063,6639,5080,5148,6578,10531,11592,4115,116,3591,3048,2543,2537,2586,2562,2951,3627,4795,5736,6273,5319,3119,996,115,1,85942,5481,0
Burkina Faso,1985,143353,41231,81138,39907,5540,2488,3135,6846,5163,5295,6640,10673,11966,4343,129,3693,3153,2648,2515,2669,2626,2990,3650,4841,5832,6447,5519,3280,1063,128,1,86678,5623,0
Burkina Faso,1986,146422,41474,81382,39908,5928,2641,3302,7241,5378,5545,6810,10963,12479,4605,142,3896,3345,2817,2561,2807,2738,3085,3725,4957,6006,6697,5782,3467,1138,139,3,87310,5943,0
Burkina Faso,1987,149313,41599,81613,40014,6281,2798,3464,7636,5604,5780,6985,11212,12944,4844,151,4100,3536,2986,2618,2930,2850,3188,3797,5057,6155,6911,6033,3636,1208,148,3,87894,6262,0
Burkina Faso,1988,151860,41718,81819,40101,6624,2963,3606,7929,5834,5929,7145,11418,13360,5068,159,4252,3677,3126,2708,2978,2951,3284,3861,5134,6284,7095,6265,3790,1278,156,3,88443,6569,0
Burkina Faso,1989,154599,42025,82418,40393,6919,3118,3744,8213,6098,6029,7306,11579,13726,5279,166,4399,3814,3260,2838,2973,3056,3382,3924,5193,6386,7253,6473,3935,1344,163,3,89337,6862,0
Burkina Faso,1990,156261,42642,83453,40811,6991,3181,3785,8254,6202,6008,7354,11543,13880,5435,173,4415,3839,3304,2898,2897,3111,3423,3931,5165,6378,7296,6584,4041,1394,170,3,90444,6966,0
Burkina Faso,1991,159525,43495,84972,41477,7239,3317,3925,8469,6419,6089,7507,11633,14148,5627,181,4526,3943,3410,3009,2878,3211,3510,3997,5198,6435,7407,6741,4177,1450,178,3,92211,7242,0
Burkina Faso,1992,162793,44322,86556,42234,7486,3452,4080,8662,6617,6158,7664,11724,14392,5813,188,4631,4031,3506,3111,2871,3287,3593,4071,5237,6487,7509,6883,4313,1500,185,3,94042,7532,0
Burkina Faso,1993,167354,45109,88094,42985,7925,3670,4359,9096,6962,6346,7953,11959,14753,6037,198,4870,4226,3680,3282,2986,3360,3740,4213,5349,6610,7683,7070,4479,1558,195,3,96019,8029,0
Burkina Faso,1994,170107,45949,89608,43659,8053,3767,4511,9266,7111,6390,8120,11995,14885,6189,207,4976,4290,3745,3366,3083,3307,3828,4292,5378,6617,7729,7156,4585,1604,204,3,97661,8278,0
Burkina Faso,1995,172744,46749,90820,44071,8188,3877,4681,9484,7284,6446,8313,12058,15022,6349,219,5118,4366,3825,3459,3192,3254,3935,4378,5427,6631,7775,7247,4690,1659,216,3,99008,8558,0
Burkina Faso,1996,175232,47407,91645,44238,8353,3998,4870,9766,7471,6522,8529,12162,15173,6508,233,5303,4463,3912,3559,3305,3217,4051,4478,5501,6661,7830,7343,4792,1716,229,4,99998,8868,0
Burkina Faso,1997,180121,48082,92922,44840,8852,4303,5231,10373,7905,6805,8899,12470,15436,6681,243,5667,4706,4130,3775,3519,3286,4235,4664,5686,6784,7954,7482,4905,1776,239,4,101774,9534,0
Burkina Faso,1998,179610,48146,92514,44368,8722,4242,5240,10426,7851,6798,8862,12469,15435,6795,255,5742,4684,4094,3757,3534,3264,4166,4696,5718,6751,7924,7511,4967,1828,250,5,101236,9482,0
Burkina Faso,1999,181350,48582,92924,44342,8776,4294,5354,10764,8004,7014,8903,12594,15491,6943,286,5962,4802,4169,3835,3636,3378,4099,4804,5814,6780,7928,7563,5046,1897,279,7,101700,9648,0
Burkina Faso,2000,181983,49055,93319,44264,8656,4252,5364,10923,8028,7146,8867,12626,15431,7053,318,6069,4854,4176,3852,3688,3458,3986,4881,5860,6766,7873,7558,5098,1955,309,9,101975,9616,0
Burkina Faso,2001,184572,49317,93428,44111,8896,4347,5558,11459,8306,7441,9010,12925,15614,7235,351,6368,5091,4321,3985,3831,3610,3959,5051,6025,6900,7954,7660,5208,2027,338,13,102324,9905,0
Burkina Faso,2002,187346,49567,93543,43976,9166,4474,5764,12037,8639,7772,9176,13240,15758,7386,386,6666,5371,4498,4141,3992,3780,3973,5203,6192,7048,8025,7733,5296,2090,367,19,102709,10238,1
Burkina Faso,2003,188030,49756,93016,43260,9192,4471,5820,12337,8793,7953,9219,13464,15822,7511,425,6793,5544,4584,4209,4071,3882,4025,5194,6306,7158,8055,7767,5364,2147,396,29,102208,10291,3
Burkina Faso,2004,187844,49661,91960,42299,9151,4436,5818,12563,8916,8100,9235,13689,15883,7627,460,6867,5696,4662,4254,4130,3970,4144,5091,6425,7264,8093,7790,5426,2201,420,40,101111,10254,5
Burkina Faso,2005,187297,49480,90595,41115,9105,4405,5791,12784,9054,8246,9243,13917,15940,7726,485,6944,5840,4757,4297,4189,4057,4268,4975,6552,7365,8137,7803,5477,2249,440,45,99700,10196,7
Burkina Faso,2006,187135,49485,89667,40182,9048,4395,5745,12909,9204,8385,9262,14158,16029,7819,504,6963,5946,4861,4343,4244,4141,4389,4873,6685,7473,8206,7823,5522,2297,458,46,98715,10140,7
Burkina Faso,2007,186652,49122,88288,39166,9038,4412,5717,13036,9389,8534,9321,14371,16153,7891,499,6990,6046,4988,4401,4305,4229,4509,4812,6784,7587,8304,7849,5562,2329,461,38,97326,10129,5
Burkina Faso,2008,183007,48279,85975,37696,8717,4258,5506,12723,9291,8458,9313,14274,16164,7856,473,6796,5927,4962,4329,4249,4209,4535,4778,6659,7615,8337,7827,5561,2295,451,22,94692,9764,2
Burkina Faso,2009,181959,47612,84279,36667,8714,4260,5466,12665,9435,8538,9541,14280,16375,7937,465,6731,5934,5060,4375,4279,4259,4630,4911,6519,7761,8478,7897,5599,2338,445,20,92993,9726,1
Burkina Faso,2010,181652,47046,82748,35702,8774,4293,5473,12702,9652,8675,9817,14346,16661,8040,467,6717,5985,5186,4466,4338,4337,4747,5070,6390,7956,8652,8009,5654,2386,450,17,91522,9766,1
Burkina Faso,2011,180155,46422,80983,34561,8697,4240,5405,12548,9736,8703,10005,14335,16910,8126,471,6604,5944,5227,4509,4342,4361,4817,5188,6229,8106,8793,8117,5700,2426,454,17,89680,9645,0
Burkina Faso,2012,179964,45920,79644,33724,8740,4247,5408,12522,9925,8822,10252,14407,17262,8248,487,6561,5961,5310,4615,4398,4424,4919,5333,6153,8254,8978,8284,5777,2471,470,17,88384,9655,0
Burkina Faso,2013,182012,45323,78187,32864,9123,4408,5602,12906,10402,9151,10678,14702,17878,8460,513,6746,6160,5533,4869,4569,4582,5108,5570,6327,8375,9304,8574,5921,2539,494,19,87310,10010,0
Burkina Faso,2014,181081,44569,76618,32049,9036,4391,5568,12770,10506,9251,10875,14698,18250,8585,532,6672,6098,5543,4963,4625,4626,5182,5693,6500,8198,9499,8751,6009,2576,511,21,85654,9959,0
Burkina Faso,2015,180442,43678,74774,31096,9007,4409,5577,12726,10667,9409,11103,14737,18709,8758,558,6658,6068,5586,5081,4721,4688,5270,5833,6702,8035,9751,8958,6131,2627,535,23,83781,9986,0
Burkina Faso,2016,179548,42583,72795,30212,8901,4416,5563,12654,10786,9576,11317,14785,19192,8973,589,6637,6017,5608,5178,4827,4749,5353,5964,6894,7891,10008,9184,6283,2690,563,26,81696,9979,0
Burkina Faso,2017,180836,41393,70537,29144,9142,4585,5742,13027,11205,9991,11731,15119,19857,9281,616,6855,6172,5797,5408,5073,4918,5537,6194,7198,7921,10341,9516,6511,2770,587,29,79679,10327,0
Burkina Faso,2018,179776,40648,68677,28029,8951,4574,5715,12934,11238,10182,11908,15365,20069,9523,638,6823,6111,5784,5454,5197,4985,5607,6301,7367,7998,10326,9743,6689,2834,607,31,77628,10289,0
Burkina Faso,2019,183463,40115,67323,27208,9220,4774,6039,13788,11881,10815,12425,16136,20497,9895,667,7296,6492,6104,5777,5561,5254,5851,6574,7719,8417,10333,10164,6962,2933,632,35,76543,10813,0
Burkina Faso,2020,189721,39425,65671,26246,8885,4694,5798,13186,11783,11731,14237,19229,22803,10984,722,6991,6195,5931,5852,5957,5774,6610,7627,9167,10062,11467,11336,7714,3270,684,38,74556,10492,0
Burkina Faso,2021,198073,38792,64128,25336,8815,4763,6200,14097,12696,13033,15782,21494,24513,11789,760,7442,6655,6341,6355,6554,6479,7326,8456,10228,11266,12108,12405,8304,3485,718,42,72943,10963,0
Burundi,1950,53310,18127,29000,10873,3073,1379,1351,3000,2807,2641,2617,3176,3110,1056,94,1522,1478,1421,1386,1352,1289,1316,1301,1495,1681,1700,1410,736,320,83,11,32073,2730,1
Burundi,1951,55161,19392,30670,11278,3106,1388,1353,2988,2806,2661,2664,3185,3157,1097,81,1518,1470,1418,1388,1360,1301,1337,1327,1495,1690,1719,1438,785,312,76,5,33776,2741,1
Burundi,1952,56169,19278,31271,11993,3170,1410,1371,3006,2829,2702,2741,3216,3223,1154,76,1531,1475,1428,1401,1380,1322,1366,1375,1505,1711,1754,1469,849,305,72,4,34441,2781,1
Burundi,1953,56811,19220,31644,12424,3211,1424,1382,3006,2830,2727,2805,3227,3271,1206,75,1534,1472,1425,1405,1391,1336,1384,1421,1507,1720,1783,1488,906,300,71,4,34855,2806,0
Burundi,1954,57299,19162,31915,12753,3219,1439,1391,3001,2824,2745,2860,3247,3318,1264,77,1536,1465,1420,1404,1398,1347,1397,1463,1519,1728,1809,1509,953,311,73,4,35134,2830,0
Burundi,1955,57660,19110,31984,12874,3313,1456,1402,2997,2815,2759,2908,3275,3359,1322,73,1540,1457,1414,1401,1403,1356,1411,1497,1542,1733,1828,1531,988,334,71,2,35297,2858,0
Burundi,1956,58140,19058,31907,12849,3523,1485,1421,3016,2824,2792,2969,3334,3418,1381,72,1555,1461,1416,1408,1416,1376,1434,1535,1586,1748,1853,1565,1019,362,69,3,35430,2906,0
Burundi,1957,58451,19007,31830,12823,3665,1505,1434,3029,2817,2807,3008,3390,3463,1433,70,1566,1463,1410,1407,1419,1388,1449,1559,1637,1753,1870,1593,1039,394,67,3,35495,2939,0
Burundi,1958,58833,18979,31769,12790,3792,1530,1455,3055,2818,2829,3052,3460,3516,1482,71,1584,1471,1409,1409,1426,1403,1470,1582,1698,1762,1888,1628,1059,423,68,3,35561,2985,0
Burundi,1959,59253,18972,31805,12833,3894,1543,1474,3072,2808,2846,3094,3542,3567,1532,77,1598,1474,1402,1406,1431,1415,1488,1606,1757,1785,1905,1662,1082,450,73,4,35699,3017,0
Burundi,1960,59650,18999,31752,12753,3978,1592,1503,3110,2816,2866,3138,3629,3608,1572,84,1622,1488,1407,1409,1437,1429,1509,1629,1808,1821,1921,1687,1104,468,81,3,35730,3095,0
Burundi,1961,60133,19035,31827,12792,3997,1672,1532,3145,2816,2882,3181,3723,3647,1616,94,1644,1501,1408,1408,1442,1440,1528,1653,1851,1872,1935,1712,1132,484,91,3,35824,3204,0
Burundi,1962,61391,19372,32248,12876,4047,1753,1581,3277,2893,2941,3257,3859,3713,1688,130,1712,1565,1453,1440,1472,1469,1564,1693,1903,1956,1963,1750,1176,512,117,13,36295,3334,3
Burundi,1963,61951,19548,32485,12937,4064,1816,1602,3309,2895,2946,3293,3956,3737,1719,123,1729,1580,1460,1435,1473,1473,1579,1714,1929,2027,1971,1766,1199,520,119,4,36549,3418,1
Burundi,1964,62601,19664,32712,13048,4091,1886,1619,3363,2913,2960,3336,4054,3780,1755,130,1758,1605,1474,1439,1478,1482,1598,1738,1957,2097,1998,1782,1223,532,124,6,36803,3505,1
Burundi,1965,69478,21126,35386,14260,4477,2094,1930,4251,3478,3396,3757,4516,4112,1893,183,2228,2023,1787,1691,1701,1695,1807,1950,2174,2342,2194,1918,1312,581,155,28,39863,4024,5
Burundi,1966,67440,21443,35500,14057,4320,2009,1798,3674,3128,3112,3526,4340,3997,1868,163,1917,1757,1600,1528,1553,1559,1685,1841,2075,2265,2147,1850,1291,577,149,14,39820,3807,2
Burundi,1967,69853,22280,36845,14565,4450,2070,1922,3845,3260,3188,3610,4452,4110,1913,178,2003,1842,1675,1585,1593,1595,1724,1886,2125,2327,2238,1872,1315,598,159,19,41295,3992,3
Burundi,1968,71542,23013,38062,15049,4528,2069,1980,3880,3290,3200,3653,4537,4227,1946,172,2020,1860,1694,1596,1596,1604,1737,1916,2165,2372,2335,1892,1334,612,158,14,42590,4049,1
Burundi,1969,74646,23844,39545,15701,4743,2210,2184,4134,3509,3334,3777,4669,4377,1983,179,2141,1993,1814,1695,1667,1667,1797,1980,2231,2438,2441,1936,1356,627,163,16,44288,4394,1
Burundi,1970,75757,24398,40486,16088,4816,2179,2184,4097,3476,3302,3791,4751,4508,2000,166,2130,1967,1797,1679,1649,1653,1796,1995,2266,2485,2523,1985,1367,633,155,11,45302,4363,1
Burundi,1971,77798,25033,41576,16543,4972,2223,2222,4276,3575,3357,3861,4862,4663,2034,175,2250,2026,1850,1725,1679,1678,1826,2035,2317,2545,2604,2059,1387,647,164,11,46548,4445,1
Burundi,1972,145229,27890,51723,23833,12686,9310,9049,16035,12606,9363,8069,7536,6273,2380,198,8455,7580,6625,5981,4955,4408,4121,3948,3817,3719,3543,2730,1646,734,183,15,64409,18359,1
Burundi,1973,93108,25317,43945,18628,7001,3997,3795,6844,5457,4613,4765,5491,5090,1985,122,3705,3139,2829,2628,2369,2244,2315,2450,2665,2826,2824,2266,1378,607,118,4,50946,7792,0
Burundi,1974,78781,25097,42228,17131,5246,2292,2208,4322,3477,3256,3812,4960,4877,1962,142,2396,1926,1788,1689,1636,1620,1790,2022,2352,2608,2669,2208,1351,611,137,5,47474,4500,0
Burundi,1975,81127,26073,43317,17244,5416,2364,2277,4557,3615,3341,3883,5082,5051,2043,177,2527,2030,1861,1754,1688,1653,1821,2062,2407,2675,2746,2305,1406,637,161,16,48733,4641,2
Burundi,1976,82434,26678,44165,17487,5481,2406,2298,4659,3647,3359,3890,5130,5146,2085,167,2542,2117,1877,1770,1702,1657,1822,2068,2424,2706,2786,2360,1447,638,159,8,49646,4704,1
Burundi,1977,83248,27015,44619,17604,5514,2431,2315,4760,3666,3369,3881,5159,5215,2140,174,2559,2201,1887,1779,1712,1657,1815,2066,2429,2730,2817,2398,1499,641,164,10,50133,4746,0
Burundi,1978,84759,27348,45132,17784,5584,2499,2381,4973,3776,3455,3933,5251,5347,2237,191,2633,2340,1944,1832,1761,1694,1839,2094,2465,2786,2884,2463,1578,659,176,15,50716,4880,0
Burundi,1979,84876,27620,45254,17634,5467,2485,2373,5063,3773,3453,3891,5228,5377,2301,208,2634,2429,1938,1835,1767,1686,1819,2072,2445,2783,2895,2482,1627,674,185,23,50721,4858,2
Burundi,1980,84020,27237,44645,17408,5414,2481,2361,5025,3740,3420,3836,5197,5394,2328,177,2594,2431,1929,1811,1753,1667,1793,2043,2423,2774,2899,2495,1654,674,167,10,50059,4842,1
Burundi,1981,86347,28084,45351,17267,5364,2468,2436,5395,4105,3583,3903,5268,5543,2535,366,2772,2623,2166,1939,1849,1734,1836,2067,2451,2817,2964,2579,1759,776,261,105,50715,4904,26
Burundi,1982,85031,27500,44393,16893,5338,2455,2411,5273,4106,3553,3863,5250,5582,2548,247,2709,2564,2195,1911,1830,1723,1821,2042,2437,2813,2980,2602,1774,774,212,35,49731,4866,13
Burundi,1983,84617,26773,43324,16551,5427,2465,2442,5338,4245,3615,3893,5294,5690,2635,244,2740,2598,2300,1945,1862,1753,1842,2051,2454,2840,3030,2660,1821,814,214,30,48751,4907,8
Burundi,1984,84388,25954,42040,16086,5715,2522,2511,5410,4397,3710,3960,5377,5827,2704,209,2778,2632,2424,1973,1908,1802,1881,2079,2489,2888,3098,2729,1867,837,195,14,47755,5033,4
Burundi,1985,85553,25411,41213,15802,6181,2654,2638,5618,4657,3888,4103,5539,6032,2811,210,2888,2730,2569,2088,2000,1888,1956,2147,2564,2975,3203,2829,1938,873,198,12,47394,5292,2
Burundi,1986,87557,25013,40598,15585,6881,2865,2808,5855,4951,4109,4308,5770,6299,2913,195,3024,2831,2680,2271,2110,1999,2059,2249,2671,3099,3343,2956,2017,896,187,8,47479,5673,1
Burundi,1987,90816,24961,40559,15598,7714,3123,3029,6200,5330,4380,4568,6052,6616,3044,198,3220,2980,2831,2499,2246,2134,2191,2377,2803,3249,3510,3106,2113,931,192,6,48273,6152,1
Burundi,1988,108887,26254,43903,17649,10141,4509,4415,9022,7580,5782,5633,6974,7402,3305,222,4707,4315,3984,3596,2999,2783,2750,2883,3265,3709,3945,3457,2304,1001,215,7,54044,8924,1
Burundi,1989,100578,25788,41847,16059,9735,3882,3580,7243,6391,5089,5245,6725,7294,3325,223,3810,3433,3264,3127,2600,2489,2532,2713,3122,3603,3876,3418,2306,1019,215,8,51582,7462,0
Burundi,1990,104952,26280,42713,16433,10608,4256,3821,7686,6793,5422,5529,6977,7529,3392,221,4069,3617,3425,3368,2785,2637,2676,2853,3246,3731,4007,3522,2365,1027,214,7,53321,8077,0
Burundi,1991,108890,26760,43526,16766,11301,4622,4064,8185,7111,5807,5775,7171,7688,3423,218,4354,3831,3582,3529,3037,2770,2799,2976,3346,3825,4101,3587,2399,1024,211,7,54827,8686,0
Burundi,1992,111757,27178,44347,17169,11800,4966,4222,8413,7238,6075,5943,7305,7788,3439,217,4492,3921,3637,3601,3230,2845,2878,3065,3421,3884,4162,3626,2417,1022,210,7,56147,9188,0
Burundi,1993,146898,29204,50337,21133,16228,9072,7638,14422,11881,9091,7694,8298,8356,3593,283,7628,6794,6045,5836,5031,4060,3851,3843,3993,4305,4497,3859,2524,1069,249,34,66565,16710,6
Burundi,1994,100754,23537,40605,17068,11714,5190,4023,6524,5546,5375,5408,6694,6993,2633,48,3592,2932,2694,2852,2938,2437,2584,2824,3152,3542,3783,3210,2002,631,46,2,52319,9213,2
Burundi,1995,112612,26145,43649,17504,11919,5398,4686,8809,7034,6354,6009,7159,7453,3296,747,4733,4076,3552,3482,3501,2853,2900,3109,3402,3757,4001,3452,2295,1001,397,350,55568,10084,97
Burundi,1996,112407,27608,44775,17167,11686,5356,4776,8813,6838,6324,5938,7039,7257,3141,397,4750,4063,3474,3364,3409,2915,2864,3074,3359,3680,3898,3359,2211,930,257,140,56461,10132,69
Burundi,1997,105129,25865,42450,16585,11057,5099,4626,8002,6063,5869,5546,6643,6806,2825,110,4354,3648,3081,2982,3085,2784,2663,2883,3175,3468,3656,3150,2043,782,110,0,53507,9725,30
Burundi,1998,100355,24840,40758,15918,10389,4820,4545,7687,5631,5575,5262,6353,6485,2715,116,4231,3456,2885,2746,2863,2712,2520,2742,3042,3311,3474,3011,1958,757,115,1,51147,9365,14
Burundi,1999,98974,25018,40577,15559,9771,4671,4548,7684,5498,5497,5134,6268,6391,2769,155,4274,3410,2854,2644,2752,2745,2445,2689,3005,3263,3410,2981,1967,802,146,9,50348,9219,9
Burundi,2000,100682,25348,40811,15463,9299,4595,4864,8683,5833,5666,5246,6330,6391,2800,157,4893,3790,3089,2744,2804,2862,2517,2729,3044,3286,3405,2986,1979,821,154,3,50110,9459,4
Burundi,2001,98975,25344,40153,14809,8915,4419,4817,8846,5745,5442,5215,6209,6260,2787,166,5034,3812,3075,2670,2687,2755,2555,2660,2982,3227,3330,2930,1961,826,161,5,49068,9236,2
Burundi,2002,96574,25623,40020,14397,8446,4241,4527,8384,5436,5092,5117,6086,6176,2839,204,4792,3592,2924,2512,2504,2588,2553,2564,2910,3176,3277,2899,1977,862,190,14,48466,8768,2
Burundi,2003,95720,25863,40100,14237,8045,4140,4393,8318,5313,4904,5126,6077,6186,2896,215,4754,3564,2863,2450,2407,2497,2602,2524,2892,3185,3281,2905,2006,890,204,11,48145,8533,1
Burundi,2004,94924,26103,39977,13874,7742,3922,4246,8322,5280,4751,5136,6064,6204,2992,285,4712,3610,2842,2438,2334,2417,2670,2466,2873,3191,3287,2917,2052,940,247,38,47719,8168,6
Burundi,2005,94817,26350,40037,13687,7418,3671,4132,8492,5360,4674,5192,6100,6278,3102,348,4753,3739,2892,2468,2306,2368,2704,2488,2880,3220,3322,2956,2107,995,287,61,47455,7803,14
Burundi,2006,94653,26125,39454,13329,7284,3593,4070,8658,5493,4649,5290,6177,6392,3205,370,4763,3895,2973,2520,2313,2336,2689,2601,2908,3269,3381,3011,2164,1041,307,63,46738,7663,16
Burundi,2007,94218,25728,38660,12932,7205,3468,4001,8778,5641,4631,5376,6239,6512,3300,391,4723,4055,3058,2583,2324,2307,2668,2708,2927,3312,3444,3068,2216,1084,328,63,45865,7469,15
Burundi,2008,93266,25274,37802,12528,7052,3265,3896,8843,5765,4605,5423,6234,6582,3370,417,4667,4176,3152,2613,2334,2271,2631,2792,2915,3319,3479,3103,2251,1119,345,72,44854,7161,16
Burundi,2009,94152,25025,37115,12090,7218,3246,3833,9086,6105,4728,5608,6342,6795,3535,510,4706,4380,3378,2727,2431,2297,2652,2956,2944,3398,3589,3206,2339,1196,398,112,44333,7079,27
Burundi,2010,96173,25063,36816,11753,7359,3236,3779,9478,6610,4955,5775,6561,7070,3778,699,4824,4654,3686,2924,2586,2369,2696,3079,3058,3503,3725,3345,2465,1313,499,200,44175,7015,56
Burundi,2011,95562,24201,35548,11347,7477,3182,3690,9455,6882,5056,5761,6755,7215,3854,639,4760,4695,3862,3020,2662,2394,2686,3075,3204,3551,3795,3420,2518,1336,485,154,43025,6872,52
Burundi,2012,94187,23128,33981,10853,7534,3153,3556,9262,7079,5130,5719,6914,7332,3909,572,4631,4631,3992,3087,2722,2408,2664,3055,3338,3576,3845,3487,2563,1346,464,108,41515,6709,37
Burundi,2013,93178,22236,32558,10322,7540,3158,3410,9117,7319,5227,5693,7075,7465,4008,570,4539,4578,4119,3200,2785,2442,2657,3036,3475,3600,3898,3567,2625,1383,463,107,40098,6568,31
Burundi,2014,92373,21418,31265,9847,7557,3187,3362,8890,7549,5337,5674,7244,7613,4105,563,4372,4518,4216,3333,2842,2495,2653,3021,3643,3601,3957,3656,2692,1413,471,92,38822,6549,23
Burundi,2015,92775,20723,30153,9430,7607,3260,3424,8972,7942,5583,5744,7477,7806,4226,567,4365,4607,4398,3544,2976,2607,2703,3041,3772,3705,4044,3762,2774,1452,483,84,37760,6684,15
Burundi,2016,89609,19312,28089,8777,7725,3348,3282,8235,7744,5547,5630,7569,7854,4179,403,3991,4244,4200,3544,2955,2592,2663,2967,3723,3846,4061,3793,2781,1398,382,21,35814,6630,7
Burundi,2017,86959,18276,26478,8202,7477,3336,3201,7720,7576,5549,5525,7615,7863,4221,398,3734,3986,4012,3564,2953,2596,2634,2891,3651,3964,4048,3815,2816,1405,374,24,33955,6537,4
Burundi,2018,87635,17540,25219,7679,7700,3530,3366,7680,7821,5853,5661,7909,8086,4396,415,3697,3983,4050,3771,3137,2716,2728,2933,3701,4208,4150,3936,2933,1463,390,25,32919,6896,2
Burundi,2019,87264,17186,24428,7242,7343,3505,3424,7527,7805,6036,5712,8096,8194,4626,554,3695,3832,3971,3834,3267,2769,2793,2919,3680,4416,4163,4031,3059,1567,475,79,31771,6929,13
Burundi,2020,92462,16801,23578,6777,7359,3636,3501,7341,7969,6801,6759,9852,9610,5391,652,3688,3653,3934,4035,3649,3152,3291,3468,4413,5439,4991,4619,3534,1857,561,91,30937,7137,16
Burundi,2021,93864,16394,22799,6405,7241,3724,3695,7432,8093,7229,7079,10112,10166,5611,666,3763,3669,3953,4140,3890,3339,3491,3588,4535,5577,5367,4799,3685,1926,582,84,30040,7419,11
Cambodia,1950,106934,35797,51441,15644,7943,3547,3369,7299,6618,6089,6011,6464,5907,2058,188,3742,3557,3368,3250,3125,2964,2938,3073,3265,3199,3237,2670,1426,632,164,24,59384,6916,2
Cambodia,1951,108250,36226,52330,16104,7977,3559,3396,7366,6681,6148,6084,6571,5887,2073,177,3775,3591,3401,3280,3154,2994,2975,3109,3316,3255,3216,2671,1471,602,157,20,60307,6955,2
Cambodia,1952,109784,36614,53041,16427,8081,3593,3448,7482,6788,6246,6196,6729,5895,2115,171,3833,3649,3456,3332,3206,3040,3030,3166,3378,3351,3216,2679,1543,572,150,21,61122,7041,2
Cambodia,1953,111554,37245,54054,16809,8196,3620,3490,7580,6876,6335,6301,6883,5893,2158,167,3884,3696,3500,3376,3253,3082,3084,3217,3430,3453,3218,2675,1606,552,147,20,62250,7110,2
Cambodia,1954,112279,37640,54486,16846,8324,3610,3491,7584,6884,6356,6346,6969,5872,2192,162,3886,3698,3505,3379,3264,3092,3106,3240,3450,3519,3220,2652,1639,553,143,19,62810,7101,2
Cambodia,1955,114125,38231,55236,17005,8633,3651,3538,7688,6986,6452,6457,7130,5950,2244,155,3939,3749,3556,3430,3313,3139,3159,3298,3514,3616,3286,2664,1669,575,138,17,63869,7189,1
Cambodia,1956,115482,38545,55548,17003,8902,3695,3576,7794,7084,6553,6571,7276,6037,2290,152,3996,3798,3605,3479,3364,3189,3212,3359,3579,3697,3367,2670,1686,604,135,17,64450,7271,1
Cambodia,1957,116334,38754,55748,16994,9094,3714,3584,7847,7127,6610,6643,7373,6119,2327,145,4024,3823,3626,3501,3392,3218,3243,3400,3623,3750,3455,2664,1692,635,129,16,64842,7298,1
Cambodia,1958,116889,38219,55275,17056,9327,3768,3614,7944,7215,6705,6759,7509,6258,2371,144,4077,3867,3670,3545,3437,3268,3294,3465,3691,3818,3574,2684,1705,666,127,17,64602,7382,1
Cambodia,1959,117181,37256,54132,16876,9610,3897,3671,8079,7345,6835,6902,7689,6451,2418,150,4147,3932,3733,3612,3502,3333,3359,3543,3779,3910,3710,2741,1725,693,132,18,63742,7568,1
Cambodia,1960,116133,36295,52840,16545,9640,3962,3660,8061,7328,6838,6925,7749,6550,2426,155,4136,3925,3723,3605,3502,3336,3367,3558,3805,3944,3773,2777,1722,704,138,17,62480,7622,1
Cambodia,1961,115815,35636,51856,16220,9730,4051,3674,8100,7359,6894,7000,7848,6693,2446,164,4154,3946,3737,3622,3526,3368,3404,3596,3853,3995,3846,2847,1731,715,147,17,61586,7725,1
Cambodia,1962,115121,35008,50774,15766,9780,4120,3674,8091,7356,6908,7039,7926,6824,2457,172,4143,3948,3737,3619,3532,3376,3423,3616,3889,4037,3897,2927,1735,722,156,16,60554,7794,1
Cambodia,1963,114123,34335,49627,15292,9741,4165,3669,8061,7328,6898,7054,7979,6942,2476,182,4119,3942,3723,3605,3525,3373,3432,3622,3912,4067,3933,3009,1745,731,165,17,59368,7834,1
Cambodia,1964,114000,34243,49110,14867,9685,4210,3717,8067,7334,6927,7104,8067,7083,2503,188,4118,3949,3726,3608,3537,3390,3458,3646,3952,4115,3986,3097,1777,726,172,16,58795,7927,1
Cambodia,1965,114519,34300,48835,14535,9659,4273,3814,8120,7395,6990,7189,8201,7262,2578,200,4144,3976,3758,3637,3569,3421,3499,3690,4014,4187,4066,3196,1832,746,181,19,58494,8087,1
Cambodia,1966,114127,34216,48515,14299,9428,4279,3864,8065,7344,6966,7197,8249,7366,2647,207,4120,3945,3733,3611,3553,3413,3502,3695,4029,4220,4108,3258,1887,760,187,20,57943,8143,1
Cambodia,1967,115413,34045,48216,14171,9283,4341,4058,8460,7599,7147,7353,8420,7563,2758,216,4339,4121,3878,3721,3649,3498,3580,3773,4105,4315,4208,3355,1977,781,194,22,57499,8399,1
Cambodia,1968,116231,33870,47882,14012,9256,4434,4197,8543,7683,7249,7488,8607,7781,2884,224,4398,4145,3920,3763,3697,3552,3643,3845,4186,4421,4322,3459,2077,807,201,23,57138,8631,1
Cambodia,1969,116193,33617,47473,13856,9118,4435,4258,8577,7669,7264,7541,8706,7931,2990,234,4452,4125,3912,3757,3700,3564,3665,3876,4223,4483,4397,3534,2157,833,209,25,56591,8693,1
Cambodia,1970,153686,34415,48164,13749,8965,4600,7920,22648,16070,12242,10491,10349,8778,3214,245,12154,10494,8719,7351,6492,5750,5282,5209,5150,5199,4908,3870,2327,887,220,25,57129,12520,1
Cambodia,1971,150362,34322,47918,13596,9033,4610,7817,21069,14939,11766,10307,10360,8955,3331,254,11513,9556,8027,6912,6202,5564,5170,5137,5116,5244,5000,3955,2402,929,227,27,56951,12427,2
Cambodia,1972,147593,34173,47536,13363,8845,4493,7799,20334,14165,11372,10108,10266,9005,3409,263,11324,9010,7564,6601,5974,5398,5062,5046,5059,5207,5018,3987,2442,967,233,30,56381,12292,2
Cambodia,1973,149903,34275,48488,14213,9240,4603,8041,20400,13915,11364,10226,10482,9301,3567,276,11547,8853,7383,6532,5953,5411,5104,5122,5165,5317,5177,4124,2540,1027,245,31,57728,12644,2
Cambodia,1974,149920,31742,46580,14838,9631,4740,8300,20707,13744,11410,10402,10742,9641,3733,291,11831,8876,7255,6489,5959,5451,5179,5223,5294,5448,5359,4282,2646,1087,258,33,56211,13040,2
Cambodia,1975,578219,60945,145850,84905,41163,19950,40027,97320,58279,49183,44241,41995,31432,8311,461,56167,41153,30708,27571,25273,23910,22338,21903,21317,20678,18442,12990,6222,2089,416,45,187013,59977,3
Cambodia,1976,548079,31503,84703,53200,65786,60163,58396,86713,63624,49267,35563,24070,15146,4366,289,48138,38575,32153,31471,26557,22710,19322,16241,13215,10855,8943,6203,3193,1173,258,31,150489,118559,2
Cambodia,1977,192226,20121,39134,19013,22128,17333,16949,26557,18496,15618,13097,11326,8476,2881,227,14914,11643,9344,9152,8222,7396,6801,6296,5856,5470,4908,3568,2045,836,204,23,61262,34282,2
Cambodia,1978,135949,20975,33164,12189,10477,5234,9208,22679,12076,10796,10322,10515,8405,2840,229,13424,9255,6372,5704,5525,5271,5119,5203,5240,5275,4850,3555,2009,831,206,23,43641,14442,2
Cambodia,1979,114392,24425,32173,7748,7910,4169,7243,18304,9445,8421,8174,8545,7184,2599,226,10878,7426,5027,4418,4312,4109,4031,4143,4217,4328,4076,3108,1818,781,203,23,40083,11412,2
Cambodia,1980,103759,32081,39990,7909,7385,4048,4840,10713,6312,6092,6693,7818,7013,2621,237,6142,4571,3327,2985,3046,3046,3221,3472,3795,4023,3924,3089,1826,795,212,25,47375,8888,2
Cambodia,1981,105757,34624,43349,8725,6623,3989,4737,10588,6046,5833,6575,7838,7214,2718,250,6037,4551,3238,2808,2892,2941,3149,3426,3777,4061,4011,3203,1897,821,222,28,49972,8726,2
Cambodia,1982,108920,35660,45776,10116,5866,3956,4779,11174,6329,5858,6640,7977,7448,2849,265,6241,4933,3475,2854,2903,2955,3177,3463,3844,4133,4118,3330,1995,854,234,31,51642,8735,2
Cambodia,1983,110711,36514,47837,11323,5201,3821,4730,11428,6476,5761,6591,8017,7600,2974,277,6254,5174,3633,2843,2853,2908,3151,3440,3852,4165,4179,3421,2091,883,244,33,53038,8551,2
Cambodia,1984,112519,37127,49272,12145,5093,3599,4673,11686,6720,5696,6558,8065,7752,3112,289,6277,5409,3820,2900,2825,2871,3133,3425,3868,4197,4239,3513,2197,915,255,34,54365,8272,2
Cambodia,1985,112544,36937,49319,12382,5501,3275,4547,11590,6809,5524,6453,8068,7895,3259,302,6148,5442,3898,2911,2740,2784,3075,3378,3848,4220,4293,3602,2302,957,265,37,54820,7822,2
Cambodia,1986,113870,36541,48964,12423,6305,3000,4544,11772,7185,5512,6473,8207,8143,3441,320,6180,5592,4137,3048,2745,2767,3077,3396,3896,4311,4402,3741,2427,1014,282,38,55269,7544,3
Cambodia,1987,109328,36246,48596,12350,7092,2638,3909,9269,6472,4978,6120,8089,8235,3594,337,4774,4495,3668,2804,2466,2512,2883,3237,3809,4280,4420,3815,2521,1073,296,41,55688,6547,3
Cambodia,1988,109018,35725,47858,12133,7734,2337,3756,8951,6653,4920,6080,8156,8431,3779,356,4581,4370,3756,2897,2451,2469,2854,3226,3825,4331,4505,3926,2633,1146,312,44,55592,6093,3
Cambodia,1989,108730,34612,46491,11879,8059,2250,3642,9136,6956,4950,6063,8218,8622,3967,376,4669,4467,3932,3024,2498,2452,2839,3224,3835,4383,4587,4035,2744,1223,329,47,54550,5892,3
Cambodia,1990,108792,34123,45709,11586,8161,2400,3409,9125,7231,5036,6051,8294,8816,4166,388,4639,4486,4058,3173,2589,2447,2827,3224,3857,4437,4669,4147,2860,1306,339,49,53870,5809,4
Cambodia,1991,110651,34806,46654,11848,8346,2723,3106,8882,7413,5156,6072,8423,9066,4381,421,4484,4398,4090,3323,2702,2454,2829,3243,3904,4519,4789,4277,2994,1387,368,53,55000,5829,4
Cambodia,1992,112591,35110,47098,11988,8453,3094,2808,8960,7755,5368,6122,8562,9314,4593,456,4501,4459,4203,3552,2876,2492,2848,3274,3962,4600,4906,4408,3125,1468,399,57,55551,5902,4
Cambodia,1993,117009,35925,48239,12314,8549,3506,2644,9594,8509,5880,6359,8821,9590,4811,495,4771,4823,4540,3969,3216,2664,2970,3389,4102,4719,5034,4556,3259,1552,434,61,56788,6150,4
Cambodia,1994,120972,36459,49407,12948,8644,3870,2608,9820,9086,6364,6571,9102,9906,5048,539,4787,5033,4778,4308,3517,2847,3080,3491,4236,4866,5185,4721,3406,1642,471,68,58051,6478,5
Cambodia,1995,120830,35476,48525,13049,8459,4001,2693,9462,9250,6646,6593,9223,10138,5260,578,4465,4997,4807,4443,3691,2955,3098,3495,4266,4957,5290,4848,3532,1728,506,72,56984,6694,5
Cambodia,1996,121241,34078,47157,13079,8503,4156,2994,9165,9510,7067,6692,9422,10451,5496,622,4136,5029,4898,4612,3939,3128,3157,3535,4333,5089,5437,5014,3673,1823,542,80,55660,7150,6
Cambodia,1997,119654,32469,45163,12694,8264,4158,3358,8540,9501,7396,6702,9506,10684,5712,663,3631,4909,4858,4643,4128,3268,3177,3525,4348,5158,5539,5145,3800,1912,576,87,53427,7516,6
Cambodia,1998,118359,30445,42450,12005,8196,4224,3845,8069,9611,7844,6809,9651,10995,5951,705,3242,4827,4888,4723,4371,3473,3251,3558,4397,5254,5693,5302,3946,2005,611,94,50646,8069,6
Cambodia,1999,116012,28908,38982,10074,7521,4105,4252,7850,9814,8466,7160,9741,11209,6156,749,3175,4675,4943,4871,4700,3766,3468,3692,4446,5295,5796,5413,4066,2090,647,102,46503,8357,7
Cambodia,2000,112381,26850,35924,9074,6986,3913,4343,7515,9573,8652,7229,9741,11367,6335,792,3253,4262,4790,4783,4760,3892,3561,3668,4439,5302,5865,5502,4168,2167,682,110,42910,8256,8
Cambodia,2001,106953,24349,32135,7786,6204,3630,4243,7196,9164,8685,7246,9652,11448,6504,837,3450,3746,4558,4606,4707,3978,3637,3609,4389,5263,5887,5561,4262,2242,720,117,38339,7873,8
Cambodia,2002,102382,22051,28779,6728,5456,3378,4149,6990,8801,8731,7334,9604,11565,6700,885,3760,3230,4350,4451,4640,4091,3754,3580,4358,5246,5920,5645,4372,2328,759,126,34235,7527,9
Cambodia,2003,97735,19987,25805,5818,4737,3084,3974,6795,8304,8655,7401,9504,11643,6886,933,4037,2758,4060,4244,4499,4156,3855,3546,4306,5198,5917,5726,4472,2414,798,135,30542,7058,10
Cambodia,2004,94696,18325,23391,5066,4267,2855,3822,6796,7844,8644,7597,9513,11835,7133,992,4244,2552,3760,4084,4404,4240,3997,3600,4299,5214,5970,5865,4611,2522,846,146,27658,6677,11
Cambodia,2005,93326,17002,21485,4483,3988,2708,3738,7041,7483,8764,7941,9609,12096,7409,1053,4387,2654,3471,4012,4397,4367,4199,3742,4330,5279,6063,6033,4772,2637,897,156,25473,6446,12
Cambodia,2006,91812,15897,19929,4032,3684,2493,3603,7258,6995,8766,8292,9671,12312,7681,1116,4387,2871,3105,3890,4342,4424,4404,3888,4352,5319,6133,6179,4926,2755,946,170,23613,6096,13
Cambodia,2007,90979,15092,18778,3686,3469,2280,3480,7549,6500,8748,8710,9762,12535,7974,1182,4373,3176,2722,3778,4293,4455,4638,4072,4392,5370,6212,6323,5093,2881,1002,180,22247,5760,14
Cambodia,2008,89608,14097,17416,3319,3215,2061,3321,7767,5970,8634,9103,9853,12720,8282,1255,4290,3477,2368,3602,4205,4429,4842,4261,4441,5412,6272,6448,5272,3010,1062,193,20631,5382,15
Cambodia,2009,86878,13123,16127,3004,2806,1801,3053,7612,5407,8300,9307,9852,12753,8532,1308,4038,3574,2141,3266,3999,4301,4936,4371,4482,5370,6255,6498,5411,3121,1101,207,18933,4854,17
Cambodia,2010,88051,12167,14895,2728,2791,1754,3010,7803,5420,8478,9946,10320,13222,8986,1405,4024,3779,2298,3122,4056,4422,5236,4710,4779,5541,6475,6747,5687,3299,1182,223,17686,4764,18
Cambodia,2011,86796,11384,13914,2530,2530,1602,2777,7517,5220,8267,10228,10541,13382,9301,1495,3811,3706,2453,2767,3917,4350,5311,4917,4963,5578,6529,6853,5864,3437,1255,240,16444,4379,20
Cambodia,2012,86835,10690,12942,2252,2392,1533,2594,7346,5169,8180,10649,10992,13717,9705,1595,3667,3679,2721,2448,3843,4337,5419,5230,5274,5718,6676,7041,6094,3611,1336,259,15334,4127,22
Cambodia,2013,87393,10150,12273,2123,2288,1489,2426,7190,5196,8112,11065,11499,14030,10102,1698,3549,3641,3021,2175,3762,4350,5516,5549,5613,5886,6819,7211,6305,3797,1419,279,14561,3915,23
Cambodia,2014,87698,9625,11573,1948,2145,1403,2262,6927,5270,7884,11394,12105,14380,10525,1805,3393,3534,3222,2048,3579,4305,5566,5828,5959,6146,6973,7407,6531,3994,1503,302,13718,3665,25
Cambodia,2015,89724,9118,10939,1821,2146,1405,2199,6867,5600,7804,11919,12982,14898,11019,1919,3341,3526,3415,2185,3429,4375,5735,6184,6423,6559,7210,7688,6804,4215,1596,323,13085,3604,27
Cambodia,2016,90402,8656,10381,1725,2042,1362,2106,6581,5819,7492,12185,13745,15226,11403,2028,3164,3417,3436,2383,3140,4352,5797,6388,6826,6919,7361,7865,7005,4398,1681,347,12423,3468,30
Cambodia,2017,91541,8204,9835,1631,1936,1309,2073,6263,6087,7108,12407,14731,15730,11874,2155,2955,3308,3431,2656,2803,4305,5845,6562,7318,7413,7612,8118,7264,4610,1783,372,11771,3382,32
Cambodia,2018,94278,7777,9318,1541,1964,1335,2112,6162,6575,6918,12823,15955,16408,12383,2293,2858,3304,3512,3063,2576,4342,6007,6816,7921,8034,7979,8429,7551,4832,1895,398,11282,3447,35
Cambodia,2019,96545,7379,8835,1456,1943,1331,2096,6004,6883,6744,13108,17103,17148,12882,2429,2754,3250,3511,3372,2495,4249,6099,7009,8462,8641,8429,8719,7835,5047,2006,423,10778,3427,37
Cambodia,2020,102187,7034,8411,1377,1954,1345,2106,5895,7099,6753,13844,19697,18719,13716,2605,2691,3204,3511,3588,2665,4088,6279,7565,9646,10051,9534,9185,8306,5410,2153,452,10365,3451,40
Cambodia,2021,113507,6701,7997,1296,1860,1305,2070,5646,7105,7371,15998,23774,21855,15585,2895,2615,3031,3403,3702,3084,4287,7194,8804,11489,12285,11356,10499,9403,6182,2400,495,9857,3375,44
Cameroon,1950,121121,35545,66248,30703,7287,3521,3149,7004,6213,5670,6044,7338,6443,2025,174,3579,3425,3181,3032,2893,2777,2947,3097,3553,3785,3638,2805,1379,646,155,19,73535,6670,2
Cameroon,1951,122464,36437,66716,30279,7337,3537,3187,7114,6320,5759,6126,7442,6602,2129,191,3633,3481,3237,3083,2939,2820,2987,3139,3599,3843,3705,2897,1489,640,171,20,74053,6724,2
Cameroon,1952,123065,36456,66630,30174,7295,3516,3204,7163,6399,5845,6228,7574,6756,2245,208,3654,3509,3276,3123,2981,2864,3035,3193,3662,3912,3783,2973,1619,626,184,24,73925,6720,2
Cameroon,1953,123465,36483,66568,30085,7187,3490,3211,7188,6443,5899,6300,7679,6900,2370,222,3664,3524,3296,3147,3006,2893,3070,3230,3708,3971,3857,3043,1747,623,195,27,73755,6701,2
Cameroon,1954,121585,35866,64979,29113,6774,3381,3149,7106,6431,5923,6342,7744,7020,2504,231,3614,3492,3284,3147,3016,2907,3088,3254,3737,4007,3914,3106,1855,649,203,28,71753,6530,2
Cameroon,1955,120134,35396,63682,28286,6439,3290,3091,7041,6424,5949,6386,7812,7147,2641,235,3573,3468,3273,3151,3026,2923,3109,3277,3766,4046,3975,3172,1942,699,205,30,70121,6381,2
Cameroon,1956,118659,35008,62509,27501,6207,3202,3020,6932,6366,5926,6384,7839,7265,2772,237,3514,3418,3236,3130,3010,2916,3106,3278,3771,4068,4026,3239,2012,760,204,33,68716,6222,2
Cameroon,1957,121571,34746,61593,26847,6013,3138,3276,8294,7245,6491,6760,8103,7496,2921,236,4232,4062,3730,3515,3319,3172,3306,3454,3910,4193,4147,3349,2088,833,201,35,67606,6414,3
Cameroon,1958,120870,34587,60936,26349,5876,3049,3210,8204,7204,6494,6794,8178,7635,3045,240,4183,4021,3703,3501,3316,3178,3318,3476,3940,4238,4212,3423,2144,901,201,39,66812,6259,3
Cameroon,1959,120653,34568,60561,25993,5813,2944,3167,8148,7197,6521,6843,8269,7782,3157,252,4147,4001,3694,3503,3326,3195,3340,3503,3978,4291,4281,3501,2200,957,213,39,66374,6111,3
Cameroon,1960,146603,34732,60538,25806,5794,2981,5253,17550,13182,10239,9161,9661,8575,3390,277,9116,8434,7083,6099,5394,4845,4592,4569,4752,4909,4746,3829,2360,1030,236,41,66332,8234,3
Cameroon,1961,146427,35027,60815,25788,5797,2934,5220,17191,12998,10172,9154,9709,8672,3463,296,8919,8272,6970,6028,5353,4819,4584,4570,4766,4943,4793,3879,2402,1061,256,40,66612,8154,4
Cameroon,1962,118221,35492,61411,25919,5844,2771,2807,6510,6213,6001,6615,8304,8049,3382,312,3263,3247,3126,3087,3027,2974,3202,3413,3959,4345,4400,3649,2328,1054,273,39,67255,5578,4
Cameroon,1963,119697,36007,62166,26159,5915,2777,2805,6536,6248,6056,6697,8438,8233,3486,334,3270,3266,3141,3107,3052,3004,3238,3459,4015,4423,4491,3742,2398,1088,295,39,68081,5582,4
Cameroon,1964,121117,36392,62704,26312,5975,2809,2778,6587,6319,6147,6812,8600,8431,3593,357,3293,3294,3175,3144,3095,3052,3292,3520,4089,4511,4594,3837,2470,1123,315,42,68679,5587,4
Cameroon,1965,121704,36630,63033,26403,6031,2837,2729,6537,6243,6108,6821,8673,8606,3702,377,3281,3256,3137,3106,3069,3039,3288,3533,4114,4559,4676,3930,2542,1160,331,46,69064,5566,4
Cameroon,1966,122289,36685,62878,26193,6022,2840,2692,6573,6328,6211,6930,8809,8791,3816,398,3299,3274,3176,3152,3116,3095,3342,3588,4177,4632,4766,4025,2618,1198,346,52,68900,5532,4
Cameroon,1967,121993,36520,62251,25731,5970,2827,2642,6518,6308,6233,6987,8920,8979,3935,414,3276,3242,3163,3145,3121,3112,3365,3622,4226,4694,4857,4122,2695,1240,359,55,68221,5469,4
Cameroon,1968,121356,36238,61403,25165,5895,2807,2608,6438,6284,6243,7028,8999,9154,4056,434,3228,3210,3149,3135,3120,3123,3383,3645,4257,4742,4937,4217,2774,1282,373,61,67298,5415,5
Cameroon,1969,120504,35877,60396,24519,5801,2781,2600,6311,6237,6240,7070,9094,9336,4182,451,3138,3173,3121,3116,3111,3129,3399,3671,4297,4797,5019,4317,2856,1326,386,65,66197,5381,5
Cameroon,1970,120047,35614,59535,23921,5710,2761,2606,6220,6225,6276,7156,9233,9540,4312,469,3060,3160,3107,3118,3123,3153,3438,3718,4357,4876,5116,4424,2940,1372,401,68,65245,5367,6
Cameroon,1971,120069,35574,59115,23541,5682,2771,2622,6172,6214,6304,7223,9342,9703,4425,488,3013,3159,3095,3119,3132,3172,3469,3754,4405,4937,5193,4510,3012,1413,416,72,64797,5393,6
Cameroon,1972,120160,35590,58867,23277,5639,2765,2628,6105,6183,6306,7272,9448,9880,4553,508,2966,3139,3070,3113,3127,3179,3490,3782,4447,5001,5273,4607,3092,1461,433,75,64506,5393,7
Cameroon,1973,121329,35896,59205,23309,5675,2800,2671,6109,6212,6362,7366,9599,10097,4696,529,2973,3136,3078,3134,3152,3210,3532,3834,4513,5086,5377,4720,3184,1512,451,78,64880,5471,7
Cameroon,1974,123377,36478,60077,23599,5773,2863,2738,6165,6286,6445,7484,9781,10347,4857,552,3042,3123,3114,3172,3192,3253,3585,3899,4593,5188,5500,4847,3288,1569,470,82,65850,5601,8
Cameroon,1975,126013,37304,61362,24058,5914,2943,2821,6256,6384,6544,7617,9971,10600,5018,575,3136,3120,3169,3215,3241,3303,3646,3971,4677,5294,5625,4975,3391,1627,490,85,67276,5764,8
Cameroon,1976,128804,38356,62935,24579,6074,3028,2907,6334,6451,6612,7717,10132,10830,5176,598,3211,3123,3210,3241,3275,3337,3689,4028,4747,5385,5738,5092,3492,1684,509,89,69009,5935,9
Cameroon,1977,131658,39357,64410,25053,6212,3111,2992,6427,6540,6724,7858,10338,11096,5335,603,3291,3136,3259,3281,3331,3393,3752,4106,4840,5498,5873,5223,3598,1737,521,82,70622,6103,7
Cameroon,1978,133681,40184,65644,25460,6314,3174,3057,6473,6510,6743,7917,10459,11296,5472,615,3342,3131,3237,3273,3338,3405,3774,4143,4891,5568,5969,5327,3687,1785,535,80,71958,6231,5
Cameroon,1979,135920,40926,66600,25674,6372,3224,3133,6638,6544,6847,8054,10658,11550,5646,650,3431,3207,3227,3317,3387,3460,3837,4217,4984,5674,6094,5456,3795,1851,560,90,72972,6357,5
Cameroon,1980,137125,41437,67138,25701,6373,3248,3176,6721,6491,6864,8112,10786,11748,5794,672,3478,3243,3168,3323,3389,3475,3858,4254,5041,5745,6188,5560,3887,1907,580,92,73511,6424,5
Cameroon,1981,139386,42056,67628,25572,6334,3259,3248,6992,6653,7031,8301,11039,12065,6036,779,3614,3378,3228,3425,3468,3563,3949,4352,5161,5878,6342,5723,4027,2009,641,138,73962,6507,17
Cameroon,1982,140553,42360,67630,25270,6252,3239,3271,7126,6718,7139,8461,11272,12358,6241,826,3675,3451,3242,3476,3511,3628,4022,4439,5269,6003,6486,5872,4153,2088,675,151,73882,6510,23
Cameroon,1983,138302,41428,66228,24800,6143,3200,3231,6931,6479,7025,8414,11276,12414,6252,696,3584,3347,3116,3363,3437,3588,3993,4421,5266,6010,6507,5907,4175,2077,621,75,72371,6431,11
Cameroon,1984,138189,40686,64809,24123,6035,3168,3287,7164,6573,7171,8598,11519,12699,6433,722,3708,3456,3205,3368,3505,3666,4079,4519,5378,6141,6647,6052,4291,2142,642,80,70844,6455,7
Cameroon,1985,137688,40429,63878,23449,5957,3135,3266,7087,6503,7199,8694,11696,12908,6589,770,3656,3431,3208,3295,3515,3684,4120,4574,5456,6240,6750,6158,4384,2205,674,96,69835,6401,5
Cameroon,1986,140301,40672,63843,23171,6137,3289,3435,7441,6739,7474,9002,12051,13259,6803,821,3836,3605,3360,3379,3657,3817,4272,4730,5624,6427,6932,6327,4517,2286,711,110,69980,6724,5
Cameroon,1987,139960,40773,63533,22760,5966,3137,3357,7416,6681,7445,9024,12138,13424,6971,864,3812,3604,3361,3320,3645,3800,4280,4744,5655,6483,7004,6420,4617,2354,742,122,69499,6494,6
Cameroon,1988,142197,41113,64005,22892,6055,3188,3437,7656,6864,7584,9227,12395,13704,7167,906,3927,3729,3477,3387,3705,3879,4380,4847,5774,6621,7146,6558,4738,2429,773,133,70060,6625,7
Cameroon,1989,145476,41733,65069,23336,6197,3284,3546,7982,7167,7752,9478,12699,14004,7356,936,4083,3899,3635,3532,3757,3995,4501,4977,5918,6781,7305,6699,4854,2502,802,134,71266,6830,8
Cameroon,1990,149707,42854,66974,24120,6437,3429,3683,8342,7489,7895,9682,12950,14291,7555,974,4262,4080,3802,3687,3791,4104,4599,5083,6038,6912,7454,6837,4976,2579,833,141,73411,7112,8
Cameroon,1991,155036,44348,69500,25152,6771,3627,3858,8772,7843,8094,9919,13254,14610,7761,1019,4479,4293,3996,3847,3862,4232,4709,5210,6183,7071,7623,6987,5101,2660,867,152,76271,7485,9
Cameroon,1992,160204,45895,72139,26244,7081,3813,4007,9139,8167,8263,10135,13541,14904,7955,1052,4661,4478,4169,3998,3924,4339,4805,5330,6320,7221,7780,7124,5217,2738,895,157,79220,7820,9
Cameroon,1993,166860,47528,74959,27431,7450,4048,4247,9777,8767,8633,10519,13954,15247,8159,1090,4968,4809,4486,4281,4119,4514,4990,5529,6527,7427,7970,7277,5340,2819,927,163,82409,8295,10
Cameroon,1994,174355,49063,77744,28681,7851,4301,4529,10522,9523,9148,11057,14520,15647,8369,1133,5318,5204,4876,4647,4441,4707,5259,5798,6817,7703,8198,7449,5466,2903,962,171,85595,8830,11
Cameroon,1995,180312,50296,79942,29646,8177,4514,4775,11106,10121,9515,11461,14950,15988,8577,1177,5592,5514,5185,4936,4701,4814,5470,5991,7035,7915,8380,7608,5589,2988,997,180,88119,9289,12
Cameroon,1996,186851,51351,81934,30583,8525,4760,5089,11876,10901,10010,11947,15435,16348,8791,1220,5953,5923,5588,5313,5012,4998,5731,6216,7285,8150,8576,7772,5717,3074,1033,187,90459,9849,12
Cameroon,1997,191292,52256,83411,31155,8731,4911,5298,12311,11393,10306,12238,15775,16636,9001,1265,6155,6156,5837,5556,5220,5086,5887,6351,7461,8314,8724,7912,5839,3162,1070,195,92142,10209,12
Cameroon,1998,196557,53379,84889,31510,8908,5073,5553,12940,12089,10801,12610,16205,16953,9215,1308,6452,6488,6188,5901,5520,5281,6067,6543,7685,8520,8891,8062,5966,3249,1106,202,93797,10626,13
Cameroon,1999,200273,54526,86043,31517,8940,5159,5708,13348,12579,11221,12784,16493,17202,9429,1356,6653,6695,6428,6151,5745,5476,6104,6680,7832,8661,9016,8186,6090,3339,1143,213,94983,10867,14
Cameroon,2000,202799,55068,86595,31527,8913,5209,5825,13656,12940,11561,12889,16720,17433,9646,1401,6820,6836,6603,6337,5921,5640,6091,6798,7937,8783,9129,8304,6218,3428,1182,219,95508,11034,14
Cameroon,2001,205248,55232,86668,31436,8835,5243,5950,14071,13420,11980,13099,16988,17675,9857,1444,7040,7031,6836,6584,6152,5828,6145,6954,8064,8924,9253,8422,6342,3515,1219,225,95503,11193,14
Cameroon,2002,207576,55627,86821,31194,8714,5238,6039,14454,13859,12397,13299,17257,17919,10070,1495,7245,7209,7043,6816,6377,6020,6205,7094,8182,9075,9379,8540,6464,3606,1259,236,95535,11277,15
Cameroon,2003,208820,56245,87091,30846,8569,5190,6064,14607,14019,12619,13326,17367,18110,10288,1550,7340,7267,7106,6913,6491,6128,6226,7100,8215,9152,9464,8646,6589,3699,1301,249,95660,11254,17
Cameroon,2004,211376,56759,87547,30788,8512,5176,6146,14942,14403,13045,13516,17621,18345,10500,1602,7498,7444,7279,7124,6711,6334,6413,7103,8342,9279,9585,8760,6705,3795,1344,258,96059,11322,18
Cameroon,2005,214559,57024,87746,30722,8453,5142,6233,15410,14965,13651,13874,18054,18645,10710,1655,7695,7715,7535,7430,7022,6629,6696,7178,8577,9477,9757,8888,6819,3891,1387,268,96199,11375,19
Cameroon,2006,215068,57131,87648,30517,8369,5064,6212,15472,15014,13829,13881,18134,18815,10910,1697,7706,7766,7536,7478,7105,6724,6772,7109,8631,9503,9832,8983,6928,3982,1425,272,96017,11276,19
Cameroon,2007,217052,57235,87526,30291,8354,5036,6270,15814,15361,14258,14113,18373,19072,11113,1745,7834,7980,7695,7666,7316,6942,6966,7147,8766,9607,9970,9102,7039,4074,1466,279,95880,11306,19
Cameroon,2008,217588,57174,87130,29956,8309,4950,6216,15874,15437,14481,14273,18445,19300,11328,1814,7834,8040,7724,7713,7412,7069,7095,7178,8783,9662,10081,9219,7157,4171,1516,298,95439,11166,21
Cameroon,2009,218407,57120,86684,29564,8275,4891,6166,15915,15574,14778,14615,18519,19546,11537,1881,7830,8085,7790,7784,7542,7236,7270,7345,8744,9775,10203,9343,7272,4265,1566,315,94959,11057,24
Cameroon,2010,218583,56517,85468,28951,8223,4850,6130,16012,15766,15092,14975,18564,19773,11752,1948,7858,8154,7897,7869,7683,7409,7451,7524,8671,9893,10302,9471,7394,4358,1619,329,93691,10980,27
Cameroon,2011,217683,55517,83631,28114,8101,4781,6051,15983,15879,15334,15276,18641,19995,11967,2015,7818,8165,7974,7905,7783,7551,7614,7662,8631,10010,10393,9602,7514,4453,1670,345,91732,10832,30
Cameroon,2012,215330,54157,81076,26919,7846,4653,5896,15782,15905,15492,15540,18667,20187,12177,2073,7690,8092,8003,7902,7834,7658,7753,7787,8585,10082,10455,9732,7632,4545,1715,358,88922,10549,32
Cameroon,2013,212776,52798,78538,25740,7620,4551,5729,15453,15804,15564,15804,18713,20419,12403,2142,7500,7953,7953,7851,7830,7734,7878,7926,8611,10102,10540,9879,7762,4641,1768,374,86158,10280,36
Cameroon,2014,212489,51647,76322,24675,7439,4493,5743,15780,16123,15883,16231,18863,20715,12645,2210,7648,8132,8124,7999,7964,7919,8090,8141,8811,10052,10681,10034,7906,4739,1819,391,83761,10236,39
Cameroon,2015,211090,51047,74585,23538,7208,4390,5611,15454,16022,15930,16516,18954,21036,12957,2371,7457,7997,8044,7978,7944,7986,8218,8298,8992,9962,10841,10195,8080,4877,1913,458,81793,10001,57
Cameroon,2016,210701,50620,73263,22643,7003,4325,5501,15096,16086,16152,16958,19183,21381,13225,2457,7230,7866,8023,8063,8016,8136,8426,8532,9204,9979,11038,10343,8237,4988,1975,482,80266,9826,69
Cameroon,2017,209846,49898,71832,21934,6785,4244,5418,14799,16111,16287,17297,19337,21654,13492,2514,7053,7746,7982,8129,8054,8233,8581,8716,9375,9962,11179,10475,8401,5091,2023,491,78617,9662,74
Cameroon,2018,210169,48726,70073,21347,6640,4218,5482,14878,16351,16624,17838,19782,21939,13745,2526,7095,7783,8063,8288,8203,8421,8832,9006,9669,10113,11306,10633,8561,5184,2050,476,76713,9700,69
Cameroon,2019,210457,47839,68745,20906,6512,4190,5464,14653,16505,16948,18345,20333,22112,14007,2578,6965,7688,8096,8409,8359,8589,9068,9277,9948,10385,11294,10818,8718,5289,2093,485,75257,9654,67
Cameroon,2020,223080,46920,67221,20301,6382,4130,5320,14145,16843,18653,21332,24404,25417,16257,2906,6718,7427,8072,8771,9088,9565,10406,10926,11891,12513,13034,12383,10014,6243,2375,531,73603,9450,69
Cameroon,2021,233498,46001,65623,19622,6266,4119,5650,14922,18135,20457,23521,26967,27421,17355,2992,7094,7828,8657,9478,9954,10503,11512,12009,13200,13767,14002,13419,10765,6590,2453,539,71889,9769,67
Canada,1950,123412,15273,17818,2545,1131,815,1170,3059,3935,7125,12928,23447,28986,19371,3525,1503,1556,1658,2277,3011,4114,5484,7444,10391,13056,14689,14297,11673,7698,2855,670,18949,1985,97
Canada,1951,125281,14494,17053,2559,1170,744,1176,3186,4110,7052,13168,23379,30264,20094,3791,1555,1631,1835,2275,3004,4048,5594,7574,10335,13044,15017,15247,12358,7736,3095,696,18223,1920,96
Canada,1952,126299,15781,18493,2712,1238,788,1098,3145,4174,7202,13393,23444,29990,19594,3649,1526,1619,1858,2316,3059,4143,5804,7589,10249,13195,15188,14802,12021,7573,2969,680,19731,1886,91
Canada,1953,128102,15510,17989,2479,1190,756,1089,3036,3994,7236,13395,23540,31390,20458,3929,1486,1550,1728,2266,3126,4110,5855,7540,10229,13311,15801,15589,12494,7964,3182,747,19179,1845,99
Canada,1954,125273,14836,17085,2249,1105,670,961,2795,3792,6990,13003,23175,31244,20369,3978,1326,1469,1677,2115,3037,3953,5717,7286,10059,13116,15615,15629,12379,7990,3221,757,18190,1631,105
Canada,1955,128954,14797,17045,2248,1097,753,1036,2709,3727,6943,13121,23379,32971,21818,4243,1291,1418,1711,2016,2910,4033,5606,7515,9988,13391,16282,16689,13327,8491,3415,828,18142,1789,108
Canada,1956,132395,15332,17624,2292,1106,713,1024,2755,3801,7151,13367,23653,33796,22798,4498,1289,1466,1678,2123,2932,4219,5659,7708,10193,13460,16754,17042,14015,8783,3611,887,18730,1737,109
Canada,1957,136669,15157,17478,2321,1132,769,1114,2943,3915,7699,14025,24683,34552,23545,4704,1398,1545,1776,2139,3160,4539,5864,8161,10600,14083,16973,17579,14559,8986,3787,917,18610,1883,110
Canada,1958,134907,14381,16505,2124,1086,763,1053,2638,3925,7497,14051,23841,34539,24196,4701,1218,1420,1684,2241,3122,4375,6009,8042,10261,13580,16807,17732,14822,9374,3756,945,17591,1816,114
Canada,1959,139525,13713,15764,2051,1212,823,1123,2832,3898,7552,14391,24070,36805,25809,5115,1377,1455,1700,2198,3066,4486,6149,8242,10399,13671,17957,18848,15865,9944,4078,1037,16976,1946,133
Canada,1960,139237,13064,15153,2089,1121,840,1237,2585,3903,7792,14469,24162,36659,25981,5202,1263,1322,1574,2329,3023,4769,6183,8286,10688,13474,17631,19028,15819,10162,4169,1033,16274,2077,129
Canada,1961,140552,12721,14718,1997,1077,798,1165,2616,3890,7624,14731,24521,36855,26906,5505,1308,1308,1598,2292,3018,4606,6481,8250,10728,13793,17619,19236,16463,10443,4418,1087,15795,1963,142
Canada,1962,143140,12668,14708,2040,1104,789,1215,2734,3951,7844,15133,24596,37114,28159,5640,1395,1339,1607,2344,3185,4659,6506,8627,10931,13665,17706,19408,16938,11221,4495,1145,15812,2004,152
Canada,1963,146829,11935,13893,1958,1194,817,1359,2819,3856,7931,15509,25265,37949,29958,6109,1496,1323,1567,2289,3189,4742,6706,8803,11336,13929,17690,20259,18100,11858,4879,1230,15087,2176,169
Canada,1964,145180,10909,12788,1879,1134,762,1424,2794,3819,8128,15742,25702,37311,29515,5894,1562,1232,1617,2202,3403,4725,6894,8848,11755,13947,17342,19969,17887,11628,4723,1171,13922,2186,168
Canada,1965,147990,9336,11111,1775,1204,817,1501,2919,3843,8165,16387,25832,38064,31304,6647,1598,1321,1564,2279,3418,4747,7258,9129,11699,14133,17667,20397,18728,12576,5316,1331,12315,2318,193
Canada,1966,148971,8501,10252,1751,1144,936,1667,3067,3904,8351,16731,26504,37350,31913,6952,1718,1349,1607,2297,3425,4926,7278,9453,11934,14570,17562,19788,18954,12959,5564,1388,11396,2603,201
Canada,1967,149670,7833,9517,1684,1200,945,1707,3280,3735,8640,17097,26935,37283,32005,7122,1909,1371,1521,2214,3643,4997,7335,9762,12242,14693,17414,19869,18944,13061,5708,1414,10717,2652,206
Canada,1968,152538,7383,8845,1462,1118,873,1759,3354,3845,8616,17197,27539,37898,33497,7767,1932,1422,1562,2283,3525,5091,7220,9977,12313,15226,17719,20179,19703,13794,6188,1579,9963,2632,229
Canada,1969,154203,7120,8527,1407,1144,914,1805,3652,3864,8875,17545,28087,37869,33867,7823,2109,1543,1568,2296,3503,5372,7326,10219,12514,15573,17807,20062,19681,14186,6228,1595,9671,2719,231
Canada,1970,155330,6994,8250,1256,1098,982,1927,3606,3821,8841,17719,28896,37875,34110,7973,2072,1534,1617,2204,3555,5286,7350,10369,12974,15922,17909,19966,19720,14390,6365,1608,9348,2909,232
Canada,1971,156901,6289,7512,1223,1057,950,2060,3867,3865,8991,17645,28879,37780,35189,8853,2217,1650,1646,2219,3592,5399,7311,10334,13049,15830,17771,20009,19926,15263,7045,1808,8569,3010,252
Canada,1972,162139,5945,7198,1253,961,963,2432,4331,3995,9047,18180,30334,39108,35967,9354,2505,1826,1737,2258,3594,5453,7606,10574,13620,16714,18817,20291,20226,15741,7398,1956,8159,3395,270
Canada,1973,163732,5341,6442,1101,919,901,2567,4488,4018,9038,18701,30587,39356,36459,9948,2596,1892,1723,2295,3517,5521,7889,10812,13981,16606,18837,20519,20415,16044,7841,2107,7361,3468,307
Canada,1974,166958,5260,6339,1079,831,941,2628,4632,4041,9024,18622,31611,40439,37007,10512,2631,2001,1786,2255,3451,5573,8170,10452,14372,17239,19847,20592,20656,16351,8330,2182,7170,3569,325
Canada,1975,167000,5142,6214,1072,821,893,2543,4697,4150,8912,18602,32006,40657,36631,10532,2635,2062,1879,2271,3433,5479,8111,10491,14533,17473,19948,20709,20296,16335,8305,2227,7035,3436,337
Canada,1976,167609,4734,5722,988,730,776,2307,4467,4025,8601,18670,32207,41476,37091,11171,2462,2005,1892,2133,3185,5416,8072,10598,14561,17646,20198,21278,20566,16525,8745,2426,6452,3083,369
Canada,1977,167553,4639,5499,860,703,749,2366,4719,4217,8602,18959,32460,41597,36222,11071,2641,2078,1949,2268,3239,5363,8102,10857,14482,17978,20530,21067,20100,16122,8599,2472,6202,3115,381
Canada,1978,168074,4410,5294,884,689,753,2214,4699,4311,7989,19195,32530,41977,36542,11484,2672,2027,2027,2284,3034,4955,8078,11117,14313,18217,20515,21462,20196,16346,8864,2620,5983,2967,400
Canada,1979,168261,4133,4951,818,648,667,2397,4853,4345,8019,18942,32414,42278,36278,12037,2749,2104,2053,2292,3088,4931,7842,11100,13950,18464,20502,21776,20189,16089,9209,2828,5599,3064,436
Canada,1980,171194,4005,4834,829,589,629,2169,4637,4390,7629,18568,32628,44251,37540,12827,2566,2071,2073,2317,2858,4771,7520,11048,13802,18826,21392,22859,20902,16638,9652,3175,5423,2798,501
Canada,1981,170909,3644,4389,745,522,597,2129,4518,4328,7589,18210,32921,44017,38187,12971,2443,2075,2055,2273,2979,4610,7307,10903,14037,18884,21274,22743,21347,16840,9758,3213,4911,2726,531
Canada,1982,174414,3525,4211,686,453,560,1800,4313,4188,7148,18124,33374,46227,39555,13842,2180,2133,1953,2235,2918,4230,7186,10938,14273,19101,22635,23592,22016,17539,10332,3510,4664,2360,617
Canada,1983,174422,3288,3961,673,480,479,1599,4272,4331,6999,17546,33082,47032,39966,13995,2303,1969,2048,2283,2946,4053,6936,10610,14288,18794,22814,24218,22378,17588,10359,3636,4441,2078,679
Canada,1984,175715,3178,3853,675,450,461,1479,4068,4230,6868,16950,33300,47756,40888,14655,2131,1937,1921,2309,2901,3967,6647,10303,15041,18259,23011,24745,23149,17739,10763,3892,4303,1940,757
Canada,1985,181307,3078,3712,634,405,470,1435,4124,4483,7111,16949,33503,49377,43002,15891,2139,1985,2132,2351,3006,4105,6609,10340,14881,18622,23886,25491,24163,18839,11645,4246,4117,1905,847
Canada,1986,184199,3041,3695,654,412,400,1419,3932,4608,7147,16642,33678,50450,44824,16106,1988,1944,2116,2492,3035,4112,6506,10136,14836,18842,24064,26386,25300,19524,11760,4346,4107,1819,884
Canada,1987,184704,2793,3431,638,373,453,1432,3915,4580,7242,16213,34056,50397,45227,16429,1905,2010,2136,2444,3175,4067,6156,10057,14798,19258,23787,26610,25480,19747,11869,4560,3804,1885,954
Canada,1988,189986,2839,3442,603,399,438,1340,3954,4683,7364,15550,34838,51762,47848,17347,1910,2044,2198,2485,3232,4132,5882,9668,15035,19803,24260,27502,26711,21137,12578,4769,3841,1778,1019
Canada,1989,190828,2951,3544,593,373,401,1350,3836,4994,7645,15421,34636,51490,48699,17393,1764,2072,2308,2686,3341,4304,5864,9557,14578,20058,23548,27942,27375,21324,12610,4783,3917,1751,1044
Canada,1990,191913,2892,3451,559,381,428,1217,3583,5278,7826,15144,34076,51752,49798,17866,1611,1972,2460,2818,3460,4366,5934,9210,14221,19855,23458,28294,27971,21827,12870,4996,3832,1645,1116
Canada,1991,195574,2570,3072,502,351,402,1252,3667,5148,8138,14870,34348,52923,51326,18890,1613,2054,2358,2790,3566,4572,5852,9018,14093,20255,23870,29053,28424,22902,13675,5215,3423,1654,1188
Canada,1992,196290,2406,2890,484,391,377,1146,3487,5417,8340,14923,33421,53268,52588,18840,1535,1952,2398,3019,3621,4719,6012,8911,14014,19407,24391,28877,28968,23620,13642,5198,3281,1523,1197
Canada,1993,204747,2424,2930,506,312,361,1180,3291,5825,8823,14895,33878,55548,56231,20193,1459,1832,2575,3250,3840,4983,6147,8748,13804,20074,25981,29567,31052,25179,14641,5552,3242,1541,1279
Canada,1994,206927,2409,2923,514,318,405,1136,3075,5533,8976,15092,33642,55594,57731,21192,1412,1663,2397,3136,3925,5051,6324,8768,13796,19846,26406,29188,31959,25772,15462,5730,3241,1541,1308
Canada,1995,210676,2287,2723,436,316,405,1131,3077,5692,9273,15312,32990,56206,60137,22108,1407,1670,2489,3203,3930,5343,6597,8715,13183,19807,26509,29697,33114,27023,16232,5876,3039,1536,1310
Canada,1996,212779,2015,2476,461,293,340,1041,2850,5425,9321,15460,32494,57087,61321,23276,1349,1501,2313,3112,4103,5218,6683,8777,12892,19602,26793,30294,33610,27711,17004,6272,2769,1381,1395
Canada,1997,215673,1886,2338,452,314,397,1150,2640,4865,9084,15630,31970,57897,63440,24492,1284,1356,2015,2850,3912,5172,6742,8888,12671,19299,26297,31600,34348,29092,17822,6670,2652,1547,1459
Canada,1998,218050,1788,2174,386,285,343,1035,2663,4742,9059,15913,31391,58980,64556,25416,1318,1345,1888,2854,3917,5142,6982,8931,12246,19145,26431,32549,34204,30352,18484,6932,2459,1378,1492
Canada,1999,219479,1753,2140,387,283,330,1058,2602,4560,9264,16282,30675,59030,65571,26177,1278,1324,1756,2804,4055,5209,7190,9092,12135,18540,25769,33261,33972,31599,19035,7142,2423,1388,1502
Canada,2000,217626,1664,1963,299,254,327,1041,2523,4309,9089,16790,30092,58193,65239,26306,1310,1213,1645,2664,3886,5203,7482,9308,12214,17878,25386,32807,33626,31613,19270,7036,2217,1368,1496
Canada,2001,219307,1723,2059,336,246,283,1026,2496,4241,9291,16990,29523,57263,66861,27472,1260,1236,1605,2636,3809,5482,7590,9400,12089,17434,24945,32318,34663,32198,20074,7398,2305,1309,1554
Canada,2002,223378,1744,2064,320,232,330,974,2366,4077,9377,17573,29756,57318,68997,28719,1230,1136,1558,2519,3816,5561,7576,9997,12523,17233,24646,32672,35970,33027,20954,7765,2296,1304,1592
Canada,2003,226028,1752,2063,311,203,293,975,2502,3888,9614,18043,29510,57056,70397,29839,1307,1195,1491,2397,3897,5717,7861,10182,12873,16637,24583,32473,37038,33359,21733,8106,2266,1268,1647
Canada,2004,226334,1738,2022,284,192,259,927,2499,3742,9370,18434,29603,55608,71009,30975,1277,1222,1483,2259,3702,5668,7826,10608,13123,16480,23757,31851,38004,33005,22587,8388,2214,1186,1693
Canada,2005,229879,1831,2111,280,200,310,978,2596,3706,9682,18799,29624,55127,72764,32242,1335,1261,1532,2174,3855,5827,7921,10878,13211,16413,23444,31683,38467,34297,23524,8718,2311,1288,1737
Canada,2006,228001,1764,2047,283,195,270,979,2561,3518,9471,18955,29666,53242,72140,33125,1311,1250,1406,2112,3656,5815,8159,10796,13377,16289,22249,30993,37672,34468,24009,9116,2242,1249,1836
Canada,2007,235302,1889,2157,268,207,272,951,2544,3438,9353,19580,31062,53545,75393,34859,1284,1260,1374,2064,3508,5845,8377,11203,14019,17043,22450,31095,38334,37059,25107,9752,2364,1223,1940
Canada,2008,238506,1906,2171,265,202,243,888,2527,3422,9168,19940,31855,52901,77356,35803,1255,1272,1370,2052,3385,5783,8617,11323,14593,17262,22200,30701,38539,38817,25506,10297,2373,1131,2028
Canada,2009,238243,1858,2106,248,182,230,875,2502,3405,9059,19788,32330,51610,77981,36048,1202,1300,1461,1944,3226,5833,8621,11167,14763,17567,21448,30162,38446,39535,25405,10643,2288,1105,2128
Canada,2010,239723,1874,2168,294,148,210,856,2479,3324,8481,19771,32686,50855,78076,38343,1207,1272,1427,1897,3015,5466,8450,11321,15069,17617,21413,29442,37971,40105,26892,11451,2316,1066,2322
Canada,2011,243285,1827,2091,264,167,232,808,2536,3260,8189,19866,33519,50958,78999,40188,1264,1272,1459,1801,2930,5259,8365,11501,15254,18265,21968,28990,38007,40992,28370,11818,2258,1040,2469
Canada,2012,246225,1812,2075,263,142,203,811,2595,3248,7972,20267,34501,50387,79420,42001,1259,1336,1439,1809,2875,5097,8368,11899,15467,19034,22153,28234,38292,41128,29952,12049,2217,1014,2603
Canada,2013,252039,1854,2170,316,162,218,703,2482,3337,7684,20342,35582,51712,79927,44847,1203,1279,1512,1825,2759,4925,8300,12042,15672,19910,23143,28569,38235,41692,32165,12682,2332,921,2868
Canada,2014,258649,1774,2032,258,146,210,715,2620,3650,7478,20485,36887,52955,81370,47026,1150,1470,1656,1994,2794,4684,8205,12280,16246,20641,24095,28860,38596,42774,33780,13246,2178,925,3075
Canada,2015,264204,1688,1978,290,166,218,692,2761,3632,7220,20569,38220,53988,82422,49092,1266,1495,1703,1929,2826,4394,8188,12381,16698,21522,24640,29348,38929,43493,35096,13996,2144,910,3243
Canada,2016,266688,1685,1970,285,165,243,676,2862,4007,7435,20620,39258,55374,80800,49950,1276,1586,1857,2150,2891,4544,8134,12486,16970,22288,25481,29893,37572,43228,35059,14891,2135,919,3332
Canada,2017,276434,1674,1918,244,164,200,718,3116,4402,7349,20234,39256,57965,83082,54353,1349,1767,2067,2335,2824,4525,7773,12461,17252,22004,27328,30637,38142,44940,37414,16939,2082,918,3677
Canada,2018,283619,1716,1969,253,164,209,697,3231,4423,7271,19943,40209,60101,84853,56681,1406,1825,2032,2391,2934,4337,7538,12405,17646,22563,28010,32091,38787,46066,38522,18159,2133,906,3864
Canada,2019,284005,1594,1842,248,156,199,696,2982,4429,7195,19392,40070,61642,84154,57279,1288,1694,2011,2418,2926,4269,7076,12316,17439,22631,29160,32482,38706,45448,38614,18665,1998,895,3966
Canada,2020,304741,1603,1845,242,153,194,634,2766,4311,7216,19379,42193,67882,92106,61660,1184,1582,1919,2392,2955,4261,6951,12428,18166,24027,31965,35917,42454,49652,41503,20157,1998,828,4402
Canada,2021,297242,1598,1832,234,146,186,540,2474,4000,6602,17515,40512,67623,89141,61860,1024,1450,1774,2226,2743,3859,6238,11277,17145,23367,31432,36191,41735,47406,41310,20550,1978,726,4808
Cape Verde,1950,3546,1189,1743,554,128,64,76,165,172,204,220,239,330,202,4,84,81,81,91,98,106,110,110,117,122,147,183,153,49,4,0,1871,140,0
Cape Verde,1951,3525,1162,1711,549,134,63,73,164,169,208,232,248,321,197,4,83,81,80,89,99,109,115,117,122,126,143,178,149,48,4,0,1845,136,0
Cape Verde,1952,3524,1151,1690,539,134,63,72,164,169,212,244,263,317,195,4,83,81,80,89,99,113,120,124,131,132,142,175,148,47,4,0,1824,135,0
Cape Verde,1953,3546,1141,1671,530,163,62,69,162,164,215,257,276,312,192,4,81,81,78,86,99,116,125,132,138,138,141,171,145,47,4,0,1834,131,0
Cape Verde,1954,3522,1130,1650,520,143,65,65,159,161,216,269,293,310,186,4,79,80,76,85,97,119,130,139,147,146,143,167,140,46,4,0,1793,130,0
Cape Verde,1955,3527,1119,1632,513,144,66,61,158,160,217,281,311,310,186,4,78,80,76,84,97,120,135,146,156,155,146,164,140,46,4,0,1776,127,0
Cape Verde,1956,3558,1144,1648,504,133,68,62,157,165,220,290,321,311,180,4,77,80,80,85,97,123,139,151,162,159,150,161,136,44,4,0,1781,130,0
Cape Verde,1957,3622,1168,1678,510,127,69,63,160,165,221,300,334,318,180,4,78,82,80,85,97,124,144,156,168,166,156,162,136,44,4,0,1805,132,0
Cape Verde,1958,3683,1197,1722,525,122,66,65,163,167,221,308,346,322,177,4,79,84,80,87,97,124,147,161,174,172,162,160,133,44,4,0,1844,131,0
Cape Verde,1959,3765,1226,1771,545,115,64,66,164,173,221,318,361,334,176,4,79,85,85,88,97,124,150,168,181,180,169,165,132,44,4,0,1886,130,0
Cape Verde,1960,3894,1252,1821,569,118,60,66,169,179,229,333,383,352,176,4,79,90,88,91,101,128,155,178,191,192,181,171,132,44,4,0,1939,126,0
Cape Verde,1961,3833,1209,1781,572,122,58,63,160,174,220,334,390,356,172,4,75,85,85,89,97,123,155,179,195,195,183,173,129,43,4,0,1903,121,0
Cape Verde,1962,3833,1218,1777,559,126,59,64,157,175,212,327,392,368,169,4,73,84,85,90,94,118,149,178,196,196,188,180,127,42,4,0,1903,123,0
Cape Verde,1963,3840,1225,1773,548,135,59,66,154,174,208,321,399,375,169,4,71,83,85,89,93,115,146,175,198,201,192,183,127,42,4,0,1908,125,0
Cape Verde,1964,3858,1231,1771,540,136,61,68,150,174,206,317,410,390,171,4,71,79,85,89,93,113,142,175,203,207,199,191,129,42,4,0,1907,129,0
Cape Verde,1965,3878,1233,1765,532,143,63,70,151,173,202,313,417,404,174,4,74,77,84,89,92,110,139,174,205,212,207,197,133,41,4,0,1908,133,0
Cape Verde,1966,3887,1232,1758,526,138,64,71,150,170,202,307,426,416,179,4,77,73,82,88,92,110,136,171,208,218,212,204,137,42,4,0,1896,135,0
Cape Verde,1967,3930,1228,1745,517,138,68,74,154,170,204,308,440,434,187,4,79,75,81,89,94,110,136,172,213,227,222,212,144,43,4,0,1883,142,0
Cape Verde,1968,3962,1224,1731,507,136,73,77,159,168,207,307,451,453,196,4,84,75,79,89,95,112,135,172,216,235,232,221,152,44,4,0,1867,150,0
Cape Verde,1969,3981,1217,1712,495,131,77,79,163,164,211,306,460,470,204,4,89,74,76,88,97,114,135,171,218,242,241,229,158,46,4,0,1843,156,0
Cape Verde,1970,3996,1207,1686,479,132,78,82,169,162,212,306,469,484,211,6,92,77,74,88,97,115,135,171,220,249,248,236,163,48,6,0,1818,160,0
Cape Verde,1971,4019,1198,1661,463,130,78,86,178,162,215,303,473,509,222,6,94,84,74,88,99,116,135,168,220,253,260,249,172,50,6,0,1791,164,0
Cape Verde,1972,4003,1170,1610,440,126,80,88,180,160,214,302,473,527,235,7,95,85,73,87,98,116,135,167,218,255,268,259,181,54,7,0,1736,168,0
Cape Verde,1973,3927,1131,1547,416,123,77,88,177,154,208,294,464,542,247,7,91,86,71,83,94,114,132,162,212,252,273,269,190,57,7,0,1670,165,0
Cape Verde,1974,3825,1091,1486,395,118,73,89,173,147,200,283,447,546,257,7,89,84,70,77,91,109,127,156,202,245,271,275,197,60,7,0,1604,162,0
Cape Verde,1975,3687,1050,1423,373,111,70,83,164,137,189,268,425,543,264,7,85,79,67,70,85,104,121,147,190,235,264,279,202,62,7,0,1534,153,0
Cape Verde,1976,3596,1011,1361,350,106,70,82,158,135,183,259,411,547,278,8,82,76,67,68,82,101,117,142,185,226,262,285,211,67,8,0,1467,152,0
Cape Verde,1977,3472,967,1290,323,97,66,79,150,125,174,249,393,546,291,9,79,71,63,62,77,97,113,136,175,218,256,290,221,70,9,0,1387,145,0
Cape Verde,1978,3380,931,1233,302,91,66,77,146,123,165,240,377,545,306,10,79,67,62,61,72,93,109,131,168,209,252,293,230,76,10,0,1324,143,0
Cape Verde,1979,3314,905,1192,287,88,63,76,141,116,158,234,364,544,324,12,77,64,60,56,68,90,107,127,162,202,247,297,242,82,12,0,1280,139,0
Cape Verde,1980,3280,889,1167,278,82,62,77,139,111,152,230,355,545,347,13,77,62,56,55,65,87,105,125,159,196,244,301,257,90,13,0,1249,139,0
Cape Verde,1981,3306,889,1166,277,81,59,77,143,111,146,230,354,553,370,14,79,64,56,55,61,85,105,125,158,196,244,309,273,97,14,0,1247,136,0
Cape Verde,1982,3353,884,1163,279,81,58,79,149,111,145,237,356,563,397,17,82,67,56,55,60,85,107,130,160,196,246,317,290,107,17,0,1244,137,0
Cape Verde,1983,3404,874,1150,276,80,58,80,155,112,142,245,361,573,425,20,85,70,57,55,58,84,110,135,164,197,248,325,307,118,19,1,1230,138,0
Cape Verde,1984,3456,865,1145,280,88,59,80,162,115,141,255,364,577,449,23,88,74,57,58,58,83,115,140,168,196,248,329,320,129,22,1,1233,139,0
Cape Verde,1985,3402,837,1096,259,80,54,75,164,115,135,255,365,574,464,23,89,75,59,56,56,79,113,142,170,195,246,328,327,137,22,1,1176,129,0
Cape Verde,1986,3335,805,1049,244,79,51,70,164,114,129,253,363,563,472,26,88,76,59,55,55,74,110,143,170,193,241,322,328,144,25,1,1128,121,0
Cape Verde,1987,3249,767,994,227,76,51,67,163,115,122,249,361,545,475,29,86,77,61,54,52,70,106,143,171,190,233,312,326,149,28,1,1070,118,0
Cape Verde,1988,3161,727,936,209,74,50,65,159,114,117,244,362,533,477,31,83,76,62,52,51,66,103,141,174,188,226,307,325,152,30,1,1010,115,0
Cape Verde,1989,3120,689,883,194,70,50,61,159,116,114,243,368,531,490,35,81,78,64,52,50,64,100,143,177,191,225,306,330,160,33,2,953,111,0
Cape Verde,1990,3046,659,842,183,69,50,58,157,119,110,234,368,517,487,37,78,79,65,54,49,61,94,140,177,191,220,297,324,163,35,2,911,108,0
Cape Verde,1991,3043,645,824,179,67,51,58,158,124,108,227,376,519,493,36,76,82,68,56,49,59,87,140,181,195,221,298,327,166,35,1,891,109,0
Cape Verde,1992,3053,639,815,176,66,51,59,158,133,108,217,383,518,499,40,75,83,72,61,50,58,83,134,183,200,222,296,329,170,38,2,881,110,0
Cape Verde,1993,3095,640,816,176,64,53,61,160,143,112,209,395,525,511,44,75,85,77,66,53,59,78,131,185,210,227,298,333,178,42,2,880,114,0
Cape Verde,1994,3140,637,817,180,66,54,65,163,157,117,203,408,534,516,47,76,87,84,73,57,60,76,127,189,219,234,300,336,180,44,3,883,119,0
Cape Verde,1995,3368,644,871,227,90,71,83,192,188,131,203,422,547,517,48,92,100,101,87,67,64,77,126,193,229,244,303,336,181,45,3,961,154,0
Cape Verde,1996,3097,594,760,166,60,53,69,162,173,126,182,409,539,514,51,77,85,91,82,65,61,71,111,183,226,241,298,332,182,47,4,820,122,0
Cape Verde,1997,3005,555,706,151,57,49,69,161,179,130,171,397,535,499,51,78,83,93,86,68,62,68,103,174,223,243,292,322,177,47,4,763,118,0
Cape Verde,1998,2919,507,641,134,53,48,69,162,180,136,161,385,538,495,53,80,82,91,89,73,63,67,94,165,220,246,292,318,177,49,4,694,117,0
Cape Verde,1999,2846,457,573,116,52,47,69,161,186,143,156,371,544,493,53,80,81,92,94,78,65,67,89,154,217,250,294,317,176,49,4,625,116,0
Cape Verde,2000,2686,411,510,99,47,43,65,157,183,147,145,341,528,470,52,80,77,87,96,81,66,64,81,137,204,244,284,301,169,48,4,557,108,0
Cape Verde,2001,2546,368,453,85,43,38,58,146,173,149,137,313,515,467,54,75,71,80,93,80,69,62,75,123,190,236,279,295,172,50,4,496,96,0
Cape Verde,2002,2513,334,408,74,38,36,55,144,168,156,134,298,524,489,63,74,70,76,92,83,73,63,71,114,184,237,287,304,185,58,5,446,91,0
Cape Verde,2003,2502,310,377,67,36,34,50,138,163,164,136,280,537,516,76,71,67,72,91,87,77,65,71,104,176,237,300,316,200,69,7,413,84,0
Cape Verde,2004,2529,294,356,62,31,32,46,135,158,173,137,264,547,550,99,68,67,69,89,91,82,68,69,97,167,236,311,331,219,88,11,387,78,0
Cape Verde,2005,2549,284,342,58,28,31,43,128,148,178,141,248,551,584,126,63,65,64,84,92,86,71,70,93,155,232,319,348,236,109,17,370,74,0
Cape Verde,2006,2805,279,334,55,26,31,45,133,154,199,160,252,608,682,177,64,69,67,87,100,99,83,77,96,156,249,359,405,277,144,33,360,76,0
Cape Verde,2007,2856,274,328,54,24,29,42,131,148,203,166,238,600,723,222,62,69,66,82,101,102,88,78,94,144,241,359,428,295,170,52,352,71,1
Cape Verde,2008,3150,269,323,54,21,28,42,130,151,217,189,242,650,847,303,60,70,70,81,104,113,101,88,100,142,255,395,498,349,219,84,344,70,5
Cape Verde,2009,3211,263,317,54,23,24,42,127,147,219,198,232,625,889,358,58,69,70,77,101,118,107,91,101,131,238,387,519,370,243,115,340,66,11
Cape Verde,2010,3347,244,296,52,19,22,39,122,144,218,212,229,623,972,436,55,67,70,74,97,121,113,99,101,128,230,393,555,417,280,156,315,61,22
Cape Verde,2011,3138,239,287,48,18,19,36,113,136,208,217,216,573,926,359,51,62,65,71,91,117,115,102,98,118,203,370,528,398,234,125,305,55,25
Cape Verde,2012,3104,217,262,45,16,17,34,109,139,204,232,219,559,953,333,49,60,68,71,87,117,122,110,102,117,189,370,537,416,223,110,278,51,27
Cape Verde,2013,2958,200,242,42,16,16,31,106,140,200,244,220,512,915,290,48,58,68,72,83,117,128,116,106,114,168,344,509,406,201,89,258,47,24
Cape Verde,2014,2954,188,225,37,16,16,30,105,144,199,259,230,493,929,284,48,57,69,75,82,117,133,126,113,117,159,334,512,417,203,81,241,46,23
Cape Verde,2015,3149,174,209,35,17,16,30,114,160,213,297,261,507,1004,297,52,62,75,85,89,124,150,147,133,128,164,343,547,457,221,76,226,46,22
Cape Verde,2016,2907,164,194,30,16,15,26,101,148,195,287,256,445,930,277,46,55,68,80,82,113,143,144,134,122,149,296,503,427,210,67,210,41,19
Cape Verde,2017,2753,152,180,28,15,15,22,94,141,180,282,257,399,883,271,43,51,63,78,77,103,137,145,136,121,139,260,473,410,209,62,195,37,17
Cape Verde,2018,3016,137,163,26,15,15,22,100,156,199,321,305,419,973,310,44,56,69,87,88,111,152,169,163,142,153,266,514,459,242,68,178,37,17
Cape Verde,2019,2982,127,151,24,14,15,21,96,155,199,326,326,401,946,313,40,56,67,88,91,108,150,176,175,151,154,247,493,453,246,67,165,36,15
Cape Verde,2020,3320,120,142,22,14,15,17,81,151,219,385,439,465,1038,341,31,50,62,89,101,118,169,216,230,209,192,273,528,510,270,71,156,32,14
Cape Verde,2021,3548,115,136,21,15,15,20,85,162,241,422,517,507,1060,356,32,53,67,95,111,130,182,240,268,249,217,290,528,532,280,76,151,35,13
Cayman Islands,1950,108,22,29,7,2,0,3,10,10,10,10,19,17,7,0,5,5,5,5,5,5,5,5,9,10,10,7,5,2,0,0,31,3,0
Cayman Islands,1951,99,22,29,7,2,0,3,10,10,10,10,18,15,1,0,5,5,5,5,5,5,5,5,8,10,10,5,1,0,0,0,31,3,0
Cayman Islands,1952,120,22,30,8,2,0,3,10,10,10,10,18,20,11,1,5,5,5,5,5,5,5,5,8,10,10,10,6,5,1,0,32,3,0
Cayman Islands,1953,129,23,31,8,2,0,3,10,10,10,10,21,24,16,2,5,5,5,5,5,5,5,5,9,12,14,10,10,6,2,0,33,3,0
Cayman Islands,1954,129,22,30,8,2,0,3,10,10,10,10,21,25,15,2,5,5,5,5,5,5,5,5,9,12,15,10,10,5,2,0,32,3,0
Cayman Islands,1955,140,22,30,8,2,0,2,10,10,10,10,22,29,19,3,5,5,5,5,5,5,5,5,10,12,15,14,11,8,3,0,32,2,0
Cayman Islands,1956,137,21,29,8,3,0,2,10,10,10,10,21,29,19,3,5,5,5,5,5,5,5,5,10,11,15,14,11,8,3,0,32,2,0
Cayman Islands,1957,134,21,28,7,3,0,2,10,10,10,10,20,29,17,4,5,5,5,5,5,5,5,5,9,11,15,14,10,7,4,0,31,2,0
Cayman Islands,1958,131,20,26,6,3,0,1,10,10,10,10,19,29,17,2,5,5,5,5,5,5,5,5,9,10,15,14,10,7,2,0,29,1,0
Cayman Islands,1959,128,19,25,6,2,0,1,10,10,10,10,19,29,17,3,5,5,5,5,5,5,5,5,9,10,14,15,10,7,3,0,27,1,0
Cayman Islands,1960,125,19,25,6,2,0,0,10,10,10,10,19,27,18,3,5,5,5,5,5,5,5,5,9,10,12,15,10,8,3,0,27,0,0
Cayman Islands,1961,122,19,25,6,2,0,0,9,10,10,10,18,26,19,3,4,5,5,5,5,5,5,5,8,10,11,15,10,9,3,0,27,0,0
Cayman Islands,1962,119,19,25,6,2,0,0,7,8,10,10,18,24,19,2,2,5,3,5,5,5,5,5,8,10,10,14,10,9,2,0,27,0,0
Cayman Islands,1963,116,18,24,6,2,0,0,0,2,10,10,17,24,17,2,0,0,0,2,5,5,5,5,7,10,10,14,10,7,2,0,26,0,0
Cayman Islands,1964,112,17,23,6,1,0,0,0,0,10,10,17,23,16,3,0,0,0,0,5,5,5,5,7,10,10,13,11,5,3,0,24,0,0
Cayman Islands,1965,109,15,20,5,1,0,0,0,0,9,10,16,22,17,3,0,0,0,0,4,5,5,5,6,10,10,12,12,5,3,0,21,0,0
Cayman Islands,1966,109,16,21,5,1,0,0,0,0,7,10,15,21,19,4,0,0,0,0,2,5,5,5,5,10,10,11,13,6,4,0,22,0,0
Cayman Islands,1967,109,15,20,5,1,0,0,0,0,6,10,16,21,20,4,0,0,0,0,1,5,5,5,6,10,10,11,13,7,4,0,21,0,0
Cayman Islands,1968,110,15,20,5,1,0,0,0,0,6,10,17,22,22,3,0,0,0,0,1,5,5,5,7,10,11,11,14,8,3,0,21,0,0
Cayman Islands,1969,111,14,19,5,1,0,0,0,0,7,10,17,23,24,2,0,0,0,0,2,5,5,5,7,10,12,11,15,9,2,0,20,0,0
Cayman Islands,1970,117,16,21,5,1,0,0,0,0,8,10,17,23,25,2,0,0,0,0,3,5,5,5,7,10,11,12,14,11,2,0,22,0,0
Cayman Islands,1971,117,14,19,5,1,0,0,0,0,9,10,18,24,24,3,0,0,0,0,4,5,5,5,8,10,10,14,13,11,3,0,20,0,0
Cayman Islands,1972,124,18,23,5,1,0,0,0,3,10,10,19,24,21,3,0,0,0,3,5,5,5,5,9,10,10,14,11,10,3,0,24,0,0
Cayman Islands,1973,123,15,19,4,0,0,1,2,5,10,10,20,24,20,4,2,0,0,5,5,5,5,5,10,10,11,13,11,9,4,0,19,1,0
Cayman Islands,1974,123,12,16,4,0,0,1,4,5,10,11,20,28,21,4,4,0,0,5,5,5,5,6,10,10,15,13,12,9,4,0,16,1,0
Cayman Islands,1975,125,13,17,4,0,0,1,4,5,10,11,21,29,21,4,4,0,0,5,5,5,5,6,10,11,15,14,12,9,4,0,17,1,0
Cayman Islands,1976,123,11,15,4,0,0,1,4,4,10,11,21,29,21,4,4,0,0,4,5,5,5,6,10,11,15,14,13,8,4,0,15,1,0
Cayman Islands,1977,123,10,13,3,0,0,0,0,3,10,11,20,30,23,4,0,0,0,3,5,5,5,6,10,10,15,15,14,9,4,0,13,0,0
Cayman Islands,1978,123,10,13,3,0,0,0,0,2,10,10,20,30,25,4,0,0,0,2,5,5,5,5,10,10,15,15,15,10,4,0,13,0,0
Cayman Islands,1979,125,9,11,2,0,0,0,0,1,10,10,21,30,25,5,0,0,0,1,5,5,5,5,10,11,15,15,15,10,5,0,11,0,0
Cayman Islands,1980,128,10,12,2,0,0,0,0,0,10,10,23,30,25,6,0,0,0,0,5,5,5,5,10,13,15,15,15,10,6,0,12,0,0
Cayman Islands,1981,129,10,11,1,0,0,0,0,0,10,11,23,33,23,5,0,0,0,0,5,5,5,6,10,13,15,18,13,10,5,0,11,0,0
Cayman Islands,1982,130,9,10,1,0,0,0,0,0,10,12,23,32,25,5,0,0,0,0,5,5,5,7,10,13,15,17,15,10,5,0,10,0,0
Cayman Islands,1983,133,10,11,1,0,0,0,0,4,10,13,22,32,27,5,0,0,0,4,5,5,5,8,10,12,15,17,17,10,5,0,11,0,0
Cayman Islands,1984,137,10,11,1,0,0,0,0,7,10,13,23,33,29,6,0,0,2,5,5,5,5,8,10,13,15,18,18,11,5,1,11,0,0
Cayman Islands,1985,139,9,10,1,0,0,0,9,10,10,13,23,34,29,6,4,5,5,5,5,5,5,8,10,13,15,19,19,10,5,1,10,0,0
Cayman Islands,1986,145,8,9,1,0,0,0,9,10,10,13,23,36,31,6,4,5,5,5,5,5,5,8,10,13,18,18,20,11,5,1,9,0,0
Cayman Islands,1987,152,8,8,0,0,0,0,9,10,10,15,25,37,33,5,4,5,5,5,5,5,6,9,10,15,18,19,20,13,5,0,8,0,0
Cayman Islands,1988,159,8,8,0,0,0,0,10,10,10,17,25,39,36,5,5,5,5,5,5,5,7,10,10,15,19,20,20,16,5,0,8,0,0
Cayman Islands,1989,168,8,8,0,0,0,0,10,10,10,19,27,39,39,8,5,5,5,5,5,5,9,10,12,15,19,20,20,19,7,1,8,0,0
Cayman Islands,1990,175,8,8,0,0,0,0,10,10,10,19,27,39,41,9,5,5,5,5,5,5,9,10,12,15,19,20,21,20,8,1,8,0,0
Cayman Islands,1991,180,8,8,0,0,0,1,10,10,10,19,27,40,39,11,5,5,5,5,5,5,9,10,12,15,19,21,20,19,9,2,8,1,0
Cayman Islands,1992,185,8,8,0,0,0,1,10,10,12,20,28,44,38,13,5,5,5,5,5,7,10,10,12,16,20,24,20,18,10,3,8,1,0
Cayman Islands,1993,190,7,7,0,0,0,1,10,10,15,21,30,44,38,13,5,5,5,5,6,9,10,11,15,15,20,24,21,17,11,2,7,1,0
Cayman Islands,1994,196,7,7,0,0,0,1,10,10,18,22,32,44,39,13,5,5,5,5,8,10,10,12,15,17,20,24,23,16,11,2,7,1,0
Cayman Islands,1995,202,7,7,0,0,0,1,10,10,19,23,32,44,41,11,5,5,5,5,9,10,10,13,15,17,20,24,24,17,9,2,7,1,0
Cayman Islands,1996,209,7,7,0,0,0,0,10,11,20,23,32,46,43,13,5,5,5,6,10,10,10,13,15,17,21,25,25,18,10,3,7,0,0
Cayman Islands,1997,217,7,7,0,0,0,0,10,13,20,24,34,46,44,10,5,5,5,8,10,10,10,14,16,18,21,25,25,19,7,3,7,0,0
Cayman Islands,1998,224,7,7,0,0,0,0,9,15,22,30,36,46,47,11,4,5,5,10,10,12,15,15,16,20,21,25,26,21,8,3,7,0,0
Cayman Islands,1999,234,7,7,0,0,0,0,8,16,23,30,38,46,49,12,3,5,6,10,10,13,15,15,18,20,21,25,26,23,9,3,7,0,0
Cayman Islands,2000,242,7,7,0,0,0,0,8,16,24,30,38,50,50,12,3,5,6,10,10,14,15,15,18,20,24,26,26,24,9,3,7,0,0
Cayman Islands,2001,246,7,7,0,0,0,0,10,16,24,30,38,50,51,13,5,5,6,10,10,14,15,15,18,20,24,26,27,24,11,2,7,0,0
Cayman Islands,2002,247,6,6,0,0,0,1,10,16,24,30,40,50,49,14,5,5,6,10,10,14,15,15,18,22,24,26,27,22,12,2,6,1,0
Cayman Islands,2003,248,6,6,0,0,0,1,10,15,24,31,39,50,50,15,5,5,5,10,10,14,15,16,18,21,25,25,27,23,13,2,6,1,0
Cayman Islands,2004,251,7,7,0,0,0,1,10,15,24,35,40,51,50,15,5,5,5,10,10,14,16,19,19,21,25,26,27,23,13,2,7,1,0
Cayman Islands,2005,251,7,7,0,0,0,0,10,14,24,35,41,54,52,15,5,5,5,9,10,14,15,20,20,21,25,29,28,24,13,2,7,0,0
Cayman Islands,2006,253,8,8,0,0,0,0,9,13,24,35,41,54,53,16,4,5,5,8,10,14,15,20,20,21,25,29,29,24,13,3,8,0,0
Cayman Islands,2007,258,8,8,0,0,0,0,9,13,25,35,41,55,55,17,4,5,5,8,10,15,15,20,20,21,26,29,30,25,14,3,8,0,0
Cayman Islands,2008,265,8,8,0,0,0,0,8,13,25,36,41,56,55,19,3,5,5,8,10,15,16,20,20,21,26,30,30,25,15,4,8,0,0
Cayman Islands,2009,276,8,8,0,0,0,0,7,13,26,38,42,57,58,22,2,5,5,8,11,15,18,20,21,21,26,31,33,25,17,5,8,0,0
Cayman Islands,2010,279,6,6,0,0,0,0,6,14,28,41,45,55,54,22,1,5,5,9,12,16,20,21,23,22,25,30,30,24,17,5,6,0,1
Cayman Islands,2011,306,8,8,0,0,0,0,6,14,31,45,50,59,63,25,1,5,5,9,13,18,20,25,25,25,27,32,35,28,19,6,8,0,1
Cayman Islands,2012,318,7,7,0,0,0,1,10,15,32,48,55,61,63,24,5,5,5,10,14,18,23,25,26,29,28,33,34,29,18,6,7,1,1
Cayman Islands,2013,330,7,7,0,0,0,1,10,15,33,52,60,64,64,23,5,5,5,10,14,19,25,27,30,30,30,34,35,29,16,7,7,1,1
Cayman Islands,2014,343,6,6,0,0,0,2,10,16,35,55,64,66,65,22,5,5,6,10,14,21,25,30,31,33,31,35,35,30,15,7,6,2,1
Cayman Islands,2015,356,6,6,0,0,0,2,10,16,35,58,69,70,65,22,5,5,6,10,14,21,28,30,34,35,35,35,35,30,15,7,6,2,1
Cayman Islands,2016,368,6,6,0,0,0,2,10,16,37,59,73,75,66,21,5,5,6,10,15,22,28,31,35,38,38,37,36,30,16,5,6,2,1
Cayman Islands,2017,382,5,5,0,0,0,2,10,16,36,64,75,80,67,21,5,5,6,10,14,22,29,35,35,40,40,40,38,29,16,5,5,2,1
Cayman Islands,2018,396,5,5,0,0,0,2,10,16,37,65,80,85,69,22,5,5,6,10,14,23,30,35,38,42,45,40,39,30,16,6,5,2,1
Cayman Islands,2019,411,6,6,0,0,0,1,10,16,39,69,83,91,71,23,5,5,6,10,16,23,31,38,40,43,46,45,42,29,17,6,6,1,1
Cayman Islands,2020,429,6,6,0,0,0,1,10,16,39,71,86,97,75,22,5,5,6,10,16,23,32,39,40,46,50,47,44,31,17,5,6,1,1
Cayman Islands,2021,448,5,5,0,0,0,1,10,17,39,75,91,107,81,21,5,5,7,10,16,23,33,42,45,46,54,53,48,33,16,5,5,1,1
Central African Republic,1950,42437,11848,19007,7159,1754,936,989,2568,2636,2674,2927,3868,3767,1243,69,1257,1311,1294,1342,1342,1332,1462,1465,1778,2090,2104,1663,924,319,62,7,20761,1925,1
Central African Republic,1951,42886,11995,19436,7441,1775,939,991,2577,2635,2671,2941,3812,3760,1281,71,1259,1318,1298,1337,1341,1330,1465,1476,1751,2061,2096,1664,944,337,64,7,21211,1930,1
Central African Republic,1952,42925,12019,19598,7579,1777,932,984,2564,2616,2653,2936,3729,3748,1312,75,1249,1315,1295,1321,1331,1322,1448,1488,1714,2015,2085,1663,962,350,67,8,21375,1916,1
Central African Republic,1953,42910,12034,19698,7664,1775,929,980,2550,2598,2638,2935,3649,3735,1340,78,1240,1310,1294,1304,1322,1316,1428,1507,1681,1968,2074,1661,979,361,70,8,21473,1909,1
Central African Republic,1954,42868,12053,19743,7690,1792,926,975,2540,2583,2621,2932,3588,3717,1363,85,1233,1307,1292,1291,1310,1311,1411,1521,1662,1926,2057,1660,990,373,75,10,21535,1901,1
Central African Republic,1955,42836,12086,19759,7673,1831,928,971,2525,2576,2604,2924,3545,3692,1386,89,1225,1300,1294,1282,1299,1305,1399,1525,1656,1889,2034,1658,1000,386,81,8,21590,1899,0
Central African Republic,1956,42807,12120,19773,7653,1867,931,966,2512,2571,2586,2914,3519,3665,1404,96,1218,1294,1292,1279,1288,1298,1392,1522,1663,1856,2006,1659,1008,396,87,9,21640,1897,0
Central African Republic,1957,42806,12166,19810,7644,1896,936,964,2500,2569,2567,2900,3507,3635,1423,102,1213,1287,1292,1277,1274,1293,1388,1512,1683,1824,1973,1662,1015,408,92,10,21706,1900,1
Central African Republic,1958,42796,12201,19832,7631,1921,938,960,2486,2570,2550,2882,3508,3601,1438,107,1206,1280,1289,1281,1263,1287,1386,1496,1709,1799,1937,1664,1021,417,95,12,21753,1898,1
Central African Republic,1959,42800,12243,19863,7620,1935,947,961,2477,2569,2534,2867,3518,3566,1453,111,1204,1273,1287,1282,1255,1279,1385,1482,1731,1787,1906,1660,1028,425,99,12,21798,1908,1
Central African Republic,1960,42681,12244,19792,7548,1921,962,961,2457,2568,2520,2857,3528,3527,1468,117,1195,1262,1283,1285,1249,1271,1383,1474,1741,1787,1876,1651,1034,434,104,13,21713,1923,1
Central African Republic,1961,42589,12263,19743,7480,1907,972,962,2438,2562,2513,2849,3543,3489,1483,121,1186,1252,1276,1286,1248,1265,1379,1470,1742,1801,1852,1637,1042,441,107,14,21650,1934,1
Central African Republic,1962,42511,12292,19707,7415,1894,984,963,2426,2556,2506,2844,3559,3449,1499,125,1179,1247,1269,1287,1250,1256,1376,1468,1731,1828,1829,1620,1052,447,111,14,21601,1947,1
Central African Republic,1963,42449,12320,19678,7358,1878,995,962,2412,2546,2498,2841,3581,3412,1514,129,1171,1241,1260,1286,1252,1246,1372,1469,1719,1862,1811,1601,1061,453,115,14,21556,1957,1
Central African Republic,1964,42386,12364,19651,7287,1856,997,967,2396,2531,2496,2838,3596,3391,1526,135,1166,1230,1250,1281,1256,1240,1368,1470,1706,1890,1807,1584,1066,460,118,17,21507,1964,1
Central African Republic,1965,42335,12429,19651,7222,1836,990,978,2379,2514,2492,2831,3603,3384,1534,139,1161,1218,1240,1274,1257,1235,1362,1469,1698,1905,1815,1569,1066,468,122,17,21487,1968,1
Central African Republic,1966,42315,12518,19690,7172,1818,980,987,2364,2491,2488,2815,3599,3393,1538,142,1158,1206,1228,1263,1257,1231,1350,1465,1692,1907,1835,1558,1064,474,124,18,21508,1967,1
Central African Republic,1967,42276,12592,19723,7131,1801,970,998,2345,2466,2482,2794,3586,3415,1542,145,1153,1192,1214,1252,1251,1231,1336,1458,1688,1898,1869,1546,1060,482,126,19,21524,1968,1
Central African Republic,1968,42256,12679,19775,7096,1785,960,1010,2323,2438,2473,2774,3568,3449,1546,150,1147,1176,1200,1238,1243,1230,1322,1452,1686,1882,1908,1541,1055,491,131,19,21560,1970,1
Central African Republic,1969,42160,12691,19764,7073,1773,951,1014,2310,2404,2459,2746,3546,3486,1549,153,1147,1163,1183,1221,1234,1225,1306,1440,1681,1865,1940,1546,1052,497,134,19,21537,1965,1
Central African Republic,1970,42015,12642,19686,7044,1768,943,1009,2306,2368,2442,2724,3532,3526,1552,155,1153,1153,1166,1202,1221,1221,1297,1427,1675,1857,1963,1563,1051,501,136,19,21454,1952,2
Central African Republic,1971,41811,12601,19596,6995,1766,936,1000,2299,2322,2415,2702,3517,3554,1544,157,1159,1140,1141,1181,1203,1212,1288,1414,1667,1850,1968,1586,1044,500,138,19,21362,1936,1
Central African Republic,1972,41528,12522,19455,6933,1770,932,990,2281,2269,2383,2675,3503,3579,1535,156,1161,1120,1113,1156,1183,1200,1279,1396,1657,1846,1960,1619,1038,497,138,18,21225,1922,1
Central African Republic,1973,41253,12419,19282,6863,1779,931,983,2261,2214,2350,2656,3500,3611,1534,154,1165,1096,1085,1129,1161,1189,1277,1379,1651,1849,1951,1660,1039,495,139,15,21061,1914,1
Central African Republic,1974,41008,12348,19127,6779,1788,932,978,2243,2162,2315,2636,3491,3641,1541,153,1161,1082,1059,1103,1140,1175,1272,1364,1640,1851,1945,1696,1047,494,139,14,20915,1910,1
Central African Republic,1975,40821,12286,18995,6709,1800,937,974,2229,2120,2280,2625,3485,3665,1559,153,1149,1080,1041,1079,1117,1163,1269,1356,1631,1854,1944,1721,1063,496,139,14,20795,1911,1
Central African Republic,1976,40782,12331,18965,6634,1803,943,976,2221,2082,2250,2621,3479,3695,1591,153,1139,1082,1025,1057,1100,1150,1266,1355,1623,1856,1954,1741,1092,499,139,14,20768,1919,1
Central African Republic,1977,40626,12413,18921,6508,1778,938,971,2232,2047,2187,2552,3379,3692,1721,199,1135,1097,1016,1031,1069,1118,1232,1320,1566,1813,1931,1761,1160,561,174,25,20699,1909,2
Central African Republic,1978,40559,12522,18970,6448,1750,934,966,2251,2023,2133,2491,3273,3672,1847,244,1134,1117,1009,1014,1045,1088,1200,1291,1507,1766,1902,1770,1227,620,207,37,20720,1900,4
Central African Republic,1979,40560,12662,19093,6431,1720,932,966,2271,2022,2083,2428,3160,3634,1958,286,1135,1136,1016,1006,1022,1061,1167,1261,1448,1712,1861,1773,1280,678,239,47,20813,1898,5
Central African Republic,1980,40640,12804,19262,6458,1692,930,966,2281,2040,2045,2371,3057,3601,2061,328,1137,1144,1036,1004,1006,1039,1137,1234,1398,1659,1823,1778,1327,734,270,58,20954,1896,7
Central African Republic,1981,40726,12960,19443,6483,1668,924,968,2295,2070,2008,2309,2954,3556,2154,367,1140,1155,1063,1007,991,1017,1108,1201,1353,1601,1780,1776,1366,788,299,68,21111,1892,9
Central African Republic,1982,40955,13105,19679,6574,1666,924,976,2319,2119,1987,2260,2859,3511,2240,405,1148,1171,1100,1019,985,1002,1084,1176,1320,1539,1741,1770,1399,841,328,77,21345,1900,11
Central African Republic,1983,41166,13248,19899,6651,1671,921,985,2346,2174,1976,2209,2765,3455,2314,440,1158,1188,1143,1031,985,991,1061,1148,1290,1475,1697,1758,1424,890,356,84,21570,1906,13
Central African Republic,1984,41443,13415,20144,6729,1691,916,996,2378,2243,1972,2164,2679,3389,2379,474,1171,1207,1184,1059,990,982,1042,1122,1264,1415,1650,1739,1445,934,383,91,21835,1912,14
Central African Republic,1985,41717,13599,20404,6805,1719,911,1010,2422,2324,1988,2125,2596,3286,2413,506,1190,1232,1218,1106,1009,979,1028,1097,1237,1359,1586,1700,1449,964,406,100,22123,1921,15
Central African Republic,1986,42052,13785,20670,6885,1753,910,1022,2475,2419,2017,2094,2526,3177,2438,532,1215,1260,1256,1163,1035,982,1019,1075,1211,1315,1518,1659,1450,988,427,105,22423,1932,16
Central African Republic,1987,42474,14002,20979,6977,1789,915,1033,2542,2535,2059,2069,2458,3061,2450,561,1244,1298,1304,1231,1069,990,1013,1056,1182,1276,1444,1617,1442,1008,448,113,22768,1948,17
Central African Republic,1988,42957,14184,21279,7095,1831,929,1048,2626,2678,2120,2054,2395,2935,2453,587,1283,1343,1360,1318,1110,1010,1013,1041,1155,1240,1366,1569,1430,1023,467,120,23110,1977,18
Central African Republic,1989,43783,14458,21728,7270,1889,958,1069,2734,2844,2236,2087,2394,2825,2408,591,1333,1401,1431,1413,1182,1054,1036,1051,1155,1239,1312,1513,1398,1010,470,121,23617,2027,19
Central African Republic,1990,45189,14852,22361,7509,1978,1013,1107,2875,3047,2454,2216,2500,2762,2291,563,1400,1475,1522,1525,1309,1145,1108,1108,1212,1288,1311,1451,1341,950,446,117,24339,2120,17
Central African Republic,1991,46726,15238,22962,7724,2059,1075,1148,3039,3275,2712,2367,2621,2720,2193,536,1474,1565,1625,1650,1460,1252,1191,1176,1281,1340,1328,1392,1293,900,424,112,25021,2223,16
Central African Republic,1992,48415,15537,23443,7906,2147,1143,1208,3239,3553,3024,2552,2764,2702,2109,515,1562,1677,1753,1800,1641,1383,1296,1256,1361,1403,1365,1337,1251,858,406,109,25590,2351,16
Central African Republic,1993,50197,15814,23859,8045,2220,1209,1274,3460,3863,3377,2770,2915,2705,2040,494,1654,1806,1895,1968,1851,1526,1416,1354,1445,1470,1411,1294,1211,829,389,105,26079,2483,15
Central African Republic,1994,52212,16107,24277,8170,2289,1274,1361,3712,4215,3782,3025,3085,2730,1971,476,1756,1956,2059,2156,2072,1710,1560,1465,1541,1544,1460,1270,1168,803,373,103,26566,2635,15
Central African Republic,1995,54438,16494,24790,8296,2351,1339,1462,3978,4596,4217,3298,3258,2767,1909,458,1859,2119,2237,2359,2288,1929,1717,1581,1636,1622,1505,1262,1124,785,359,99,27141,2801,14
Central African Republic,1996,56477,16788,25211,8423,2397,1393,1561,4236,4965,4648,3577,3422,2806,1814,430,1960,2276,2411,2554,2491,2157,1880,1697,1729,1693,1546,1260,1067,747,336,94,27608,2954,14
Central African Republic,1997,58752,17012,25592,8580,2453,1458,1680,4543,5372,5121,3886,3603,2867,1750,414,2094,2449,2608,2764,2712,2409,2057,1829,1831,1772,1589,1278,1025,725,324,90,28045,3138,14
Central African Republic,1998,60651,17246,25928,8682,2487,1510,1768,4751,5704,5549,4166,3763,2924,1690,398,2185,2566,2770,2934,2896,2653,2214,1952,1925,1838,1624,1300,987,703,312,86,28415,3278,13
Central African Republic,1999,62680,17542,26313,8771,2521,1558,1866,5007,6044,5945,4474,3919,2982,1647,388,2316,2691,2942,3102,3072,2873,2392,2082,2018,1901,1659,1323,962,685,306,82,28834,3424,13
Central African Republic,2000,65070,17919,26900,8981,2613,1633,1983,5303,6379,6297,4826,4081,3042,1622,383,2482,2821,3111,3268,3240,3057,2605,2221,2115,1966,1698,1344,956,666,303,80,29513,3616,13
Central African Republic,2001,66595,18117,27171,9054,2637,1662,2059,5527,6597,6530,5126,4207,3088,1605,376,2622,2905,3222,3375,3345,3185,2788,2338,2194,2013,1727,1361,959,646,297,79,29808,3721,12
Central African Republic,2002,67439,18203,27272,9069,2625,1656,2119,5745,6719,6645,5363,4291,3099,1543,348,2764,2981,3288,3431,3393,3252,2938,2425,2254,2037,1744,1355,950,593,275,73,29897,3775,12
Central African Republic,2003,68176,18510,27625,9115,2643,1671,2135,5765,6705,6672,5557,4378,3123,1547,342,2785,2980,3267,3438,3393,3279,3067,2490,2311,2067,1758,1365,967,580,271,71,30268,3806,11
Central African Republic,2004,68695,18718,27891,9173,2665,1684,2169,5840,6637,6642,5711,4453,3133,1538,317,2836,3004,3219,3418,3363,3279,3146,2565,2362,2091,1763,1370,975,563,256,61,30556,3853,8
Central African Republic,2005,69011,18946,28156,9210,2677,1692,2189,5898,6511,6555,5825,4522,3143,1537,298,2869,3029,3145,3366,3306,3249,3166,2659,2409,2113,1767,1376,980,557,243,55,30833,3881,6
Central African Republic,2006,69399,19184,28400,9216,2685,1697,2213,6011,6398,6465,5927,4602,3160,1548,282,2926,3085,3085,3313,3252,3213,3171,2756,2462,2140,1774,1386,987,561,231,51,31085,3910,5
Central African Republic,2007,68928,19303,28538,9235,2688,1698,2186,5882,6122,6257,5950,4652,3160,1541,249,2860,3022,2947,3175,3137,3120,3128,2822,2495,2157,1772,1388,984,557,209,40,31226,3884,3
Central African Republic,2008,68644,19421,28622,9201,2674,1689,2172,5843,5918,6083,5980,4702,3174,1548,231,2845,2998,2865,3053,3046,3037,3086,2894,2521,2181,1781,1393,987,561,197,34,31296,3861,3
Central African Republic,2009,68272,19451,28531,9080,2640,1673,2158,5819,5755,5930,5990,4796,3196,1558,220,2838,2981,2817,2938,2969,2961,3048,2942,2578,2218,1798,1398,991,567,190,30,31171,3831,2
Central African Republic,2010,68061,19523,28507,8984,2611,1658,2148,5795,5624,5790,5965,4940,3231,1574,216,2829,2966,2796,2828,2898,2892,3009,2956,2673,2267,1824,1407,1002,572,189,27,31118,3806,2
Central African Republic,2011,67308,19407,28211,8804,2535,1607,2084,5650,5500,5668,5933,5083,3252,1575,205,2745,2905,2772,2728,2831,2837,2972,2961,2768,2315,1843,1409,1005,570,183,22,30746,3691,1
Central African Republic,2012,65792,19058,27676,8618,2502,1592,2060,5434,5200,5378,5781,5174,3264,1549,176,2658,2776,2653,2547,2670,2708,2869,2912,2832,2342,1858,1406,998,551,162,14,30178,3652,1
Central African Republic,2013,65068,18531,26953,8422,2447,1559,2114,5616,5156,5241,5722,5303,3289,1513,150,2780,2836,2666,2490,2586,2655,2818,2904,2927,2376,1882,1407,984,529,142,8,29400,3673,1
Central African Republic,2014,66048,18241,26965,8724,2667,1661,2291,5866,5113,5129,5736,5555,3420,1511,132,2962,2904,2665,2448,2503,2626,2798,2938,3057,2498,1967,1453,991,520,126,6,29632,3952,1
Central African Republic,2015,58936,16922,24631,7709,2361,1502,1911,4506,4211,4422,5230,5357,3289,1406,105,2261,2245,2155,2056,2110,2312,2522,2708,2900,2457,1902,1387,933,473,100,5,26992,3413,1
Central African Republic,2016,57751,16444,23685,7241,2289,1464,1914,4497,4135,4251,5130,5475,3374,1430,109,2281,2216,2109,2026,2008,2243,2459,2671,2911,2564,1958,1416,945,485,103,6,25974,3378,1
Central African Republic,2017,58038,16421,23337,6916,2245,1449,2010,4824,4226,4172,5080,5615,3488,1469,119,2491,2333,2164,2062,1967,2205,2427,2653,2930,2685,2027,1461,966,503,113,6,25582,3459,1
Central African Republic,2018,57525,16455,23232,6777,2232,1443,1963,4616,4075,4001,4987,5743,3598,1504,130,2393,2223,2074,2001,1885,2116,2375,2612,2935,2808,2090,1508,989,515,121,9,25464,3406,1
Central African Republic,2019,56856,16245,22770,6525,2137,1409,1910,4515,4022,3907,4931,5843,3731,1541,139,2337,2178,2038,1984,1859,2048,2348,2583,2941,2902,2174,1557,1014,527,130,9,24907,3319,1
Central African Republic,2020,59147,16223,22592,6369,2053,1380,1796,4342,3985,4090,5513,6914,4508,1809,167,2237,2105,1989,1996,1951,2139,2584,2929,3436,3478,2682,1826,1185,624,157,10,24645,3176,1
Central African Republic,2021,62683,16600,23144,6544,2082,1430,2009,5018,4363,4347,5799,7367,4984,1945,193,2595,2423,2199,2164,2107,2240,2720,3079,3631,3736,2975,2009,1279,666,179,14,25226,3439,1
Chad,1950,69861,21891,35433,13542,3734,1682,1628,3744,3679,3694,4012,5239,5157,1732,126,1872,1872,1844,1835,1851,1843,1982,2030,2444,2795,2847,2310,1241,491,112,14,39167,3310,1
Chad,1951,72023,23322,37172,13850,3790,1701,1646,3780,3719,3731,4084,5243,5233,1802,125,1891,1889,1864,1855,1871,1860,2012,2072,2435,2808,2878,2355,1305,497,111,14,40962,3347,1
Chad,1952,73361,23440,37961,14521,3857,1726,1674,3828,3781,3777,4170,5253,5322,1880,127,1917,1911,1894,1887,1895,1882,2032,2138,2423,2830,2922,2400,1383,497,113,14,41818,3400,2
Chad,1953,74072,23581,38564,14983,3860,1728,1682,3829,3789,3778,4212,5205,5348,1945,130,1920,1909,1897,1892,1895,1883,2022,2190,2388,2817,2935,2413,1445,500,115,15,42424,3410,1
Chad,1954,75067,23725,39121,15396,3866,1753,1706,3872,3837,3826,4291,5217,5420,2022,134,1946,1926,1919,1918,1919,1907,2034,2257,2394,2823,2972,2448,1504,518,119,15,42987,3459,1
Chad,1955,76018,23865,39528,15663,3958,1786,1731,3921,3888,3876,4359,5251,5486,2097,135,1973,1948,1941,1947,1945,1931,2051,2308,2423,2828,3001,2485,1552,545,121,14,43486,3517,1
Chad,1956,76784,24013,39779,15766,4130,1810,1750,3956,3923,3913,4407,5283,5532,2162,137,1994,1962,1957,1966,1966,1947,2067,2340,2469,2814,3018,2514,1584,578,123,14,43909,3560,1
Chad,1957,77601,24153,40033,15880,4293,1837,1772,4003,3964,3958,4446,5342,5587,2228,136,2022,1981,1973,1991,1991,1967,2087,2359,2545,2797,3036,2551,1614,614,122,14,44326,3609,1
Chad,1958,78221,24295,40308,16013,4406,1850,1782,4033,3978,3984,4457,5391,5617,2279,138,2040,1993,1977,2001,2006,1978,2100,2357,2620,2771,3039,2578,1633,646,123,15,44714,3632,1
Chad,1959,78900,24452,40571,16119,4537,1852,1799,4072,3999,4019,4479,5458,5642,2327,143,2063,2009,1985,2014,2026,1993,2118,2361,2688,2770,3039,2603,1655,672,129,14,45108,3651,1
Chad,1960,79779,24607,40843,16236,4666,1889,1833,4131,4044,4078,4527,5558,5680,2376,154,2094,2037,2006,2038,2057,2021,2146,2381,2752,2806,3046,2634,1682,694,138,16,45509,3722,1
Chad,1961,80451,24772,41155,16383,4720,1947,1854,4160,4059,4108,4552,5644,5680,2403,165,2108,2052,2014,2045,2071,2037,2160,2392,2787,2857,3030,2650,1706,697,149,16,45875,3801,1
Chad,1962,81300,24950,41441,16491,4807,2018,1885,4213,4098,4160,4599,5758,5691,2453,175,2132,2081,2035,2063,2096,2064,2182,2417,2810,2948,3016,2675,1736,717,160,15,46248,3903,1
Chad,1963,82051,25119,41719,16600,4876,2083,1907,4259,4126,4203,4644,5864,5683,2493,185,2155,2104,2052,2074,2115,2088,2202,2442,2818,3046,2996,2687,1761,732,169,16,46595,3990,1
Chad,1964,82764,25305,42017,16712,4937,2158,1914,4303,4148,4238,4683,5952,5691,2529,195,2177,2126,2067,2081,2129,2109,2221,2462,2824,3128,2998,2693,1782,747,178,17,46954,4072,1
Chad,1965,84850,25586,42559,16973,5121,2269,2006,4545,4322,4400,4845,6161,5828,2588,202,2306,2239,2160,2162,2208,2192,2301,2544,2901,3260,3088,2740,1822,766,184,18,47680,4275,1
Chad,1966,86004,25626,42513,16887,5125,2281,2139,4987,4585,4559,4939,6214,5852,2605,202,2547,2440,2314,2271,2294,2265,2356,2583,2921,3293,3137,2715,1829,776,187,15,47638,4420,1
Chad,1967,86549,25767,42717,16950,5183,2309,2195,5005,4596,4572,4973,6245,5917,2626,204,2564,2441,2322,2274,2296,2276,2375,2598,2938,3307,3225,2692,1841,785,189,15,47900,4504,1
Chad,1968,86861,25909,42860,16951,5222,2328,2251,4999,4587,4561,4985,6245,5979,2639,206,2564,2435,2320,2267,2286,2275,2383,2602,2948,3297,3316,2663,1845,794,191,15,48082,4579,1
Chad,1969,87515,26115,43116,17001,5287,2358,2340,5001,4599,4571,5023,6275,6079,2657,210,2558,2443,2327,2272,2287,2284,2405,2618,2972,3303,3408,2671,1852,805,194,16,48403,4698,1
Chad,1970,88368,26368,43466,17098,5368,2395,2413,5042,4618,4591,5074,6322,6193,2673,212,2582,2460,2337,2281,2293,2298,2428,2646,3000,3322,3482,2711,1858,815,196,16,48834,4808,1
Chad,1971,91625,26893,44595,17702,5675,2565,2580,5373,4860,4812,5303,6539,6405,2699,216,2774,2599,2459,2401,2405,2407,2543,2760,3112,3427,3593,2812,1870,829,201,15,50270,5145,1
Chad,1972,90370,27416,44695,17279,5516,2453,2475,5203,4624,4595,5138,6395,6391,2668,221,2719,2484,2335,2289,2295,2300,2455,2683,3036,3359,3538,2853,1837,831,205,16,50211,4928,1
Chad,1973,91931,28364,46397,18033,5703,2517,2434,4910,4417,4491,5137,6468,6543,2685,226,2588,2322,2209,2208,2235,2256,2444,2693,3062,3406,3570,2973,1842,843,209,17,52100,4951,1
Chad,1974,94063,28775,47520,18745,5890,2584,2498,5063,4483,4549,5226,6587,6699,2725,230,2720,2343,2242,2241,2266,2283,2480,2746,3116,3471,3612,3087,1870,855,213,17,53410,5082,1
Chad,1975,95742,29165,48407,19242,6076,2640,2549,5181,4523,4584,5283,6678,6817,2770,229,2810,2371,2265,2258,2285,2299,2501,2782,3158,3520,3650,3167,1910,860,213,16,54483,5189,1
Chad,1976,96688,29413,48845,19432,6044,2611,2623,5579,4664,4626,5288,6638,6774,2773,223,3018,2561,2360,2304,2316,2310,2505,2783,3145,3493,3616,3158,1929,844,208,15,54889,5234,1
Chad,1977,97561,29674,49419,19745,6205,2643,2643,5623,4618,4601,5281,6671,6811,2827,214,3026,2597,2339,2279,2303,2298,2494,2787,3163,3508,3640,3171,1993,834,203,11,55624,5286,1
Chad,1978,98148,29853,49769,19916,6380,2676,2661,5656,4551,4565,5264,6695,6836,2886,209,3025,2631,2307,2244,2284,2281,2478,2786,3175,3520,3663,3173,2059,827,198,11,56149,5337,0
Chad,1979,98558,30052,50166,20114,6477,2696,2669,5693,4446,4501,5221,6698,6842,2941,206,3017,2676,2244,2202,2250,2251,2451,2770,3177,3521,3676,3166,2112,829,196,10,56643,5365,0
Chad,1980,99783,30522,50902,20380,6576,2739,2703,5808,4445,4488,5221,6745,6905,3027,220,3061,2747,2247,2198,2242,2246,2448,2773,3196,3549,3710,3195,2168,859,208,12,57478,5442,0
Chad,1981,96633,29319,49756,20437,6591,2768,2610,5241,4007,4193,5031,6624,6781,2894,134,2799,2442,2023,1984,2070,2123,2346,2685,3132,3492,3649,3132,2105,789,129,5,56347,5378,0
Chad,1982,96530,29226,49542,20316,6575,2810,2651,5295,4004,4124,4973,6616,6809,2979,151,2843,2452,2052,1952,2030,2094,2317,2656,3119,3497,3655,3154,2129,850,147,4,56117,5461,0
Chad,1983,102414,32207,52628,20421,6536,2872,2813,6046,4513,4350,5106,6766,7024,3277,445,3223,2823,2376,2137,2158,2192,2395,2711,3186,3580,3746,3278,2252,1025,300,145,59164,5685,39
Chad,1984,105025,33921,54702,20781,6570,2939,2853,6182,4614,4357,5106,6819,7118,3347,385,3291,2891,2486,2128,2162,2195,2397,2709,3201,3618,3787,3331,2283,1064,290,95,61272,5792,37
Chad,1985,103251,33341,54913,21572,6642,3007,2720,5432,4162,4058,4933,6763,7119,3277,207,2900,2532,2246,1916,1994,2064,2303,2630,3156,3607,3787,3332,2257,1020,201,6,61555,5727,17
Chad,1986,104120,32954,54636,21682,6561,3036,2874,5927,4420,4134,4960,6791,7188,3340,233,3176,2751,2389,2031,2043,2091,2321,2639,3162,3629,3820,3368,2293,1047,223,10,61197,5910,9
Chad,1987,115599,34284,56367,22083,6618,3174,3860,9559,6376,5181,5675,7315,7593,3540,324,5169,4390,3531,2845,2625,2556,2700,2975,3430,3885,4046,3547,2419,1121,283,41,62985,7034,12
Chad,1988,110386,35861,58483,22622,6997,3257,3063,6037,4677,4184,5071,7031,7572,3627,373,3200,2837,2483,2194,2076,2108,2372,2699,3249,3782,4018,3554,2470,1157,321,52,65480,6320,14
Chad,1989,113887,37017,60086,23069,7253,3281,3238,6553,5043,4279,5153,7123,7725,3731,404,3472,3081,2664,2379,2123,2156,2414,2739,3284,3839,4097,3628,2538,1193,347,57,67339,6519,14
Chad,1990,121479,37987,61726,23739,7459,3348,3850,8764,6289,4865,5534,7396,7974,3843,417,4679,4085,3373,2916,2451,2414,2615,2919,3421,3975,4233,3741,2614,1229,362,55,69185,7198,13
Chad,1991,119914,38511,63251,24740,8028,3505,3488,6828,5364,4460,5291,7357,8078,3894,365,3611,3217,2816,2548,2243,2217,2471,2820,3380,3977,4282,3796,2657,1237,340,25,71279,6993,6
Chad,1992,125134,40244,65499,25255,8389,3523,3659,7487,5827,4736,5441,7540,8363,4114,528,3957,3530,3082,2745,2428,2308,2540,2901,3464,4076,4420,3943,2778,1336,423,105,73888,7182,23
Chad,1993,128634,41681,67460,25779,8848,3637,3709,7645,6013,4877,5501,7640,8545,4218,512,4044,3601,3180,2833,2541,2336,2561,2940,3511,4129,4509,4036,2845,1373,423,89,76308,7346,22
Chad,1994,128789,41217,67645,26428,9179,3761,3700,7541,5947,4865,5447,7617,8566,4152,354,4015,3526,3138,2809,2590,2275,2528,2919,3500,4117,4517,4049,2826,1326,334,20,76824,7461,10
Chad,1995,130801,41506,68346,26840,9550,3876,3753,7726,6117,4994,5476,7657,8672,4239,390,4118,3608,3226,2891,2694,2300,2545,2931,3520,4137,4561,4111,2878,1361,362,28,77896,7629,5
Chad,1996,136205,43712,71098,27386,9835,3975,3853,8317,6583,5293,5598,7759,8825,4436,600,4406,3911,3481,3102,2848,2445,2618,2980,3572,4187,4623,4202,2977,1459,468,132,80933,7828,29
Chad,1997,139264,44810,72647,27837,10206,4125,3875,8587,6830,5489,5651,7831,8930,4505,565,4519,4068,3606,3224,2938,2551,2654,2997,3607,4224,4665,4265,3028,1477,462,103,82853,8000,27
Chad,1998,143005,45460,73646,28186,10893,4371,4009,8971,7190,5800,5783,8003,9133,4626,557,4671,4300,3788,3402,3087,2713,2724,3059,3690,4313,4758,4375,3114,1512,467,90,84539,8380,23
Chad,1999,145977,46031,74602,28571,11331,4547,4150,9251,7483,6094,5850,8116,9267,4718,552,4769,4482,3934,3549,3212,2882,2746,3104,3742,4374,4816,4451,3178,1540,471,81,85933,8697,17
Chad,2000,149459,46548,75613,29065,11676,4765,4338,9729,7915,6443,5990,8223,9371,4803,567,4975,4754,4163,3752,3384,3059,2824,3166,3795,4428,4863,4508,3234,1569,481,86,87289,9103,16
Chad,2001,151095,47035,76218,29183,12016,4935,4413,9665,8036,6573,6094,8260,9443,4873,559,4892,4773,4217,3819,3462,3111,2909,3185,3805,4455,4894,4549,3280,1593,481,78,88234,9348,13
Chad,2002,153994,47175,76367,29192,12553,5185,4673,10005,8465,6890,6319,8390,9587,4978,569,5024,4981,4454,4011,3643,3247,3064,3255,3860,4530,4969,4618,3349,1629,491,78,88920,9858,11
Chad,2003,156560,47566,76859,29293,13005,5437,4853,10115,8764,7144,6518,8487,9696,5073,594,5077,5038,4621,4143,3784,3360,3214,3304,3897,4590,5027,4669,3408,1665,507,87,89864,10290,12
Chad,2004,162377,48943,78479,29536,13615,5719,5145,10831,9436,7643,6879,8710,9916,5257,719,5471,5360,4994,4442,4059,3584,3485,3394,4005,4705,5146,4770,3511,1746,570,149,92094,10864,29
Chad,2005,168246,50356,80091,29735,14293,5970,5456,11474,10098,8152,7265,8963,10171,5450,817,5818,5656,5349,4749,4336,3816,3734,3531,4133,4830,5282,4889,3621,1829,625,192,94384,11426,47
Chad,2006,173025,51086,81198,30112,14776,6213,5810,12221,10768,8647,7632,9135,10305,5501,768,6260,5961,5707,5061,4602,4045,3912,3720,4234,4901,5357,4948,3657,1844,610,158,95974,12023,44
Chad,2007,174929,51488,81717,30229,15098,6407,5956,12199,10931,8886,7875,9185,10359,5530,750,6336,5863,5745,5186,4716,4170,4016,3859,4272,4913,5389,4970,3672,1858,606,144,96815,12363,39
Chad,2008,177397,51665,82074,30409,15585,6643,6165,12306,11147,9192,8204,9306,10482,5564,702,6439,5867,5787,5360,4863,4329,4157,4047,4340,4966,5460,5022,3698,1866,588,114,97659,12808,29
Chad,2009,181204,51985,82391,30406,16187,6911,6448,12830,11607,9638,8669,9457,10657,5651,732,6708,6122,5968,5639,5093,4545,4349,4320,4404,5053,5554,5103,3749,1902,607,125,98578,13359,28
Chad,2010,183391,52356,82630,30274,16610,7105,6590,13088,11801,9930,8996,9550,10689,5659,719,6869,6219,6014,5787,5239,4691,4492,4504,4459,5091,5571,5118,3755,1904,603,116,99240,13695,24
Chad,2011,185281,52532,82785,30253,16964,7241,6743,13371,11911,10198,9236,9730,10704,5668,712,7053,6318,6010,5901,5378,4820,4631,4605,4601,5129,5573,5131,3759,1909,601,111,99749,13984,21
Chad,2012,186634,52651,82669,30018,17183,7293,6866,13703,11932,10449,9465,9904,10714,5694,735,7237,6466,5967,5965,5518,4931,4762,4703,4750,5154,5566,5148,3772,1922,615,120,99852,14159,22
Chad,2013,189629,52629,82479,29850,17783,7503,7081,14247,12179,10889,9854,10232,10856,5767,734,7549,6698,6082,6097,5766,5123,4971,4883,4991,5241,5632,5224,3825,1942,619,115,100262,14584,20
Chad,2014,191964,52753,82426,29673,18012,7616,7252,14668,12415,11242,10192,10525,10958,5846,786,7790,6878,6239,6176,5960,5282,5150,5042,5265,5260,5682,5276,3872,1974,648,138,100438,14868,26
Chad,2015,193993,52676,82208,29532,18176,7758,7447,15090,12615,11574,10532,10827,11050,5901,789,8001,7089,6370,6245,6132,5442,5326,5206,5490,5337,5737,5313,3907,1994,654,135,100384,15205,26
Chad,2016,193831,51900,81029,29129,18362,7880,7526,15163,12542,11723,10777,11104,11099,5903,712,8026,7137,6373,6169,6190,5533,5440,5337,5602,5502,5778,5321,3919,1984,622,90,99391,15406,14
Chad,2017,196697,51301,79996,28695,18855,8175,7782,15893,12912,12185,11250,11583,11286,6017,753,8400,7493,6660,6252,6391,5794,5672,5578,5814,5769,5891,5395,3992,2025,644,109,98851,15957,14
Chad,2018,197478,51045,79124,28079,18909,8299,7863,16181,13028,12375,11544,11951,11344,6074,770,8516,7665,6768,6260,6421,5954,5808,5736,5959,5992,5930,5414,4025,2049,654,116,98033,16162,15
Chad,2019,199589,51147,78602,27455,18981,8428,8020,16696,13335,12652,11931,12476,11438,6179,824,8783,7913,6934,6401,6499,6153,5994,5937,6154,6322,5958,5480,4086,2093,685,139,97583,16448,22
Chad,2020,207827,50936,77893,26957,19222,8583,8111,16839,13718,13666,13801,15077,13089,6946,862,8890,7949,7089,6629,6879,6787,6839,6962,7396,7681,6948,6141,4573,2373,734,128,97115,16694,20
Chad,2021,214803,50589,77189,26600,19421,8794,8547,17831,14591,14541,15098,16508,14124,7267,878,9382,8449,7561,7030,7192,7349,7472,7626,8139,8369,7581,6543,4798,2469,750,128,96610,17341,18
Chile,1950,101362,29147,38994,9847,1376,978,1641,3969,4609,5764,7257,8860,10550,9930,6472,2091,1878,2082,2527,2774,2990,3567,3690,4326,4534,5171,5379,5197,4733,4072,2400,40370,2619,960
Chile,1951,95157,29739,39895,10156,1376,970,1583,4000,4565,5785,7323,8915,9972,7694,2643,2066,1934,2069,2496,2786,2999,3560,3763,4380,4535,4977,4995,4406,3288,1818,825,41271,2553,435
Chile,1952,91792,30014,40315,10301,1371,957,1517,3987,4480,5761,7316,8918,9459,6268,1251,2003,1984,2042,2438,2772,2989,3517,3799,4390,4528,4777,4682,3833,2435,987,264,41686,2474,191
Chile,1953,90154,30289,40685,10396,1376,951,1464,3976,4413,5760,7330,8963,9096,5377,684,1934,2042,2028,2385,2765,2995,3487,3843,4408,4555,4631,4465,3450,1927,609,75,42061,2415,78
Chile,1954,89000,30558,40927,10369,1474,985,1437,3957,4286,5690,7247,8835,8892,4805,438,1912,2045,2053,2233,2690,3000,3637,3610,4366,4469,4574,4318,3192,1613,424,14,42401,2422,27
Chile,1955,90942,30824,41264,10440,1470,927,1423,3935,4709,6096,7646,9320,9186,4630,328,1815,2120,2226,2483,2958,3138,3539,4107,4573,4747,4775,4411,3155,1475,323,5,42734,2350,9
Chile,1956,88694,31132,41568,10436,1294,934,1287,3706,4486,5742,7415,9212,8640,4164,241,1663,2043,2086,2400,2691,3051,3487,3928,4500,4712,4528,4112,2892,1272,238,3,42862,2221,3
Chile,1957,92210,31184,41620,10436,1378,971,1453,4120,4584,5939,7830,10175,9509,4409,214,1914,2206,2130,2454,2812,3127,3512,4318,4859,5316,5043,4466,3108,1301,213,1,42998,2424,1
Chile,1958,87523,31052,41478,10426,1426,954,1275,3705,4327,5671,7463,8921,8367,3778,162,1689,2016,2099,2228,2685,2986,3440,4023,4372,4549,4479,3888,2689,1089,161,1,42904,2229,0
Chile,1959,92781,30852,41126,10274,1481,1016,1378,3730,4772,6256,8356,10073,10012,4399,174,1707,2023,2329,2443,2900,3356,3895,4461,4948,5125,5398,4614,3152,1247,173,1,42607,2394,0
Chile,1960,89653,30542,40649,10107,1668,1035,1355,3729,4790,5962,7800,9595,8990,3933,145,1774,1955,2340,2450,2653,3309,3625,4175,4822,4773,4821,4169,2828,1105,145,0,42317,2390,0
Chile,1961,89514,30092,39970,9878,1354,884,1306,3604,4671,5796,7801,10233,9561,4178,153,1715,1889,2342,2329,2705,3091,3691,4110,5045,5188,5094,4467,3005,1173,152,1,41324,2190,0
Chile,1962,89913,29459,38967,9508,1425,901,1305,3487,5137,6515,8367,10153,9399,4108,148,1734,1753,2585,2552,2983,3532,4122,4245,5116,5037,4959,4440,2946,1162,147,1,40392,2206,0
Chile,1963,95233,28661,37845,9184,1315,857,1353,3677,5572,6929,9501,11774,11342,4898,176,1751,1926,2590,2982,3137,3792,4478,5023,5930,5844,5948,5394,3508,1390,175,1,39160,2210,0
Chile,1964,89242,27685,36426,8741,1381,915,1308,3469,5014,6048,8532,10676,10701,4611,162,1696,1773,2313,2701,2870,3178,4109,4423,5241,5435,5571,5130,3308,1303,161,1,37807,2223,0
Chile,1965,87919,26567,34818,8251,1262,846,1278,3435,4603,5725,8491,11023,11313,4948,176,1698,1737,2035,2568,2708,3017,3907,4584,5345,5678,5835,5478,3554,1394,175,1,36080,2124,0
Chile,1966,88558,29109,34222,5113,1251,770,1278,3401,4783,6033,8521,10888,11985,5237,184,1637,1764,1970,2813,2798,3235,3923,4598,5032,5856,6182,5803,3777,1460,183,1,35473,2048,0
Chile,1967,85305,26183,30270,4087,1168,851,1199,3269,4676,6054,8785,11271,12098,5467,194,1527,1742,1977,2699,2909,3145,4073,4712,5345,5926,6157,5941,3958,1509,193,1,31438,2050,0
Chile,1968,82921,23404,26917,3513,1046,783,1172,3309,4445,6195,8921,11593,12509,5828,208,1593,1716,1817,2628,2833,3362,4041,4880,5588,6005,6302,6207,4229,1599,207,1,27963,1955,0
Chile,1969,83975,21776,25228,3452,1029,723,1226,3326,4275,6289,8883,12321,13875,6567,233,1625,1701,1854,2421,3005,3284,3938,4945,5737,6584,6959,6916,4772,1795,232,1,26257,1949,0
Chile,1970,82292,21536,25205,3669,1180,861,1228,3196,3977,5880,8483,12044,13420,6586,235,1569,1627,1776,2201,2758,3122,3727,4756,5750,6294,6650,6770,4773,1813,234,1,26385,2089,0
Chile,1971,82987,20116,23249,3133,1136,857,1205,3281,4168,6447,8801,12264,14193,7128,259,1577,1704,1938,2230,3236,3211,3919,4882,5877,6387,7007,7186,5143,1985,258,1,24385,2062,0
Chile,1972,86623,20323,23165,2842,1124,915,1371,3557,4529,7169,9459,12894,14626,7540,274,1698,1859,2135,2394,3612,3557,4388,5071,6151,6743,7191,7435,5414,2126,273,1,24289,2286,0
Chile,1973,80152,18215,20574,2359,973,855,1436,3945,4195,6158,8358,11825,14086,7462,282,1900,2045,1985,2210,3000,3158,3795,4563,5591,6234,6931,7155,5316,2146,281,1,21547,2291,0
Chile,1974,77339,17559,20154,2595,907,824,1202,2844,3552,5630,7991,11777,14323,7832,310,1410,1434,1625,1927,2605,3025,3661,4330,5605,6172,7054,7269,5534,2298,308,2,21061,2026,0
Chile,1975,72516,14604,16793,2189,882,748,1171,2862,3469,5560,7723,11809,13538,7633,323,1407,1455,1609,1860,2411,3149,3495,4228,5548,6261,6686,6852,5348,2285,322,1,17675,1919,0
Chile,1976,77450,13706,15827,2121,892,791,1214,2960,3624,5756,8518,13080,15484,8892,412,1423,1537,1647,1977,2409,3347,3823,4695,5835,7245,7713,7771,6171,2721,408,4,16719,2005,0
Chile,1977,71365,11407,13134,1727,817,785,1086,2819,3367,5602,8391,12339,14277,8339,412,1427,1392,1532,1835,2260,3342,3859,4532,5758,6581,7151,7126,5735,2604,409,3,13951,1871,0
Chile,1978,70517,9160,10694,1534,745,672,1130,2803,3613,5807,8704,12688,14510,8683,470,1446,1357,1558,2055,2439,3368,4089,4615,5941,6747,7275,7235,5901,2782,465,5,11439,1802,0
Chile,1979,72691,8787,10235,1448,694,687,1104,2898,3442,5538,8906,13117,15943,9563,557,1529,1369,1532,1910,2278,3260,4216,4690,5841,7276,8030,7913,6427,3136,552,5,10929,1791,0
Chile,1980,71346,8043,9272,1229,675,639,1139,2932,3457,5182,8922,12895,16026,9602,598,1494,1438,1535,1922,2214,2968,4191,4731,5676,7219,8063,7963,6402,3200,591,7,9947,1778,0
Chile,1981,67858,7086,8220,1134,588,641,1023,2817,3211,4907,8629,12324,15487,9380,630,1405,1412,1490,1721,2177,2730,4233,4396,5511,6813,7732,7755,6197,3183,620,10,8808,1664,0
Chile,1982,68224,6498,7606,1108,513,619,945,2736,3110,4875,8811,12645,15953,9704,705,1287,1449,1393,1717,2120,2755,4194,4617,5652,6993,7920,8033,6361,3343,693,12,8119,1564,0
Chile,1983,72490,5797,7062,1265,538,615,945,2827,3356,5285,9576,13406,17465,10594,820,1391,1436,1507,1849,2328,2957,4361,5215,5890,7516,8650,8815,6912,3682,802,18,7600,1560,0
Chile,1984,72293,5329,6420,1091,477,521,892,2773,3324,5520,9515,13548,17642,10782,878,1363,1410,1414,1910,2510,3010,4212,5303,6106,7442,8681,8961,7029,3753,859,19,6897,1413,0
Chile,1985,70728,5260,6210,950,458,472,868,2720,3088,5123,9020,13037,17760,11014,954,1374,1346,1412,1676,2269,2854,3795,5225,5879,7158,8710,9050,7165,3849,928,26,6668,1340,0
Chile,1986,69399,5351,6320,969,450,466,913,2634,2974,4677,8558,12686,17573,11123,1021,1329,1305,1393,1581,2082,2595,3451,5107,5653,7033,8584,8989,7231,3892,987,34,6770,1379,0
Chile,1987,67774,5252,6170,918,432,413,848,2637,2902,4295,7873,12412,17360,11335,1099,1302,1335,1363,1539,1900,2395,3198,4675,5594,6818,8412,8948,7355,3980,1058,41,6602,1261,0
Chile,1988,70562,5581,6541,960,421,429,808,2686,2958,4570,8109,12911,17893,12014,1223,1338,1348,1421,1537,2027,2543,3339,4770,5915,6996,8611,9282,7778,4236,1168,55,6962,1237,0
Chile,1989,72745,5108,6099,991,415,418,859,2764,3369,5171,8786,13554,17728,12269,1311,1326,1438,1609,1760,2295,2876,3685,5101,6370,7184,8498,9230,7896,4373,1244,67,6514,1277,0
Chile,1990,75067,4802,5707,905,403,385,847,2756,3279,5375,8749,14750,18783,12659,1377,1260,1496,1586,1693,2355,3020,3776,4973,6947,7803,8930,9853,8141,4518,1294,83,6110,1232,0
Chile,1991,72057,4269,5092,823,434,366,815,2531,3160,4808,7918,14174,18361,12898,1498,1200,1331,1499,1661,2124,2684,3467,4451,6671,7503,8705,9656,8174,4724,1396,102,5526,1181,0
Chile,1992,71668,4020,4871,851,336,354,780,2593,3011,4365,7323,14084,18607,13594,1744,1237,1356,1442,1569,1934,2431,3149,4174,6562,7522,8880,9727,8455,5139,1606,138,5207,1134,1
Chile,1993,74405,3609,4325,716,371,368,794,2688,3121,4479,7576,14511,19199,14882,2091,1231,1457,1472,1649,1912,2567,3312,4264,6515,7996,9056,10143,9072,5810,1910,181,4696,1162,2
Chile,1994,74125,3294,3943,649,368,357,739,2538,3215,4783,7957,14454,18658,14862,2248,1148,1390,1488,1727,1955,2828,3526,4431,6272,8182,9124,9534,8924,5938,2043,205,4311,1096,3
Chile,1995,77134,2961,3699,738,342,348,725,2539,3327,4937,8242,15167,19536,15779,2488,1209,1330,1531,1796,2077,2860,3611,4631,6523,8644,9694,9842,9368,6411,2260,228,4041,1073,4
Chile,1996,77989,2979,3528,549,343,373,734,2519,3393,4867,8295,15092,19874,16253,2707,1242,1277,1609,1784,2044,2823,3742,4553,6178,8914,9670,10204,9561,6692,2456,251,3871,1107,5
Chile,1997,76065,2668,3178,510,402,371,670,2457,3383,4824,8162,14322,19377,16133,2782,1158,1299,1607,1776,2162,2662,3582,4580,5669,8653,9563,9814,9407,6726,2519,263,3580,1041,6
Chile,1998,78825,2771,3338,567,349,309,702,2300,3296,4658,8204,14060,20743,17458,3397,1028,1272,1533,1763,2071,2587,3513,4691,5805,8255,10130,10613,9967,7491,3061,336,3687,1011,9
Chile,1999,79588,2661,3101,440,305,302,667,2233,3183,4776,8065,13712,21345,18267,3619,972,1261,1472,1711,2150,2626,3460,4605,5570,8142,10295,11050,10379,7888,3254,365,3406,969,10
Chile,2000,76110,2356,2778,422,296,302,676,2143,3068,4721,7909,13297,21022,16635,3245,954,1189,1369,1699,2115,2606,3504,4405,5691,7606,10294,10728,9597,7038,2899,346,3074,978,12
Chile,2001,80035,2193,2668,475,284,322,705,2228,3251,4909,8427,13901,21915,17689,3720,997,1231,1446,1805,2227,2682,3676,4751,6089,7812,10867,11048,10175,7514,3287,433,2952,1027,15
Chile,2002,79000,1993,2427,434,243,350,644,2116,2940,4926,8194,13565,22356,17585,3635,987,1129,1260,1680,2208,2718,3531,4663,5882,7683,11040,11316,10309,7276,3183,452,2670,994,17
Chile,2003,83178,1911,2297,386,240,312,609,2046,3004,4996,8533,13947,22805,19590,4773,997,1049,1316,1688,2198,2798,3636,4897,6266,7681,10791,12014,11289,8301,4095,678,2537,921,26
Chile,2004,84744,1954,2332,378,227,311,713,2009,2991,5130,8365,13989,23465,20334,4844,985,1024,1311,1680,2278,2852,3582,4783,6188,7801,10790,12675,11930,8404,4117,727,2559,1024,30
Chile,2005,85697,1806,2137,331,218,273,739,1928,2962,5054,8232,13993,23520,21336,5263,945,983,1321,1641,2224,2830,3435,4797,6184,7809,10303,13217,12551,8785,4406,857,2355,1012,40
Chile,2006,87375,1729,2063,334,218,304,709,1976,2935,5278,8542,14429,23597,21914,5353,954,1022,1324,1611,2341,2937,3634,4908,6358,8071,10100,13497,12997,8917,4423,930,2281,1013,50
Chile,2007,94861,1899,2195,296,210,262,747,2080,2949,5584,9088,15560,24900,24848,6365,985,1095,1265,1684,2346,3238,3871,5217,6892,8668,10384,14516,14647,10201,5157,1208,2405,1009,75
Chile,2008,92540,1857,2145,288,219,284,782,2160,2992,5424,9121,15295,23405,24253,6365,1073,1087,1324,1668,2285,3139,4060,5061,6888,8407,10133,13272,14222,10031,5059,1306,2364,1066,95
Chile,2009,94401,1906,2211,305,188,237,762,2243,2776,5524,9293,15362,23048,25570,7056,1104,1139,1183,1593,2291,3233,4158,5135,6916,8446,9986,13062,14726,10844,5516,1540,2399,999,130
Chile,2010,101306,1770,2073,303,188,237,731,2190,2767,5712,9461,15986,24509,28842,8428,1080,1110,1168,1599,2349,3363,4303,5158,7235,8751,10765,13744,16201,12641,6518,1910,2261,968,184
Chile,2011,99613,1803,2075,272,158,240,669,2084,2685,5239,9567,15857,23300,28679,8825,1067,1017,1108,1577,2085,3154,4218,5349,7150,8707,10421,12879,15706,12973,6771,2054,2233,909,226
Chile,2012,105229,1705,1993,288,176,219,620,1882,2647,5292,9813,16086,24382,31440,10372,907,975,1167,1480,2177,3115,4316,5497,6876,9210,10982,13400,16626,14814,7916,2456,2169,839,303
Chile,2013,105599,1583,1858,275,168,236,627,1928,2582,5428,10116,16486,24199,30918,10692,929,999,1145,1437,2170,3258,4531,5585,7206,9280,11171,13028,15960,14958,8131,2561,2026,863,357
Chile,2014,108090,1727,1999,272,164,204,579,2023,2574,5182,10123,16707,24466,31653,11963,962,1061,1174,1400,2091,3091,4358,5765,7108,9599,11331,13135,15945,15708,9031,2932,2163,783,452
Chile,2015,109199,1596,1841,245,183,207,622,1985,2596,5189,10513,16859,24501,31358,12806,870,1115,1140,1456,2123,3066,4561,5952,7249,9610,11300,13201,15636,15722,9595,3211,2024,829,536
Chile,2016,110030,1534,1774,240,164,195,567,1940,2619,5005,10241,16813,24730,31392,13949,897,1043,1183,1436,2125,2880,4456,5785,7290,9523,11404,13326,15567,15825,10357,3592,1938,762,638
Chile,2017,112090,1467,1680,213,142,173,538,1903,2526,4826,10178,16628,24972,32516,15267,856,1047,1162,1364,1977,2849,4296,5882,7331,9297,11550,13422,16145,16371,11302,3965,1822,711,740
Chile,2018,117566,1479,1715,236,162,214,561,2014,2895,5339,10511,18547,25461,32899,16377,905,1109,1296,1599,2192,3147,4475,6036,8059,10488,11850,13611,16503,16396,11976,4401,1877,775,869
Chile,2019,120100,1479,1682,203,148,192,548,2010,2940,5321,10556,18891,26194,33035,17537,893,1117,1326,1614,2194,3127,4472,6084,8169,10722,12328,13866,16607,16428,12580,4957,1830,740,1042
Chile,2020,139021,1132,1339,207,129,157,501,2125,3125,5471,11977,21320,30805,37265,23195,938,1187,1443,1682,2176,3295,4857,7120,9679,11641,14550,16255,18326,18939,15977,7218,1468,658,1612
Chile,2021,144326,1074,1286,212,135,190,471,2328,3580,6233,13715,23101,33074,38189,20654,1005,1323,1692,1888,2482,3751,5544,8171,10488,12613,15653,17421,19373,18816,14439,6215,1421,661,1371
China,1950,12627719,2846838,4233789,1386951,509508,313221,265135,583272,623223,879364,1199023,1769264,1453996,725700,71893,288760,294512,297671,325552,410179,469185,552614,646409,853314,915950,776418,677578,483983,241717,64253,7640,4743297,578356,326
China,1951,12408511,2859589,4277859,1418270,503739,296204,256708,562925,602629,854493,1167692,1708289,1416868,687132,73618,280226,282699,285706,316923,394208,460285,536195,631497,822896,885393,768620,648248,456447,230685,65433,8185,4781598,552912,355
China,1952,12425953,3062841,4508315,1445474,485062,281675,249227,548878,586744,833185,1145108,1661571,1394156,657097,74551,274658,274220,276172,310572,382262,450923,529409,615699,800683,860888,776387,617769,437183,219914,65905,8646,4993377,530902,384
China,1953,12252150,2999727,4487123,1487396,554929,265668,237461,534385,565750,807474,1114140,1612656,1367211,630674,74238,267915,266470,266670,299080,370883,436591,523495,590645,776852,835804,784212,582999,420829,209845,65306,8932,5042052,503129,436
China,1954,12145227,3017462,4564951,1547489,508523,255560,226420,525563,550219,792553,1097544,1588093,1352731,609445,73135,264755,260808,262175,288044,364799,427754,527161,570383,762921,825172,791824,560907,408245,201200,63991,9144,5073474,481980,487
China,1955,12179970,3012292,4551605,1539313,528851,253154,220148,526916,547811,796157,1110071,1605604,1368321,598735,72082,266177,260739,262929,284882,367512,428645,542202,567869,773628,831976,803314,565007,403972,194763,62774,9308,5080456,473302,516
China,1956,11953128,2844272,4373162,1528890,545270,250001,212596,523903,538847,787661,1108395,1595378,1368413,579898,69069,264290,259613,258876,279971,366323,421338,544045,564350,774420,820958,794292,574121,394178,185720,59834,9235,4918432,462597,534
China,1957,11973494,2938290,4424740,1486450,568713,251225,204988,518276,529652,780096,1108922,1583317,1376738,560482,65806,260250,258026,254894,274758,364766,415330,541877,567045,769181,814136,786500,590238,381438,179044,56772,9034,4993453,456213,540
China,1958,11733170,2745720,4190410,1444690,598688,257755,197927,511841,525406,772799,1112557,1569698,1391239,541799,62534,253968,257873,253644,271762,359696,413103,537649,574908,757686,812012,783166,608073,367578,174221,54082,8452,4789098,455682,515
China,1959,16174979,3444219,6320744,2876525,1039185,462417,288898,704025,728610,1012417,1432858,1887506,1656765,579294,61765,345808,358217,351309,377301,468449,543968,683229,749629,910615,976891,931679,725086,398008,181286,53598,8167,7359929,751315,499
China,1960,19613436,3954196,7744456,3790260,1497427,669633,369527,854651,901046,1219465,1710937,2151705,1835529,600872,57737,414873,439778,432689,468357,561153,658312,806695,904242,1037089,1114616,1040086,795443,420483,180389,50414,7323,9241883,1039160,450
China,1961,14552912,2712285,4981045,2268760,1060899,502702,282559,672067,713584,988152,1412791,1822443,1537591,529969,48740,320796,351271,344626,368958,450543,537609,659728,753063,873688,948755,873156,664435,373710,156259,42645,6095,6041944,785261,367
China,1962,10425564,2376720,3320593,943873,561241,291477,185533,468609,503880,732226,1090426,1485046,1271103,472596,42529,218853,249756,244938,258942,329076,403150,505763,584663,710818,774228,719918,551185,336039,136557,37335,5194,3881834,477010,303
China,1963,11057695,3084097,4018175,934078,542420,298754,188262,451540,498877,718737,1077248,1480442,1268909,473891,40192,209761,241779,242922,255955,323492,395245,500008,577240,718409,762033,718411,550498,343124,130767,35493,4699,4560595,487016,248
China,1964,10941324,2964147,4035302,1071155,494177,299711,192365,431151,489661,698702,1059299,1468973,1263873,470108,37801,201258,229893,239605,250056,317919,380783,492547,566752,726557,742416,713677,550196,343759,126349,33594,4207,4529479,492076,202
China,1965,10739325,2778165,3961052,1182887,443971,300860,195531,412955,479303,680379,1042130,1460842,1260836,465652,35653,194523,218432,235304,243999,311719,368660,485865,556265,732657,728185,713303,547533,339729,125923,31932,3721,4405023,496391,163
China,1966,10524760,2636071,3862520,1226449,399488,298762,201282,400793,473388,663234,1021369,1451811,1253796,464035,34139,190720,210073,232051,241337,304289,358945,479599,541770,729346,722465,712717,541079,335216,128819,30752,3387,4262008,500044,142
China,1967,10225770,2429990,3650128,1220138,383941,291371,205880,389618,464159,645921,1002378,1445970,1246711,466614,32949,188842,200776,226384,237775,296927,348994,472945,529433,721148,724822,707888,538823,334083,132531,29754,3195,4034069,497251,129
China,1968,10235278,2554899,3698875,1143976,413121,279908,209320,381146,451635,632199,981787,1441833,1239826,473274,32226,190086,191060,217599,234036,291347,340852,460755,521032,709318,732515,698638,541188,337191,136083,29108,3118,4111996,489228,124
China,1969,10137922,2539082,3621875,1082793,448403,260290,210561,378556,438922,621670,961300,1447171,1235470,481488,32099,194657,183899,207530,231392,285417,336253,445582,515718,700472,746699,689241,546229,343522,137966,29056,3043,4070278,470851,119
China,1970,9920086,2445708,3476767,1031059,466591,234603,210963,373803,422536,606351,938045,1441333,1232151,484052,32788,196890,176913,196275,226261,277569,328782,430416,507629,687576,753757,680819,551332,346225,137827,29843,2945,3943358,445566,105
China,1971,9562356,2258173,3232664,974491,474882,208621,205697,368219,404170,586859,912724,1416814,1233482,483932,34200,198095,170124,185011,219159,269970,316889,415212,497512,667469,749345,678598,554884,345833,138099,31320,2880,3707546,414318,91
China,1972,9235162,2058215,2975954,917739,465695,197605,200480,369430,389173,573830,894925,1397758,1244093,490424,35722,201697,167733,175969,213204,265153,308677,403708,491217,654065,743693,686652,557441,349679,140745,32887,2835,3441649,398085,79
China,1973,8872446,1891470,2732415,840945,438420,204829,190629,369620,368189,557816,865368,1366186,1244004,498047,36858,202645,166975,165524,202665,257986,299830,390628,474740,638692,727494,692553,551451,353806,144241,34019,2839,3170835,395458,69
China,1974,8568626,1688896,2445736,756840,413413,223358,179595,377074,354142,550758,848251,1359141,1264176,514800,38120,205184,171890,160055,194087,255908,294850,386826,461425,635215,723926,712400,551776,364085,150715,35149,2971,2859149,402953,64
China,1975,8241591,1448992,2120715,671723,392850,237372,163593,382848,341006,542909,834634,1357541,1292039,536224,39797,207286,175562,155536,185470,252995,289914,382882,451752,634692,722849,732746,559293,378910,157314,36492,3305,2513565,400965,65
China,1976,7928454,1276715,1849634,572919,361211,245123,145860,379440,325466,532812,818296,1351670,1319739,557016,42105,202614,176826,149891,175575,247463,285349,374904,443392,634974,716696,745485,574254,393905,163111,38352,3753,2210845,390983,77
China,1977,7680624,1122257,1613482,491225,345977,245208,137923,380594,317215,525599,804253,1345583,1343661,575967,45063,199024,181570,148940,168275,242824,282775,368761,435492,634439,711144,750746,592915,405526,170441,40874,4189,1959459,383131,93
China,1978,7531302,1039100,1460113,421013,321296,235884,142819,379948,313287,517584,798115,1342321,1372973,597858,48986,193429,186519,151539,161748,236093,281491,366430,431685,628795,713526,755405,617568,416913,180945,44369,4617,1781409,378703,116
China,1979,7463646,1026337,1391471,365134,292058,226893,154028,371363,313073,507543,793088,1334595,1406719,619543,53132,182451,188912,156293,156780,226989,280554,362310,430778,616323,718272,761567,645152,427188,192355,48192,4940,1683529,380921,143
China,1980,7440841,1017551,1349240,331689,262900,220323,166059,360784,314816,498338,789346,1334210,1441004,646711,56930,168249,192535,161113,153703,218814,279524,359231,430115,608780,725430,769298,671706,441671,205040,51649,5281,1612140,386382,174
China,1981,7424236,1015318,1327395,312077,234532,212045,177510,346077,316992,488362,783433,1335919,1461977,679216,60568,153764,192313,165950,151042,211105,277257,358020,425413,603587,732332,771035,690942,461807,217409,54826,5742,1561927,389555,208
China,1982,7472065,1052760,1356306,303546,211330,203478,181267,335940,322803,478580,780535,1339164,1480911,715966,65546,145620,190320,171763,151040,204066,274514,357974,422561,599565,739599,775314,705597,486558,229408,59149,6397,1567636,384745,240
China,1983,7390682,945091,1250554,305463,187545,193130,175536,336103,331652,465858,781444,1337974,1503230,755455,71930,150260,185843,177371,154281,197309,268549,358425,423019,599146,738828,785570,717660,514368,241087,64710,7220,1438099,368666,267
China,1984,7421925,945178,1249605,304427,170301,179310,169118,338665,340420,452053,780565,1333474,1531638,797468,79015,162881,175784,180599,159821,192308,259745,359411,421154,602462,731012,799262,732376,544774,252694,70906,8109,1419906,348428,292
China,1985,7502237,985227,1285474,300247,159489,163896,164461,339275,349940,440557,779075,1332992,1561136,839283,86337,177048,162227,184634,165306,189107,251450,359722,419353,604952,728040,814305,746831,572721,266562,77453,8884,1444963,328357,321
China,1986,7616939,1054336,1356854,302518,154036,147562,159140,340011,356650,430851,779501,1331615,1586332,880257,93768,191057,148954,185408,171242,186781,244070,359049,420452,603089,728526,830152,756180,595577,284680,84099,9669,1510890,306702,363
China,1987,7728607,1119224,1430369,311145,153018,132188,153737,338045,361658,423926,778718,1329721,1609104,916468,101238,195955,142090,183950,177708,187256,236670,356691,422027,601987,727734,843670,765434,612235,304233,90504,10734,1583387,285925,418
China,1988,7763426,1091445,1419224,327779,152698,117880,146766,338229,363922,420935,773608,1335290,1630169,954570,109646,190038,148191,180014,183908,191656,229279,349819,423789,604454,730836,848196,781973,628252,326318,97509,12137,1571922,264646,484
China,1989,7864029,1108796,1450072,341276,150221,106939,137313,345819,359647,424460,768232,1347641,1653981,1000465,118688,183938,161881,171303,188344,199657,224803,340543,427689,605882,741759,848192,805789,649750,350715,104966,13722,1600293,244252,552
China,1990,8037908,1143177,1488842,345665,149532,100784,127230,358068,354990,433190,767874,1370455,1700411,1055681,130252,180815,177253,159929,195061,209228,223962,334076,433798,612267,758188,861547,838864,678241,377440,114832,15420,1638374,228014,603
China,1991,8009602,960901,1310073,349172,151739,97680,116452,370662,347847,444018,767202,1392208,1756213,1109256,145561,177587,193075,148854,198993,219815,224203,328423,438779,623084,769124,880699,875514,705400,403856,127964,17597,1461812,214132,691
China,1992,7805605,850673,1183176,332503,151954,94313,102822,362959,333572,445495,742971,1372576,1747913,1113152,153935,168893,194066,139342,194230,224363,221132,313528,429443,616120,756456,869217,878696,704649,408503,135231,18704,1335130,197135,766
China,1993,7703313,789346,1089675,300329,153342,92452,90884,346362,332244,455034,720697,1370798,1751149,1134929,164865,159840,186522,143748,188496,230390,224644,301903,418794,614858,755940,870351,880798,717783,417146,144667,20198,1243017,183336,880
China,1994,7737539,737592,1005625,268033,155946,91433,82607,331924,338481,472547,707711,1389083,1787472,1192413,181241,150357,181567,157786,180695,237318,235229,297613,410098,624505,764578,893674,893798,752716,439697,158612,22629,1161571,174040,1057
China,1995,7668710,691879,928647,236768,157179,89862,76343,314084,336994,484123,686898,1382413,1794182,1224342,192392,137794,176290,170531,166463,241816,242307,291337,395561,622717,759696,899111,895071,772692,451650,167447,24945,1085826,166205,1250
China,1996,7753652,641273,851508,210235,156871,91472,73581,298686,341235,502284,683602,1411793,1843779,1288449,208907,125907,172779,185934,155301,247030,255254,292652,390950,633919,777874,919481,924298,814696,473753,180377,28530,1008379,165053,1483
China,1997,7752488,593768,783346,189578,148052,92676,72250,281159,339031,512861,676719,1422368,1868602,1333118,220587,113532,167627,191054,147977,246420,266441,295093,381626,635099,787269,928684,939918,843769,489349,188745,31842,931398,164926,1720
China,1998,7698746,551155,722806,171651,132575,94044,71355,260694,336949,516538,671982,1415398,1886109,1359192,229158,100986,159708,184895,152054,240890,275648,301921,370061,623914,791484,935500,950609,854504,504688,194426,34732,855381,165399,1943
China,1999,7843156,513195,666895,153700,118896,97670,71388,244368,349895,520607,688877,1435259,1960181,1436125,250698,92607,151761,181984,167911,233656,286951,319725,369152,619132,816127,962411,997770,890017,546108,211416,39282,785791,169058,2293
China,2000,7867292,499681,636592,136911,102440,99658,70942,225781,361027,512864,699264,1428483,1988816,1477497,261387,86045,139736,177880,183147,217392,295472,333252,366012,604630,823853,969211,1019605,906883,570614,219752,41635,739032,170600,2539
China,2001,7683936,448360,571194,122834,89190,96241,69728,204404,364340,489252,697080,1389746,1964968,1482196,262786,80353,124051,169431,194909,196502,292750,340515,356565,579110,810636,958684,1006284,903743,578453,220249,42537,660384,165969,2811
China,2002,7767733,409689,519585,109896,81944,91621,71035,192595,369713,483375,721821,1391287,2012843,1549548,279151,79675,112920,166061,203652,188477,294898,358880,362941,571155,820132,981730,1031113,937552,611996,233453,45698,601529,162656,3215
China,2003,7857816,374961,471887,96926,73777,85597,72958,181773,360748,488614,753792,1381740,2067687,1615904,299651,79853,101920,160534,200214,196053,292561,376929,376863,562818,818922,1005576,1062111,975613,640291,250532,49119,545664,158555,3680
China,2004,7962096,349198,434781,85583,66463,78637,75451,172555,347176,497276,787659,1367860,2118579,1686843,324739,79535,93020,151659,195517,215300,281976,390727,396932,559243,808617,1031274,1087305,1020913,665930,271320,53419,501244,154088,4072
China,2005,8063729,323945,399713,75768,63670,70495,77791,166855,333097,501752,822138,1355045,2160631,1759193,348907,79598,87257,140685,192412,237513,264239,405354,416784,558555,796490,1051770,1108861,1062624,696569,292070,56837,463383,148286,4440
China,2006,8141903,301916,369719,67803,60811,63156,77450,163811,315983,504947,847923,1340749,2198430,1821644,372494,80098,83713,128061,187922,259860,245087,411463,436460,557231,783518,1065662,1132768,1091662,729982,312304,60190,430530,140606,4785
China,2007,8312644,283451,344925,61474,57908,58684,74684,165790,303347,510927,881811,1351953,2258217,1900339,398951,82059,83731,117416,185931,273598,237329,417743,464068,571720,780233,1087892,1170325,1131229,769110,334753,64198,402833,133368,5108
China,2008,8545568,270860,331528,60668,57999,59185,75257,177945,297725,528555,916990,1377132,2305723,1987140,424883,89440,88505,110934,186791,276023,252532,421871,495119,600247,776885,1096420,1209303,1176103,811037,354886,69997,389527,134442,5504
China,2009,8590937,253178,305460,52282,50332,52076,65007,171406,267883,535005,908325,1396278,2319429,2063453,450323,87623,83783,97001,170882,263404,271601,401275,507050,627463,768815,1079978,1239451,1207243,856210,373590,76733,355792,117083,5959
China,2010,8737983,233912,283197,49285,47751,50164,58645,175355,251011,560638,905906,1433900,2340100,2143121,481754,90958,84397,91494,159517,260505,300133,377731,528175,661849,772051,1069243,1270857,1240352,902769,397935,83819,330948,108809,6433
China,2011,8858733,215185,260677,45492,42857,48027,52371,176096,233864,585695,890968,1474280,2356362,2215236,515428,90865,85231,88015,145849,255704,329991,351739,539229,697416,776864,1059630,1296732,1277130,938106,424561,90867,303534,100398,6870
China,2012,9000753,213108,255216,42108,39286,45603,48306,174316,220579,597546,881561,1530563,2367335,2284988,548083,87361,86955,87501,133078,251626,345920,337372,544189,736688,793875,1050416,1316919,1313738,971250,450379,97704,294502,93909,7372
China,2013,9149449,190505,229860,39355,36438,42885,45202,172082,208376,585444,892368,1604383,2365716,2372301,586179,82447,89635,87958,120418,244350,341094,351058,541310,776311,828072,1042051,1323665,1357478,1014823,481105,105074,266298,88087,8213
China,2014,9303400,179116,215839,36723,34008,39998,42731,169165,197609,565201,909277,1681803,2355605,2453948,628929,76252,92913,87733,109876,231516,333685,386147,523130,806911,874892,1041196,1314409,1402174,1051774,516090,112839,249847,82729,9286
China,2015,9449728,156696,190687,33991,31844,36889,40847,164326,191011,544960,919692,1762621,2351501,2529960,674973,68356,95970,88011,103000,215611,329349,427695,491997,840407,922214,1047293,1304208,1442364,1087596,551812,123161,222531,77736,10413
China,2016,9623416,149921,181399,31478,29882,33912,39420,157892,188943,523127,934102,1838158,2360806,2608551,715658,61491,96401,89468,99475,198345,324782,473019,461083,862424,975734,1059815,1300991,1480788,1127763,581034,134624,211281,73332,11566
China,2017,9981184,140613,169393,28780,28568,32121,38449,152940,194769,513933,963684,1951158,2435279,2724421,763565,58118,94822,93572,101197,185731,328202,508703,454981,893552,1057606,1111459,1323820,1538847,1185574,616231,147334,197961,70570,12900
China,2018,9886851,112537,139246,26709,26494,29211,35279,139845,192968,473943,948191,1952733,2417833,2721866,795055,52896,86949,93910,99058,163553,310390,487913,460278,865919,1086814,1131812,1286021,1516414,1205452,637349,157706,165740,64490,14185
China,2019,10063245,96754,121015,24261,24683,27519,33056,130506,196571,444014,983085,1972404,2493587,2775617,845229,50046,80460,97507,99064,149396,294618,477998,505087,840381,1132023,1200120,1293467,1517340,1258277,670937,174292,145698,60575,15956
China,2020,10346232,76464,97905,21441,23388,26139,30817,121097,201951,418287,1039392,1988510,2617463,2865122,898014,48264,72833,101632,100319,141297,276990,476550,562842,799328,1189182,1284591,1332872,1544841,1320281,706308,191706,121293,56956,18146
China,2021,10617528,62584,81165,18581,21329,24608,28263,112058,203873,390917,1092919,1976693,2769293,2947087,948633,46536,65522,102035,101838,136328,254589,470032,622887,748895,1227798,1385956,1383337,1571234,1375853,742453,206180,102494,52871,20693
Colombia,1950,205952,70708,101638,30930,10309,3785,5094,13990,12080,10998,11615,14421,13288,7871,849,7111,6879,5802,6278,5073,5925,6397,5218,7565,6856,6195,7093,5460,2411,730,119,111947,8879,18
Colombia,1951,205240,71704,103252,31548,9873,3483,4898,13434,11782,10443,11078,13355,14299,8546,785,6889,6545,5517,6265,5061,5382,5945,5133,6970,6385,6814,7485,5820,2726,681,104,113125,8381,15
Colombia,1952,202559,71736,103051,31315,9413,3286,4752,12885,11317,10113,10807,12940,14352,8882,747,6648,6237,5261,6056,5024,5089,5670,5137,6693,6247,7066,7286,5901,2981,637,110,112464,8038,14
Colombia,1953,199936,71759,102752,30993,9046,3152,4629,12378,10797,9920,10714,12908,13910,8965,749,6408,5970,5046,5751,4967,4953,5512,5202,6614,6294,7084,6826,5803,3162,633,116,111798,7781,13
Colombia,1954,198066,71683,102336,30653,8873,3092,4542,11973,10367,9836,10749,13090,13471,8924,798,6203,5770,4892,5475,4909,4927,5436,5313,6677,6413,7045,6426,5639,3285,683,115,111209,7634,11
Colombia,1955,196985,71602,101827,30225,8840,3043,4446,11669,10087,9804,10837,13309,13354,8888,874,6032,5637,4799,5288,4861,4943,5401,5436,6800,6509,7089,6265,5502,3386,763,111,110667,7489,8
Colombia,1956,196894,71446,101238,29792,8904,3045,4377,11500,9981,9844,10980,13533,13611,8912,959,5919,5581,4780,5201,4847,4997,5400,5580,6960,6573,7273,6338,5412,3500,849,110,110142,7422,8
Colombia,1957,190300,70458,98531,28073,8506,2852,3936,10224,9248,9346,10684,13304,13758,8866,1035,5205,5019,4395,4853,4537,4809,5174,5510,6922,6382,7350,6408,5272,3594,929,106,107037,6788,9
Colombia,1958,191205,70272,97943,27671,8635,2883,3897,10152,9326,9445,10880,13553,14405,8968,1110,5128,5024,4446,4880,4530,4915,5208,5672,7117,6436,7682,6723,5266,3702,1003,107,106578,6780,9
Colombia,1959,187724,69510,96042,26532,8408,2770,3628,9362,8942,9179,10792,13589,14806,9026,1173,4684,4678,4237,4705,4349,4830,5118,5674,7179,6410,7851,6955,5277,3749,1056,117,104450,6398,9
Colombia,1960,186589,68904,94732,25828,8291,2725,3529,9021,8827,9123,10894,13860,15197,9147,1233,4495,4526,4177,4650,4289,4834,5150,5744,7313,6547,8008,7189,5382,3765,1101,132,103023,6254,9
Colombia,1961,186049,68441,93791,25350,8179,2687,3481,8753,8739,9094,11031,14238,15475,9282,1288,4362,4391,4132,4607,4253,4841,5227,5804,7458,6780,8088,7387,5533,3749,1139,149,101970,6168,8
Colombia,1962,185533,67912,92867,24955,8066,2654,3453,8487,8635,9042,11175,14667,15691,9443,1339,4244,4243,4075,4560,4227,4815,5338,5837,7603,7064,8104,7587,5722,3721,1177,162,100933,6107,8
Colombia,1963,184487,67072,91498,24426,7921,2616,3421,8220,8510,8958,11297,15100,15901,9653,1382,4134,4086,4004,4506,4201,4757,5449,5848,7730,7370,8097,7804,5945,3708,1206,176,99419,6037,9
Colombia,1964,184027,66141,90052,23911,7831,2610,3446,8115,8461,8942,11450,15540,16219,9940,1411,4109,4006,3973,4488,4210,4732,5561,5889,7849,7691,8155,8064,6206,3734,1224,187,97883,6056,10
Colombia,1965,183487,64830,88190,23360,7807,2637,3485,8011,8399,8944,11605,15937,16715,10319,1426,4076,3935,3931,4468,4226,4718,5647,5958,7939,7998,8319,8396,6505,3814,1231,195,95997,6122,11
Colombia,1966,182973,63209,85917,22708,7830,2696,3539,7970,8364,8986,11783,16289,17365,10773,1442,4071,3899,3900,4464,4263,4723,5714,6069,8003,8286,8574,8791,6852,3921,1238,204,93747,6235,13
Colombia,1967,182646,61418,83383,21965,7885,2793,3626,8037,8374,9087,11993,16616,18084,11289,1464,4121,3916,3889,4485,4323,4764,5757,6236,8044,8572,8896,9188,7242,4047,1250,214,91268,6419,14
Colombia,1968,181890,59354,80445,21091,7888,2874,3718,8148,8390,9206,12212,16910,18779,11812,1494,4185,3963,3883,4507,4386,4820,5781,6431,8079,8831,9236,9543,7625,4187,1274,220,88333,6592,16
Colombia,1969,180816,57137,77279,20142,7836,2946,3815,8315,8412,9334,12436,17205,19391,12284,1544,4285,4030,3890,4522,4445,4889,5818,6618,8152,9053,9562,9829,7944,4340,1318,226,85115,6761,17
Colombia,1970,179623,55025,74260,19235,7714,2996,3904,8522,8438,9455,12668,17514,19851,12670,1613,4412,4110,3909,4529,4493,4962,5877,6791,8282,9232,9838,10013,8162,4508,1382,231,81974,6900,18
Colombia,1971,177215,52735,70809,18074,7423,2986,3964,8675,8409,9526,12852,17790,20108,12963,1688,4510,4165,3910,4499,4507,5019,5934,6918,8452,9338,10047,10061,8272,4691,1454,234,78232,6950,19
Colombia,1972,174530,50586,67549,16963,7020,2917,4005,8828,8359,9570,12978,18067,20254,13195,1770,4609,4219,3913,4446,4501,5069,5994,6984,8675,9392,10229,10025,8302,4893,1528,242,74569,6922,20
Colombia,1973,172407,48666,64580,15914,6585,2856,4094,9150,8399,9654,13103,18370,20353,13391,1849,4808,4342,3976,4423,4517,5137,6080,7023,8928,9442,10403,9950,8295,5096,1599,250,71165,6950,21
Colombia,1974,169838,46862,61753,14891,6097,2781,4132,9317,8368,9661,13175,18625,20406,13575,1929,4904,4413,3996,4372,4492,5169,6138,7037,9111,9514,10548,9858,8301,5274,1666,263,67850,6913,22
Colombia,1975,167106,45170,59010,13840,5514,2635,4145,9556,8367,9633,13194,18824,20440,13753,2007,5016,4540,4032,4335,4458,5175,6166,7028,9198,9626,10661,9779,8343,5410,1727,280,64524,6780,22
Colombia,1976,165226,43637,56563,12926,5006,2536,4206,9934,8459,9633,13232,19046,20539,13962,2087,5200,4734,4116,4343,4447,5186,6201,7031,9222,9824,10771,9768,8436,5526,1789,298,61569,6742,23
Colombia,1977,163447,42066,54128,12062,4528,2430,4248,10301,8548,9606,13271,19273,20708,14210,2169,5372,4929,4193,4355,4423,5183,6228,7043,9172,10101,10865,9843,8577,5633,1855,314,58656,6678,24
Colombia,1978,162372,40501,51761,11260,4111,2330,4301,10800,8719,9619,13374,19537,21008,14524,2260,5607,5193,4308,4411,4424,5195,6274,7100,9108,10429,10988,10020,8769,5755,1928,332,55872,6631,26
Colombia,1979,162475,39068,49692,10624,3853,2306,4386,11307,8946,9688,13554,19889,21532,14949,2348,5842,5465,4455,4491,4462,5226,6348,7206,9117,10772,11215,10317,9021,5928,2000,348,53545,6692,27
Colombia,1980,161752,37358,47220,9862,3522,2151,4332,11616,9097,9704,13712,20225,22230,15474,2439,5972,5644,4566,4531,4481,5223,6397,7315,9175,11050,11518,10712,9320,6154,2073,366,50742,6483,29
Colombia,1981,162670,35778,45045,9267,3353,2090,4345,12068,9374,9827,14005,20672,23194,16126,2536,6171,5897,4745,4629,4561,5266,6500,7505,9346,11326,11969,11225,9698,6428,2153,383,48398,6435,31
Colombia,1982,163482,34186,42831,8645,3208,2016,4307,12370,9605,9924,14305,21090,24286,16875,2632,6281,6089,4896,4709,4636,5288,6597,7708,9575,11515,12513,11773,10147,6728,2231,401,46039,6323,33
Colombia,1983,165467,32578,40695,8117,3139,1999,4368,12978,10043,10137,14675,21534,25456,17686,2722,6554,6424,5178,4865,4779,5358,6727,7948,9868,11666,13104,12352,10655,7031,2305,417,43834,6367,34
Colombia,1984,167428,31149,38711,7562,3010,1921,4423,13676,10565,10362,14972,21918,26516,18501,2813,6872,6804,5507,5058,4926,5436,6821,8151,10133,11785,13587,12929,11189,7312,2383,430,41721,6344,36
Colombia,1985,191701,31116,40847,9731,5277,3928,6421,17808,13549,12296,16745,23677,28581,19619,2916,9043,8765,7189,6360,5968,6328,7669,9076,11093,12584,14624,13957,11975,7644,2476,440,46124,10349,37
Colombia,1986,173581,28834,35599,6765,2872,1913,4879,15914,12263,11059,15402,22578,28068,20027,2973,7967,7947,6531,5732,5338,5721,6959,8443,10569,12009,14118,13950,12246,7781,2527,446,38471,6792,38
Colombia,1987,178536,27999,34589,6590,2873,1973,5303,17545,13514,11563,15603,22963,28701,20811,3060,8795,8750,7286,6228,5622,5941,7031,8572,10783,12180,14217,14484,12769,8042,2605,455,37462,7276,39
Colombia,1988,182343,27156,33326,6170,2682,1912,5691,19162,14798,11982,15665,23227,29108,21590,3156,9632,9530,8055,6743,5861,6121,7047,8618,10910,12317,14177,14931,13259,8331,2690,466,36008,7603,41
Colombia,1989,186089,26478,32381,5903,2576,1919,6057,20302,15880,12350,15741,23542,29535,22481,3277,10232,10070,8682,7198,6076,6274,7088,8653,11035,12507,14216,15319,13803,8678,2791,486,34957,7976,43
Colombia,1990,190271,25860,31551,5691,2483,1936,6428,21341,16921,12775,15908,23932,30028,23503,3426,10800,10541,9249,7672,6345,6430,7197,8711,11173,12759,14378,15650,14404,9099,2912,514,34034,8364,46
Colombia,1991,193733,25268,30811,5543,2421,1966,6688,21751,17627,13113,16109,24381,30571,24645,3605,11062,10689,9560,8067,6570,6543,7340,8769,11312,13069,14643,15928,15064,9581,3057,548,33232,8654,48
Colombia,1992,196248,24552,29888,5336,2320,1963,6866,21771,18080,13396,16301,24847,31077,25871,3811,11132,10639,9691,8389,6770,6626,7496,8805,11445,13402,14980,16097,15778,10093,3226,585,32208,8829,51
Colombia,1993,197750,23823,28961,5138,2242,1967,6962,21322,18193,13612,16469,25277,31536,27118,4042,10967,10355,9614,8579,6942,6670,7645,8824,11554,13723,15346,16190,16477,10641,3417,625,31203,8929,54
Colombia,1994,199584,23004,27967,4963,2201,1989,7104,21016,18337,13961,16695,25670,31990,28306,4289,10872,10144,9571,8766,7171,6790,7810,8885,11653,14017,15695,16295,17058,11248,3625,664,30168,9093,58
Colombia,1995,200808,22133,26857,4724,2128,1978,7244,20763,18383,14369,16879,25898,32335,29362,4547,10795,9968,9514,8869,7409,6960,7927,8952,11695,14203,15940,16395,17471,11891,3846,701,28985,9222,62
Colombia,1996,202850,21269,25793,4524,2102,1995,7467,20885,18567,14990,17117,26064,32659,30334,4809,10897,9988,9576,8991,7763,7227,8049,9068,11725,14339,16139,16520,17762,12572,4073,736,27895,9462,66
Colombia,1997,204267,20376,24645,4269,2057,1995,7636,20958,18601,15614,17316,26106,32980,31217,5065,10973,9985,9580,9021,8109,7505,8130,9186,11695,14411,16290,16690,17927,13290,4293,772,26702,9631,70
Colombia,1998,206553,19591,23686,4095,2058,2015,7790,21200,18696,16360,17604,26192,33457,32092,5329,11129,10071,9622,9074,8496,7864,8239,9365,11692,14500,16481,16976,18096,13996,4517,812,25744,9805,74
Colombia,1999,209686,18937,23009,4072,2173,2112,7878,21352,18742,17094,18029,26417,34162,33028,5611,11237,10115,9619,9123,8856,8238,8430,9599,11770,14647,16763,17399,18421,14607,4757,854,25182,9990,78
Colombia,2000,209911,18180,21967,3787,2034,1981,7616,20920,18311,17353,18307,26545,34900,33994,5901,11037,9883,9348,8963,8945,8408,8572,9735,11806,14739,17025,17875,18911,15083,5003,898,24001,9597,82
Colombia,2001,213177,17590,21428,3838,2117,1991,7406,20725,18175,17785,18925,27053,36132,35147,6209,10945,9780,9205,8970,9083,8702,8904,10021,12035,15018,17521,18611,19660,15487,5262,947,23545,9397,86
Colombia,2002,212844,16787,20254,3467,1967,1873,6948,19945,17554,17709,19258,27288,37179,36246,6529,10530,9415,8822,8732,8932,8777,9104,10154,12155,15133,17899,19280,20474,15772,5533,996,22221,8821,90
Colombia,2003,212707,16066,19293,3227,1869,1779,6470,19027,16838,17515,19637,27609,38285,37440,6849,10010,9017,8402,8436,8700,8815,9353,10284,12330,15279,18305,19980,21387,16053,5805,1044,21162,8249,94
Colombia,2004,213860,15385,18470,3085,1806,1716,6113,18502,16373,17462,20136,28029,39291,38719,7141,9664,8838,8149,8224,8547,8915,9650,10486,12551,15478,18672,20619,22283,16436,6043,1098,20276,7829,99
Colombia,2005,214241,14723,17675,2952,1739,1665,5779,17901,15803,17299,20562,28383,39934,39987,7411,9248,8653,7876,7927,8341,8958,9874,10688,12732,15651,18881,21053,23045,16942,6254,1157,19414,7444,103
Colombia,2006,214631,14045,16845,2800,1656,1623,5539,17530,15365,17174,20974,28683,40227,41233,7672,8938,8592,7709,7656,8172,9002,10091,10883,12886,15797,18934,21293,23681,17552,6453,1219,18501,7162,108
Colombia,2007,216353,13428,16094,2666,1575,1591,5385,17328,15033,17071,21400,28967,40348,42997,8424,8718,8610,7622,7411,8026,9045,10303,11097,13029,15938,18883,21465,24385,18612,7007,1417,17669,6976,142
Colombia,2008,216895,12801,15298,2497,1488,1556,5188,16667,14424,16698,21716,29172,40408,44835,9272,8290,8377,7392,7032,7745,8953,10409,11307,13116,16056,18801,21607,25078,19757,7623,1649,16786,6744,179
Colombia,2009,217753,12236,14589,2353,1409,1520,5017,15876,13781,16240,22004,29452,40663,46757,10224,7844,8032,7133,6648,7435,8805,10466,11538,13262,16190,18843,21820,25816,20941,8323,1901,15998,6537,220
Colombia,2010,220750,11787,14079,2292,1376,1512,5015,15517,13504,16022,22512,30020,41401,48556,10987,7685,7832,7051,6453,7271,8751,10597,11915,13592,16428,19155,22246,26614,21942,8891,2096,15455,6527,249
Colombia,2011,224162,11348,13530,2182,1319,1475,5014,15012,13178,15713,23064,30692,42513,50529,11841,7503,7509,6916,6262,7080,8633,10679,12385,13984,16708,19675,22838,27536,22993,9534,2307,14849,6489,283
Colombia,2012,228230,10868,12888,2020,1255,1430,5000,14458,12863,15365,23660,31501,43825,52757,12901,7318,7140,6759,6104,6885,8480,10740,12920,14455,17046,20356,23469,28552,24205,10341,2560,14143,6430,330
Colombia,2013,233264,10440,12360,1920,1220,1398,4965,13965,12632,15072,24325,32555,45207,55080,14104,7154,6811,6619,6013,6723,8349,10826,13499,15077,17478,21146,24061,29549,25531,11258,2846,13580,6363,384
Colombia,2014,238498,10055,11894,1839,1193,1357,4859,13536,12473,14814,24986,33849,46451,57282,15369,6987,6549,6494,5979,6577,8237,10938,14048,15776,18073,21926,24525,30374,26908,12217,3152,13087,6216,436
Colombia,2015,243633,9675,11427,1752,1175,1316,4673,13236,12438,14653,25613,35439,47313,59246,16624,6833,6403,6418,6020,6468,8185,11098,14515,16549,18890,22584,24729,30928,28318,13162,3462,12602,5989,483
Colombia,2016,248057,9316,10989,1673,1154,1269,4428,13081,12522,14598,26151,37323,47835,60708,17492,6701,6380,6395,6127,6402,8196,11280,14871,17455,19868,23126,24709,31173,29535,13824,3668,12143,5697,505
Colombia,2017,252689,8998,10637,1639,1166,1265,4240,13045,12710,14675,26615,39423,48573,61899,17933,6613,6432,6423,6287,6427,8248,11445,15170,18459,20964,23728,24845,31360,30539,14156,3777,11803,5505,510
Colombia,2018,260364,8716,10277,1561,1132,1251,4233,13604,13291,15029,27024,41585,50068,63635,18655,6837,6767,6678,6613,6663,8366,11558,15466,19466,22119,24535,25533,31939,31696,14603,4052,11409,5484,577
Colombia,2019,270504,8511,10041,1530,1126,1314,4454,14312,13983,15549,27316,43494,53019,65930,19295,7174,7138,7004,6979,7085,8464,11526,15790,20376,23118,25872,27147,33171,32759,14986,4309,11167,5768,668
Colombia,2020,335656,8237,9697,1460,886,1321,4043,14345,15463,19307,36405,60891,74700,77789,20044,6895,7450,7407,8056,8690,10617,15176,21229,28812,32079,36136,38564,43632,34157,15451,4593,10583,5364,766
Colombia,2021,397649,8000,9471,1471,1004,1446,4369,17200,20165,27330,48672,78001,87815,81020,20362,8051,9149,9507,10658,12612,14718,20294,28378,37708,40293,43732,44083,46194,34826,15770,4592,10475,5815,791
Comoros,1950,4250,1330,2096,766,205,109,129,309,283,241,222,269,275,111,0,158,151,145,138,129,112,110,112,128,141,149,126,97,14,0,0,2301,238,0
Comoros,1951,4901,1469,2365,896,293,153,155,349,326,284,254,297,297,123,0,179,170,165,161,152,132,126,128,142,155,163,134,100,23,0,0,2658,308,0
Comoros,1952,4468,1438,2255,817,205,108,130,316,292,255,231,273,280,127,0,162,154,149,143,136,119,115,116,131,142,152,128,94,33,0,0,2460,238,0
Comoros,1953,4562,1481,2326,845,201,108,132,316,293,261,236,274,285,130,0,162,154,149,144,137,124,118,118,132,142,154,131,90,40,0,0,2527,240,0
Comoros,1954,4645,1513,2385,872,200,108,132,317,295,266,242,279,286,133,2,162,155,150,145,139,127,121,121,136,143,154,132,88,45,2,0,2585,240,0
Comoros,1955,4706,1539,2430,891,202,108,131,316,293,270,245,281,289,137,4,162,154,148,145,140,130,123,122,137,144,156,133,90,47,4,0,2632,239,0
Comoros,1956,4759,1557,2461,904,209,108,131,314,292,272,254,286,290,136,8,161,153,147,145,141,131,128,126,140,146,155,135,90,46,8,0,2670,239,0
Comoros,1957,4786,1568,2480,912,215,106,130,308,290,275,258,288,290,135,11,159,149,145,145,141,134,131,127,141,147,154,136,90,45,11,0,2695,236,0
Comoros,1958,4827,1580,2495,915,224,105,130,309,288,278,266,294,291,136,14,160,149,145,143,143,135,135,131,144,150,155,136,93,43,14,0,2719,235,0
Comoros,1959,4863,1589,2505,916,232,104,130,309,286,279,272,298,293,137,15,160,149,145,141,143,136,139,133,146,152,155,138,94,43,15,0,2737,234,0
Comoros,1960,4897,1596,2512,916,238,104,128,311,285,281,281,307,298,138,16,161,150,145,140,143,138,143,138,151,156,159,139,95,43,15,1,2750,232,0
Comoros,1961,4912,1601,2513,912,241,103,126,310,283,278,286,311,303,138,15,159,151,143,140,140,138,144,142,153,158,163,140,95,43,14,1,2754,229,0
Comoros,1962,4926,1604,2509,905,245,106,124,309,283,277,293,319,308,140,16,157,152,143,140,140,137,147,146,157,162,167,141,95,45,14,2,2754,230,0
Comoros,1963,4955,1604,2508,904,246,109,120,309,283,279,299,328,315,142,15,157,152,143,140,140,139,148,151,162,166,171,144,96,46,13,2,2754,229,0
Comoros,1964,4983,1604,2501,897,250,114,120,310,285,280,307,337,323,144,14,156,154,145,140,140,140,151,156,166,171,176,147,98,46,12,2,2751,234,0
Comoros,1965,4988,1603,2491,888,251,118,117,305,283,276,310,347,329,144,15,152,153,145,138,137,139,151,159,172,175,179,150,98,46,12,3,2742,235,0
Comoros,1966,4998,1602,2482,880,251,120,117,300,282,274,314,358,339,145,16,149,151,145,137,135,139,152,162,178,180,184,155,99,46,14,2,2733,237,0
Comoros,1967,4982,1601,2473,872,248,120,116,288,279,272,316,363,343,147,16,142,146,143,136,135,137,152,164,181,182,186,157,101,46,14,2,2721,236,0
Comoros,1968,4961,1605,2469,864,243,119,117,273,274,266,317,371,349,149,17,133,140,139,135,132,134,151,166,185,186,189,160,103,46,15,2,2712,236,0
Comoros,1969,4954,1612,2466,854,236,119,120,259,268,263,316,380,358,151,17,126,133,136,132,130,133,150,166,189,191,194,164,104,47,15,2,2702,239,0
Comoros,1970,4953,1620,2467,847,232,116,121,247,263,262,315,390,367,155,17,121,126,133,130,130,132,149,166,194,196,199,168,107,48,15,2,2699,237,0
Comoros,1971,4958,1630,2468,838,227,114,122,240,258,260,314,401,381,158,17,120,120,128,130,130,130,148,166,196,205,207,174,109,49,15,2,2695,236,0
Comoros,1972,4970,1643,2474,831,222,113,123,233,254,257,313,409,393,162,17,119,114,124,130,128,129,147,166,199,210,214,179,112,50,15,2,2696,236,0
Comoros,1973,5014,1657,2484,827,219,112,125,232,251,258,315,423,413,165,17,122,110,121,130,129,129,147,168,204,219,225,188,114,51,15,2,2703,237,0
Comoros,1974,5062,1673,2494,821,218,111,125,234,246,260,318,436,436,170,18,128,106,118,128,130,130,147,171,207,229,237,199,119,51,16,2,2712,236,0
Comoros,1975,5387,1715,2589,874,244,125,140,259,268,284,338,470,471,176,18,145,114,128,140,142,142,157,181,222,248,257,214,122,54,16,2,2833,265,0
Comoros,1976,5193,1701,2513,812,217,110,128,242,240,266,323,468,488,182,18,135,107,113,127,133,133,149,174,218,250,265,223,127,55,16,2,2730,238,0
Comoros,1977,5267,1714,2519,805,217,110,128,247,239,271,330,481,520,189,18,139,108,112,127,135,136,152,178,224,257,282,238,132,57,16,2,2736,238,0
Comoros,1978,5325,1725,2519,794,217,109,128,255,233,272,331,495,550,197,18,142,113,108,125,135,137,153,178,228,267,297,253,139,58,16,2,2736,237,0
Comoros,1979,5396,1737,2521,784,216,109,128,259,229,279,336,508,586,207,19,142,117,106,123,138,141,156,180,232,276,315,271,148,59,17,2,2737,237,0
Comoros,1980,5461,1743,2515,772,217,110,128,263,226,280,341,523,616,218,20,143,120,104,122,138,142,158,183,238,285,328,288,156,62,17,3,2732,238,0
Comoros,1981,5509,1744,2508,764,218,110,130,270,226,283,345,528,638,233,20,145,125,106,120,137,146,161,184,238,290,336,302,167,66,17,3,2726,240,0
Comoros,1982,5519,1738,2485,747,215,112,131,271,223,283,346,528,655,245,21,145,126,107,116,136,147,162,184,238,290,339,316,178,67,18,3,2700,243,0
Comoros,1983,5569,1727,2467,740,221,115,133,274,225,284,353,536,676,264,23,146,128,110,115,135,149,165,188,240,296,348,328,192,72,20,3,2688,248,0
Comoros,1984,5545,1704,2420,716,212,113,133,273,223,283,355,539,692,281,24,145,128,113,110,133,150,167,188,241,298,356,336,204,77,21,3,2632,246,0
Comoros,1985,5544,1684,2382,698,211,113,133,273,223,280,358,540,706,299,24,144,129,116,107,130,150,168,190,241,299,361,345,217,82,21,3,2593,246,0
Comoros,1986,5536,1665,2344,679,210,113,134,273,224,275,361,543,719,315,24,145,128,118,106,125,150,170,191,242,301,364,355,227,88,21,3,2554,247,0
Comoros,1987,5569,1649,2316,667,215,116,139,276,230,275,368,545,732,331,26,147,129,120,110,125,150,173,195,243,302,368,364,237,94,23,3,2531,255,0
Comoros,1988,5540,1627,2271,644,209,115,140,276,233,267,371,544,736,345,26,147,129,121,112,120,147,175,196,243,301,369,367,245,100,23,3,2480,255,0
Comoros,1989,5571,1609,2238,629,209,116,147,288,246,267,381,549,743,362,29,154,134,126,120,119,148,180,201,246,303,371,372,254,108,25,4,2447,263,0
Comoros,1990,5529,1586,2198,612,207,116,147,280,245,260,382,548,746,374,30,150,130,125,120,116,144,179,203,245,303,371,375,260,114,26,4,2405,263,0
Comoros,1991,5540,1561,2154,593,207,117,148,287,249,260,390,554,750,387,32,155,132,125,124,116,144,181,209,250,304,373,377,268,119,28,4,2361,265,0
Comoros,1992,5512,1529,2104,575,202,116,147,284,250,255,391,564,767,398,36,154,130,125,125,116,139,179,212,255,309,382,385,274,124,32,4,2306,263,0
Comoros,1993,5454,1492,2047,555,198,115,145,279,245,255,391,568,768,406,37,152,127,120,125,121,134,177,214,259,309,380,388,277,129,33,4,2245,260,0
Comoros,1994,5419,1455,1993,538,196,114,146,277,244,255,391,575,774,413,39,151,126,120,124,124,131,174,217,262,313,382,392,280,133,35,4,2189,260,0
Comoros,1995,5415,1432,1956,524,191,114,147,278,245,260,394,585,782,421,43,152,126,120,125,130,130,174,220,269,316,384,398,283,138,38,5,2147,261,0
Comoros,1996,5417,1422,1934,512,190,114,147,278,243,260,390,595,787,429,45,152,126,117,126,130,130,170,220,274,321,387,400,288,141,39,6,2124,261,0
Comoros,1997,5479,1415,1918,503,188,115,154,297,253,275,392,607,793,441,49,163,134,123,130,139,136,170,222,280,327,391,402,295,146,42,7,2106,269,0
Comoros,1998,5570,1423,1943,520,198,120,157,294,253,284,392,625,803,448,51,162,132,122,131,142,142,168,224,289,336,397,406,300,148,44,7,2141,277,0
Comoros,1999,5555,1413,1917,504,191,119,158,291,249,292,386,633,806,455,51,160,131,120,129,143,149,163,223,292,341,398,408,304,151,44,7,2108,277,1
Comoros,2000,5656,1427,1951,524,198,124,161,296,259,299,389,650,812,462,54,163,133,125,134,143,156,165,224,292,358,405,407,308,154,47,7,2149,285,1
Comoros,2001,5649,1432,1949,517,192,120,158,285,254,298,385,654,830,469,56,158,127,121,133,141,157,169,216,298,356,432,398,312,157,49,7,2141,278,1
Comoros,2002,5779,1446,1983,537,201,125,163,293,262,306,390,654,871,474,57,162,131,124,138,148,158,184,206,313,341,481,390,313,161,49,8,2184,288,1
Comoros,2003,5815,1437,1967,530,202,125,165,288,261,306,391,648,922,481,59,162,126,122,139,153,153,197,194,328,320,528,394,317,164,51,8,2169,290,1
Comoros,2004,5833,1430,1947,517,200,125,166,293,258,314,396,656,935,483,62,166,127,120,138,157,157,201,195,325,331,518,417,317,166,52,10,2147,291,1
Comoros,2005,5939,1434,1931,497,198,125,168,304,263,329,414,685,971,485,62,171,133,123,140,163,166,203,211,316,369,507,464,316,169,52,10,2129,293,1
Comoros,2006,5999,1427,1909,482,193,125,168,309,269,341,431,707,1000,479,64,173,136,126,143,168,173,201,230,301,406,481,519,308,171,53,11,2102,293,1
Comoros,2007,6071,1416,1890,474,190,125,168,317,273,355,450,728,1035,474,66,176,141,128,145,171,184,201,249,288,440,463,572,302,172,55,11,2080,293,1
Comoros,2008,6105,1400,1856,456,181,121,168,322,275,367,463,743,1065,480,68,177,145,130,145,174,193,201,262,283,460,463,602,307,173,57,11,2037,289,1
Comoros,2009,6150,1393,1840,447,173,118,166,321,277,373,477,748,1088,504,68,176,145,132,145,174,199,207,270,289,459,486,602,330,174,57,11,2013,284,1
Comoros,2010,6216,1386,1822,436,169,116,166,326,281,384,487,749,1107,541,68,177,149,135,146,177,207,216,271,305,444,525,582,368,173,57,11,1991,282,1
Comoros,2011,6252,1374,1801,427,161,112,164,325,282,389,496,753,1122,583,69,175,150,136,146,177,212,227,269,329,424,567,555,414,169,58,11,1962,276,1
Comoros,2012,6291,1352,1768,416,157,111,164,327,287,391,504,755,1136,619,70,176,151,140,147,177,214,238,266,351,404,601,535,453,166,59,11,1925,275,1
Comoros,2013,6303,1325,1730,405,153,105,161,326,289,394,516,759,1152,645,70,175,151,140,149,177,217,249,267,366,393,617,535,475,170,59,11,1883,266,1
Comoros,2014,6343,1303,1699,396,153,103,161,327,297,397,532,774,1167,661,71,175,152,145,152,177,220,259,273,375,399,611,556,474,187,60,11,1852,264,1
Comoros,2015,6348,1278,1663,385,148,97,157,325,298,397,550,795,1179,669,71,174,151,145,153,177,220,267,283,376,419,588,591,458,211,60,11,1811,254,1
Comoros,2016,6360,1252,1621,369,145,95,156,327,303,398,570,811,1184,675,70,175,152,147,156,177,221,274,296,369,442,555,629,437,238,58,12,1766,251,1
Comoros,2017,6354,1227,1584,357,140,93,151,325,303,399,591,832,1185,685,70,174,151,147,156,177,222,279,312,365,467,526,659,425,260,58,12,1724,244,1
Comoros,2018,6405,1196,1541,345,139,89,148,324,310,405,611,863,1201,699,72,172,152,149,161,181,224,283,328,369,494,525,676,428,271,60,12,1680,237,1
Comoros,2019,6500,1165,1498,333,139,91,147,327,322,419,640,899,1222,719,79,173,154,154,168,189,230,291,349,384,515,545,677,450,269,67,12,1637,238,1
Comoros,2020,6678,1132,1453,321,131,87,128,289,307,423,685,995,1306,783,93,152,137,142,165,190,233,305,380,431,564,617,689,505,278,81,12,1584,215,1
Comoros,2021,7171,1103,1411,308,130,88,135,315,340,471,767,1108,1430,865,107,163,152,157,183,212,259,339,428,499,609,710,720,581,284,94,13,1541,223,1
Congo,1950,19715,5755,10147,4392,1019,516,507,1237,1205,1133,1152,1298,1104,359,36,613,624,608,597,576,557,586,566,634,664,623,481,245,114,31,5,11166,1023,1
Congo,1951,19780,5747,10107,4360,1007,511,504,1230,1210,1144,1177,1324,1142,384,40,609,621,609,601,581,563,597,580,646,678,640,502,267,117,34,6,11114,1015,1
Congo,1952,19736,5715,10021,4306,989,501,500,1225,1209,1146,1192,1330,1170,411,43,605,620,608,601,582,564,599,593,647,683,652,518,294,117,36,7,11010,1001,1
Congo,1953,19627,5671,9904,4233,978,493,492,1204,1195,1139,1201,1338,1198,441,44,595,609,600,595,577,562,595,606,648,690,665,533,320,121,38,6,10882,985,1
Congo,1954,19577,5607,9738,4131,971,484,488,1204,1205,1155,1226,1361,1228,472,45,594,610,604,601,585,570,603,623,659,702,681,547,343,129,39,6,10709,972,1
Congo,1955,19452,5544,9566,4022,957,476,480,1193,1200,1158,1235,1377,1255,501,48,587,606,600,600,586,572,603,632,668,709,693,562,361,140,41,7,10523,956,1
Congo,1956,19258,5475,9374,3899,941,465,473,1173,1188,1152,1238,1393,1281,531,50,577,596,594,594,581,571,602,636,678,715,704,577,377,154,42,8,10315,938,1
Congo,1957,19086,5394,9171,3777,922,455,465,1160,1183,1154,1242,1412,1311,561,52,570,590,589,594,582,572,604,638,694,718,718,593,391,170,44,8,10093,920,1
Congo,1958,18921,5321,8977,3656,899,446,457,1146,1175,1156,1247,1438,1339,587,53,562,584,584,591,582,574,606,641,712,726,730,609,403,184,45,8,9876,903,1
Congo,1959,18773,5245,8778,3533,876,442,449,1133,1171,1160,1255,1466,1370,615,57,554,579,581,590,584,576,611,644,729,737,743,627,418,197,48,9,9654,891,1
Congo,1960,18597,5169,8594,3425,855,437,443,1113,1156,1156,1256,1490,1397,638,61,544,569,572,584,580,576,612,644,740,750,755,642,430,208,52,9,9449,880,1
Congo,1961,18519,5109,8441,3332,837,432,439,1103,1155,1163,1268,1521,1428,660,68,538,565,571,584,582,581,617,651,752,769,769,659,443,217,58,10,9278,871,1
Congo,1962,18388,5061,8305,3244,823,431,433,1084,1137,1154,1267,1543,1454,682,74,529,555,561,576,577,577,616,651,753,790,779,675,458,224,63,11,9128,864,1
Congo,1963,18404,5050,8223,3173,813,428,433,1079,1139,1162,1280,1575,1486,705,81,526,553,562,577,580,582,622,658,761,814,794,692,473,232,70,11,9036,861,1
Congo,1964,18457,5051,8162,3111,802,425,437,1078,1144,1173,1297,1606,1520,726,86,525,553,563,581,584,589,630,667,768,838,812,708,486,240,75,11,8964,862,1
Congo,1965,18571,5063,8122,3059,794,423,442,1082,1153,1192,1319,1642,1562,749,90,527,555,567,586,593,599,640,679,780,862,836,726,501,248,78,12,8916,865,1
Congo,1966,18642,5076,8091,3015,784,421,445,1076,1151,1199,1334,1667,1604,771,95,525,551,565,586,596,603,647,687,789,878,861,743,516,255,81,14,8875,866,1
Congo,1967,18893,5103,8110,3007,797,436,462,1093,1169,1217,1357,1697,1659,799,99,536,557,574,595,604,613,658,699,802,895,896,763,533,266,85,14,8907,898,1
Congo,1968,18926,5121,8077,2956,772,420,456,1091,1172,1227,1372,1716,1702,820,104,534,557,574,598,608,619,665,707,812,904,926,776,547,273,88,16,8849,876,1
Congo,1969,19067,5149,8080,2931,767,422,460,1097,1175,1235,1389,1736,1753,845,107,540,557,575,600,611,624,673,716,822,914,955,798,561,284,90,17,8847,882,1
Congo,1970,19242,5187,8101,2914,765,422,464,1108,1181,1249,1408,1762,1803,867,112,548,560,577,604,617,632,681,727,834,928,982,821,576,291,94,18,8866,886,2
Congo,1971,19451,5243,8148,2905,767,423,469,1123,1188,1261,1427,1788,1851,889,115,558,565,579,609,622,639,690,737,846,942,1003,848,590,299,97,18,8915,892,2
Congo,1972,19734,5301,8195,2894,767,424,474,1140,1205,1290,1462,1828,1911,915,119,570,570,587,618,636,654,706,756,866,962,1027,884,605,310,101,18,8962,898,2
Congo,1973,19969,5335,8230,2895,771,426,481,1163,1223,1310,1488,1860,1959,936,126,582,581,595,628,645,665,719,769,881,979,1042,917,618,318,106,20,9001,907,2
Congo,1974,20185,5367,8263,2896,776,430,486,1181,1231,1323,1509,1889,2003,962,129,589,592,598,633,652,671,729,780,894,995,1057,946,636,326,108,21,9039,916,2
Congo,1975,20471,5400,8291,2891,781,433,495,1208,1251,1347,1539,1929,2060,998,135,600,608,609,642,662,685,743,796,913,1016,1081,979,661,337,113,22,9072,928,2
Congo,1976,20623,5407,8265,2858,786,438,501,1216,1259,1372,1575,1957,2084,1028,138,603,613,610,649,673,699,756,819,928,1029,1085,999,680,348,115,23,9051,939,2
Congo,1977,20804,5382,8214,2832,788,446,509,1235,1273,1405,1620,2000,2109,1062,144,610,625,615,658,687,718,772,848,950,1050,1093,1016,703,359,120,24,9002,955,3
Congo,1978,20907,5349,8152,2803,786,451,516,1249,1281,1430,1656,2036,2114,1085,147,619,630,621,660,699,731,788,868,971,1065,1095,1019,721,364,123,24,8938,967,3
Congo,1979,20996,5300,8054,2754,777,454,525,1264,1289,1453,1690,2094,2127,1109,153,630,634,629,660,710,743,809,881,1011,1083,1109,1018,741,368,128,25,8831,979,3
Congo,1980,21039,5253,7964,2711,777,458,535,1279,1291,1467,1713,2145,2127,1120,158,642,637,635,656,717,750,829,884,1051,1094,1124,1003,752,368,131,27,8741,993,3
Congo,1981,21122,5223,7864,2641,769,459,546,1304,1298,1485,1749,2216,2145,1122,160,655,649,641,657,725,760,856,893,1100,1116,1158,987,763,359,133,27,8633,1005,3
Congo,1982,21233,5196,7778,2582,766,459,556,1336,1314,1510,1789,2292,2161,1112,155,672,664,652,662,731,779,880,909,1143,1149,1193,968,763,349,128,27,8544,1015,3
Congo,1983,21297,5150,7672,2522,760,458,566,1371,1327,1524,1828,2365,2184,1094,147,687,684,657,670,727,797,894,934,1161,1204,1221,963,747,347,120,27,8432,1024,3
Congo,1984,21317,5098,7542,2444,749,456,576,1411,1343,1531,1873,2443,2216,1052,124,704,707,664,679,717,814,900,973,1156,1287,1237,979,707,345,98,26,8291,1032,3
Congo,1985,21846,5162,7592,2430,742,460,587,1479,1416,1579,1951,2525,2313,1070,122,733,746,702,714,733,846,923,1028,1154,1371,1263,1050,694,376,95,27,8334,1047,3
Congo,1986,22380,5186,7635,2449,739,466,599,1552,1504,1629,2021,2599,2420,1093,120,762,790,749,755,758,871,949,1072,1161,1438,1298,1122,692,401,94,26,8374,1065,3
Congo,1987,23082,5234,7709,2475,739,476,617,1640,1617,1696,2105,2679,2544,1125,127,799,841,812,805,798,898,992,1113,1194,1485,1355,1189,708,417,103,24,8448,1093,3
Congo,1988,24110,5315,7837,2522,747,494,645,1779,1793,1811,2222,2777,2681,1174,143,856,923,909,884,871,940,1061,1161,1265,1512,1448,1233,749,425,120,23,8584,1139,3
Congo,1989,25265,5430,8022,2592,770,513,681,1938,1988,1935,2341,2872,2818,1223,160,923,1015,1016,972,951,984,1132,1209,1354,1518,1559,1259,803,420,138,22,8792,1194,3
Congo,1990,26594,5590,8281,2691,808,536,722,2114,2216,2082,2459,2974,2952,1276,172,995,1119,1136,1080,1043,1039,1200,1259,1448,1526,1666,1286,862,414,150,22,9089,1258,3
Congo,1991,28100,5803,8608,2805,850,563,774,2309,2471,2247,2589,3096,3075,1331,179,1071,1238,1264,1207,1141,1106,1267,1322,1539,1557,1755,1320,919,412,157,22,9458,1337,3
Congo,1992,29605,6076,9044,2968,890,581,812,2481,2725,2405,2693,3203,3181,1397,189,1136,1345,1388,1337,1232,1173,1308,1385,1600,1603,1805,1376,970,427,164,25,9934,1393,3
Congo,1993,31089,6379,9545,3166,957,612,873,2674,2940,2527,2748,3286,3267,1462,195,1224,1450,1494,1446,1297,1230,1316,1432,1624,1662,1804,1463,1005,457,166,29,10502,1485,3
Congo,1994,32625,6728,10118,3390,1019,649,933,2872,3158,2655,2792,3364,3329,1521,207,1312,1560,1604,1554,1368,1287,1321,1471,1632,1732,1772,1557,1025,496,169,38,11137,1582,5
Congo,1995,33677,7091,10714,3623,1098,702,966,2897,3229,2711,2786,3415,3376,1569,206,1326,1571,1635,1594,1401,1310,1310,1476,1627,1788,1739,1637,1039,530,167,39,11812,1668,5
Congo,1996,34889,7495,11378,3883,1167,746,1001,2987,3333,2786,2783,3453,3415,1627,209,1380,1607,1687,1646,1450,1336,1311,1472,1628,1825,1722,1693,1062,565,168,41,12545,1747,5
Congo,1997,46755,8255,12984,4729,1487,949,1940,6711,5543,3927,3435,3980,3787,1793,222,3386,3325,2967,2576,2116,1811,1660,1775,1904,2076,1917,1870,1174,619,179,43,14471,2889,5
Congo,1998,40601,8345,13037,4692,1438,908,1342,4200,4140,3283,2993,3674,3578,1796,207,2042,2158,2133,2007,1755,1528,1457,1536,1757,1917,1835,1743,1186,610,177,30,14475,2250,3
Congo,1999,38440,8376,12918,4542,1352,869,1153,3457,3722,3090,2815,3509,3467,1848,233,1649,1808,1884,1838,1653,1437,1391,1424,1689,1820,1822,1645,1233,615,196,37,14270,2022,4
Congo,2000,37765,8388,12905,4517,1335,859,1095,3169,3554,3047,2752,3442,3447,1908,247,1495,1674,1777,1777,1626,1421,1377,1375,1662,1780,1852,1595,1287,621,210,37,14240,1954,4
Congo,2001,38549,8628,13100,4472,1323,849,1105,3241,3633,3148,2796,3454,3513,2033,337,1518,1723,1808,1825,1675,1473,1413,1383,1664,1790,1907,1606,1362,671,259,78,14423,1954,16
Congo,2002,38285,8582,12896,4314,1281,825,1098,3208,3602,3189,2806,3427,3533,2074,330,1495,1713,1782,1820,1687,1502,1422,1384,1634,1793,1914,1619,1378,696,263,67,14177,1923,18
Congo,2003,37438,8312,12440,4128,1229,796,1062,3051,3492,3199,2813,3389,3549,2091,313,1411,1640,1713,1779,1676,1523,1422,1391,1588,1801,1897,1652,1359,732,258,55,13669,1858,14
Congo,2004,36783,8085,11929,3844,1139,745,1025,2964,3430,3233,2857,3379,3601,2125,340,1368,1596,1672,1758,1679,1554,1441,1416,1562,1817,1887,1714,1337,788,271,69,13068,1770,16
Congo,2005,35929,7837,11412,3575,1062,699,976,2840,3309,3216,2878,3348,3655,2153,359,1316,1524,1609,1700,1657,1559,1452,1426,1533,1815,1881,1774,1321,832,281,78,12474,1675,18
Congo,2006,35839,7634,10970,3336,985,655,938,2832,3399,3363,2999,3365,3721,2196,392,1302,1530,1653,1746,1728,1635,1525,1474,1545,1820,1896,1825,1328,868,300,92,11955,1593,22
Congo,2007,35713,7467,10611,3144,940,625,912,2801,3409,3444,3099,3381,3791,2247,423,1291,1510,1658,1751,1761,1683,1588,1511,1568,1813,1931,1860,1358,889,321,102,11551,1537,26
Congo,2008,35546,7382,10353,2971,885,591,873,2728,3392,3501,3198,3401,3847,2297,454,1258,1470,1648,1744,1778,1723,1652,1546,1605,1796,1974,1873,1408,889,347,107,11238,1464,30
Congo,2009,35315,7289,10158,2869,857,571,858,2695,3341,3506,3251,3399,3879,2323,453,1248,1447,1624,1717,1770,1736,1687,1564,1629,1770,2005,1874,1458,865,358,95,11015,1429,27
Congo,2010,36018,7440,10301,2861,860,564,839,2640,3323,3579,3415,3520,3992,2420,531,1213,1427,1604,1719,1789,1790,1768,1647,1710,1810,2073,1919,1539,881,402,129,11161,1403,36
Congo,2011,36393,7362,10141,2779,832,548,824,2627,3388,3718,3609,3642,4056,2453,518,1194,1433,1619,1769,1842,1876,1865,1744,1788,1854,2108,1948,1578,875,401,117,10973,1372,36
Congo,2012,36651,7261,10010,2749,827,542,812,2597,3399,3795,3773,3757,4118,2484,507,1173,1424,1609,1790,1864,1931,1938,1835,1852,1905,2123,1995,1599,885,396,111,10837,1354,33
Congo,2013,36459,7069,9754,2685,836,543,805,2518,3320,3800,3890,3850,4155,2498,464,1137,1381,1555,1765,1852,1948,1982,1908,1896,1954,2114,2041,1599,899,372,92,10590,1348,25
Congo,2014,36465,6827,9349,2522,810,528,786,2449,3337,3916,4100,4021,4205,2513,428,1098,1351,1547,1790,1894,2022,2077,2023,1982,2039,2121,2084,1594,919,348,80,10159,1314,16
Congo,2015,36512,6615,9049,2434,814,532,781,2400,3327,3974,4254,4169,4256,2541,403,1077,1323,1538,1789,1916,2058,2146,2108,2061,2108,2135,2121,1600,941,332,71,9863,1313,10
Congo,2016,36461,6396,8721,2325,818,532,780,2346,3278,4004,4386,4312,4306,2577,394,1062,1284,1513,1765,1930,2074,2202,2184,2143,2169,2163,2143,1620,957,326,68,9539,1312,7
Congo,2017,36825,6223,8450,2227,815,536,785,2321,3302,4122,4581,4511,4373,2624,398,1055,1266,1520,1782,1988,2134,2293,2288,2262,2249,2221,2152,1658,966,331,67,9265,1321,5
Congo,2018,37015,6071,8219,2148,808,543,792,2285,3263,4162,4711,4690,4446,2677,412,1046,1239,1504,1759,2003,2159,2347,2364,2371,2319,2294,2152,1704,973,346,66,9027,1335,4
Congo,2019,41179,6255,9095,2840,1218,800,1017,2692,3682,4603,5148,5089,4645,2757,427,1258,1434,1710,1972,2230,2373,2563,2585,2600,2489,2445,2200,1772,985,362,65,10313,1817,4
Congo,2020,39496,5788,7834,2046,788,567,819,2262,3249,4409,5411,5689,5041,2969,458,1051,1211,1476,1773,2079,2330,2633,2778,2888,2801,2716,2325,1903,1066,393,65,8622,1386,4
Congo,2021,41238,5668,7694,2026,776,580,833,2257,3267,4679,5827,6258,5440,3145,478,1058,1199,1451,1816,2174,2505,2818,3009,3169,3089,2952,2488,2014,1131,410,68,8470,1413,4
Cook Islands,1950,371,89,131,42,22,15,18,40,31,30,25,27,25,8,0,20,20,16,15,15,15,15,10,15,12,15,10,5,3,0,0,153,33,0
Cook Islands,1951,355,89,129,40,21,15,17,39,30,26,24,26,22,9,0,20,19,15,15,15,11,14,10,14,12,12,10,6,3,0,0,150,32,0
Cook Islands,1952,339,87,124,37,19,11,16,34,30,24,23,25,20,8,0,19,15,15,15,14,10,12,11,12,13,10,10,6,2,0,0,143,27,0
Cook Islands,1953,323,84,121,37,17,10,15,30,30,21,20,25,20,8,0,15,15,15,15,11,10,10,10,11,14,10,10,5,3,0,0,138,25,0
Cook Islands,1954,307,81,115,34,17,10,14,30,20,20,20,24,20,7,0,15,15,10,10,10,10,10,10,10,14,10,10,5,2,0,0,132,24,0
Cook Islands,1955,292,77,109,32,14,10,14,27,20,20,20,24,22,7,0,15,12,10,10,10,10,10,10,10,14,12,10,5,2,0,0,123,24,0
Cook Islands,1956,278,74,103,29,14,10,13,24,20,20,20,23,22,8,0,14,10,10,10,10,10,10,10,10,13,12,10,6,2,0,0,117,23,0
Cook Islands,1957,265,71,98,27,13,7,12,22,20,20,20,22,23,9,0,12,10,10,10,10,10,10,10,10,12,13,10,6,3,0,0,111,19,0
Cook Islands,1958,254,70,95,25,12,5,10,20,20,20,20,21,23,9,0,10,10,10,10,10,10,10,10,10,11,12,11,6,3,0,0,107,15,0
Cook Islands,1959,242,68,91,23,10,5,9,20,18,20,20,20,23,8,0,10,10,9,9,10,10,10,10,10,10,13,10,5,3,0,0,101,14,0
Cook Islands,1960,231,65,88,23,10,5,8,17,10,20,20,20,22,8,0,10,7,5,5,10,10,10,10,10,10,12,10,5,3,0,0,98,13,0
Cook Islands,1961,220,63,84,21,9,5,8,16,10,13,20,20,22,9,0,10,6,5,5,5,8,10,10,10,10,12,10,6,3,0,0,93,13,0
Cook Islands,1962,211,59,78,19,8,5,7,14,10,12,20,20,20,10,0,9,5,5,5,5,7,10,10,10,10,10,10,7,3,0,0,86,12,0
Cook Islands,1963,200,54,72,18,7,5,5,10,10,11,20,20,20,10,0,5,5,5,5,5,6,10,10,10,10,10,10,7,3,0,0,79,10,0
Cook Islands,1964,190,51,66,15,7,5,5,10,10,10,20,20,20,11,0,5,5,5,5,5,5,10,10,10,10,10,10,8,3,0,0,73,10,0
Cook Islands,1965,180,46,61,15,7,5,5,10,10,10,19,23,20,12,0,5,5,5,5,5,5,9,10,10,13,10,10,8,4,0,0,68,10,0
Cook Islands,1966,171,42,54,12,7,5,5,10,10,10,17,24,21,13,0,5,5,5,5,5,5,8,9,10,14,11,10,9,4,0,0,61,10,0
Cook Islands,1967,163,38,50,12,6,5,5,10,10,10,17,23,22,9,0,5,5,5,5,5,5,8,9,10,13,12,10,6,3,0,0,56,10,0
Cook Islands,1968,155,35,45,10,6,5,5,10,10,10,17,22,22,10,0,5,5,5,5,5,5,7,10,10,12,12,10,6,4,0,0,51,10,0
Cook Islands,1969,148,33,42,9,5,5,5,10,10,10,16,21,21,10,0,5,5,5,5,5,5,6,10,10,11,11,10,6,4,0,0,47,10,0
Cook Islands,1970,141,30,38,8,5,5,5,10,10,10,15,20,22,11,0,5,5,5,5,5,5,5,10,10,10,12,10,7,4,0,0,43,10,0
Cook Islands,1971,135,28,35,7,5,5,5,10,10,10,14,20,21,11,0,5,5,5,5,5,5,5,9,10,10,11,10,6,5,0,0,40,10,0
Cook Islands,1972,129,26,32,6,5,3,5,10,10,10,13,20,20,12,0,5,5,5,5,5,5,5,8,10,10,10,10,7,5,0,0,37,8,0
Cook Islands,1973,125,22,28,6,5,2,5,8,9,10,12,20,21,12,0,5,3,4,5,5,5,5,7,10,10,11,10,7,5,0,0,33,7,0
Cook Islands,1974,122,19,23,4,4,1,5,8,8,10,11,20,21,13,1,5,3,3,5,5,5,5,6,10,10,11,10,8,5,1,0,27,6,0
Cook Islands,1975,123,17,21,4,4,2,5,10,10,10,14,20,22,14,0,5,5,5,5,5,5,5,9,10,10,12,10,9,5,0,0,25,7,0
Cook Islands,1976,124,15,19,4,4,2,5,10,10,10,16,20,23,14,0,5,5,5,5,5,5,6,10,10,10,13,10,9,5,0,0,23,7,0
Cook Islands,1977,123,13,17,4,4,2,5,8,10,10,17,20,24,14,0,4,4,5,5,5,5,7,10,10,10,14,10,9,5,0,0,21,7,0
Cook Islands,1978,125,12,16,4,3,2,5,10,10,10,17,20,25,14,0,5,5,5,5,5,5,7,10,10,10,14,11,9,5,0,0,19,7,0
Cook Islands,1979,125,12,16,4,3,2,5,10,10,10,17,22,25,14,1,5,5,5,5,5,5,7,10,10,12,13,12,9,5,1,0,19,7,0
Cook Islands,1980,124,12,16,4,1,1,5,8,10,10,17,21,23,12,1,5,3,5,5,5,5,7,10,10,11,12,11,7,5,1,0,17,6,0
Cook Islands,1981,122,11,15,4,0,1,5,6,9,10,17,22,22,13,1,5,1,4,5,5,5,7,10,10,12,12,10,8,5,1,0,15,6,0
Cook Islands,1982,121,11,14,3,0,1,5,5,7,10,17,22,23,14,1,5,0,2,5,5,5,7,10,10,12,13,10,9,5,1,0,14,6,0
Cook Islands,1983,119,11,13,2,0,0,5,6,6,10,16,22,23,14,1,5,1,1,5,5,5,6,10,10,12,13,10,9,5,1,0,13,5,0
Cook Islands,1984,118,10,12,2,0,0,5,7,5,10,16,21,24,15,1,5,2,0,5,5,5,6,10,10,11,14,10,10,5,1,0,12,5,0
Cook Islands,1985,117,10,11,1,0,0,5,7,5,10,17,20,25,15,1,5,2,0,5,5,5,7,10,10,10,14,11,10,5,1,0,11,5,0
Cook Islands,1986,116,10,11,1,0,0,5,8,4,10,17,20,25,15,1,5,3,0,4,5,5,7,10,10,10,13,12,10,5,1,0,11,5,0
Cook Islands,1987,121,10,14,4,0,0,5,9,5,10,17,20,25,15,1,5,4,0,5,5,5,7,10,10,10,12,13,10,5,1,0,14,5,0
Cook Islands,1988,118,10,11,1,0,0,4,10,4,10,17,20,25,16,1,5,5,0,4,5,5,7,10,10,10,12,13,10,6,1,0,11,4,0
Cook Islands,1989,121,10,11,1,0,0,4,10,10,10,17,20,25,15,1,5,5,5,5,5,5,7,10,10,10,11,14,10,5,1,0,11,4,0
Cook Islands,1990,132,11,15,4,0,0,5,10,10,10,18,20,26,16,2,5,5,5,5,5,5,8,10,10,10,13,13,10,6,2,0,15,5,0
Cook Islands,1991,127,11,13,2,0,0,4,10,10,10,17,20,25,16,2,5,5,5,5,5,5,7,10,10,10,13,12,10,6,2,0,13,4,0
Cook Islands,1992,129,11,13,2,0,0,3,10,10,10,18,22,26,16,2,5,5,5,5,5,5,8,10,10,12,14,12,10,6,2,0,13,3,0
Cook Islands,1993,129,11,13,2,0,0,3,10,10,10,17,21,27,16,2,5,5,5,5,5,5,7,10,10,11,14,13,10,6,2,0,13,3,0
Cook Islands,1994,128,10,12,2,0,0,3,10,10,10,17,22,26,18,2,5,5,5,5,5,5,7,10,11,11,13,13,11,7,2,0,12,3,0
Cook Islands,1995,127,10,11,1,0,0,2,10,10,10,16,26,24,20,3,5,5,5,5,5,5,6,10,12,14,12,12,12,8,3,0,11,2,0
Cook Islands,1996,125,9,10,1,0,0,2,10,10,10,15,27,24,19,2,5,5,5,5,5,5,5,10,12,15,14,10,11,8,2,0,10,2,0
Cook Islands,1997,141,10,15,5,5,1,5,10,10,10,19,30,26,18,3,5,5,5,5,5,5,8,11,15,15,15,11,10,8,3,0,20,6,0
Cook Islands,1998,120,8,8,0,0,0,0,8,10,10,14,28,24,16,3,3,5,5,5,5,5,5,9,13,15,13,11,10,6,3,0,8,0,0
Cook Islands,1999,116,7,7,0,0,0,0,1,10,10,14,27,24,16,3,0,1,5,5,5,5,5,9,12,15,12,12,10,6,3,0,7,0,0
Cook Islands,2000,112,6,6,0,0,0,0,0,9,10,14,27,23,17,3,0,0,4,5,5,5,5,9,12,15,13,10,10,7,3,0,6,0,0
Cook Islands,2001,108,5,5,0,0,0,0,0,7,10,13,26,23,18,4,0,0,2,5,5,5,5,8,11,15,13,10,10,8,4,0,5,0,0
Cook Islands,2002,104,4,4,0,0,0,0,0,5,10,12,24,24,15,4,0,0,0,5,5,5,5,7,10,14,14,10,9,6,4,0,4,0,0
Cook Islands,2003,104,4,4,0,0,0,0,0,4,10,12,24,25,14,3,0,0,0,4,5,5,5,7,10,14,15,10,9,5,3,0,4,0,0
Cook Islands,2004,105,4,4,0,0,0,0,0,4,10,13,23,26,15,3,0,0,0,4,5,5,5,8,10,13,15,11,9,6,3,0,4,0,0
Cook Islands,2005,105,4,4,0,0,0,0,0,3,10,14,23,26,15,3,0,0,0,3,5,5,5,9,10,13,15,11,10,5,3,0,4,0,0
Cook Islands,2006,105,3,3,0,0,0,0,0,3,10,13,22,26,16,3,0,0,0,3,5,5,5,8,10,12,15,11,10,6,3,0,3,0,0
Cook Islands,2007,106,3,3,0,0,0,0,0,2,10,13,21,27,17,4,0,0,0,2,5,5,5,8,10,11,15,12,10,7,4,0,3,0,0
Cook Islands,2008,108,3,3,0,0,0,0,0,2,10,13,21,28,18,4,0,0,0,2,5,5,5,8,10,11,15,13,10,8,4,0,3,0,0
Cook Islands,2009,111,3,3,0,0,0,0,0,1,10,13,24,29,18,4,0,0,0,1,5,5,5,8,10,14,15,14,10,8,4,0,3,0,0
Cook Islands,2010,115,3,3,0,0,0,0,0,1,10,14,25,30,19,3,0,0,0,1,5,5,5,9,10,15,15,15,10,9,3,0,3,0,0
Cook Islands,2011,120,3,3,0,0,0,0,0,1,10,14,26,32,21,3,0,0,0,1,5,5,5,9,11,15,17,15,11,10,3,0,3,0,0
Cook Islands,2012,126,3,3,0,0,0,0,0,1,10,16,27,37,22,4,0,0,0,1,5,5,6,10,12,15,20,17,12,10,4,0,3,0,0
Cook Islands,2013,128,3,3,0,0,0,0,0,1,10,18,27,38,23,4,0,0,0,1,5,5,8,10,12,15,19,19,13,10,4,0,3,0,0
Cook Islands,2014,130,2,2,0,0,0,0,0,0,10,18,27,38,23,4,0,0,0,0,5,5,8,10,12,15,18,20,14,9,4,0,2,0,0
Cook Islands,2015,133,2,2,0,0,0,0,0,0,10,19,27,38,24,5,0,0,0,0,5,5,9,10,12,15,18,20,15,9,5,0,2,0,0
Cook Islands,2016,135,2,2,0,0,0,0,0,0,10,19,28,37,25,5,0,0,0,0,5,5,9,10,13,15,17,20,15,10,5,0,2,0,0
Cook Islands,2017,137,2,2,0,0,0,0,0,0,9,19,28,36,26,6,0,0,0,0,4,5,9,10,13,15,16,20,16,10,5,1,2,0,0
Cook Islands,2018,138,2,2,0,0,0,0,0,0,9,19,29,35,27,7,0,0,0,0,4,5,9,10,13,16,15,20,17,10,6,1,2,0,0
Cook Islands,2019,140,2,2,0,0,0,0,0,0,9,18,29,35,29,7,0,0,0,0,4,5,8,10,13,16,16,19,18,11,6,1,2,0,0
Cook Islands,2020,142,2,2,0,0,0,0,0,0,9,19,30,37,31,7,0,0,0,0,4,5,8,11,15,15,19,18,19,12,6,1,2,0,0
Cook Islands,2021,144,2,2,0,0,0,0,0,0,9,20,31,40,32,7,0,0,0,0,4,5,8,12,15,16,20,20,19,13,6,1,2,0,0
Costa Rica,1950,13023,4867,6728,1861,321,171,262,648,640,739,898,1115,1001,403,89,337,311,303,337,358,381,431,467,554,561,550,451,292,111,58,31,7049,433,6
Costa Rica,1951,13083,4965,6866,1901,322,166,251,628,617,726,886,1112,1008,427,68,325,303,292,325,353,373,428,458,549,563,550,458,307,120,46,22,7188,417,6
Costa Rica,1952,13021,5054,6952,1898,306,161,242,604,588,706,868,1094,999,448,50,310,294,281,307,344,362,419,449,534,560,541,458,319,129,35,15,7258,403,5
Costa Rica,1953,13102,5129,7019,1890,352,155,232,582,569,696,865,1094,1011,479,45,296,286,275,294,340,356,416,449,526,568,547,464,338,141,32,13,7371,387,4
Costa Rica,1954,12931,5193,7081,1888,322,145,219,545,535,664,834,1056,990,490,40,275,270,261,274,322,342,398,436,500,556,534,456,343,147,31,9,7403,364,3
Costa Rica,1955,13151,5247,7138,1891,328,148,221,546,539,673,859,1085,1035,533,43,273,273,265,274,324,349,407,452,509,576,557,478,368,165,34,9,7466,369,2
Costa Rica,1956,13316,5296,7181,1885,341,148,219,539,537,676,872,1107,1077,571,47,269,270,265,272,322,354,409,463,518,589,579,498,388,183,39,8,7522,367,2
Costa Rica,1957,13496,5360,7238,1878,338,151,220,535,539,677,890,1129,1121,604,50,268,267,267,272,317,360,415,475,530,599,603,518,405,199,44,6,7576,371,2
Costa Rica,1958,13637,5422,7291,1869,373,154,215,526,536,669,894,1139,1152,634,56,265,261,265,271,309,360,416,478,539,600,620,532,419,215,50,6,7664,369,1
Costa Rica,1959,13906,5458,7317,1859,377,165,219,530,547,680,924,1182,1221,680,63,269,261,270,277,311,369,429,495,564,618,655,566,445,235,55,8,7694,384,1
Costa Rica,1960,13770,5460,7306,1846,370,165,210,506,529,651,900,1164,1215,686,66,259,247,260,269,297,354,419,481,560,604,649,566,446,240,59,7,7676,375,1
Costa Rica,1961,13853,5428,7255,1827,370,173,213,504,530,648,916,1191,1256,722,74,258,246,259,271,296,352,427,489,576,615,666,590,468,254,66,8,7625,386,1
Costa Rica,1962,14053,5356,7154,1798,389,185,221,512,540,664,952,1251,1326,773,84,263,249,260,280,305,359,444,508,604,647,696,630,503,270,74,10,7543,406,1
Costa Rica,1963,14021,5247,7006,1759,382,194,230,511,540,657,963,1282,1360,806,92,263,248,259,281,305,352,450,513,617,665,705,655,525,281,81,11,7388,424,1
Costa Rica,1964,13978,5100,6804,1704,389,198,242,514,537,659,979,1319,1398,843,97,264,250,255,282,310,349,455,524,630,689,718,680,551,292,85,12,7193,440,1
Costa Rica,1965,13817,4922,6563,1641,384,203,252,512,530,656,982,1342,1420,871,100,263,249,251,279,310,346,453,529,635,707,725,695,570,301,88,12,6947,455,1
Costa Rica,1966,13547,4720,6287,1567,371,206,259,502,516,642,972,1349,1435,902,104,260,242,243,273,305,337,443,529,634,715,732,703,588,314,90,14,6658,465,1
Costa Rica,1967,13349,4504,5989,1485,361,210,269,506,511,642,973,1369,1463,943,110,265,241,241,270,305,337,437,536,639,730,749,714,611,332,94,16,6350,479,1
Costa Rica,1968,13124,4231,5642,1411,364,220,284,520,507,645,969,1389,1490,978,114,278,242,241,266,308,337,428,541,647,742,767,723,630,348,97,17,6006,504,1
Costa Rica,1969,12907,4032,5336,1304,342,213,288,527,500,645,965,1417,1534,1023,118,288,239,239,261,306,339,421,544,658,759,795,739,653,370,100,18,5678,501,1
Costa Rica,1970,12877,3844,5054,1210,334,218,303,550,503,658,980,1464,1605,1082,128,306,244,243,260,311,347,425,555,680,784,834,771,685,397,110,18,5388,521,1
Costa Rica,1971,12434,3630,4736,1106,310,210,301,548,481,635,945,1444,1599,1086,131,310,238,233,248,298,337,411,534,670,774,832,767,683,403,113,18,5046,511,2
Costa Rica,1972,12380,3419,4425,1006,295,214,313,575,488,646,958,1493,1681,1144,144,328,247,237,251,299,347,419,539,693,800,873,808,714,430,126,18,4720,527,2
Costa Rica,1973,11777,3214,4123,909,273,202,302,565,459,608,902,1435,1636,1120,146,324,241,222,237,280,328,399,503,666,769,846,790,695,425,128,18,4396,504,2
Costa Rica,1974,11738,3027,3835,808,244,201,308,602,466,615,913,1483,1720,1184,161,342,260,226,240,280,335,408,505,683,800,885,835,732,452,142,19,4079,509,2
Costa Rica,1975,11402,2838,3553,715,233,193,302,608,456,595,889,1466,1731,1203,173,343,265,221,235,270,325,400,489,670,796,884,847,742,461,151,22,3786,495,2
Costa Rica,1976,11124,2656,3286,630,199,185,298,619,448,580,877,1454,1754,1238,187,347,272,218,230,262,318,397,480,657,797,890,864,763,475,160,27,3485,483,2
Costa Rica,1977,10786,2476,3029,553,192,175,289,621,438,558,855,1421,1755,1257,195,345,276,217,221,252,306,387,468,632,789,884,871,774,483,165,30,3221,464,3
Costa Rica,1978,10483,2305,2793,488,165,165,280,619,434,537,837,1393,1760,1290,209,340,279,219,215,245,292,379,458,609,784,880,880,792,498,174,35,2958,445,4
Costa Rica,1979,10748,2157,2592,435,158,163,288,655,462,555,878,1453,1889,1415,235,356,299,240,222,254,301,396,482,628,825,941,948,864,551,194,41,2750,451,5
Costa Rica,1980,10768,2003,2395,392,146,158,284,677,479,555,889,1469,1960,1496,253,363,314,253,226,256,299,399,490,630,839,971,989,911,585,206,47,2541,442,6
Costa Rica,1981,10464,1880,2236,356,136,145,266,651,472,531,860,1417,1946,1534,266,346,305,253,219,246,285,383,477,608,809,961,985,927,607,217,49,2372,411,7
Costa Rica,1982,10211,1783,2113,330,131,133,251,639,471,511,828,1367,1930,1554,273,335,304,255,216,237,274,366,462,590,777,950,980,935,619,223,50,2244,384,7
Costa Rica,1983,10296,1707,2016,309,120,129,242,638,488,511,828,1373,1990,1653,299,332,306,264,224,237,274,361,467,599,774,974,1016,988,665,244,55,2136,371,8
Costa Rica,1984,10712,1643,1934,291,114,127,244,663,530,532,861,1429,2125,1810,335,341,322,286,244,246,286,372,489,628,801,1033,1092,1078,732,275,60,2048,371,9
Costa Rica,1985,11121,1546,1814,268,111,128,246,691,574,553,893,1499,2259,1972,372,352,339,308,266,257,296,383,510,663,836,1088,1171,1170,802,305,67,1925,374,10
Costa Rica,1986,11200,1509,1772,263,112,122,233,681,590,553,884,1503,2286,2052,396,341,340,314,276,258,295,378,506,668,835,1088,1198,1211,841,326,70,1884,355,10
Costa Rica,1987,11406,1438,1690,252,110,120,225,679,618,565,891,1538,2350,2174,428,337,342,325,293,267,298,382,509,684,854,1103,1247,1276,898,351,77,1800,345,11
Costa Rica,1988,11490,1360,1607,247,110,119,219,672,638,576,887,1554,2377,2268,453,329,343,332,306,278,298,382,505,689,865,1098,1279,1321,947,370,83,1717,338,12
Costa Rica,1989,11770,1274,1497,223,98,114,214,674,667,602,903,1611,2462,2420,491,327,347,343,324,298,304,393,510,713,898,1124,1338,1399,1021,399,92,1595,328,13
Costa Rica,1990,11854,1209,1421,212,99,111,205,653,679,618,898,1623,2483,2525,523,313,340,345,334,312,306,392,506,713,910,1126,1357,1447,1078,422,101,1520,316,14
Costa Rica,1991,12364,1154,1361,207,104,113,207,658,718,662,930,1696,2593,2726,581,311,347,361,357,339,323,408,522,740,956,1175,1418,1548,1178,466,115,1465,320,16
Costa Rica,1992,12812,1106,1299,193,99,111,205,658,750,705,957,1759,2698,2915,635,308,350,372,378,365,340,420,537,760,999,1229,1469,1646,1269,510,125,1398,316,18
Costa Rica,1993,13230,1079,1269,190,97,110,204,658,776,753,982,1809,2783,3082,690,306,352,381,395,391,362,431,551,773,1036,1278,1505,1732,1350,555,135,1366,314,20
Costa Rica,1994,13788,1054,1239,185,93,112,204,660,807,814,1023,1877,2906,3273,753,306,354,394,413,420,394,449,574,794,1083,1346,1560,1830,1443,608,145,1332,316,23
Costa Rica,1995,14461,1035,1215,180,95,114,207,674,848,890,1073,1960,3063,3481,820,313,361,408,440,456,434,472,601,823,1137,1427,1636,1936,1545,664,156,1310,321,25
Costa Rica,1996,14659,1016,1204,188,98,116,203,653,850,930,1086,1966,3109,3550,863,303,350,404,446,473,457,480,606,823,1143,1451,1658,1959,1591,700,163,1302,319,27
Costa Rica,1997,14864,989,1162,173,87,107,198,642,856,975,1108,1981,3184,3628,907,299,343,404,452,491,484,496,612,830,1151,1487,1697,1986,1642,734,173,1249,305,29
Costa Rica,1998,15684,951,1119,168,85,108,202,648,888,1056,1188,2080,3403,3875,998,302,346,413,475,526,530,543,645,877,1203,1586,1817,2095,1780,805,193,1204,310,32
Costa Rica,1999,15917,922,1083,161,79,105,199,639,887,1095,1233,2096,3485,3942,1038,298,341,407,480,539,556,577,656,889,1207,1620,1865,2120,1822,830,208,1162,304,33
Costa Rica,2000,15868,881,1031,150,75,98,192,613,861,1112,1253,2073,3494,3963,1068,285,328,391,470,541,571,599,654,884,1189,1615,1879,2122,1841,848,220,1106,290,34
Costa Rica,2001,16551,834,978,144,75,96,194,611,872,1179,1342,2156,3674,4187,1151,284,327,392,480,567,612,653,689,923,1233,1685,1989,2240,1947,909,242,1053,290,37
Costa Rica,2002,16464,781,920,139,70,90,185,587,842,1186,1375,2137,3666,4201,1168,273,314,374,468,564,622,676,699,917,1220,1665,2001,2257,1944,920,248,990,275,37
Costa Rica,2003,16967,747,878,131,65,86,181,581,839,1226,1466,2200,3791,4384,1238,272,309,371,468,575,651,723,743,942,1258,1702,2089,2367,2017,974,264,943,267,39
Costa Rica,2004,17196,724,850,126,65,81,172,565,816,1237,1539,2221,3833,4496,1278,266,299,359,457,576,661,754,785,950,1271,1703,2130,2437,2059,1007,271,915,253,40
Costa Rica,2005,17584,714,836,122,62,78,167,554,800,1257,1629,2267,3905,4660,1332,262,292,352,448,578,679,793,836,971,1296,1722,2183,2530,2130,1049,283,898,245,41
Costa Rica,2006,18270,707,825,118,60,74,163,557,797,1295,1750,2363,4040,4905,1398,263,294,350,447,587,708,846,904,1019,1344,1776,2264,2663,2242,1103,295,885,237,43
Costa Rica,2007,19100,712,831,119,57,73,160,554,795,1336,1879,2478,4198,5208,1481,262,292,351,444,600,736,898,981,1080,1398,1847,2351,2821,2387,1168,313,888,233,45
Costa Rica,2008,19893,714,830,116,55,72,154,554,797,1366,2008,2610,4347,5502,1554,259,295,351,446,605,761,950,1058,1159,1451,1920,2427,2972,2530,1223,331,885,226,47
Costa Rica,2009,20216,697,812,115,52,68,147,540,776,1357,2073,2695,4390,5657,1597,250,290,342,434,593,764,968,1105,1227,1468,1949,2441,3041,2616,1255,342,864,215,48
Costa Rica,2010,21026,675,793,118,48,65,142,530,766,1368,2190,2857,4546,5968,1703,243,287,337,429,591,777,1010,1180,1327,1530,2023,2523,3186,2782,1338,365,841,207,50
Costa Rica,2011,20485,649,758,109,43,58,128,488,709,1286,2154,2837,4401,5870,1701,220,268,310,399,548,738,982,1172,1338,1499,1962,2439,3109,2761,1336,365,801,186,51
Costa Rica,2012,21498,626,733,107,41,55,126,481,713,1300,2276,3051,4604,6222,1842,214,267,312,401,548,752,1026,1250,1455,1596,2051,2553,3258,2964,1448,394,774,181,54
Costa Rica,2013,22127,597,698,101,42,53,120,463,701,1288,2347,3233,4728,6445,1951,204,259,308,393,538,750,1045,1302,1545,1688,2102,2626,3339,3106,1536,415,740,173,58
Costa Rica,2014,24497,576,674,98,39,52,124,483,748,1374,2598,3715,5243,7172,2209,211,272,330,418,572,802,1146,1452,1762,1953,2328,2915,3686,3486,1743,466,713,176,64
Costa Rica,2015,24629,555,649,94,42,47,115,457,720,1328,2599,3862,5275,7209,2260,198,259,320,400,552,776,1131,1468,1823,2039,2346,2929,3685,3524,1781,479,691,162,65
Costa Rica,2016,24642,534,626,92,41,43,106,429,690,1273,2580,3985,5288,7208,2310,186,243,307,383,529,744,1106,1474,1869,2116,2366,2922,3671,3537,1818,492,667,149,66
Costa Rica,2017,25856,518,607,89,42,43,101,415,688,1271,2664,4282,5575,7591,2506,180,235,305,383,529,742,1129,1535,1988,2294,2520,3055,3857,3734,1967,539,649,144,71
Costa Rica,2018,26579,496,581,85,36,41,94,400,679,1255,2694,4511,5799,7796,2619,174,226,299,380,522,733,1126,1568,2074,2437,2666,3133,3969,3827,2052,567,617,135,75
Costa Rica,2019,27786,461,542,81,34,41,89,385,675,1252,2750,4784,6168,8173,2807,167,218,293,382,520,732,1133,1617,2176,2608,2896,3272,4158,4015,2193,614,576,130,81
Costa Rica,2020,28817,425,502,77,36,76,180,657,919,1313,2613,4402,6431,8636,2971,297,360,432,487,572,741,1063,1550,1979,2423,2934,3497,4423,4213,2313,658,538,256,87
Costa Rica,2021,37055,401,474,73,35,78,208,783,1151,1688,3308,5837,8526,11316,3557,349,434,522,629,742,946,1327,1981,2652,3185,3891,4635,5723,5593,2804,753,509,286,96
Cote d'Ivoire,1950,89305,35363,56994,21631,5134,2459,2216,4720,3810,3292,3272,3557,2909,845,100,2458,2262,1987,1823,1701,1591,1630,1642,1769,1788,1664,1245,557,288,85,15,62128,4675,2
Cote d'Ivoire,1951,91137,36282,58120,21838,5175,2472,2250,4832,3926,3372,3355,3657,2982,873,117,2513,2319,2056,1870,1741,1631,1670,1685,1818,1839,1700,1282,603,270,93,24,63295,4722,5
Cote d'Ivoire,1952,92242,36771,58661,21890,5129,2455,2266,4925,4042,3463,3448,3762,3053,905,127,2554,2371,2123,1919,1787,1676,1715,1733,1873,1889,1744,1309,656,249,98,29,63790,4721,7
Cote d'Ivoire,1953,93226,37216,59199,21983,5028,2435,2273,4998,4150,3546,3530,3860,3121,945,133,2583,2415,2186,1964,1830,1716,1756,1774,1922,1938,1788,1333,709,236,101,32,64227,4708,9
Cote d'Ivoire,1954,94190,37593,59683,22090,4933,2420,2277,5071,4264,3634,3619,3963,3195,993,130,2610,2461,2242,2022,1875,1759,1801,1818,1973,1990,1835,1360,752,241,98,32,64616,4697,10
Cote d'Ivoire,1955,95098,37875,60018,22143,4883,2407,2276,5138,4382,3731,3720,4081,3283,1040,128,2633,2505,2294,2088,1924,1807,1852,1868,2031,2050,1888,1395,783,257,94,34,64901,4683,10
Cote d'Ivoire,1956,95664,38138,60261,22123,4845,2381,2254,5155,4454,3785,3778,4160,3366,1087,128,2632,2523,2320,2134,1951,1834,1880,1898,2067,2093,1935,1431,809,278,91,37,65106,4635,11
Cote d'Ivoire,1957,96531,38395,60491,22096,4840,2359,2243,5215,4580,3892,3883,4279,3464,1141,128,2651,2564,2375,2205,2007,1885,1932,1951,2124,2155,1991,1473,835,306,89,39,65331,4602,12
Cote d'Ivoire,1958,97272,38676,60745,22069,4861,2321,2227,5243,4671,3964,3959,4377,3567,1189,133,2655,2588,2411,2260,2043,1921,1970,1989,2167,2210,2046,1521,858,331,91,42,65606,4548,14
Cote d'Ivoire,1959,98143,38956,60998,22042,4895,2283,2218,5287,4776,4068,4053,4488,3679,1239,140,2664,2623,2458,2318,2101,1967,2016,2037,2218,2270,2108,1571,885,354,95,45,65893,4501,16
Cote d'Ivoire,1960,99406,39563,61591,22028,4927,2260,2213,5317,4869,4182,4162,4618,3804,1294,154,2667,2650,2501,2368,2167,2015,2069,2093,2279,2339,2177,1627,918,376,104,50,66518,4473,18
Cote d'Ivoire,1961,100890,40155,62235,22080,4956,2252,2218,5382,5005,4326,4283,4753,3937,1353,174,2682,2700,2567,2438,2249,2077,2129,2154,2344,2409,2249,1688,955,398,118,56,67191,4470,21
Cote d'Ivoire,1962,102402,40719,62881,22162,4983,2257,2222,5449,5144,4471,4399,4882,4077,1417,194,2699,2750,2634,2510,2331,2140,2188,2211,2405,2477,2325,1752,998,419,133,61,67864,4479,24
Cote d'Ivoire,1963,104326,41339,63635,22296,5026,2292,2228,5562,5341,4669,4561,5046,4232,1485,220,2736,2826,2729,2612,2443,2226,2271,2290,2486,2560,2410,1822,1045,440,150,70,68661,4520,27
Cote d'Ivoire,1964,105929,41946,64361,22415,5054,2324,2215,5620,5473,4817,4681,5181,4381,1555,234,2752,2868,2791,2682,2518,2299,2331,2350,2552,2629,2489,1892,1093,462,160,74,69415,4539,29
Cote d'Ivoire,1965,107735,42493,65075,22582,5103,2360,2216,5696,5637,5005,4841,5349,4542,1627,248,2780,2916,2865,2772,2607,2398,2412,2429,2636,2713,2575,1967,1142,485,170,78,70178,4576,31
Cote d'Ivoire,1966,109262,43019,65681,22662,5148,2385,2218,5730,5759,5163,4978,5502,4703,1701,261,2792,2938,2919,2840,2679,2484,2481,2497,2710,2792,2661,2042,1192,509,179,82,70829,4603,32
Cote d'Ivoire,1967,110913,43547,66290,22743,5208,2419,2237,5766,5896,5347,5134,5669,4869,1776,272,2804,2962,2978,2918,2764,2583,2560,2574,2792,2877,2747,2122,1244,532,186,86,71498,4656,33
Cote d'Ivoire,1968,112516,44053,66828,22775,5261,2448,2276,5785,6032,5534,5299,5842,5039,1856,282,2800,2985,3035,2997,2850,2684,2644,2655,2877,2965,2835,2204,1299,557,195,87,72089,4724,34
Cote d'Ivoire,1969,114009,44510,67296,22786,5311,2476,2325,5797,6155,5706,5464,6002,5207,1941,294,2789,3008,3085,3070,2933,2773,2734,2730,2955,3047,2920,2287,1356,585,202,92,72607,4801,35
Cote d'Ivoire,1970,115345,44933,67660,22727,5354,2502,2367,5803,6234,5851,5634,6170,5386,2034,312,2782,3021,3111,3123,3003,2848,2828,2806,3035,3135,3011,2375,1418,616,215,97,73014,4869,37
Cote d'Ivoire,1971,116952,45409,68076,22667,5385,2530,2412,5863,6358,6035,5834,6356,5577,2143,343,2804,3059,3158,3200,3093,2942,2938,2896,3125,3231,3111,2466,1488,655,233,110,73461,4942,41
Cote d'Ivoire,1972,118446,45866,68383,22517,5358,2533,2441,5962,6530,6250,6042,6528,5744,2246,376,2848,3114,3229,3301,3201,3049,3056,2986,3211,3317,3196,2548,1553,693,253,123,73741,4974,47
Cote d'Ivoire,1973,119781,46376,68675,22299,5369,2563,2479,5977,6542,6371,6234,6738,5974,2384,417,2888,3089,3220,3322,3252,3119,3158,3076,3311,3427,3315,2659,1641,743,278,139,74044,5042,53
Cote d'Ivoire,1974,120585,46786,68801,22015,5320,2563,2485,5972,6547,6469,6387,6890,6145,2499,448,2916,3056,3212,3335,3293,3176,3233,3154,3384,3506,3402,2743,1713,786,298,150,74121,5048,58
Cote d'Ivoire,1975,121681,47038,68822,21784,5269,2565,2502,6007,6620,6639,6616,7108,6365,2628,477,2951,3056,3239,3381,3367,3272,3338,3278,3491,3617,3517,2848,1796,832,318,159,74091,5067,63
Cote d'Ivoire,1976,122252,47219,68765,21546,5222,2559,2505,5983,6596,6719,6776,7270,6549,2744,501,2955,3028,3222,3374,3395,3324,3405,3371,3570,3700,3610,2939,1869,875,336,165,73987,5064,67
Cote d'Ivoire,1977,123238,48029,68794,20765,4991,2548,2654,6307,6294,6485,6713,7260,6791,3532,799,3191,3116,3107,3187,3252,3233,3349,3364,3561,3699,3641,3150,2265,1267,588,211,73785,5202,67
Cote d'Ivoire,1978,124475,48519,69088,20569,4853,2521,2748,6588,6139,6382,6755,7343,6984,4029,979,3353,3235,3055,3084,3175,3207,3347,3408,3602,3741,3701,3283,2527,1502,740,239,73941,5269,64
Cote d'Ivoire,1979,125555,49132,69809,20677,4787,2481,2776,6723,5999,6273,6782,7442,7101,4271,1053,3409,3314,3001,2998,3097,3176,3342,3440,3652,3790,3757,3344,2661,1610,803,250,74596,5257,59
Cote d'Ivoire,1980,127077,49794,70796,21002,4803,2455,2780,6808,5997,6261,6884,7625,7229,4343,1044,3424,3384,3014,2983,3069,3192,3383,3501,3749,3876,3844,3385,2708,1635,797,247,75599,5235,52
Cote d'Ivoire,1981,128712,50274,71659,21385,4905,2454,2776,6884,6113,6329,7043,7850,7363,4306,983,3427,3457,3086,3027,3090,3239,3456,3587,3866,3984,3942,3421,2694,1612,751,232,76564,5230,46
Cote d'Ivoire,1982,131253,50657,72376,21719,5112,2491,2796,7026,6407,6566,7375,8250,7636,4272,908,3458,3568,3250,3157,3196,3370,3619,3756,4075,4175,4117,3519,2684,1588,694,214,77488,5287,40
Cote d'Ivoire,1983,133325,51018,73028,22010,5370,2547,2794,7058,6642,6734,7643,8594,7880,4184,818,3448,3610,3396,3246,3275,3459,3751,3892,4255,4339,4271,3609,2646,1538,627,191,78398,5341,35
Cote d'Ivoire,1984,136943,51309,73583,22274,5667,2653,2852,7299,7171,7168,8156,9166,8308,4150,735,3534,3765,3692,3479,3496,3672,4006,4150,4542,4624,4527,3781,2648,1502,569,166,79250,5505,30
Cote d'Ivoire,1985,139117,51503,74027,22524,5978,2766,2878,7327,7490,7423,8483,9565,8523,3994,631,3537,3790,3857,3633,3636,3787,4162,4321,4733,4832,4672,3851,2580,1414,496,135,80005,5644,25
Cote d'Ivoire,1986,141839,51780,74548,22768,6294,2918,2937,7372,7870,7752,8863,10018,8814,3889,540,3551,3821,4028,3842,3818,3934,4343,4520,4948,5070,4854,3960,2554,1335,434,106,80842,5855,20
Cote d'Ivoire,1987,144747,52063,75073,23010,6585,3116,3022,7411,8260,8116,9265,10496,9128,3805,457,3568,3843,4177,4083,4020,4096,4530,4735,5175,5321,5048,4080,2551,1254,378,79,81658,6138,15
Cote d'Ivoire,1988,149359,52870,75879,23009,6763,3363,3271,7865,8696,8445,9655,10986,9551,4237,623,3825,4040,4354,4342,4193,4252,4701,4954,5409,5577,5241,4310,2801,1436,512,111,82642,6634,18
Cote d'Ivoire,1989,156678,55591,78219,22628,6694,3617,3767,9050,8870,8363,9700,11213,10105,5721,1320,4523,4527,4470,4400,4145,4218,4680,5020,5513,5700,5383,4722,3558,2163,1045,275,84913,7384,39
Cote d'Ivoire,1990,164950,57856,81577,23721,6856,3851,4046,9738,9470,8856,10180,11834,10560,6308,1616,4852,4886,4733,4737,4396,4460,4887,5293,5823,6011,5669,4891,3852,2456,1264,352,88433,7897,58
Cote d'Ivoire,1991,173127,59840,84700,24860,6983,4080,4361,10547,10129,9404,10632,12439,11023,6855,1892,5239,5308,5044,5085,4690,4714,5086,5546,6123,6316,5958,5065,4108,2747,1464,428,91683,8441,76
Cote d'Ivoire,1992,180689,61728,87669,25941,7071,4254,4671,11306,10715,9911,11020,13015,11484,7342,2138,5608,5698,5346,5369,4980,4931,5261,5759,6407,6608,6241,5243,4320,3022,1640,498,94740,8925,91
Cote d'Ivoire,1993,188292,63393,90333,26940,7230,4410,5000,12125,11370,10499,11457,13641,11978,7777,2366,6009,6116,5707,5663,5341,5158,5473,5984,6719,6922,6542,5436,4498,3279,1800,566,97563,9410,105
Cote d'Ivoire,1994,195689,64900,92633,27733,7480,4547,5348,13030,12099,11112,11875,14227,12475,8168,2578,6460,6570,6137,5962,5728,5384,5697,6178,7010,7217,6820,5655,4655,3513,1948,630,100113,9895,117
Cote d'Ivoire,1995,203341,66965,95349,28384,7757,4644,5678,13903,12831,11711,12282,14786,12976,8521,2775,6892,7011,6579,6252,6086,5625,5930,6352,7283,7503,7080,5896,4802,3719,2086,689,103106,10322,129
Cote d'Ivoire,1996,210694,68786,97701,28915,7989,4685,5954,14795,13665,12389,12750,15374,13485,8824,2945,7317,7478,7066,6599,6457,5932,6200,6550,7566,7808,7348,6137,4938,3886,2209,736,105690,10639,140
Cote d'Ivoire,1997,218226,70664,100015,29351,8196,4705,6210,15857,14632,13103,13209,15952,14003,9096,3099,7829,8028,7618,7014,6820,6283,6459,6750,7828,8124,7627,6376,5078,4018,2321,778,108211,10915,149
Cote d'Ivoire,1998,227906,72544,102335,29791,8303,4717,6400,17306,16394,14480,14040,16707,14534,9316,3218,8440,8866,8535,7859,7502,6978,6913,7127,8193,8514,7922,6612,5209,4107,2406,812,110638,11117,158
Cote d'Ivoire,1999,235175,73790,103951,30161,8414,4813,6575,18490,17758,15517,14743,17422,15006,9203,3127,8964,9526,9225,8533,7965,7552,7265,7478,8514,8908,8218,6788,5222,3981,2335,792,112365,11388,155
Cote d'Ivoire,2000,240582,74328,104769,30441,8489,4912,6622,19440,19202,16609,15466,17924,15303,8862,2843,9339,10101,9919,9283,8473,8136,7657,7809,8739,9185,8423,6880,5156,3706,2130,713,113258,11534,138
Cote d'Ivoire,2001,244566,74102,104592,30490,8572,5059,6643,20237,20620,17618,16133,18243,15547,8610,2571,9616,10621,10589,10031,8975,8643,8044,8089,8881,9362,8577,6970,5126,3484,1936,635,113164,11702,117
Cote d'Ivoire,2002,247048,73368,103599,30231,8603,5179,6606,20772,21800,18492,16790,18528,15809,8447,2327,9738,11034,11132,10668,9438,9054,8453,8337,9017,9511,8737,7072,5131,3316,1763,564,112202,11785,97
Cote d'Ivoire,2003,250632,72656,102348,29692,8597,5254,6659,21584,23052,19349,17491,18849,16210,8744,2393,9978,11606,11749,11303,9941,9408,8929,8562,9192,9657,8942,7268,5328,3416,1792,601,110945,11913,100
Cote d'Ivoire,2004,250454,71396,100224,28828,8497,5213,6598,21545,23574,19769,17905,18971,16512,9068,2469,9803,11742,11986,11588,10246,9523,9256,8649,9285,9686,9080,7432,5518,3550,1836,633,108721,11811,108
Cote d'Ivoire,2005,249624,70009,97882,27873,8343,5112,6538,21290,23823,20130,18363,19201,16838,9427,2561,9547,11743,12070,11753,10513,9617,9548,8815,9452,9749,9236,7602,5708,3719,1898,663,106225,11650,118
Cote d'Ivoire,2006,248140,68642,95618,26976,8195,5041,6561,20993,23945,20315,18588,19222,17057,9807,2671,9299,11694,12108,11837,10687,9628,9669,8919,9513,9709,9305,7752,5905,3902,1977,694,103813,11602,128
Cote d'Ivoire,2007,245846,67159,93207,26048,8029,4994,6656,20664,24015,20347,18599,19035,17170,10199,2795,9088,11576,12152,11863,10764,9583,9622,8977,9450,9585,9287,7883,6104,4095,2070,725,101236,11650,139
Cote d'Ivoire,2008,242786,65609,90624,25015,7800,4912,6642,20033,23794,20335,18693,18973,17319,10590,2926,8813,11220,12024,11770,10755,9580,9552,9141,9417,9556,9292,8027,6298,4292,2169,757,98424,11554,149
Cote d'Ivoire,2009,239198,63969,87903,23934,7537,4828,6539,19388,23442,20284,18725,18928,17431,10968,3067,8598,10790,11819,11623,10687,9597,9429,9296,9374,9554,9271,8160,6484,4484,2278,789,95440,11367,159
Cote d'Ivoire,2010,237064,62788,85833,23045,7301,4761,6449,18953,23255,20397,18818,19036,17551,11325,3219,8519,10434,11702,11553,10688,9709,9368,9450,9418,9618,9265,8286,6659,4666,2396,823,93134,11210,168
Cote d'Ivoire,2011,236490,61926,84380,22454,7155,4726,6427,18776,23203,20639,18977,19281,17692,11684,3370,8603,10173,11634,11569,10760,9879,9385,9592,9554,9727,9286,8406,6836,4848,2512,858,91535,11153,177
Cote d'Ivoire,2012,232251,60537,82370,21833,6995,4676,6292,17966,22672,20703,18976,19386,17559,11440,3071,8408,9558,11222,11450,10738,9965,9378,9598,9662,9724,9211,8348,6755,4685,2342,729,89365,10968,146
Cote d'Ivoire,2013,228701,59080,80238,21158,6859,4630,6230,17333,22146,20840,19065,19603,17502,11289,2851,8256,9077,10784,11362,10762,10078,9468,9597,9884,9719,9195,8307,6721,4568,2212,639,87097,10860,114
Cote d'Ivoire,2014,226564,57628,78005,20377,6708,4573,6241,17010,21977,21253,19388,19944,17513,11188,2671,8144,8866,10520,11457,10945,10308,9729,9659,10187,9757,9242,8271,6706,4482,2105,566,84713,10814,88
Cote d'Ivoire,2015,225318,56852,76539,19687,6597,4521,6273,16750,21550,21515,19694,20316,17620,11218,2647,8037,8713,10130,11420,11036,10479,9988,9706,10443,9873,9349,8271,6745,4473,2075,572,83136,10794,78
Cote d'Ivoire,2016,227113,56529,75747,19218,6530,4510,6385,16994,21660,22260,20362,20883,17810,11267,2627,8123,8871,10012,11648,11389,10871,10435,9927,10755,10128,9513,8297,6787,4480,2055,572,82277,10895,75
Cote d'Ivoire,2017,227995,56376,75194,18818,6453,4491,6436,17046,21248,22783,20937,21393,17989,11335,2614,8125,8921,9688,11560,11616,11167,10801,10136,10966,10427,9653,8336,6828,4507,2045,569,81647,10927,76
Cote d'Ivoire,2018,228525,55138,73445,18307,6281,4412,6413,17098,20980,23523,21841,22181,18244,11419,2608,8142,8956,9487,11493,11940,11583,11287,10554,11266,10915,9814,8430,6868,4551,2042,566,79726,10825,78
Cote d'Ivoire,2019,228296,53963,71714,17751,6128,4373,6440,17216,20712,24012,22472,22603,18425,11509,2615,8258,8958,9398,11314,12138,11874,11601,10871,11337,11266,9893,8532,6903,4606,2050,565,77842,10813,80
Cote d'Ivoire,2020,236477,53275,70529,17254,5979,4295,6111,16533,20239,25325,25062,25860,20750,12881,2830,7959,8574,9156,11083,12617,12708,12758,12304,12775,13085,11279,9471,7648,5233,2235,595,76508,10406,85
Cote d'Ivoire,2021,247449,52945,69749,16804,5852,4287,6410,17439,21081,27335,27697,28241,22623,13729,2920,8439,9000,9689,11392,13470,13865,14078,13619,13923,14318,12334,10289,8182,5547,2318,602,75601,10697,87
Croatia,1950,56936,8397,10355,1958,509,407,825,1910,1601,3872,6008,9154,13140,7956,1183,1040,870,611,990,1631,2241,2919,3089,4005,5149,6199,6941,5122,2834,986,197,10864,1232,24
Croatia,1951,55510,7801,9818,2017,494,389,785,1910,1538,3787,6063,8946,12684,7893,1175,1037,873,652,886,1591,2196,2937,3126,3872,5074,6036,6648,5135,2758,984,191,10312,1174,25
Croatia,1952,52572,7215,9135,1920,489,357,723,1834,1447,3580,5932,8452,11871,7599,1133,997,837,693,754,1492,2088,2842,3090,3616,4836,5733,6138,5001,2598,944,189,9624,1080,25
Croatia,1953,50064,6933,8724,1791,485,325,662,1747,1369,3365,5779,7991,11163,7330,1101,942,805,725,644,1380,1985,2723,3056,3396,4595,5470,5693,4845,2485,917,184,9209,987,23
Croatia,1954,48861,6509,8242,1733,503,306,622,1703,1356,3231,5774,7818,10893,7281,1110,905,798,761,595,1287,1944,2668,3106,3340,4478,5394,5499,4788,2493,923,187,8745,928,22
Croatia,1955,48127,6217,7886,1669,522,292,595,1671,1375,3102,5798,7734,10763,7248,1125,868,803,769,606,1183,1919,2623,3175,3361,4373,5362,5401,4708,2540,930,195,8408,887,20
Croatia,1956,47446,5818,7432,1614,531,282,569,1633,1434,2947,5823,7699,10722,7224,1132,827,806,774,660,1055,1892,2581,3242,3439,4260,5355,5367,4610,2614,931,201,7963,851,21
Croatia,1957,46036,5291,6813,1522,518,276,536,1568,1479,2734,5746,7575,10560,7088,1124,774,794,756,723,908,1826,2506,3240,3496,4079,5266,5294,4435,2653,920,204,7331,812,22
Croatia,1958,44477,4769,6174,1405,504,274,499,1487,1517,2511,5627,7460,10357,6921,1121,722,765,740,777,782,1729,2436,3191,3542,3918,5137,5220,4263,2658,915,206,6678,773,23
Croatia,1959,43722,4487,5788,1301,488,281,472,1424,1556,2350,5560,7504,10273,6855,1149,683,741,738,818,720,1630,2403,3157,3636,3868,5050,5223,4192,2663,937,212,6276,753,23
Croatia,1960,42811,4120,5324,1204,469,290,444,1354,1560,2213,5460,7585,10129,6776,1182,649,705,739,821,724,1489,2364,3096,3715,3870,4916,5213,4145,2631,966,216,5793,734,25
Croatia,1961,41775,3827,4931,1104,445,295,418,1271,1546,2086,5310,7659,9894,6683,1213,611,660,735,811,778,1308,2305,3005,3762,3897,4722,5172,4111,2572,994,219,5376,713,26
Croatia,1962,41927,3592,4639,1047,427,301,418,1228,1561,2036,5312,7964,9930,6803,1278,592,636,745,816,882,1154,2299,3013,3891,4073,4656,5274,4223,2580,1053,225,5066,719,28
Croatia,1963,41840,3332,4319,987,405,303,423,1172,1563,1991,5264,8199,9925,6911,1329,564,608,740,823,973,1018,2249,3015,3955,4244,4601,5324,4328,2583,1094,235,4724,726,30
Croatia,1964,41638,3104,4024,920,381,300,439,1119,1560,1981,5167,8378,9893,7000,1360,537,582,728,832,1037,944,2147,3020,3969,4409,4593,5300,4411,2589,1113,247,4405,739,32
Croatia,1965,41124,2969,3817,848,355,289,457,1060,1533,1997,4962,8436,9784,7034,1365,506,554,695,838,1043,954,1971,2991,3913,4523,4606,5178,4441,2593,1108,257,4172,746,33
Croatia,1966,41398,2822,3626,804,336,281,481,1021,1526,2117,4780,8633,9915,7247,1396,487,534,669,857,1059,1058,1776,3004,3915,4718,4780,5135,4572,2675,1123,273,3962,762,34
Croatia,1967,41898,2612,3387,775,322,279,498,1023,1534,2289,4615,8905,10120,7471,1421,500,523,653,881,1077,1212,1582,3033,3976,4929,5026,5094,4698,2773,1133,288,3709,777,35
Croatia,1968,42729,2427,3171,744,309,268,516,1031,1539,2479,4457,9205,10497,7759,1462,522,509,640,899,1111,1368,1426,3031,4079,5126,5350,5147,4850,2909,1158,304,3480,784,36
Croatia,1969,42987,2233,2931,698,292,259,518,1043,1510,2610,4267,9355,10818,7868,1478,555,488,616,894,1138,1472,1338,2929,4146,5209,5615,5203,4874,2994,1170,308,3223,777,38
Croatia,1970,43630,2115,2767,652,279,247,517,1070,1483,2708,4163,9520,11314,8003,1512,597,473,602,881,1183,1525,1397,2766,4232,5288,5933,5381,4898,3105,1199,313,3046,764,39
Croatia,1971,43826,2057,2659,602,266,234,505,1079,1426,2750,4027,9528,11742,8031,1540,625,454,579,847,1207,1543,1547,2480,4243,5285,6171,5571,4844,3187,1228,312,2925,739,41
Croatia,1972,44016,2033,2596,563,250,220,491,1091,1364,2774,3919,9513,12159,8029,1570,635,456,554,810,1225,1549,1748,2171,4217,5296,6361,5798,4777,3252,1261,309,2846,711,42
Croatia,1973,43949,1934,2470,536,233,207,466,1104,1295,2771,3818,9412,12483,8041,1604,639,465,523,772,1213,1558,1921,1897,4106,5306,6451,6032,4749,3292,1297,307,2703,673,43
Croatia,1974,44182,1844,2362,518,216,194,442,1123,1231,2786,3819,9303,12845,8156,1658,635,488,496,735,1196,1590,2051,1768,3941,5362,6521,6324,4828,3328,1347,311,2578,636,44
Croatia,1975,44365,1719,2218,499,201,182,418,1138,1170,2785,3916,9064,13173,8339,1720,622,516,466,704,1156,1629,2084,1832,3662,5402,6546,6627,4993,3346,1400,320,2419,600,44
Croatia,1976,44975,1684,2163,479,189,174,398,1160,1130,2795,4179,8768,13577,8602,1791,616,544,449,681,1118,1677,2121,2058,3299,5469,6612,6965,5243,3359,1460,331,2352,572,45
Croatia,1977,46008,1632,2098,466,183,168,386,1173,1120,2824,4555,8478,14100,8997,1879,610,563,457,663,1091,1733,2168,2387,2925,5553,6770,7330,5590,3407,1532,347,2281,554,45
Croatia,1978,47216,1641,2096,455,180,163,373,1185,1126,2842,4955,8200,14630,9467,1953,598,587,480,646,1070,1772,2250,2705,2614,5586,6992,7638,5975,3492,1589,364,2276,536,45
Croatia,1979,48463,1531,1982,451,177,158,360,1188,1146,2842,5313,8008,15162,10061,2020,588,600,519,627,1048,1794,2358,2955,2491,5517,7251,7911,6412,3649,1638,382,2159,518,45
Croatia,1980,51989,1531,1988,457,181,156,363,1226,1223,2933,5794,8294,16373,11240,2166,594,632,594,629,1076,1857,2594,3200,2784,5510,7844,8529,7195,4045,1748,418,2169,519,47
Croatia,1981,54189,1485,1935,450,182,152,356,1233,1277,2934,6132,8415,17149,12159,2218,586,647,649,628,1081,1853,2768,3364,3274,5141,8220,8929,7790,4369,1784,434,2117,508,47
Croatia,1982,57308,1400,1846,446,184,151,357,1254,1363,2978,6557,8731,18256,13291,2292,585,669,698,665,1096,1882,2974,3583,3981,4750,8710,9546,8491,4800,1842,450,2030,508,47
Croatia,1983,61108,1436,1876,440,192,156,366,1296,1508,3090,7135,9219,19519,14365,2339,600,696,772,736,1135,1955,3214,3921,4763,4456,9212,10307,9134,5231,1891,448,2068,522,45
Croatia,1984,55910,1237,1614,377,168,138,322,1141,1439,2726,6635,8489,17756,13330,2106,523,618,717,722,998,1728,2936,3699,4675,3814,8187,9569,8397,4933,1717,389,1782,460,40
Croatia,1985,54167,1132,1472,340,155,128,292,1051,1444,2533,6464,8467,16842,13197,2079,479,572,688,756,913,1620,2762,3702,4589,3878,7444,9398,8211,4986,1713,366,1627,420,38
Croatia,1986,53306,1034,1347,313,144,122,266,981,1457,2397,6341,8875,15908,13309,2127,447,534,672,785,860,1537,2609,3732,4552,4323,6572,9336,8188,5121,1771,356,1491,388,37
Croatia,1987,54180,939,1237,298,136,119,254,946,1484,2375,6404,9708,15358,13866,2257,431,515,670,814,874,1501,2551,3853,4650,5058,5831,9527,8480,5386,1898,359,1373,373,38
Croatia,1988,53583,830,1102,272,124,113,239,892,1466,2313,6273,10268,14404,14008,2341,406,486,640,826,886,1427,2439,3834,4681,5587,5047,9357,8566,5442,1981,360,1226,352,37
Croatia,1989,54296,761,1011,250,116,109,231,846,1456,2317,6186,10872,14032,14561,2526,386,460,621,835,946,1371,2355,3831,4838,6034,4780,9252,8907,5654,2140,386,1127,340,38
Croatia,1990,54170,716,942,226,108,104,222,793,1415,2308,5991,11068,13720,14796,2661,359,434,590,825,1024,1284,2276,3715,4981,6087,5044,8676,9041,5755,2251,410,1050,326,38
Croatia,1991,59288,713,1004,291,146,129,349,1381,2028,2866,6551,12196,14251,15502,2847,634,747,885,1143,1386,1480,2536,4015,5608,6588,6104,8147,9462,6040,2401,446,1150,478,39
Croatia,1992,52816,602,801,199,100,95,212,739,1364,2321,5511,11120,13029,14723,2766,330,409,548,816,1099,1222,2101,3410,5112,6008,6454,6575,8892,5831,2334,432,901,307,31
Croatia,1993,51958,539,718,179,87,85,195,663,1256,2297,5158,10975,12809,14819,2863,298,365,499,757,1089,1208,1957,3201,5005,5970,7088,5721,8819,6000,2403,460,805,280,30
Croatia,1994,50997,557,710,153,73,74,172,575,1132,2294,4805,10812,12696,14623,2994,258,317,439,693,1050,1244,1811,2994,4851,5961,7383,5313,8506,6117,2476,518,783,246,38
Croatia,1995,53878,581,753,172,80,77,210,750,1283,2625,4852,11321,13689,14896,3286,351,399,515,768,1152,1473,1799,3053,4922,6399,7752,5937,8362,6534,2696,590,833,287,50
Croatia,1996,52964,532,681,149,63,65,159,519,1040,2529,4540,11146,14548,14200,3424,242,277,399,641,1055,1474,1659,2881,4661,6485,7759,6789,7527,6673,2822,602,744,224,49
Croatia,1997,53925,537,683,146,60,62,153,498,997,2546,4487,11244,15791,13655,3691,235,263,382,615,1046,1500,1680,2807,4572,6672,7896,7895,6737,6918,3036,655,743,215,56
Croatia,1998,54445,402,546,144,57,58,143,483,953,2558,4441,11228,16931,13058,3929,230,253,364,589,1014,1544,1716,2725,4464,6764,8061,8870,5991,7067,3229,700,603,201,64
Croatia,1999,54067,345,476,131,55,53,132,457,893,2495,4360,10931,17496,12560,4088,218,239,343,550,965,1530,1781,2579,4251,6680,8126,9370,5611,6949,3346,742,531,185,73
Croatia,2000,52570,310,420,110,53,47,118,424,810,2336,4171,10267,17243,12433,4172,201,223,310,500,884,1452,1842,2329,3969,6298,8077,9166,5952,6481,3386,786,473,165,81
Croatia,2001,52368,352,449,97,49,42,109,404,758,2260,4122,9856,17326,12596,4303,190,214,286,472,835,1425,1929,2193,3815,6041,8192,9134,6778,5818,3449,854,498,151,91
Croatia,2002,53158,307,401,94,47,40,104,385,721,2223,4187,9662,17744,13062,4484,180,205,270,451,804,1419,1991,2196,3726,5936,8444,9300,7875,5187,3551,933,448,144,100
Croatia,2003,55017,285,376,91,45,38,99,375,700,2196,4377,9628,18506,13825,4738,172,203,262,438,787,1409,2106,2271,3699,5929,8782,9724,9063,4762,3718,1020,421,137,111
Croatia,2004,51858,255,333,78,39,35,86,334,622,1979,4234,8697,17570,13347,4468,151,183,232,390,697,1282,2002,2232,3331,5366,8266,9304,9017,4330,3471,997,372,121,113
Croatia,2005,53686,258,334,76,35,34,80,327,603,1932,4524,8572,18247,14368,4510,146,181,230,373,677,1255,2044,2480,3212,5360,8353,9894,9438,4930,3465,1045,369,114,124
Croatia,2006,52250,229,296,67,31,31,71,295,547,1781,4520,7987,17707,14759,4094,130,165,213,334,621,1160,1965,2555,2945,5042,7855,9852,9317,5442,3063,1031,327,102,131
Croatia,2007,54240,231,297,66,30,30,68,286,531,1750,4703,8041,18282,16173,3908,126,160,210,321,608,1142,2004,2699,3008,5033,7908,10374,9758,6415,2826,1082,327,98,144
Croatia,2008,53919,212,274,62,27,28,63,261,498,1649,4678,7813,18004,16828,3643,114,147,200,298,571,1078,1923,2755,2996,4817,7624,10380,9830,6998,2545,1098,301,91,153
Croatia,2009,54280,236,295,59,26,26,60,241,470,1547,4626,7719,17810,17594,3703,104,137,188,282,537,1010,1851,2775,3112,4607,7359,10451,10117,7477,2575,1128,321,86,163
Croatia,2010,53905,176,235,59,23,23,57,219,447,1436,4476,7594,17309,17938,3976,93,126,180,267,492,944,1747,2729,3320,4274,7100,10209,10369,7569,2869,1107,258,80,171
Croatia,2011,52934,185,237,52,21,21,53,197,416,1319,4290,7424,16532,18057,4192,83,114,167,249,444,875,1631,2659,3458,3966,6773,9759,10453,7604,3184,1008,258,74,177
Croatia,2012,53843,154,205,51,20,19,50,187,399,1260,4254,7581,16385,18721,4572,79,108,158,241,419,841,1581,2673,3595,3986,6672,9713,10840,7881,3638,934,225,69,191
Croatia,2013,52547,148,193,45,18,16,47,169,368,1153,3971,7479,15540,18641,4758,73,96,144,224,381,772,1458,2513,3594,3885,6285,9255,10733,7908,3886,872,211,63,197
Croatia,2014,53039,180,222,42,19,17,42,157,347,1087,3801,7692,15118,19209,5121,69,88,132,215,361,726,1372,2429,3642,4050,6065,9053,10957,8252,4181,940,241,59,209
Croatia,2015,56685,146,194,48,19,16,42,154,350,1088,3857,8536,15595,20871,5752,69,85,132,218,367,721,1380,2477,3873,4663,6098,9497,11674,9197,4623,1129,213,58,217
Croatia,2016,53955,144,185,41,16,14,35,139,316,972,3511,8440,14396,20021,5729,65,74,116,200,337,635,1250,2261,3695,4745,5526,8870,10964,9057,4551,1178,201,49,186
Croatia,2017,56089,138,181,43,16,13,32,136,304,939,3446,8795,14652,21101,6302,64,72,112,192,331,608,1221,2225,3780,5015,5662,8990,11338,9763,4943,1359,197,45,174
Croatia,2018,55495,144,184,40,15,12,30,127,282,884,3261,8804,14322,20939,6468,59,68,103,179,317,567,1149,2112,3658,5146,5648,8674,11081,9858,5033,1435,199,42,164
Croatia,2019,54451,133,170,37,14,11,26,115,256,825,3015,8589,13972,20619,6662,51,64,93,163,297,528,1064,1951,3474,5115,5761,8211,10692,9927,5154,1508,184,37,176
Croatia,2020,59705,134,175,41,15,13,28,120,260,871,3130,9316,15366,22572,7625,52,68,92,168,314,557,1094,2036,3677,5639,6840,8526,11600,10972,5899,1726,190,41,211
Croatia,2021,62262,135,175,40,14,13,27,121,259,898,3172,9828,16279,23168,8072,51,70,92,167,321,577,1090,2082,3785,6043,7741,8538,11886,11282,6246,1826,189,40,231
Cuba,1950,62062,15058,22082,7024,1591,847,1118,2266,2485,3588,4371,7602,8859,5909,1331,1175,1091,1121,1364,1614,1974,2058,2313,3541,4061,4515,4344,3580,2329,1016,315,23673,1965,11
Cuba,1951,62659,14984,22067,7083,1585,849,1131,2276,2479,3676,4564,7823,9142,5809,1229,1184,1092,1114,1365,1636,2040,2192,2372,3563,4260,4690,4452,3560,2249,963,266,23652,1980,29
Cuba,1952,62463,14739,21672,6933,1546,836,1135,2264,2447,3703,4770,7924,9316,5676,1132,1176,1088,1100,1347,1640,2063,2321,2449,3478,4446,4787,4529,3514,2162,889,243,23218,1971,37
Cuba,1953,62161,14592,21332,6740,1505,812,1137,2247,2404,3694,4987,7948,9455,5551,1051,1165,1082,1086,1318,1634,2060,2442,2545,3343,4605,4858,4597,3469,2082,826,225,22837,1949,38
Cuba,1954,61818,14453,21006,6553,1471,785,1128,2205,2342,3657,5188,7930,9621,5467,985,1143,1062,1062,1280,1613,2044,2534,2654,3235,4695,4951,4670,3449,2018,780,205,22477,1913,33
Cuba,1955,61644,14292,20658,6366,1445,760,1115,2172,2288,3621,5382,7933,9861,5450,935,1127,1045,1040,1248,1589,2032,2606,2776,3203,4730,5088,4773,3471,1979,746,189,22103,1875,27
Cuba,1956,61942,14122,20300,6178,1413,741,1121,2243,2305,3635,5605,7968,10196,5495,896,1170,1073,1058,1247,1589,2046,2672,2933,3252,4716,5289,4907,3533,1962,717,179,21713,1862,24
Cuba,1957,62050,13943,19936,5993,1376,722,1099,2215,2265,3603,5798,7979,10592,5580,863,1163,1052,1041,1224,1560,2043,2695,3103,3361,4618,5551,5041,3622,1958,696,167,21312,1821,23
Cuba,1958,62252,13792,19596,5804,1339,704,1077,2191,2232,3575,5980,8003,11003,5690,840,1158,1033,1029,1203,1530,2045,2700,3280,3521,4482,5817,5186,3728,1962,681,159,20935,1781,22
Cuba,1959,62467,13852,19481,5629,1313,689,1038,2089,2148,3508,6120,8085,11347,5807,817,1109,980,986,1162,1483,2025,2692,3428,3703,4382,5993,5354,3832,1975,667,150,20794,1727,20
Cuba,1960,62845,13999,19458,5459,1277,673,1013,2055,2120,3465,6239,8243,11561,5926,799,1090,965,974,1146,1454,2011,2696,3543,3890,4353,6041,5520,3931,1995,655,144,20735,1686,18
Cuba,1961,63556,14138,19478,5340,1249,658,1015,2135,2163,3471,6360,8506,11682,6039,781,1127,1008,1001,1162,1456,2015,2721,3639,4103,4403,5974,5708,4021,2018,643,138,20727,1673,17
Cuba,1962,63672,14265,19503,5238,1225,641,974,2020,2084,3384,6375,8832,11704,6149,768,1058,962,958,1126,1413,1971,2715,3660,4320,4512,5775,5929,4094,2055,636,132,20728,1615,16
Cuba,1963,65826,14531,20054,5523,1496,770,1031,2107,2185,3462,6521,9346,11774,6300,764,1092,1015,1007,1178,1457,2005,2790,3731,4609,4737,5588,6186,4193,2107,636,128,21550,1801,15
Cuba,1964,63943,13917,18956,5039,1175,609,933,1957,2039,3283,6378,9663,11708,6465,768,1007,950,933,1106,1376,1907,2718,3660,4744,4919,5403,6305,4304,2161,642,126,20131,1542,14
Cuba,1965,63740,13319,18196,4877,1157,589,913,1903,1999,3230,6364,10097,11788,6707,782,976,927,913,1086,1356,1874,2699,3665,4911,5186,5407,6381,4469,2238,658,124,19353,1502,13
Cuba,1966,63503,12682,17319,4637,1141,573,893,1839,1954,3178,6345,10537,11907,7000,803,943,896,890,1064,1338,1840,2668,3677,5035,5502,5538,6369,4676,2324,680,123,18460,1466,13
Cuba,1967,63233,12052,16408,4356,1125,557,872,1767,1907,3131,6317,10961,12015,7331,830,908,859,868,1039,1322,1809,2625,3692,5103,5858,5770,6245,4926,2405,706,124,17533,1429,12
Cuba,1968,62901,11445,15503,4058,1107,541,852,1701,1863,3086,6278,11329,12129,7643,856,877,824,850,1013,1306,1780,2576,3702,5121,6208,6064,6065,5160,2483,730,126,16610,1393,12
Cuba,1969,62407,10825,14585,3760,1076,525,833,1648,1832,3047,6228,11594,12291,7856,877,852,796,837,995,1290,1757,2534,3694,5115,6479,6365,5926,5290,2566,750,127,15661,1358,12
Cuba,1970,61675,10170,13643,3473,1034,513,818,1619,1816,3016,6161,11723,12489,7938,894,839,780,831,985,1275,1741,2498,3663,5090,6633,6618,5871,5292,2646,765,129,14677,1331,12
Cuba,1971,60659,9471,12641,3170,968,499,808,1606,1817,2993,6080,11708,12703,7911,908,833,773,835,982,1261,1732,2471,3609,5044,6664,6828,5875,5182,2729,778,130,13609,1307,12
Cuba,1972,60097,8729,11591,2862,901,489,803,1616,1826,2978,6007,11654,13091,8158,971,837,779,841,985,1248,1730,2456,3551,5018,6636,7049,6042,5167,2991,835,136,12492,1292,12
Cuba,1973,59239,7757,10282,2525,833,491,804,1649,1857,2980,5929,11495,13414,8418,1079,853,796,858,999,1242,1738,2448,3481,4977,6518,7253,6161,5137,3281,934,145,11115,1295,12
Cuba,1974,58393,6708,8876,2168,770,502,815,1708,1908,3004,5861,11283,13626,8752,1275,880,828,887,1021,1249,1755,2446,3415,4908,6375,7404,6222,5184,3568,1111,164,9646,1317,13
Cuba,1975,57760,5633,7465,1832,715,524,845,1796,1985,3053,5814,11061,13731,9186,1572,921,875,924,1061,1272,1781,2450,3364,4815,6246,7474,6257,5318,3868,1370,202,8180,1369,13
Cuba,1976,57566,4668,6197,1529,676,553,895,1907,2080,3128,5790,10847,13818,9676,1985,977,930,968,1112,1313,1815,2464,3326,4706,6141,7450,6368,5482,4194,1710,275,6873,1448,13
Cuba,1977,57889,3858,5131,1273,648,583,968,2031,2189,3220,5791,10660,13973,10151,2533,1041,990,1016,1173,1368,1852,2488,3303,4591,6069,7343,6630,5617,4534,2116,417,5779,1551,16
Cuba,1978,58631,3135,4194,1059,625,608,1059,2145,2300,3313,5805,10513,14247,10580,3214,1101,1044,1066,1234,1429,1884,2520,3285,4490,6023,7214,7033,5682,4898,2554,660,4819,1667,26
Cuba,1979,60073,2809,3705,896,608,623,1154,2237,2401,3399,5830,10419,14634,10990,4019,1151,1086,1112,1289,1489,1910,2555,3275,4427,5992,7142,7492,5710,5280,2985,1034,4313,1777,55
Cuba,1980,61528,2401,3125,724,567,626,1230,2291,2477,3461,5864,10381,15096,11397,4897,1186,1105,1148,1329,1538,1923,2584,3280,4409,5972,7167,7929,5814,5583,3403,1494,3692,1856,112
Cuba,1981,63455,2275,2911,636,543,618,1273,2309,2523,3501,5915,10392,15576,11831,5835,1210,1099,1173,1350,1575,1926,2610,3305,4429,5963,7291,8285,6171,5660,3807,2028,3454,1891,223
Cuba,1982,63462,2468,3038,570,509,604,1283,2337,2551,3571,6029,10443,15906,11924,4995,1247,1090,1189,1362,1614,1957,2655,3374,4480,5963,7456,8450,6920,5004,3319,1676,3547,1887,270
Cuba,1983,63775,2487,3024,537,470,585,1269,2369,2568,3647,6165,10540,16251,12284,4324,1288,1081,1198,1370,1644,2003,2702,3463,4543,5997,7652,8599,7809,4475,2943,1381,3494,1854,281
Cuba,1984,64419,2411,2939,528,431,561,1245,2419,2590,3744,6313,10676,16615,12777,3834,1333,1086,1207,1383,1675,2069,2750,3563,4609,6067,7835,8780,8578,4199,2658,1176,3370,1806,278
Cuba,1985,65321,2338,2855,517,393,537,1228,2504,2621,3869,6465,10845,16956,13330,3460,1391,1113,1220,1401,1716,2153,2805,3660,4684,6161,7965,8991,9063,4267,2429,1031,3248,1765,256
Cuba,1986,66428,2275,2782,507,357,506,1222,2623,2672,4028,6619,11041,17252,13927,3167,1455,1168,1237,1435,1770,2258,2867,3752,4778,6263,8038,9214,9275,4652,2236,931,3139,1728,229
Cuba,1987,67782,2258,2753,495,334,470,1222,2766,2729,4204,6786,11247,17517,14585,2958,1514,1252,1256,1473,1835,2369,2946,3840,4886,6361,8075,9442,9322,5263,2080,878,3087,1692,215
Cuba,1988,69272,2251,2732,481,323,431,1215,2911,2786,4376,6949,11446,17776,15315,2823,1560,1351,1278,1508,1902,2474,3037,3912,5007,6439,8118,9658,9344,5971,1997,826,3055,1646,185
Cuba,1989,70922,2161,2632,471,319,393,1193,3042,2847,4529,7099,11628,18042,16130,2889,1588,1454,1307,1540,1966,2563,3132,3967,5126,6502,8197,9845,9460,6670,2061,828,2951,1586,182
Cuba,1990,72753,2054,2514,460,316,356,1146,3130,2898,4645,7228,11795,18330,17048,3172,1591,1539,1344,1554,2016,2629,3222,4006,5225,6570,8315,10015,9728,7320,2340,832,2830,1502,173
Cuba,1991,74625,1832,2276,444,316,324,1070,3165,2948,4717,7332,11966,18621,18048,3685,1572,1593,1391,1557,2050,2667,3298,4034,5312,6654,8457,10164,10132,7916,2851,834,2592,1394,168
Cuba,1992,76454,1643,2061,418,316,298,971,3136,2995,4747,7424,12124,18859,19008,4353,1528,1608,1450,1545,2062,2685,3355,4069,5378,6746,8584,10275,10588,8420,3525,828,2377,1269,163
Cuba,1993,78062,1490,1875,385,315,283,864,3051,3041,4753,7523,12267,19032,19821,5075,1460,1591,1511,1530,2056,2697,3397,4126,5420,6847,8667,10365,10993,8828,4236,839,2190,1147,162
Cuba,1994,79174,1372,1723,351,315,272,760,2914,3087,4741,7637,12373,19128,20370,5702,1367,1547,1567,1520,2037,2704,3434,4203,5441,6932,8699,10429,11245,9125,4821,881,2038,1032,156
Cuba,1995,80081,1298,1617,319,313,268,665,2729,3121,4715,7787,12486,19232,20703,6287,1244,1485,1606,1515,2005,2710,3479,4308,5462,7024,8737,10495,11340,9363,5252,1035,1930,933,156
Cuba,1996,80263,1198,1490,292,305,270,584,2521,3148,4681,7958,12560,19246,20645,6710,1108,1413,1622,1526,1962,2719,3531,4427,5479,7081,8758,10488,11215,9430,5462,1248,1795,854,149
Cuba,1997,80209,1211,1484,273,291,270,524,2305,3159,4630,8115,12628,19208,20376,7070,965,1340,1604,1555,1911,2719,3584,4531,5521,7107,8792,10416,10983,9393,5542,1528,1775,794,153
Cuba,1998,79989,1156,1413,257,273,266,485,2097,3146,4561,8253,12708,19153,20091,7372,834,1263,1550,1596,1857,2704,3631,4622,5595,7113,8847,10306,10766,9325,5600,1772,1686,751,172
Cuba,1999,80043,1103,1350,247,250,260,460,1898,3105,4482,8364,12794,19128,19967,7728,723,1175,1469,1636,1812,2670,3664,4700,5699,7095,8912,10216,10668,9299,5714,2014,1600,720,257
Cuba,2000,80523,1016,1253,237,226,252,448,1706,3035,4395,8423,12898,19189,20149,8217,632,1074,1375,1660,1783,2612,3671,4752,5831,7067,8984,10205,10764,9385,5934,2283,1479,700,323
Cuba,2001,81581,949,1178,229,204,239,438,1529,2942,4310,8436,13046,19378,20628,8850,565,964,1283,1659,1778,2532,3649,4787,5953,7093,9049,10329,11013,9615,6261,2589,1382,677,397
Cuba,2002,83136,920,1140,220,186,228,428,1371,2827,4244,8413,13242,19714,21249,9593,521,850,1203,1624,1802,2442,3596,4817,6049,7193,9124,10590,11301,9948,6655,2938,1326,656,501
Cuba,2003,84808,859,1069,210,172,212,415,1242,2686,4217,8369,13490,20121,21921,10280,498,744,1130,1556,1860,2357,3530,4839,6153,7337,9220,10901,11586,10335,7066,3214,1241,627,618
Cuba,2004,86402,781,980,199,161,196,405,1137,2532,4237,8330,13788,20470,22601,10829,484,653,1060,1472,1929,2308,3469,4861,6261,7527,9287,11183,11837,10764,7454,3375,1141,601,734
Cuba,2005,87791,719,908,189,154,182,398,1061,2390,4295,8306,14118,20734,23237,11224,480,581,988,1402,1989,2306,3419,4887,6350,7768,9328,11406,12047,11190,7790,3434,1062,580,784
Cuba,2006,89018,654,833,179,146,168,392,1004,2268,4387,8289,14433,20969,23761,11553,477,527,918,1350,2034,2353,3391,4898,6448,7985,9447,11522,12279,11482,8047,3506,979,560,818
Cuba,2007,90186,640,809,169,141,159,385,963,2161,4496,8262,14753,21240,24138,11850,472,491,845,1316,2043,2453,3373,4889,6564,8189,9629,11611,12549,11589,8231,3619,950,544,829
Cuba,2008,91396,669,829,160,136,155,373,942,2067,4621,8239,15096,21556,24399,12138,465,477,774,1293,2016,2605,3354,4885,6668,8428,9802,11754,12782,11617,8345,3793,965,528,850
Cuba,2009,92560,686,838,152,133,152,355,940,1977,4735,8262,15392,21886,24645,12401,462,478,713,1264,1966,2769,3361,4901,6753,8639,10055,11831,12976,11669,8430,3971,971,507,838
Cuba,2010,93794,665,814,149,127,151,333,956,1894,4823,8354,15592,22257,24906,12739,465,491,668,1226,1914,2909,3425,4929,6817,8775,10412,11845,13151,11755,8554,4185,941,484,845
Cuba,2011,95281,666,814,148,124,152,312,983,1803,4892,8501,15768,22724,25184,13112,470,513,626,1177,1876,3016,3531,4970,6850,8918,10734,11990,13215,11969,8670,4442,938,464,913
Cuba,2012,96990,624,772,148,119,153,296,1007,1716,4909,8714,15952,23307,25651,13366,475,532,603,1113,1850,3059,3703,5011,6853,9099,11086,12221,13324,12327,8705,4661,891,449,1029
Cuba,2013,98243,603,750,147,116,151,288,1018,1648,4886,8984,16188,23978,26102,13042,469,549,605,1043,1842,3044,3963,5021,6916,9272,11542,12436,13562,12540,8626,4416,866,439,1097
Cuba,2014,100151,577,720,143,115,148,285,1024,1600,4820,9323,16541,24863,26584,12980,455,569,620,980,1826,2994,4244,5079,7063,9478,11959,12904,13776,12808,8722,4258,835,433,1148
Cuba,2015,102842,568,707,139,117,145,287,1014,1573,4738,9754,17002,25973,27162,13188,431,583,647,926,1802,2936,4506,5248,7257,9745,12323,13650,13992,13170,8927,4261,824,432,1180
Cuba,2016,106068,529,664,135,119,138,293,991,1557,4657,10248,17564,27155,27880,13610,405,586,680,877,1765,2892,4744,5504,7505,10059,12740,14415,14444,13436,9278,4332,783,431,1194
Cuba,2017,109141,505,635,130,123,132,297,970,1534,4572,10786,18092,28294,28561,13961,389,581,694,840,1692,2880,4908,5878,7756,10336,13151,15143,14918,13643,9623,4338,758,429,1184
Cuba,2018,111265,501,625,124,126,124,298,947,1509,4488,11343,18503,29129,28969,14053,390,557,679,830,1584,2904,4968,6375,7946,10557,13390,15739,15159,13810,9747,4306,751,422,1151
Cuba,2019,111637,467,589,122,130,120,296,926,1469,4420,11858,18825,29271,28795,13847,415,511,641,828,1463,2957,4975,6883,8167,10658,13420,15851,15251,13544,9619,4228,719,416,1091
Cuba,2020,115622,435,553,118,102,99,285,888,1470,4283,12036,19011,29940,30682,15099,384,504,658,812,1421,2862,4830,7206,8377,10634,13761,16179,16479,14203,10460,4639,655,384,1176
Cuba,2021,164950,404,517,113,114,153,255,1051,2171,5990,17554,27641,44481,43986,19651,467,584,913,1258,1925,4065,6796,10758,12027,15614,20480,24001,24183,19803,13713,5938,631,408,1382
Curacao,1950,1121,262,342,80,19,12,18,49,51,68,81,123,216,112,30,24,25,25,26,33,35,36,45,52,71,108,108,65,47,22,8,361,30,2
Curacao,1951,1144,265,344,79,21,13,18,50,51,69,88,126,220,115,27,25,25,25,26,33,36,40,48,56,70,107,113,71,44,21,6,365,31,2
Curacao,1952,1128,261,336,75,21,12,18,50,50,72,88,125,218,118,25,25,25,25,25,32,40,40,48,55,70,102,116,77,41,19,6,357,30,1
Curacao,1953,1112,252,324,72,21,11,17,46,49,71,87,123,212,123,26,24,22,24,25,31,40,40,47,57,66,95,117,84,39,20,6,345,28,1
Curacao,1954,1101,245,313,68,21,11,17,45,48,69,90,125,210,128,22,23,22,23,25,30,39,43,47,59,66,92,118,89,39,19,3,334,28,1
Curacao,1955,1101,237,302,65,21,12,17,46,51,72,94,128,206,135,21,23,23,24,27,31,41,45,49,60,68,89,117,95,40,18,3,323,29,1
Curacao,1956,1089,228,290,62,21,12,17,40,49,71,96,128,199,142,20,20,20,22,27,30,41,45,51,61,67,85,114,99,43,17,3,311,29,1
Curacao,1957,1080,219,277,58,21,13,17,40,48,70,100,130,193,151,18,20,20,22,26,30,40,49,51,61,69,83,110,103,48,15,3,298,30,0
Curacao,1958,1072,210,267,57,21,15,17,40,47,69,103,132,187,157,17,20,20,21,26,30,39,50,53,61,71,82,105,104,53,14,3,288,32,0
Curacao,1959,1075,202,257,55,21,15,17,40,47,69,108,136,182,163,18,20,20,21,26,31,38,53,55,63,73,82,100,106,57,15,3,278,32,0
Curacao,1960,1067,194,249,55,21,15,17,40,45,68,109,138,180,165,19,20,20,20,25,31,37,52,57,65,73,83,97,105,60,16,3,270,32,0
Curacao,1961,1060,181,234,53,21,15,17,40,46,69,113,141,181,166,20,20,20,21,25,32,37,53,60,66,75,85,96,103,63,17,3,255,32,0
Curacao,1962,1053,173,222,49,21,15,18,40,45,67,112,145,181,164,21,20,20,20,25,30,37,51,61,67,78,87,94,99,65,19,2,243,33,0
Curacao,1963,1046,165,211,46,21,15,18,40,45,67,114,150,182,160,24,20,20,20,25,30,37,50,64,70,80,89,93,94,66,22,2,232,33,0
Curacao,1964,1046,158,201,43,21,15,18,40,44,65,114,155,184,162,25,20,20,20,24,28,37,47,67,72,83,90,94,93,69,23,2,222,33,0
Curacao,1965,1043,152,193,41,21,15,18,40,44,65,114,160,189,156,26,20,20,20,24,28,37,47,67,75,85,94,95,89,67,24,2,214,33,0
Curacao,1966,1036,145,185,40,20,15,18,40,43,65,113,163,192,152,27,20,20,20,23,28,37,46,67,77,86,97,95,88,64,24,3,205,33,0
Curacao,1967,1030,138,175,37,19,15,18,40,43,63,109,169,197,152,30,20,20,20,23,27,36,44,65,80,89,99,98,88,64,26,4,194,33,0
Curacao,1968,1030,131,166,35,19,15,18,40,43,63,110,175,206,147,32,20,20,20,23,27,36,45,65,84,91,104,102,87,60,28,4,185,33,0
Curacao,1969,1023,122,155,33,19,15,19,40,43,62,106,179,209,145,31,20,20,20,23,27,35,45,61,85,94,106,103,85,60,27,4,174,34,0
Curacao,1970,1012,114,144,30,18,15,19,40,42,61,103,181,215,145,31,20,20,20,22,27,34,43,60,85,96,108,107,88,57,27,4,162,34,0
Curacao,1971,1010,106,133,27,17,15,19,40,43,61,99,183,222,146,29,20,20,20,23,27,34,43,56,85,98,111,111,89,57,25,4,150,34,0
Curacao,1972,999,98,124,26,17,15,19,40,42,60,97,184,226,148,29,20,20,20,22,27,33,43,54,84,100,113,113,92,56,25,4,141,34,0
Curacao,1973,986,91,113,22,16,13,19,40,39,58,95,183,231,151,30,20,20,18,21,26,32,42,53,81,102,114,117,95,56,25,5,129,32,0
Curacao,1974,980,85,104,19,14,12,19,40,38,58,93,182,235,154,30,20,20,17,21,26,32,41,52,77,105,116,119,97,57,25,5,118,31,0
Curacao,1975,990,80,98,18,13,12,19,40,41,59,95,182,243,158,29,20,20,20,21,26,33,42,53,74,108,119,124,101,57,24,5,111,31,0
Curacao,1976,983,75,91,16,12,11,18,37,40,58,95,179,248,165,28,20,17,20,20,26,32,41,54,71,108,122,126,105,60,23,5,103,29,0
Curacao,1977,993,72,86,14,12,11,18,37,40,59,98,176,256,170,28,20,17,20,20,26,33,42,56,69,107,126,130,109,61,23,5,98,29,0
Curacao,1978,992,68,82,14,11,10,18,37,39,58,98,173,262,176,28,20,17,19,20,25,33,42,56,68,105,130,132,112,64,23,5,93,28,0
Curacao,1979,991,65,78,13,10,10,18,37,37,57,97,169,268,182,28,20,17,17,20,24,33,42,55,69,100,134,134,117,65,23,5,88,28,0
Curacao,1980,1000,63,75,12,10,10,17,37,37,57,97,167,276,188,30,20,17,17,20,24,33,42,55,70,97,137,139,120,68,25,5,85,27,0
Curacao,1981,1010,60,71,11,10,10,16,38,37,56,100,166,283,193,31,20,18,17,20,23,33,43,57,72,94,141,142,122,71,26,5,81,26,0
Curacao,1982,1020,59,70,11,10,8,16,39,37,57,101,164,286,200,31,20,19,17,20,23,34,44,57,73,91,139,147,126,74,26,5,80,24,0
Curacao,1983,1029,58,68,10,9,7,15,40,37,58,101,165,290,204,33,20,20,17,20,24,34,44,57,74,91,137,153,127,77,28,5,77,22,0
Curacao,1984,1042,57,67,10,9,7,14,40,41,59,104,168,291,212,33,20,20,20,21,25,34,46,58,75,93,133,158,132,80,28,5,76,21,0
Curacao,1985,1040,56,66,10,8,6,13,39,36,58,103,169,289,218,34,20,19,16,20,25,33,45,58,75,94,127,162,135,83,29,5,74,19,0
Curacao,1986,1048,56,65,9,8,5,12,38,37,57,105,174,287,223,36,19,19,17,20,25,32,46,59,76,98,122,165,139,84,31,5,73,17,0
Curacao,1987,1048,55,64,9,8,5,12,30,36,58,104,175,283,229,37,15,15,16,20,26,32,45,59,76,99,119,164,143,86,31,6,72,17,0
Curacao,1988,1058,54,63,9,8,5,11,30,37,58,106,177,280,238,38,15,15,17,20,26,32,45,61,77,100,119,161,149,89,32,6,71,16,0
Curacao,1989,1078,53,64,11,10,5,11,31,40,61,109,181,280,247,42,15,16,20,20,27,34,46,63,78,103,123,157,156,91,36,6,74,16,0
Curacao,1990,1075,50,58,8,7,5,9,30,39,60,109,183,276,255,43,15,15,19,20,26,34,46,63,80,103,125,151,161,94,36,7,65,14,1
Curacao,1991,1083,47,55,8,7,5,9,29,38,61,109,187,276,261,43,14,15,18,20,26,35,45,64,82,105,129,147,164,97,36,7,62,14,1
Curacao,1992,1093,45,53,8,7,5,9,27,38,62,111,188,279,265,46,12,15,18,20,26,36,46,65,83,105,134,145,164,101,39,7,60,14,1
Curacao,1993,1101,43,51,8,7,5,9,25,37,62,112,192,281,269,47,10,15,17,20,26,36,47,65,86,106,135,146,162,107,40,7,58,14,1
Curacao,1994,1106,41,49,8,7,5,8,23,37,62,112,197,287,267,48,10,13,17,20,26,36,47,65,87,110,138,149,156,111,40,8,56,13,1
Curacao,1995,1118,39,47,8,7,5,8,22,37,64,113,200,292,269,50,10,12,16,21,27,37,48,65,90,110,139,153,153,116,42,8,54,13,1
Curacao,1996,1124,38,46,8,6,5,8,21,37,63,115,205,299,268,53,10,11,16,21,27,36,50,65,90,115,141,158,150,118,44,9,52,13,1
Curacao,1997,1133,36,44,8,6,5,8,20,36,63,115,211,308,264,55,10,10,15,21,27,36,51,64,92,119,145,163,147,117,46,9,50,13,1
Curacao,1998,1137,35,43,8,5,5,8,20,35,63,115,211,312,266,58,10,10,14,21,27,36,51,64,91,120,145,167,148,118,48,10,48,13,1
Curacao,1999,1146,34,42,8,5,5,7,18,33,63,117,216,318,266,61,8,10,13,20,27,36,51,66,91,125,149,169,153,113,51,10,47,12,1
Curacao,2000,1154,33,40,7,5,5,7,15,31,63,117,215,322,268,63,7,8,12,19,27,36,51,66,89,126,152,170,158,110,52,11,45,12,1
Curacao,2001,1165,32,38,6,5,5,7,14,30,64,119,218,328,271,65,7,7,12,18,27,37,51,68,90,128,155,173,163,108,54,11,43,12,1
Curacao,2002,1179,31,37,6,5,5,7,13,28,65,120,219,335,275,64,7,6,11,17,27,38,51,69,90,129,160,175,167,108,53,11,42,12,1
Curacao,2003,1195,31,37,6,5,5,8,13,27,65,125,221,342,281,66,8,5,10,17,26,39,52,73,91,130,164,178,171,110,54,12,42,13,1
Curacao,2004,1221,31,36,5,5,5,8,14,26,68,129,229,352,287,64,9,5,9,17,27,41,54,75,96,133,169,183,174,113,52,12,41,13,1
Curacao,2005,1244,30,35,5,5,5,8,15,24,68,130,233,361,292,63,10,5,9,15,27,41,55,75,100,133,175,186,175,117,51,12,40,13,1
Curacao,2006,1278,30,35,5,5,5,8,16,24,70,137,242,373,302,64,10,6,9,15,27,43,57,80,105,137,181,192,179,123,50,14,40,13,1
Curacao,2007,1306,29,34,5,5,5,7,16,23,69,139,251,383,306,65,10,6,9,14,26,43,58,81,110,141,186,197,182,124,51,14,39,12,1
Curacao,2008,1341,28,33,5,5,5,7,17,23,68,146,262,394,314,68,10,7,10,13,25,43,61,85,115,147,191,203,186,128,53,15,38,12,1
Curacao,2009,1378,27,31,4,5,5,7,17,23,68,150,275,406,321,68,10,7,10,13,24,44,62,88,121,154,196,210,191,130,55,13,36,12,1
Curacao,2010,1371,26,30,4,5,5,7,11,21,64,149,280,407,321,69,6,5,8,13,22,42,62,87,122,158,195,212,191,130,56,13,35,12,1
Curacao,2011,1377,24,28,4,5,5,7,11,19,61,148,285,409,321,70,6,5,7,12,21,40,61,87,124,161,196,213,191,130,57,13,33,12,2
Curacao,2012,1408,24,28,4,5,5,6,11,19,60,149,294,423,334,74,6,5,7,12,20,40,61,88,126,168,202,221,199,135,61,13,33,11,2
Curacao,2013,1404,22,26,4,5,5,6,12,18,54,147,291,424,337,76,7,5,7,11,19,35,60,87,123,168,203,221,202,135,62,14,31,11,2
Curacao,2014,1458,21,25,4,5,5,6,14,19,54,150,301,443,354,80,9,5,8,11,19,35,60,90,126,175,213,230,212,142,64,16,30,11,2
Curacao,2015,1480,19,23,4,5,5,6,15,20,54,152,304,452,364,82,10,5,9,11,19,35,61,91,126,178,217,235,218,146,66,16,28,11,2
Curacao,2016,1540,17,21,4,5,5,6,17,20,54,156,314,473,383,88,10,7,9,11,19,35,62,94,130,184,228,245,230,153,71,17,26,11,2
Curacao,2017,1571,15,19,4,5,5,6,18,19,50,155,315,488,400,91,10,8,9,10,18,32,60,95,129,186,234,254,240,160,72,19,24,11,2
Curacao,2018,1625,16,20,4,5,5,6,20,19,49,155,322,510,420,97,10,10,9,10,17,32,59,96,133,189,244,266,250,170,76,21,25,11,2
Curacao,2019,1721,20,24,4,5,5,8,27,25,55,165,336,532,436,104,13,14,10,15,19,36,62,103,140,196,254,278,258,178,81,23,29,13,3
Curacao,2020,1764,18,22,4,5,5,7,22,23,53,161,343,556,459,107,10,12,10,13,19,34,58,103,143,200,266,290,270,189,84,23,27,12,3
Curacao,2021,1940,18,22,4,5,5,7,23,24,55,172,380,616,512,116,10,13,10,14,19,36,62,110,160,220,295,321,300,212,92,24,27,12,3
Cyprus,1950,6743,1580,1981,401,126,66,117,242,242,375,666,1057,1290,529,57,130,112,112,130,163,212,307,359,487,570,695,595,341,188,51,6,2107,183,1
Cyprus,1951,6591,1438,1846,408,122,64,112,237,240,370,661,1035,1296,551,61,128,109,110,130,163,207,306,355,479,556,687,609,363,188,54,7,1968,176,1
Cyprus,1952,6372,1298,1675,377,118,60,108,229,232,365,655,1009,1285,569,67,123,106,107,125,161,204,299,356,460,549,659,626,380,189,59,8,1793,168,1
Cyprus,1953,6259,1242,1596,354,114,59,107,222,227,364,653,988,1268,586,75,118,104,106,121,160,204,291,362,437,551,620,648,392,194,67,8,1710,166,1
Cyprus,1954,6148,1202,1523,321,122,54,101,210,217,355,647,971,1252,610,86,111,99,101,116,151,204,277,370,414,557,582,670,402,208,76,10,1645,155,1
Cyprus,1955,6112,1141,1434,293,122,51,104,227,227,363,649,960,1235,638,101,119,108,106,121,152,211,271,378,399,561,552,683,415,223,87,14,1556,155,0
Cyprus,1956,6067,1090,1361,271,115,51,101,220,223,362,649,956,1229,679,122,115,105,103,120,149,213,267,382,398,558,548,681,448,231,105,17,1476,152,0
Cyprus,1957,6035,1054,1307,253,110,52,97,215,216,360,643,947,1209,726,151,114,101,101,115,148,212,269,374,411,536,565,644,501,225,128,23,1417,149,1
Cyprus,1958,6000,1016,1253,237,105,54,90,211,212,351,633,937,1182,782,189,114,97,100,112,145,206,275,358,436,501,600,582,569,213,153,36,1358,144,1
Cyprus,1959,5989,980,1203,223,100,56,85,206,208,341,625,928,1163,836,231,113,93,100,108,143,198,285,340,463,465,642,521,633,203,177,54,1303,141,3
Cyprus,1960,5853,943,1155,212,92,59,77,173,184,317,603,913,1133,877,266,96,77,88,96,134,183,285,318,480,433,664,469,666,211,184,82,1247,136,6
Cyprus,1961,5849,921,1122,201,86,59,75,168,177,310,603,916,1133,911,281,93,75,84,93,132,178,291,312,482,434,663,470,652,259,164,117,1208,134,11
Cyprus,1962,5681,827,1007,180,81,58,79,161,172,301,606,936,1162,901,206,86,75,81,91,126,175,283,323,468,468,618,544,562,339,103,103,1088,137,12
Cyprus,1963,6654,844,1119,275,131,83,131,307,278,395,726,1087,1304,920,159,158,149,133,145,170,225,329,397,513,574,623,681,502,418,73,86,1250,214,13
Cyprus,1964,6585,787,1039,252,129,81,138,303,273,390,733,1117,1330,907,133,153,150,129,144,166,224,318,415,495,622,576,754,453,454,67,66,1168,219,12
Cyprus,1965,5497,695,819,124,71,50,86,147,161,279,618,1014,1236,878,127,77,70,72,89,112,167,254,364,427,587,508,728,439,439,81,46,890,136,11
Cyprus,1966,5507,651,762,111,67,48,86,146,156,275,614,1037,1246,918,144,78,68,71,85,111,164,247,367,432,605,527,719,504,414,114,30,829,134,10
Cyprus,1967,5547,611,710,99,61,48,86,146,155,270,609,1056,1254,978,169,81,65,70,85,110,160,243,366,445,611,571,683,598,380,150,19,771,134,9
Cyprus,1968,5638,574,664,90,57,48,84,147,150,265,600,1078,1276,1065,199,85,62,69,81,109,156,240,360,463,615,632,644,694,371,184,15,721,132,7
Cyprus,1969,5796,536,617,81,53,48,84,151,149,264,596,1108,1327,1174,220,88,63,68,81,110,154,239,357,484,624,701,626,767,407,202,18,670,132,5
Cyprus,1970,5870,495,567,72,48,46,81,152,144,260,579,1117,1371,1269,232,89,63,65,79,109,151,234,345,493,624,752,619,783,486,204,28,615,127,4
Cyprus,1971,5989,472,536,64,46,43,79,155,139,256,562,1124,1439,1358,252,89,66,62,77,105,151,228,334,494,630,795,644,761,597,210,42,582,122,2
Cyprus,1972,6088,443,500,57,41,43,79,153,133,248,542,1121,1510,1419,293,86,67,58,75,101,147,222,320,490,631,825,685,716,703,237,56,541,122,1
Cyprus,1973,6208,347,399,52,36,40,78,155,130,245,532,1126,1606,1475,386,86,69,57,73,99,146,220,312,487,639,861,745,689,786,318,68,435,118,4
Cyprus,1974,11160,318,364,46,34,60,476,1858,1060,895,1020,1516,1977,1473,423,983,875,579,481,451,444,474,546,685,831,1044,933,717,756,362,61,398,536,6
Cyprus,1975,6109,272,313,41,32,37,77,155,129,243,530,1131,1747,1290,423,85,70,62,67,99,144,223,307,474,657,865,882,642,648,370,53,345,114,5
Cyprus,1976,5958,270,306,36,28,34,73,151,126,235,517,1101,1760,1204,415,84,67,63,63,94,141,218,299,451,650,836,924,638,566,364,51,334,107,4
Cyprus,1977,5971,228,259,31,27,33,73,155,131,235,519,1104,1787,1226,419,84,71,67,64,94,141,218,301,444,660,827,960,692,534,358,61,286,106,4
Cyprus,1978,5904,213,241,28,23,30,70,154,134,227,511,1081,1763,1256,410,84,70,68,66,91,136,214,297,430,651,814,949,741,515,339,71,264,100,4
Cyprus,1979,6003,211,236,25,22,28,68,155,140,228,514,1080,1779,1341,407,84,71,70,70,91,137,214,300,428,652,834,945,803,538,327,80,258,96,5
Cyprus,1980,6135,224,249,25,22,28,64,160,148,229,518,1076,1800,1425,409,87,73,73,75,92,137,216,302,429,647,861,939,844,581,323,86,271,92,5
Cyprus,1981,6280,211,237,26,22,26,62,162,153,234,524,1082,1843,1498,433,87,75,75,78,96,138,218,306,434,648,892,951,859,639,337,96,259,88,5
Cyprus,1982,6453,231,256,25,21,24,57,164,161,239,531,1086,1893,1537,482,88,76,79,82,98,141,221,310,437,649,918,975,845,692,377,105,277,81,4
Cyprus,1983,6439,219,244,25,18,23,52,160,161,238,525,1065,1919,1521,506,84,76,78,83,100,138,217,308,432,633,913,1006,838,683,396,110,262,75,5
Cyprus,1984,6620,201,224,23,18,24,52,161,168,248,543,1090,2009,1577,500,82,79,81,87,105,143,223,320,447,643,933,1076,904,673,392,108,242,76,7
Cyprus,1985,6547,175,195,20,18,23,51,154,168,246,535,1075,2004,1596,473,76,78,79,89,105,141,219,316,446,629,912,1092,945,651,371,102,213,74,8
Cyprus,1986,6729,161,179,18,18,23,51,152,174,256,547,1097,2061,1701,466,72,80,81,93,110,146,224,323,460,637,923,1138,1027,674,367,99,197,74,8
Cyprus,1987,6628,149,167,18,18,21,50,146,170,253,533,1075,2008,1737,443,69,77,78,92,110,143,219,314,453,622,892,1116,1053,684,348,95,185,71,8
Cyprus,1988,6785,152,170,18,18,20,49,144,175,258,539,1092,2023,1846,445,68,76,81,94,112,146,221,318,461,631,895,1128,1109,737,352,93,188,69,8
Cyprus,1989,6764,148,166,18,18,18,48,136,173,258,527,1077,1978,1905,448,65,71,80,93,112,146,217,310,452,625,871,1107,1119,786,359,89,184,66,12
Cyprus,1990,6957,151,169,18,17,17,44,134,171,266,530,1094,1996,2017,488,65,69,79,92,116,150,218,312,456,638,876,1120,1151,866,392,96,186,61,11
Cyprus,1991,7087,148,166,18,17,17,42,132,170,272,529,1098,2000,2086,551,65,67,79,91,120,152,218,311,453,645,874,1126,1155,931,439,112,183,59,9
Cyprus,1992,7053,151,167,16,15,17,38,128,163,270,518,1073,1952,2078,626,64,64,76,87,119,151,214,304,439,634,852,1100,1122,956,490,136,182,55,8
Cyprus,1993,6981,133,148,15,13,16,36,121,160,269,507,1048,1912,2047,696,59,62,74,86,118,151,211,296,427,621,837,1075,1097,950,536,160,161,52,9
Cyprus,1994,7065,123,137,14,13,17,35,118,161,277,518,1061,1945,2074,696,56,62,74,87,120,157,218,300,434,627,856,1089,1138,936,538,158,150,52,12
Cyprus,1995,6918,111,125,14,12,16,35,112,160,278,515,1041,1905,2037,669,53,59,72,88,116,162,220,295,428,613,846,1059,1136,901,518,151,137,51,14
Cyprus,1996,6822,101,115,14,10,15,35,105,155,276,516,1024,1880,2025,651,48,57,68,87,113,163,223,293,422,602,840,1040,1140,885,505,146,125,50,15
Cyprus,1997,6795,92,104,12,10,14,35,101,154,278,521,1015,1869,2037,638,47,54,67,87,113,165,227,294,419,596,837,1032,1144,893,496,142,114,49,17
Cyprus,1998,6780,83,94,11,10,12,34,97,149,277,529,1006,1860,2052,634,45,52,64,85,112,165,232,297,414,592,831,1029,1137,915,493,141,104,46,20
Cyprus,1999,6947,75,85,10,10,12,33,98,148,283,548,1020,1899,2130,659,48,50,63,85,115,168,241,307,419,601,844,1055,1159,971,510,149,95,45,20
Cyprus,2000,7026,69,79,10,10,11,32,96,144,282,564,1016,1910,2174,692,48,48,61,83,116,166,248,316,416,600,844,1066,1161,1013,531,161,89,43,18
Cyprus,2001,7013,63,72,9,10,11,28,94,137,279,569,1000,1889,2176,732,47,47,57,80,116,163,249,320,412,588,831,1058,1147,1029,557,175,82,39,16
Cyprus,2002,6937,57,66,9,10,10,26,91,130,271,567,982,1853,2146,770,45,46,54,76,113,158,246,321,409,573,813,1040,1127,1019,581,189,76,36,17
Cyprus,2003,6907,55,62,7,8,10,25,89,126,268,572,986,1847,2123,774,44,45,54,72,110,158,247,325,417,569,807,1040,1125,998,587,187,70,35,20
Cyprus,2004,7000,52,59,7,8,10,25,86,125,271,584,1007,1867,2149,789,41,45,54,71,110,161,250,334,431,576,814,1053,1148,1001,600,189,67,35,23
Cyprus,2005,7099,48,54,6,7,10,24,84,122,273,596,1032,1888,2179,804,39,45,52,70,108,165,249,347,446,586,821,1067,1175,1004,611,193,61,34,25
Cyprus,2006,7131,47,53,6,6,9,22,81,121,270,599,1047,1888,2198,811,38,43,51,70,105,165,247,352,453,594,822,1066,1191,1007,614,197,59,31,26
Cyprus,2007,7043,43,49,6,5,8,21,76,114,261,596,1046,1856,2183,801,35,41,49,65,100,161,243,353,453,593,810,1046,1183,1000,604,197,54,29,28
Cyprus,2008,7169,42,48,6,5,7,21,74,113,257,605,1074,1881,2237,814,33,41,48,65,97,160,246,359,467,607,824,1057,1205,1032,608,206,53,28,34
Cyprus,2009,7121,41,47,6,5,7,19,71,109,250,596,1078,1865,2236,807,32,39,47,62,94,156,244,352,471,607,821,1044,1192,1044,597,210,52,26,32
Cyprus,2010,7205,39,45,6,5,6,18,69,105,243,594,1100,1886,2281,823,31,38,45,60,92,151,247,347,484,616,834,1052,1200,1081,603,220,50,24,31
Cyprus,2011,7257,37,43,6,5,6,16,65,102,236,586,1110,1901,2310,850,29,36,44,58,90,146,244,342,493,617,842,1059,1198,1112,620,230,48,22,30
Cyprus,2012,7432,36,42,6,5,5,15,61,100,231,591,1137,1942,2370,898,27,34,44,56,88,143,246,345,503,634,855,1087,1224,1146,659,239,47,20,35
Cyprus,2013,7452,34,40,6,5,5,14,56,99,225,583,1147,1944,2372,923,24,32,43,56,86,139,241,342,503,644,852,1092,1225,1147,685,238,45,19,40
Cyprus,2014,7421,33,39,6,5,5,11,51,93,216,572,1146,1934,2361,945,22,29,41,52,82,134,232,340,495,651,844,1090,1221,1140,706,239,44,16,44
Cyprus,2015,7534,33,38,5,5,5,11,47,93,211,569,1161,1961,2398,985,20,27,40,53,79,132,226,343,487,674,855,1106,1241,1157,735,250,43,16,47
Cyprus,2016,7726,33,38,5,5,5,9,46,94,209,575,1193,2015,2459,1030,19,27,40,54,78,131,225,350,492,701,881,1134,1278,1181,764,266,43,14,49
Cyprus,2017,7782,32,37,5,5,5,9,41,89,201,565,1198,2031,2490,1064,17,24,37,52,74,127,218,347,489,709,894,1137,1296,1194,782,282,42,14,50
Cyprus,2018,8042,32,38,6,5,5,7,37,88,200,563,1221,2096,2595,1138,15,22,35,53,74,126,216,347,498,723,928,1168,1348,1247,824,314,43,12,56
Cyprus,2019,8301,32,38,6,5,5,7,35,87,202,564,1254,2184,2695,1180,14,21,34,53,76,126,216,348,515,739,978,1206,1401,1294,854,326,43,12,54
Cyprus,2020,8566,31,36,5,5,4,8,36,83,213,577,1262,2271,2800,1211,14,22,32,51,75,138,215,362,539,723,1018,1253,1453,1347,872,339,41,12,57
Cyprus,2021,9021,30,35,5,5,5,6,40,90,217,566,1314,2475,2964,1253,13,27,33,57,79,138,220,346,552,762,1131,1344,1538,1426,902,351,40,11,58
Czechia,1950,103297,12145,13935,1790,570,461,864,2910,3048,7009,11940,19713,26583,14745,1503,1307,1603,1018,2030,2976,4033,5349,6591,8713,11000,13278,13305,9979,4766,1340,163,14505,1325,9
Czechia,1951,102603,10447,12245,1798,548,380,702,2531,2819,6730,12397,19914,27151,15560,1616,1183,1348,1103,1716,2746,3984,5608,6789,8839,11075,13346,13805,10398,5162,1438,178,12793,1082,10
Czechia,1952,97567,7949,9362,1413,533,345,610,2194,2526,6284,12314,19383,26638,15652,1706,973,1221,1065,1461,2513,3771,5549,6765,8420,10963,13035,13603,10461,5191,1506,200,9895,955,11
Czechia,1953,98807,5919,7282,1363,487,378,586,1953,2334,6176,12590,20156,27993,17036,1820,939,1014,1165,1169,2465,3711,5626,6964,8690,11466,13832,14161,11429,5607,1612,208,7769,964,13
Czechia,1954,99681,5009,6091,1082,431,323,542,1738,2168,5966,12982,21043,28954,17658,1770,832,906,1216,952,2349,3617,5560,7422,8963,12080,14193,14761,11866,5792,1563,207,6522,865,13
Czechia,1955,93280,4543,5483,940,475,361,462,1659,2062,5743,12855,19908,26745,15913,1605,735,924,1206,856,2154,3589,5544,7311,8796,11112,13276,13469,10472,5441,1407,198,5958,823,12
Czechia,1956,93517,4122,4958,836,448,340,484,1574,2113,5176,12784,20120,26972,16671,1859,744,830,1113,1000,1860,3316,5413,7371,9077,11043,13437,13535,11038,5633,1626,233,5406,824,13
Czechia,1957,98652,3824,4668,844,518,427,599,1570,2199,4958,13282,21453,29144,17864,1961,717,853,1101,1098,1630,3328,5335,7947,9649,11804,14438,14706,11878,5986,1709,252,5186,1026,13
Czechia,1958,93573,3247,3971,724,401,356,571,1399,2157,4519,12561,20638,27848,17221,1919,645,754,945,1212,1363,3156,5019,7542,9270,11368,13663,14185,11336,5885,1672,247,4372,927,13
Czechia,1959,97188,2661,3382,721,379,331,629,1405,2239,4367,13242,21956,28879,18213,2151,627,778,951,1288,1222,3145,5231,8011,9988,11968,14261,14618,11804,6409,1873,278,3761,960,14
Czechia,1960,93804,2533,3113,580,329,324,603,1472,2270,4160,12905,21629,27335,17691,1956,700,772,926,1344,1142,3018,5097,7808,9961,11668,13387,13948,11563,6128,1704,252,3442,927,15
Czechia,1961,95082,2522,3068,546,412,307,657,1291,2274,3979,12493,22224,28083,18124,2152,638,653,931,1343,1275,2704,4966,7527,10243,11981,13678,14405,11636,6488,1893,259,3480,964,19
Czechia,1962,104412,2791,3337,546,426,322,638,1347,2276,3841,13157,24560,31400,20513,2575,695,652,919,1357,1456,2385,5195,7962,11373,13187,15112,16288,13228,7285,2259,316,3763,960,22
Czechia,1963,100282,3020,3530,510,334,343,703,1381,2172,3828,12765,24587,29309,19105,2202,722,659,932,1240,1786,2042,5078,7687,11313,13274,14351,14958,12353,6752,1929,273,3864,1046,22
Czechia,1964,101985,2879,3386,507,336,286,667,1402,2071,3710,12799,25514,30162,19326,2301,778,624,864,1207,1934,1776,4847,7952,11609,13905,14966,15196,12631,6695,2020,281,3722,953,23
Czechia,1965,104968,3377,3895,518,317,324,733,1382,2022,3858,12802,26100,30997,19968,2543,790,592,792,1230,2054,1804,4847,7955,11537,14563,15491,15506,12930,7038,2226,317,4212,1057,24
Czechia,1966,105724,3048,3557,509,295,327,753,1463,2025,3965,12245,26538,31812,20084,2638,825,638,787,1238,2012,1953,4434,7811,11688,14850,16011,15801,12976,7108,2300,338,3852,1080,25
Czechia,1967,109019,2915,3440,525,252,305,681,1586,2020,4410,11962,27657,32747,21105,2830,899,687,790,1230,2026,2384,3943,8019,12020,15637,16724,16023,13489,7616,2458,372,3692,986,28
Czechia,1968,115178,2931,3364,433,301,282,806,1863,2050,4978,11836,28883,35073,22752,2953,1060,803,819,1231,2020,2958,3458,8378,12456,16427,17822,17251,14626,8126,2557,396,3665,1088,31
Czechia,1969,120695,3111,3610,499,286,305,853,1922,2080,5541,11796,31256,37693,22276,3042,1067,855,817,1263,2089,3452,3254,8542,13272,17984,19691,18002,14245,8031,2622,420,3896,1158,30
Czechia,1970,123547,3040,3477,437,269,279,764,1858,2139,5595,11581,31380,39530,23378,3266,1001,857,872,1267,2017,3578,3334,8247,13350,18030,20308,19222,14862,8516,2808,458,3746,1043,31
Czechia,1971,122478,3167,3621,454,292,263,708,1787,2009,5695,10963,31115,39735,23087,3175,939,848,831,1178,2040,3655,3573,7390,13161,17954,20557,19178,14778,8309,2722,453,3913,971,30
Czechia,1972,119367,3332,3722,390,274,237,655,1761,1876,5276,10532,29901,38928,22962,3212,902,859,769,1107,1944,3332,4177,6355,12781,17120,20120,18808,14627,8335,2748,464,3996,892,31
Czechia,1973,124549,3677,4089,412,258,215,658,1753,1786,5125,10512,30343,41863,24461,3445,860,893,813,973,1941,3184,4776,5736,12684,17659,21560,20303,15553,8908,2938,507,4347,873,41
Czechia,1974,126820,3794,4182,388,279,214,567,1605,1758,5179,10321,30505,43461,25160,3539,790,815,773,985,1919,3260,5414,4907,12570,17935,22146,21315,15977,9183,3023,516,4461,781,49
Czechia,1975,124394,3719,4107,388,275,222,498,1633,1925,4790,10096,29238,42816,25118,3621,755,878,864,1061,1781,3009,5372,4724,11662,17576,21547,21269,16163,8955,3106,515,4382,720,53
Czechia,1976,125320,3554,3963,409,240,228,466,1667,1841,4737,10628,28281,43559,25820,3836,801,866,867,974,1682,3055,5277,5351,10654,17627,21577,21982,16659,9161,3267,569,4203,694,56
Czechia,1977,126230,3374,3803,429,254,214,446,1476,2005,4761,11487,27106,44371,26514,3733,684,792,981,1024,1675,3086,5205,6282,9436,17670,21890,22481,17291,9223,3162,571,4057,660,60
Czechia,1978,127138,3025,3442,417,256,223,451,1461,2111,4614,12669,25885,45332,26947,3685,678,783,979,1132,1574,3040,5252,7417,8297,17588,22153,23179,17735,9212,3131,554,3698,674,61
Czechia,1979,127887,2653,3055,402,307,182,384,1447,2303,4516,13163,24774,45968,27957,3773,654,793,1012,1291,1602,2914,5065,8098,7572,17202,22249,23719,18337,9620,3221,552,3362,566,57
Czechia,1980,135471,2436,2849,413,343,204,410,1434,2232,4706,14088,24763,49316,30928,4139,651,783,1006,1226,1689,3017,5311,8777,7424,17339,24083,25233,20311,10617,3537,602,3192,614,62
Czechia,1981,130301,2162,2542,380,317,185,449,1347,2362,4408,13651,23462,47575,30141,3811,573,774,1089,1273,1632,2776,5051,8600,8200,15262,23009,24566,19688,10453,3265,546,2859,634,54
Czechia,1982,130754,2097,2423,326,284,201,438,1213,2408,4421,13031,23114,48039,31046,4080,513,700,1040,1368,1710,2711,4951,8080,9483,13631,23055,24984,20379,10667,3491,589,2707,639,56
Czechia,1983,134466,1973,2278,305,310,225,424,1261,2495,4637,13244,23397,49080,32824,4235,510,751,1001,1494,1863,2774,5027,8217,11157,12240,23436,25644,21339,11485,3622,613,2588,649,57
Czechia,1984,132138,1913,2192,279,266,187,408,1126,2527,4629,12923,22734,47961,32825,4302,470,656,994,1533,1920,2709,4897,8026,12376,10358,22489,25472,21372,11453,3682,620,2458,595,55
Czechia,1985,131545,1674,1929,255,255,221,403,1133,2443,4768,12450,22530,47683,33374,4303,516,617,937,1506,2094,2674,4689,7761,12603,9927,21812,25871,21363,12011,3678,625,2184,624,48
Czechia,1986,132563,1609,1891,282,249,198,401,1137,2446,4989,12316,23934,46076,34276,4604,533,604,925,1521,2240,2749,4479,7837,12431,11503,19946,26130,21884,12392,3947,657,2140,599,50
Czechia,1987,127210,1550,1792,242,218,219,422,1038,2297,5095,11788,24538,41733,33498,4525,505,533,856,1441,2235,2860,4293,7495,11757,12781,16648,25085,21357,12141,3903,622,2010,641,50
Czechia,1988,125634,1455,1688,233,201,212,412,1006,2354,5366,11379,26024,38813,33512,4620,526,480,853,1501,2373,2993,4083,7296,11432,14592,14375,24438,21182,12330,3981,639,1889,624,56
Czechia,1989,127671,1254,1484,230,185,216,398,1061,2205,5635,11208,27299,37282,35402,5227,544,517,817,1388,2394,3241,4055,7153,11146,16153,12722,24560,22257,13145,4489,738,1669,614,64
Czechia,1990,129149,1428,1643,215,174,184,480,1139,2397,6229,11486,28096,36298,35734,5228,573,566,835,1562,2636,3593,4360,7126,11372,16724,12464,23834,22415,13319,4473,755,1817,664,63
Czechia,1991,124304,1314,1538,224,153,198,547,1152,2191,6131,10786,26315,33986,35670,5567,550,602,772,1419,2501,3630,4210,6576,10530,15785,13282,20704,22321,13349,4772,795,1691,745,70
Czechia,1992,120340,1191,1400,209,160,190,532,1208,2154,6146,10484,25345,32433,34673,5547,600,608,753,1401,2483,3663,4311,6173,10279,15066,14613,17820,21393,13280,4748,799,1560,722,67
Czechia,1993,118129,1016,1215,199,143,164,536,1200,1999,5792,9996,23560,31921,35518,6010,622,578,716,1283,2198,3594,4209,5787,9620,13940,16890,15031,21700,13818,5129,881,1358,700,72
Czechia,1994,117255,799,1035,236,158,172,516,1253,1872,5844,10019,22665,31165,36208,6267,656,597,698,1174,2205,3639,4519,5500,9231,13434,18129,13036,21759,14449,5318,949,1193,688,79
Czechia,1995,117713,721,896,175,162,151,542,1172,1881,5783,10257,22158,31676,36465,6484,623,549,721,1160,2169,3614,4739,5518,8816,13342,18687,12989,21275,15190,5489,995,1058,693,86
Czechia,1996,112746,536,700,164,133,121,447,1098,1716,5529,10328,20904,31989,33152,6544,571,527,679,1037,1986,3543,4860,5468,8301,12603,17948,14041,18540,14612,5536,1008,833,568,85
Czechia,1997,112725,531,690,159,123,130,422,1205,1670,5605,10716,20231,33350,31399,7087,681,524,674,996,2083,3522,5067,5649,7862,12369,17407,15943,16266,15133,5963,1124,813,552,92
Czechia,1998,109428,472,580,108,107,130,390,1117,1449,5117,10815,18884,34528,29051,7169,590,527,575,874,1862,3255,5016,5799,7197,11687,16355,18173,13630,15421,6026,1143,687,520,91
Czechia,1999,109749,409,506,97,115,122,355,1177,1480,4849,11056,18334,35541,28148,7953,620,557,620,860,1653,3196,4962,6094,7236,11098,15860,19681,12385,15763,6679,1274,621,477,111
Czechia,2000,108910,378,477,99,100,128,350,1165,1444,4821,11304,17775,35186,27809,8241,598,567,587,857,1619,3202,5156,6148,7063,10712,15234,19952,12306,15503,6969,1272,577,478,109
Czechia,2001,107687,363,454,91,76,105,319,1176,1420,4532,11450,16928,34739,27758,8612,591,585,566,854,1547,2985,5011,6439,6959,9969,14856,19883,13823,13935,7227,1385,530,424,119
Czechia,2002,108079,389,489,100,82,91,318,1124,1469,4271,11516,16856,33867,28906,8957,524,600,611,858,1401,2870,4890,6626,7293,9563,14711,19156,16452,12454,7456,1501,571,409,134
Czechia,2003,111214,369,458,89,66,103,287,1100,1552,4105,12098,17141,33816,30506,9835,509,591,661,891,1318,2787,4908,7190,7762,9379,14400,19416,19253,11253,8184,1651,524,390,144
Czechia,2004,107056,374,450,76,62,87,295,1029,1465,3915,11554,16961,31634,29922,9528,454,575,594,871,1303,2612,4627,6927,7957,9004,13498,18136,20286,9636,7867,1661,512,382,149
Czechia,2005,107837,357,426,69,57,106,274,988,1491,3750,11531,17064,30985,31107,9884,435,553,693,798,1269,2481,4448,7083,8177,8887,12891,18094,21057,10050,8026,1858,483,380,174
Czechia,2006,104346,361,437,76,64,67,247,872,1394,3524,11039,17289,28749,31618,8864,419,453,612,782,1306,2218,4263,6776,8510,8779,11726,17023,20099,11519,6997,1867,501,314,182
Czechia,2007,104543,370,453,83,45,72,252,936,1465,3225,10875,17809,28059,33071,8090,421,515,630,835,1280,1945,4062,6813,8890,8919,11373,16686,19789,13282,6100,1990,498,324,193
Czechia,2008,104766,338,409,71,41,71,255,873,1467,3277,10576,18508,26812,34895,7377,383,490,686,781,1302,1975,3905,6671,9167,9341,10817,15995,19635,15260,5270,2107,450,326,206
Czechia,2009,107264,337,413,76,50,72,210,798,1536,3201,9996,19409,26677,37082,7588,389,409,680,856,1234,1967,3668,6328,9254,10155,10695,15982,19672,17410,5275,2313,463,282,232
Czechia,2010,106641,305,393,88,47,60,207,802,1425,3133,9609,19797,25863,37211,7854,382,420,585,840,1203,1930,3481,6128,9420,10377,10735,15128,19359,17852,5675,2179,440,267,241
Czechia,2011,106732,288,364,76,42,54,210,755,1476,3049,9206,20142,25392,37055,8732,380,375,591,885,1171,1878,3214,5992,9309,10833,10956,14436,19222,17833,6739,1993,406,264,254
Czechia,2012,108020,285,353,68,48,57,187,674,1487,3044,8603,20491,25393,37562,9832,304,370,585,902,1170,1874,2903,5700,9094,11397,11466,13927,19206,18356,8028,1804,401,244,291
Czechia,2013,109068,263,329,66,51,37,185,728,1360,3015,8024,20924,25765,37328,10997,334,394,523,837,1143,1872,2750,5274,8852,12072,12069,13696,18946,18382,9385,1612,380,222,327
Czechia,2014,105526,264,329,65,53,40,166,639,1261,2937,7447,20012,25278,35356,11675,281,358,465,796,1165,1772,2655,4792,8278,11734,12194,13084,17758,17598,10112,1563,382,206,333
Czechia,2015,111161,270,332,62,50,52,129,653,1268,2914,7179,20374,27066,37385,13420,289,364,443,825,1203,1711,2709,4470,8319,12055,13493,13573,18469,18916,11414,2006,382,181,344
Czechia,2016,107905,316,388,72,41,51,129,611,1220,2908,6946,19599,27197,35046,13485,270,341,451,769,1207,1701,2625,4321,7742,11857,13539,13658,16813,18233,11138,2347,429,180,284
Czechia,2017,111403,301,367,66,52,42,130,599,1172,2869,6823,19559,28776,35550,15169,263,336,493,679,1223,1646,2735,4088,7824,11735,14522,14254,16813,18737,12121,3048,419,172,297
Czechia,2018,112614,284,354,70,52,38,149,584,1216,2974,6710,19207,30240,35218,15540,250,334,466,750,1256,1718,2773,3937,7549,11658,15239,15001,16409,18809,12060,3480,406,187,330
Czechia,2019,111682,280,340,60,52,60,148,579,1127,3032,6569,18360,30960,34293,15828,246,333,440,687,1238,1794,2650,3919,7195,11165,15118,15842,16056,18237,11979,3849,392,208,336
Czechia,2020,124567,264,323,59,49,45,114,479,1098,3147,6878,18400,36440,39934,17291,187,292,441,657,1214,1933,2681,4197,6785,11615,17352,19088,19260,20674,12949,4342,372,159,368
Czechia,2021,134058,248,305,57,49,53,120,434,1172,3586,8065,20473,42507,39870,17004,180,254,463,709,1241,2345,3079,4986,7376,13097,20225,22282,20416,19454,12665,4339,354,173,419
Democratic Republic of Congo,1950,326449,101627,171526,69899,20142,8704,8127,17162,15378,13924,14393,16986,21608,16842,1636,8846,8316,7858,7520,7173,6751,6890,7503,8004,8982,10432,11176,11740,5102,1428,208,191668,16831,20
Democratic Republic of Congo,1951,328066,102685,171993,69308,20689,8914,8332,17606,15762,14268,14702,17213,20797,16201,1568,9074,8532,8052,7710,7354,6914,7030,7672,8199,9014,10226,10571,10848,5353,1388,180,192682,17246,20
Democratic Republic of Congo,1952,327337,103354,171702,68348,20879,9002,8437,17844,15947,14451,14838,17345,20029,15363,1474,9191,8653,8144,7803,7451,7000,7107,7731,8358,8987,9971,10058,9777,5586,1288,186,192581,17439,19
Democratic Republic of Congo,1953,328919,104345,172704,68359,21064,9151,8596,18184,16230,14721,15054,17646,19568,14544,1445,9361,8823,8286,7944,7592,7129,7235,7819,8590,9056,9832,9736,8854,5690,1256,189,193768,17747,18
Democratic Republic of Congo,1954,330110,105189,173817,68628,21010,9291,8722,18441,16435,14943,15229,17924,19159,13638,1484,9491,8950,8390,8045,7705,7238,7344,7885,8783,9141,9716,9443,8102,5536,1305,179,194827,18013,15
Democratic Republic of Congo,1955,332759,106028,175342,69314,21037,9499,8902,18810,16758,15253,15502,18312,18943,12818,1568,9680,9130,8555,8203,7865,7388,7494,8008,8993,9319,9709,9234,7592,5226,1389,179,196379,18401,12
Democratic Republic of Congo,1956,335570,107046,177070,70024,21075,9695,9066,19164,17055,15544,15768,18676,18768,12028,1653,9866,9298,8712,8343,8012,7532,7637,8131,9157,9519,9724,9044,7206,4822,1472,181,198145,18761,12
Democratic Republic of Congo,1957,338131,108419,179110,70691,21061,9818,9174,19414,17257,15752,15972,18968,18591,11285,1711,10002,9412,8823,8434,8115,7637,7745,8227,9241,9727,9729,8862,6907,4378,1540,171,200171,18992,15
Democratic Republic of Congo,1958,343002,110065,181704,71639,21416,9989,9386,19851,17641,16111,16325,19434,18650,10747,1739,10235,9616,9028,8613,8297,7814,7920,8405,9387,10047,9856,8794,6739,4008,1566,173,203120,19375,16
Democratic Republic of Congo,1959,348446,111657,184655,72998,21877,10095,9606,20265,17991,16464,16699,19910,18822,10334,1706,10460,9805,9212,8779,8472,7992,8105,8594,9550,10360,10042,8780,6607,3727,1523,183,206532,19701,16
Democratic Republic of Congo,1960,353656,113555,187656,74101,22244,10089,9836,20764,18381,16789,17021,20272,18991,9967,1626,10724,10040,9419,8962,8638,8151,8266,8755,9681,10591,10223,8768,6460,3507,1429,197,209900,19925,17
Democratic Republic of Congo,1961,370195,116805,194049,77244,23319,10407,10680,23138,19972,18023,18110,21316,19758,9849,1556,11982,11156,10280,9692,9277,8746,8822,9288,10182,11134,10748,9010,6453,3396,1338,218,217368,21087,19
Democratic Republic of Congo,1962,378394,119278,197943,78665,24089,10570,10995,23776,20567,18534,18632,21828,20255,9716,1470,12296,11480,10579,9988,9537,8997,9078,9554,10443,11385,11126,9129,6408,3308,1236,234,222032,21565,21
Democratic Republic of Congo,1963,384923,121732,201750,80018,24544,10653,11149,24279,20987,18883,18995,22116,20615,9552,1379,12545,11734,10794,10193,9713,9170,9262,9733,10618,11498,11421,9194,6332,3220,1140,239,226294,21802,23
Democratic Republic of Congo,1964,402554,124843,207457,82614,25601,11071,11993,27424,23058,20324,20157,23088,21475,9563,1315,14210,13214,11930,11128,10483,9841,9860,10297,11146,11942,11974,9501,6381,3182,1078,237,233058,23064,26
Democratic Republic of Congo,1965,404169,126451,209501,83050,25815,11147,11723,27056,22951,20300,20198,23107,21637,9444,1257,14006,13050,11858,11093,10470,9830,9877,10321,11180,11927,12071,9566,6337,3107,1029,228,235316,22870,30
Democratic Republic of Congo,1966,396880,127223,209523,82300,25758,11062,10825,24338,21499,19396,19626,22716,21553,9332,1218,12535,11803,11025,10474,9989,9407,9563,10063,10984,11732,11971,9582,6288,3044,996,222,235281,21887,34
Democratic Republic of Congo,1967,404603,129199,213051,83852,26253,11247,10901,25186,22160,19900,20088,23173,22033,9375,1198,12973,12213,11388,10772,10264,9636,9792,10296,11222,11951,12161,9872,6351,3024,980,218,239304,22148,38
Democratic Republic of Congo,1968,410664,130957,216161,85204,26818,11442,10903,25348,22504,20224,20453,23611,22505,9463,1188,13004,12344,11566,10938,10442,9782,9965,10488,11436,12175,12321,10184,6442,3021,973,215,242979,22345,42
Democratic Republic of Congo,1969,418131,132408,218825,86417,27580,11710,11100,25878,23139,20775,20989,24202,23071,9637,1183,13181,12697,11901,11238,10737,10038,10226,10763,11728,12474,12550,10521,6596,3041,970,213,246405,22810,44
Democratic Republic of Congo,1970,424737,133716,220847,87131,28395,11979,11335,26282,23750,21293,21480,24764,23576,9830,1162,13253,13029,12217,11533,11010,10283,10464,11016,12004,12760,12778,10798,6766,3064,959,203,249242,23314,44
Democratic Republic of Congo,1971,430500,135176,223250,88074,28985,12169,11502,26455,24175,21676,21856,25226,23984,10042,1137,13201,13254,12431,11744,11211,10465,10646,11210,12226,13000,12978,11006,6949,3093,946,191,252235,23671,40
Democratic Republic of Congo,1972,436830,136333,225453,89120,29765,12449,11713,26638,24644,22129,22304,25799,24468,10323,1112,13177,13461,12654,11990,11439,10690,10860,11444,12506,13293,13251,11217,7189,3134,935,177,255218,24162,35
Democratic Republic of Congo,1973,444803,137444,227911,90467,30748,12833,12015,27010,25282,22745,22898,26512,25060,10665,1094,13319,13691,12963,12319,11749,10996,11146,11752,12854,13658,13606,11454,7469,3196,928,166,258659,24848,29
Democratic Republic of Congo,1974,450519,138783,230485,91702,31279,13062,12182,27059,25625,23097,23255,26978,25459,10936,1082,13399,13660,13126,12499,11925,11172,11322,11933,13073,13905,13851,11608,7676,3260,926,156,261764,25244,25
Democratic Republic of Congo,1975,460252,140407,233245,92838,32477,13586,12590,27569,26439,23852,23985,27848,26227,11326,1093,13770,13799,13536,12903,12314,11538,11679,12306,13493,14355,14295,11932,7949,3377,941,152,265722,26176,22
Democratic Republic of Congo,1976,467972,142037,235902,93865,33302,13995,12903,27830,26993,24400,24533,28517,26842,11636,1099,14040,13790,13814,13179,12598,11802,11953,12580,13808,14709,14648,12194,8146,3490,951,148,269204,26898,19
Democratic Republic of Congo,1977,476471,143395,238297,94902,34188,14460,13312,28331,27648,25076,25190,29301,27567,11966,1115,14440,13891,14138,13510,12951,12125,12288,12902,14180,15121,15052,12515,8337,3629,969,146,272485,27772,17
Democratic Republic of Congo,1978,490783,145451,242447,96996,35435,15097,14071,29882,28921,26260,26276,30459,28565,12302,1062,15365,14517,14762,14159,13575,12685,12846,13430,14739,15720,15612,12953,8545,3757,955,107,277882,29168,9
Democratic Republic of Congo,1979,495943,148368,245029,96661,35651,15351,14173,29774,28881,26497,26545,30809,29056,12735,1391,15326,14448,14630,14251,13705,12792,12987,13558,14890,15919,15852,13204,8750,3985,1123,268,280680,29524,49
Democratic Republic of Congo,1980,507451,151991,249387,97396,36381,15752,14636,30801,29563,27295,27300,31662,29926,13166,1509,15862,14939,14851,14712,14127,13168,13364,13936,15294,16368,16317,13609,9011,4155,1204,305,285768,30388,71
Democratic Republic of Congo,1981,516629,154375,253257,98882,36965,16142,15040,31511,29941,27952,27974,32367,30627,13402,1397,16238,15273,14896,15045,14457,13495,13699,14275,15631,16736,16700,13927,9187,4215,1176,221,290222,31182,56
Democratic Republic of Congo,1982,526256,156324,256458,100134,37744,16603,15508,32309,30390,28713,28767,33211,31462,13706,1349,16666,15643,14991,15399,14830,13883,14084,14683,16040,17171,17157,14305,9419,4287,1177,172,294202,32111,36
Democratic Republic of Congo,1983,535394,158775,260133,101358,38356,16946,15924,32977,30701,29345,29457,33970,32245,14002,1320,17028,15949,15096,15605,15137,14208,14413,15044,16404,17566,17582,14663,9651,4351,1185,135,298489,32870,20
Democratic Republic of Congo,1984,545060,161821,264380,102559,39037,17264,16336,33672,30977,29993,30162,34702,32979,14271,1284,17417,16255,15288,15689,15452,14541,14754,15408,16764,17938,17979,15000,9865,4406,1178,106,303417,33600,11
Democratic Republic of Congo,1985,559446,166109,270403,104294,40159,17659,16895,34858,31643,30900,31074,35700,33973,14756,1413,18053,16805,15757,15886,15922,14978,15202,15872,17256,18444,18506,15467,10193,4563,1259,154,310562,34554,14
Democratic Republic of Congo,1986,570543,170134,276825,106691,40727,17821,17191,35492,31766,31425,31714,36409,34689,15081,1398,18424,17068,15967,15799,16180,15245,15522,16192,17612,18797,18876,15813,10427,4654,1267,131,317552,35012,6
Democratic Republic of Congo,1987,579442,173924,282500,108576,40965,17807,17373,35946,31766,31698,32170,36996,35315,15433,1466,18694,17252,16109,15657,16299,15399,15750,16420,17908,19088,19188,16127,10659,4774,1311,155,323465,35180,7
Democratic Republic of Congo,1988,587637,176956,287612,110656,41215,17805,17496,36464,31824,31913,32633,37514,35852,15766,1535,19002,17462,16247,15577,16346,15567,15991,16642,18178,19336,19448,16404,10872,4894,1355,180,328827,35301,10
Democratic Republic of Congo,1989,596422,179832,292538,112706,41397,17829,17630,37044,32090,32063,33164,38209,36611,16228,1601,19327,17717,16435,15655,16305,15758,16258,16906,18514,19695,19822,16789,11172,5056,1405,196,333935,35459,13
Democratic Republic of Congo,1990,604322,182478,296987,114509,41410,17893,17702,37619,32365,32143,33667,38843,37329,16692,1655,19640,17979,16600,15765,16185,15958,16512,17155,18810,20033,20171,17158,11472,5220,1454,201,338397,35595,14
Democratic Republic of Congo,1991,616541,186570,302693,116123,41975,18136,17919,38619,33087,32477,34404,39759,38302,17320,1823,20131,18488,16995,16092,16202,16275,16869,17535,19237,20522,20661,17641,11870,5450,1560,263,344668,36055,30
Democratic Republic of Congo,1992,628748,190257,308140,117883,42661,18449,18107,39500,33744,32835,35203,40797,39369,17969,1935,20555,18945,17348,16396,16244,16591,17247,17956,19717,21080,21206,18163,12290,5679,1646,289,350801,36556,41
Democratic Republic of Congo,1993,638472,193478,313406,119928,42829,18618,18185,40152,34146,33036,35902,41680,40236,18418,1839,20856,19296,17569,16577,16271,16765,17569,18333,20121,21559,21655,18581,12607,5811,1631,208,356235,36803,22
Democratic Republic of Congo,1994,653158,198581,321149,122568,43121,18925,18391,40896,34909,33408,36746,42779,41408,19230,2146,21142,19754,17989,16920,16519,16889,17974,18772,20628,22151,22254,19154,13102,6128,1812,334,364270,37316,49
Democratic Republic of Congo,1995,681629,211141,335854,124713,43000,18971,18826,43535,37023,34482,38016,44220,43143,20830,3487,22331,21204,19199,17824,17248,17234,18620,19396,21303,22917,23113,20030,13958,6872,2487,1000,378854,37797,244
Democratic Republic of Congo,1996,730157,220354,354281,133927,45897,20333,20953,50052,41583,37639,41367,47625,45910,21567,2768,25637,24415,21707,19876,19016,18623,20311,21056,23001,24624,24690,21220,14579,6988,2228,540,400178,41286,178
Democratic Republic of Congo,1997,706793,214462,346607,132145,45043,20138,19784,45038,38701,35588,40188,46950,45591,21218,1861,22977,22061,20091,18610,18048,17540,19662,20526,22627,24323,24519,21072,14477,6741,1762,99,391650,39922,84
Democratic Republic of Congo,1998,728902,209758,340987,131229,44460,20329,22528,55569,45195,39028,42446,48495,46636,21482,1704,28569,27000,23880,21315,20105,18923,20840,21606,23474,25021,25129,21507,14723,6759,1615,89,385447,42857,44
Democratic Republic of Congo,1999,738910,209790,339760,129970,46049,21105,23351,56327,46247,39908,43383,50097,48352,22417,1888,29001,27326,24411,21836,20600,19308,21142,22241,24239,25858,26046,22306,15313,7104,1783,105,385809,44456,23
Democratic Republic of Congo,2000,712085,211083,339243,128160,47420,21404,20660,43194,38699,35963,41194,49964,49159,23109,2063,22133,21061,19956,18743,18330,17633,19706,21488,24007,25957,26403,22756,15727,7382,1936,127,386663,42064,13
Democratic Republic of Congo,2001,720663,211611,337731,126120,48943,21848,21351,44015,39515,36744,41882,51482,50875,24032,2233,22722,21293,20332,19183,18727,18017,19823,22059,24697,26785,27286,23589,16319,7713,2071,162,386674,43199,7
Democratic Republic of Congo,2002,733168,212113,336736,124623,49936,22305,22437,46416,41226,38063,42836,53128,52646,24989,2447,24197,22219,21210,20016,19429,18634,20114,22722,25450,27678,28194,24452,16927,8062,2238,209,386672,44742,5
Democratic Republic of Congo,2003,738007,211700,334417,122717,50795,22721,22899,46482,41411,38555,43269,54543,54371,25937,2595,24438,22044,21189,20222,19667,18888,20222,23047,26055,28488,29061,25310,17540,8397,2365,230,385212,45620,4
Democratic Republic of Congo,2004,738234,210231,330931,120700,51007,22949,23098,46089,41072,38707,43380,55679,55853,26774,2687,24406,21683,20881,20191,19724,18983,20317,23063,26529,29150,29800,26053,18092,8682,2450,237,381938,46047,4
Democratic Republic of Congo,2005,742883,209647,328669,119022,50929,23289,23497,46994,41372,39285,43742,56991,57480,27754,2870,25005,21989,20950,20422,20023,19262,20642,23100,27114,29877,30620,26860,18727,9027,2597,273,379598,46786,5
Democratic Republic of Congo,2006,745945,210394,327269,116875,50330,23510,23665,47685,41329,39634,43844,57992,58880,28699,3096,25449,22236,20853,20476,20205,19429,20878,22966,27554,30438,31314,27566,19328,9371,2761,335,377599,47175,10
Democratic Republic of Congo,2007,755550,210657,325869,115212,51127,24091,24241,49266,41983,40589,44524,59614,60947,29940,3341,26325,22941,21126,20857,20706,19883,21383,23141,28277,31337,32379,28568,20135,9805,2941,400,376996,48332,20
Democratic Republic of Congo,2008,764421,211169,325524,114355,51496,24345,24658,50780,42402,41407,45218,60962,62937,31142,3524,27127,23653,21321,21081,21118,20289,21853,23365,28796,32166,33402,29535,20923,10219,3095,429,377020,49003,23
Democratic Republic of Congo,2009,770538,211755,324769,113014,51012,24180,25002,52568,42852,42049,45812,61761,64586,32238,3684,28055,24513,21628,21224,21438,20611,22208,23604,28940,32821,34222,30364,21626,10612,3232,452,375781,49182,24
Democratic Republic of Congo,2010,773880,211839,323496,111657,51303,24236,25161,52376,42503,42278,46375,62529,66412,33451,3738,27850,24526,21516,20987,21488,20790,22477,23898,28971,33558,35123,31289,22398,11053,3280,458,374799,49397,24
Democratic Republic of Congo,2011,775936,212926,323522,110596,50613,23766,25293,52493,42235,42279,46690,62795,67813,34502,3910,27797,24696,21539,20696,21413,20866,22624,24066,28741,34054,35763,32050,23056,11446,3436,474,374135,49059,22
Democratic Republic of Congo,2012,793181,213928,323690,109762,52592,24479,26406,54902,43817,43739,48310,64442,70520,36109,4150,28939,25963,22558,21259,22094,21645,23415,24895,29213,35229,37108,33412,24097,12012,3640,510,376282,50885,23
Democratic Republic of Congo,2013,797086,212813,321753,108940,52495,24451,26626,55627,44150,44049,49004,64983,72292,37344,4295,29206,26421,22953,21197,22141,21908,23753,25251,29310,35673,37918,34374,24882,12462,3784,511,374248,51077,18
Democratic Republic of Congo,2014,802315,212760,321077,108317,52279,24367,26691,56066,44493,44234,49707,65574,74297,38846,4646,29347,26719,23313,21180,22113,22121,24099,25608,29638,35936,38845,35452,25808,13038,4035,611,373356,51058,32
Democratic Republic of Congo,2015,817713,212315,319436,107121,54294,25194,27437,58369,46307,45487,51381,67093,77149,40614,4917,30594,27775,24386,21921,22647,22840,24933,26448,30572,36521,40281,36868,26943,13671,4258,659,373730,52631,36
Democratic Republic of Congo,2016,820019,212009,317855,105846,53693,24966,27104,58804,46686,45375,51926,67393,78892,42057,5220,30941,27863,24665,22021,22478,22897,25217,26709,30968,36425,41090,37802,27830,14227,4486,734,371548,52070,48
Democratic Republic of Congo,2017,831726,212432,316560,104128,54690,25368,27524,60574,48328,46085,53233,68517,81356,43875,5554,31926,28648,25588,22740,22771,23314,25866,27367,31747,36770,42267,39089,28978,14897,4746,808,371250,52892,63
Democratic Republic of Congo,2018,834545,212036,314297,102261,54417,25374,27565,60966,49037,46087,53888,69040,82764,45311,5739,32157,28809,25954,23083,22721,23366,26196,27692,32169,36871,42776,39988,29879,15432,4928,811,368714,52939,60
Democratic Republic of Congo,2019,844290,212080,314784,102704,54437,25696,27938,61742,50061,46511,54991,70419,84589,47117,5954,32549,29193,26443,23618,22939,23572,26731,28260,32875,37544,43343,41246,31016,16101,5147,807,369221,53634,51
Democratic Republic of Congo,2020,885793,210651,310466,99815,54586,25795,27525,60568,50753,49734,63379,84656,97353,54284,6648,31745,28823,26379,24374,24256,25478,30189,33190,39462,45194,50337,47016,35474,18810,5788,860,365052,53320,46
Democratic Republic of Congo,2021,930839,209902,308202,98300,54245,26116,28923,64112,54594,54527,70915,95190,107110,59708,7149,33194,30918,28138,26456,26445,28082,33688,37227,44423,50767,54975,52135,39090,20618,6221,928,362447,55039,47
Denmark,1950,39252,2422,2884,462,176,149,203,661,1025,2184,3931,7424,11387,7949,1265,268,393,428,597,844,1340,1691,2240,3189,4235,5523,5864,5033,2916,1083,182,3060,352,12
Denmark,1951,37955,2170,2572,402,179,125,190,631,1055,2119,3932,7279,11183,7542,1133,279,352,441,614,873,1246,1720,2212,3126,4153,5431,5752,4771,2771,968,165,2751,315,13
Denmark,1952,39249,2221,2692,471,237,137,212,622,982,2015,4031,7384,11653,7939,1324,291,331,431,551,792,1223,1711,2320,3153,4231,5545,6108,5042,2897,1136,188,2929,349,15
Denmark,1953,39374,2093,2457,364,218,117,191,611,929,2053,4108,7337,11789,8240,1307,284,327,418,511,848,1205,1689,2419,3067,4270,5594,6195,5217,3023,1119,188,2675,308,15
Denmark,1954,39893,2014,2379,365,156,109,191,566,902,2058,4099,7589,12087,8478,1265,265,301,385,517,788,1270,1714,2385,3219,4370,5696,6391,5361,3117,1075,190,2535,300,15
Denmark,1955,38811,1916,2216,300,148,108,200,538,885,1919,4125,7591,11676,8157,1234,250,288,408,477,742,1177,1711,2414,3209,4382,5447,6229,5209,2948,1044,190,2364,308,15
Denmark,1956,39622,1886,2162,276,137,130,206,476,821,1963,4319,7519,11964,8592,1314,230,246,360,461,745,1218,1775,2544,3221,4298,5627,6337,5414,3178,1112,202,2299,336,16
Denmark,1957,41763,1724,2059,335,147,151,200,511,888,1913,4339,8021,12675,9401,1443,239,272,361,527,751,1162,1771,2568,3435,4586,5972,6703,5861,3540,1218,225,2206,351,18
Denmark,1958,41577,1650,1886,236,148,140,192,491,831,1853,4277,7952,12608,9669,1511,223,268,324,507,689,1164,1816,2461,3466,4486,5921,6687,6077,3592,1282,229,2034,332,18
Denmark,1959,42136,1634,1911,277,173,132,223,507,843,1918,4324,7879,12858,9836,1510,236,271,343,500,751,1167,1795,2529,3448,4431,5974,6884,6224,3612,1282,228,2084,355,19
Denmark,1960,43740,1649,1925,276,148,115,218,456,852,1853,4406,8277,13391,10441,1639,206,250,355,497,691,1162,1815,2591,3599,4678,6135,7256,6582,3859,1405,234,2073,333,20
Denmark,1961,43325,1674,1932,258,167,113,226,483,786,1843,4430,8310,13146,10312,1558,257,226,300,486,753,1090,1813,2617,3540,4770,6027,7119,6425,3887,1329,229,2099,339,20
Denmark,1962,45348,1556,1803,247,161,135,229,480,756,1900,4591,8825,13801,10918,1732,261,219,311,445,744,1156,1859,2732,3768,5057,6369,7432,6794,4124,1477,255,1964,364,22
Denmark,1963,45855,1617,1886,269,157,108,252,488,791,1901,4667,9013,13719,11048,1805,236,252,300,491,783,1118,1842,2825,3800,5213,6271,7448,6768,4280,1540,265,2043,360,22
Denmark,1964,46812,1556,1801,245,152,123,275,502,737,1845,4655,9362,14086,11421,1828,242,260,281,456,687,1158,1852,2803,4006,5356,6513,7573,7013,4408,1557,271,1953,398,22
Denmark,1965,47929,1621,1893,272,160,127,263,500,776,1860,4876,9544,14341,11760,1809,271,229,308,468,751,1109,1890,2986,4068,5476,6675,7666,7211,4549,1534,275,2053,390,22
Denmark,1966,49423,1506,1760,254,152,131,267,504,754,1900,4767,9699,15034,12362,2067,274,230,309,445,720,1180,1869,2898,4107,5592,7085,7949,7522,4840,1757,310,1912,398,25
Denmark,1967,47853,1230,1462,232,166,131,238,517,698,1949,4871,9808,14460,11545,1983,288,229,271,427,755,1194,1874,2997,4221,5587,6989,7471,7039,4506,1684,299,1628,369,25
Denmark,1968,47310,1180,1434,254,177,129,252,569,767,1922,4639,9604,14160,11586,2046,326,243,287,480,794,1128,1747,2892,4087,5517,6847,7313,7066,4520,1735,311,1611,381,27
Denmark,1969,47981,1042,1275,233,178,125,255,575,746,2018,4648,9862,14531,11592,2149,314,261,300,446,736,1282,1754,2894,4166,5696,7217,7314,7029,4563,1812,337,1453,380,30
Denmark,1970,48322,1016,1237,221,173,113,259,616,749,1976,4800,9824,14599,11722,2223,320,296,308,441,705,1271,1919,2881,4271,5553,7115,7484,6983,4739,1862,361,1410,372,32
Denmark,1971,48936,1039,1242,203,191,132,289,603,754,2012,4828,9915,14468,12065,2402,304,299,319,435,770,1242,1974,2854,4297,5618,6940,7528,7066,4999,2008,394,1433,421,36
Denmark,1972,50491,907,1094,187,166,135,258,584,790,1966,4824,10475,15329,12354,2472,280,304,316,474,750,1216,2019,2805,4465,6010,7335,7994,7316,5038,2054,418,1260,393,39
Denmark,1973,50585,814,978,164,173,120,277,617,826,2005,4727,10207,15203,12667,2734,311,306,345,481,754,1251,1898,2829,4340,5867,7134,8069,7399,5268,2251,483,1151,397,44
Denmark,1974,51660,767,920,153,129,107,255,601,770,1936,4880,10084,15904,13161,2867,306,295,337,433,690,1246,1998,2882,4338,5746,7487,8417,7687,5474,2354,513,1049,362,47
Denmark,1975,50903,745,909,164,170,128,224,637,802,1837,4789,10034,15440,12981,2902,301,336,338,464,698,1139,2015,2774,4195,5839,7212,8228,7536,5445,2383,519,1079,352,50
Denmark,1976,54102,636,802,166,113,110,261,610,834,1924,5030,10473,16335,14237,3316,268,342,367,467,731,1193,2069,2961,4362,6111,7642,8693,8210,6027,2706,610,915,371,61
Denmark,1977,50580,530,677,147,105,112,231,602,874,1807,4701,9803,15432,12996,3175,318,284,414,460,725,1082,1844,2857,4033,5770,7352,8080,7495,5501,2581,594,782,343,62
Denmark,1978,52965,541,665,124,102,106,260,617,849,1830,4725,10197,16093,14099,3356,318,299,379,470,726,1104,1808,2917,4100,6097,7590,8503,8202,5897,2725,631,767,366,67
Denmark,1979,54779,510,657,147,100,99,267,649,969,1798,4897,10058,16635,14818,3747,324,325,431,538,699,1099,1835,3062,4156,5902,7848,8787,8590,6228,3003,744,757,366,82
Denmark,1980,56023,473,597,124,80,84,264,680,1079,1928,4855,10319,16988,15105,3959,314,366,453,626,779,1149,1824,3031,4282,6037,8024,8964,8701,6404,3183,776,677,348,85
Denmark,1981,56507,410,526,116,113,92,238,671,1045,1932,4749,10336,17116,15553,4048,312,359,439,606,743,1189,1775,2974,4338,5998,7979,9137,8939,6614,3260,788,639,330,87
Denmark,1982,55403,427,522,95,77,85,221,656,1055,1861,4667,9967,16921,15460,3827,295,361,456,599,722,1139,1803,2864,4293,5674,7874,9047,8813,6647,3074,753,599,306,85
Denmark,1983,57207,388,493,105,79,81,221,598,1131,1993,4601,10306,17139,16118,4344,290,308,476,655,782,1211,1743,2858,4463,5843,7976,9163,9045,7073,3461,883,572,302,105
Denmark,1984,57222,400,494,94,53,80,229,597,1135,1937,4536,10175,17246,16115,4513,284,313,453,682,821,1116,1810,2726,4433,5742,7968,9278,9008,7107,3593,920,547,309,112
Denmark,1985,58521,430,514,84,90,103,227,641,1043,2019,4602,10124,17421,16743,4866,297,344,411,632,837,1182,1807,2795,4393,5731,8009,9412,9293,7450,3869,997,604,330,123
Denmark,1986,58199,453,534,81,55,84,201,590,1109,2114,4513,10222,17369,16548,4737,300,290,450,659,950,1164,1751,2762,4326,5896,7762,9607,9265,7283,3752,985,589,285,124
Denmark,1987,58248,464,575,111,51,55,193,631,1012,2150,4617,10030,16913,16823,5060,318,313,444,568,979,1171,1817,2800,4206,5824,7563,9350,9424,7399,3978,1082,626,248,140
Denmark,1988,59019,454,550,96,52,62,189,657,1004,2185,4383,10194,17036,17272,5283,305,352,419,585,977,1208,1754,2629,4092,6102,7357,9679,9653,7619,4131,1152,602,251,149
Denmark,1989,59550,495,596,101,51,56,166,579,1060,2353,4464,9932,17032,17424,5666,275,304,429,631,1064,1289,1798,2666,3960,5972,7319,9713,9665,7759,4377,1289,647,222,170
Denmark,1990,60987,476,569,93,63,73,159,558,948,2373,4487,9836,17466,18531,5754,259,299,383,565,1015,1358,1799,2688,3897,5939,7657,9809,10245,8286,4428,1326,632,232,174
Denmark,1991,59719,471,563,92,61,56,155,573,985,2307,4271,9391,17007,18276,5890,250,323,410,575,899,1408,1715,2556,3769,5622,7700,9307,10181,8095,4525,1365,624,211,182
Denmark,1992,60873,450,533,83,44,53,172,540,983,2316,4262,9441,17103,18937,6298,231,309,402,581,915,1401,1733,2529,3826,5615,7797,9306,10271,8666,4866,1432,577,225,193
Denmark,1993,62801,365,445,80,48,57,159,506,1021,2364,4327,9486,17661,19926,6586,207,299,382,639,896,1468,1813,2514,3756,5730,8012,9649,10886,9040,5065,1521,493,216,213
Denmark,1994,61185,386,477,91,53,36,129,539,994,2418,4404,9239,16858,19420,6405,242,297,416,578,917,1501,1930,2474,3694,5545,7769,9089,10556,8864,4945,1460,530,165,209
Denmark,1995,63115,347,432,85,47,46,157,572,1000,2308,4487,9381,17434,20100,6915,235,337,416,584,889,1419,1942,2545,3812,5569,8008,9426,10748,9352,5333,1582,479,203,230
Denmark,1996,61065,371,457,86,44,54,133,473,958,2272,4572,8986,16859,19272,6755,219,254,411,547,913,1359,2080,2492,3640,5346,7477,9382,10296,8976,5205,1550,501,187,228
Denmark,1997,59931,350,425,75,37,48,142,445,908,2193,4542,8680,16373,19180,6726,201,244,389,519,898,1295,2070,2472,3526,5154,7266,9107,10054,9126,5149,1577,462,190,230
Denmark,1998,58573,307,397,90,42,40,121,395,867,2036,4496,8632,16017,18427,6865,156,239,359,508,837,1199,2032,2464,3586,5046,6963,9054,9575,8852,5228,1637,439,161,240
Denmark,1999,59237,278,340,62,41,48,119,455,812,1981,4671,8267,15919,18995,7328,194,261,351,461,746,1235,2036,2635,3412,4855,6778,9141,9750,9245,5550,1778,381,167,258
Denmark,2000,58026,358,413,55,34,44,136,420,749,1944,4679,8086,15512,18421,7328,196,224,291,458,735,1209,1903,2776,3347,4739,6562,8950,9419,9002,5545,1783,447,180,262
Denmark,2001,58461,314,385,71,51,51,107,361,804,1903,4816,7902,15153,18843,7798,150,211,286,518,703,1200,1894,2922,3225,4677,6386,8767,9774,9069,5914,1884,436,158,285
Denmark,2002,58662,282,350,68,32,38,128,374,817,1862,4784,7899,14885,19145,8047,167,207,302,515,730,1132,1882,2902,3331,4568,6318,8567,9897,9248,6096,1951,382,166,300
Denmark,2003,57684,286,353,67,34,48,96,347,729,1911,4705,7861,14361,18783,8143,156,191,274,455,695,1216,1775,2930,3423,4438,6149,8212,9844,8939,6161,1982,387,144,308
Denmark,2004,55898,281,342,61,34,52,105,333,749,1836,4564,7839,13700,18066,7957,161,172,278,471,709,1127,1778,2786,3562,4277,5879,7821,9593,8473,5934,2023,376,157,320
Denmark,2005,54995,279,329,50,30,30,116,319,604,1712,4375,7867,13225,18000,8047,120,199,233,371,634,1078,1732,2643,3588,4279,5643,7582,9428,8572,5931,2116,359,146,336
Denmark,2006,55621,252,291,39,34,41,111,296,632,1738,4456,8227,13337,17995,8123,145,151,235,397,711,1027,1779,2677,3916,4311,5737,7600,9125,8870,5943,2180,325,152,342
Denmark,2007,55677,255,307,52,28,38,116,305,588,1784,4405,8300,12935,18386,8131,135,170,229,359,702,1082,1812,2593,4001,4299,5624,7311,9199,9187,5927,2204,335,154,349
Denmark,2008,54765,260,304,44,28,41,108,305,602,1667,4027,8491,12661,17646,8483,164,141,243,359,649,1018,1645,2382,3965,4526,5513,7148,8800,8846,6094,2389,332,149,401
Denmark,2009,55001,189,233,44,24,29,102,295,573,1569,4038,8552,12698,18069,8409,126,169,221,352,606,963,1596,2442,3967,4585,5466,7232,8888,9181,6049,2360,257,131,408
Denmark,2010,54269,213,246,33,21,26,89,269,487,1573,4033,8412,12669,17841,8196,137,132,179,308,584,989,1625,2408,3703,4709,5619,7050,8657,9184,5921,2275,267,115,410
Denmark,2011,52656,200,240,40,30,30,82,234,497,1497,3699,8168,12335,16794,8586,129,105,191,306,518,979,1446,2253,3403,4765,5400,6935,8161,8633,6172,2414,270,112,462
Denmark,2012,52278,194,231,37,25,21,69,226,415,1408,3669,8242,12287,16764,8466,113,113,152,263,482,926,1430,2239,3209,5033,5443,6844,8391,8373,6142,2324,256,90,455
Denmark,2013,52633,188,231,43,20,23,79,207,411,1321,3582,8083,12184,17008,8984,95,112,147,264,466,855,1398,2184,3174,4909,5499,6685,8291,8717,6484,2500,251,102,503
Denmark,2014,51527,229,260,31,15,24,61,228,435,1275,3376,8068,12301,16098,8883,110,118,173,262,441,834,1341,2035,3182,4886,5636,6665,7797,8301,6414,2469,275,85,503
Denmark,2015,52741,216,236,20,24,26,59,230,354,1225,3386,7798,12776,16609,9486,116,114,133,221,428,797,1377,2009,3134,4664,6085,6691,8078,8531,6807,2679,260,85,533
Denmark,2016,52830,193,227,34,29,20,58,272,383,1159,3373,7685,13131,16601,9371,133,139,148,235,408,751,1307,2066,3107,4578,6265,6866,8126,8475,6659,2712,256,78,515
Denmark,2017,53281,224,260,36,16,21,71,240,353,1079,3205,7151,13618,16984,9745,116,124,137,216,368,711,1297,1908,2914,4237,6611,7007,8363,8621,6893,2852,276,92,539
Denmark,2018,55232,219,247,28,22,19,77,204,396,1043,3268,7301,14278,17713,10097,78,126,170,226,394,649,1273,1995,2924,4377,6701,7577,8765,8948,7108,2989,269,96,562
Denmark,2019,53955,178,205,27,21,26,73,239,362,949,3058,7355,14141,17287,9700,110,129,149,213,319,630,1217,1841,2959,4396,6496,7645,8636,8651,6793,2907,226,99,542
Denmark,2020,54744,193,215,22,21,29,57,276,372,955,2948,7037,14544,17852,9863,121,155,143,229,352,603,1109,1839,2800,4237,6374,8170,8868,8984,6873,2990,236,86,575
Denmark,2021,58422,180,206,26,19,20,56,225,333,899,2959,6908,15839,20072,10273,105,120,139,194,294,605,1005,1954,2810,4098,6154,9685,10035,10037,7194,3079,225,76,609
Djibouti,1950,1423,495,856,361,95,41,38,79,69,60,60,60,49,14,0,40,39,35,34,30,30,30,30,30,30,29,20,9,5,0,0,951,79,0
Djibouti,1951,1429,488,844,356,98,43,40,83,71,62,60,60,51,16,1,43,40,36,35,32,30,30,30,30,30,29,22,11,5,1,0,942,83,0
Djibouti,1952,1454,499,846,347,102,43,41,86,73,65,60,70,53,17,0,45,41,38,35,35,30,30,30,35,35,30,23,12,5,0,0,948,84,0
Djibouti,1953,1479,510,850,340,106,44,41,87,75,66,62,70,56,18,0,45,42,40,35,35,31,30,32,35,35,32,24,13,5,0,0,956,85,0
Djibouti,1954,1509,520,859,339,109,46,43,88,77,70,70,70,58,19,0,45,43,40,37,35,35,35,35,35,35,33,25,14,5,0,0,968,89,0
Djibouti,1955,1547,530,873,343,108,47,44,95,81,71,70,77,60,20,0,50,45,41,40,36,35,35,35,37,40,34,26,14,6,0,0,981,91,0
Djibouti,1956,1581,541,892,351,109,49,46,96,82,73,70,79,63,21,0,50,46,42,40,38,35,35,35,39,40,36,27,16,5,0,0,1001,95,0
Djibouti,1957,1620,550,910,360,108,51,47,97,84,75,72,80,66,23,0,50,47,44,40,40,35,35,37,40,40,38,28,16,7,0,0,1018,98,0
Djibouti,1958,1657,561,926,365,108,52,48,102,87,77,80,85,69,25,0,53,49,45,42,40,37,40,40,40,45,40,29,18,7,0,0,1034,100,0
Djibouti,1959,1697,571,944,373,109,54,50,105,91,81,80,88,73,26,1,55,50,46,45,41,40,40,40,43,45,42,31,19,7,1,0,1053,104,0
Djibouti,1960,1727,579,958,379,110,54,51,106,92,83,80,89,74,26,1,55,51,47,45,43,40,40,40,44,45,43,31,19,7,1,0,1068,105,0
Djibouti,1961,1775,592,978,386,114,54,52,110,95,85,82,94,80,27,1,57,53,50,45,45,40,40,42,45,49,46,34,20,7,1,0,1092,106,0
Djibouti,1962,1826,606,1001,395,118,55,55,114,97,86,89,97,84,30,2,60,54,50,47,45,41,44,45,47,50,49,35,21,9,2,0,1119,110,0
Djibouti,1963,1890,625,1032,407,122,54,57,117,102,92,90,101,90,31,2,60,57,52,50,47,45,45,45,50,51,51,39,22,9,2,0,1154,111,0
Djibouti,1964,1972,647,1067,420,129,56,60,124,106,95,96,107,97,32,2,65,59,55,51,50,45,46,50,52,55,54,43,23,9,2,0,1196,116,0
Djibouti,1965,2054,671,1107,436,134,57,62,129,112,101,100,112,102,35,2,67,62,57,55,51,50,50,50,55,57,57,45,25,10,2,0,1241,119,0
Djibouti,1966,2142,696,1149,453,141,61,64,136,115,105,105,118,107,40,2,70,66,60,55,55,50,50,55,58,60,59,48,30,10,2,0,1290,125,0
Djibouti,1967,2224,717,1183,466,147,62,65,142,122,111,111,124,115,41,2,75,67,62,60,56,55,55,56,60,64,63,52,30,11,2,0,1330,127,0
Djibouti,1968,2298,736,1212,476,152,66,65,150,125,114,114,129,121,47,3,79,71,65,60,59,55,55,59,64,65,66,55,35,12,3,0,1364,131,0
Djibouti,1969,2368,753,1237,484,158,67,65,154,133,118,121,137,127,47,3,81,73,68,65,60,58,60,61,67,70,69,58,35,12,3,0,1395,132,0
Djibouti,1970,2474,780,1279,499,165,72,68,162,137,125,127,146,135,54,3,85,77,71,66,65,60,62,65,71,75,73,62,40,14,3,0,1444,140,0
Djibouti,1971,2644,815,1341,526,180,79,74,177,153,136,139,157,146,61,3,91,86,78,75,70,66,69,70,77,80,79,67,45,16,3,0,1521,153,0
Djibouti,1972,2702,839,1366,527,183,80,76,176,154,141,142,164,153,63,3,89,87,79,75,72,69,70,72,79,85,84,69,45,18,3,0,1549,156,0
Djibouti,1973,2823,873,1416,543,191,83,79,182,159,146,150,173,164,71,3,91,91,82,77,75,71,74,76,83,90,89,75,50,21,3,0,1607,162,0
Djibouti,1974,2977,912,1478,566,203,89,84,193,170,155,160,186,175,76,5,94,99,88,82,80,75,79,81,90,96,95,80,53,23,5,0,1681,173,0
Djibouti,1975,3173,964,1562,598,216,94,91,203,183,165,173,201,192,84,5,100,103,94,89,85,80,85,88,97,104,103,89,58,26,5,0,1778,185,0
Djibouti,1976,3436,1030,1670,640,237,105,100,220,200,184,190,220,210,95,5,109,111,104,96,94,90,93,97,106,114,114,96,66,29,5,0,1907,205,0
Djibouti,1977,3697,1097,1773,676,255,114,108,236,218,199,208,242,233,105,7,118,118,113,105,102,97,102,106,116,126,126,107,72,33,7,0,2028,222,0
Djibouti,1978,3986,1170,1884,714,275,123,118,252,239,217,227,266,258,117,8,129,123,124,115,112,105,111,116,128,138,139,119,80,37,8,0,2159,241,0
Djibouti,1979,4269,1239,1992,753,296,132,128,269,256,234,245,290,281,132,11,139,130,134,122,119,115,119,126,139,151,152,129,90,42,11,0,2288,260,0
Djibouti,1980,4507,1290,2067,777,314,141,136,286,274,250,264,312,307,143,11,149,137,142,132,128,122,129,135,150,162,166,141,97,46,11,0,2381,277,0
Djibouti,1981,4699,1327,2123,796,327,149,145,300,285,264,280,332,328,152,13,158,142,146,139,134,130,137,143,159,173,177,151,103,49,13,0,2450,294,0
Djibouti,1982,4784,1329,2118,789,334,153,150,311,292,274,290,345,342,160,16,164,147,148,144,139,135,142,148,165,180,184,158,109,51,15,1,2452,303,0
Djibouti,1983,4848,1328,2108,780,337,157,155,319,295,280,298,356,355,169,16,168,151,146,149,143,137,145,153,170,186,190,165,114,55,15,1,2445,312,0
Djibouti,1984,4888,1324,2095,771,338,158,158,325,296,285,305,366,369,174,18,171,154,144,152,145,140,148,157,175,191,197,172,118,56,16,2,2433,316,0
Djibouti,1985,4999,1333,2105,772,345,163,163,338,302,296,317,384,386,185,18,178,160,146,156,151,145,154,163,183,201,205,181,125,60,16,2,2450,326,0
Djibouti,1986,5159,1358,2135,777,355,168,172,354,311,309,330,401,408,198,20,187,167,151,160,158,151,161,169,190,211,217,191,134,64,18,2,2490,340,0
Djibouti,1987,5402,1400,2190,790,371,178,182,375,326,329,351,430,436,213,22,198,177,160,166,168,161,171,180,205,225,232,204,144,69,20,2,2561,360,0
Djibouti,1988,5659,1449,2262,813,385,185,193,400,338,349,373,454,466,230,24,210,190,169,169,179,170,181,192,215,239,247,219,154,76,22,2,2647,378,0
Djibouti,1989,5980,1500,2338,838,409,199,208,430,358,374,401,490,502,249,25,227,203,182,176,192,182,195,206,233,257,267,235,167,82,23,2,2747,407,0
Djibouti,1990,6468,1598,2492,894,436,213,226,475,388,409,437,533,551,275,29,251,224,200,188,210,199,212,225,253,280,292,259,184,91,26,3,2928,439,0
Djibouti,1991,7300,1729,2687,958,480,236,269,602,471,477,500,608,623,311,33,320,282,247,224,244,233,244,256,288,320,331,292,209,102,30,3,3167,505,0
Djibouti,1992,7944,1785,2777,992,497,247,313,758,562,540,552,658,671,337,36,404,354,300,262,275,265,271,281,313,345,356,315,226,111,32,4,3274,560,0
Djibouti,1993,6969,1619,2529,910,471,234,252,540,436,445,489,598,621,316,36,285,255,227,209,219,226,238,251,283,315,329,292,210,106,32,4,3000,486,0
Djibouti,1994,7332,1682,2635,953,501,247,266,571,462,465,516,635,661,336,38,301,270,240,222,225,240,251,265,300,335,349,312,224,112,34,4,3136,513,0
Djibouti,1995,7033,1573,2450,877,479,235,255,553,451,447,507,625,658,337,41,291,262,235,216,213,234,246,261,295,330,346,312,224,113,36,5,2929,490,0
Djibouti,1996,7174,1543,2406,863,500,244,264,575,471,460,527,649,681,351,42,301,274,245,226,221,239,257,270,307,342,359,322,233,118,36,6,2906,508,0
Djibouti,1997,7408,1528,2395,867,522,257,280,615,505,479,553,678,711,366,45,321,294,263,242,232,247,271,282,321,357,374,337,244,122,39,6,2917,537,0
Djibouti,1998,7617,1542,2392,850,530,262,290,656,541,497,579,706,736,380,47,340,316,283,258,247,250,284,295,334,372,387,349,252,128,40,7,2922,552,0
Djibouti,1999,7804,1570,2408,838,529,263,295,694,573,513,602,729,758,392,50,357,337,301,272,259,254,297,305,345,384,399,359,259,133,43,7,2937,558,0
Djibouti,2000,8008,1591,2425,834,538,270,300,718,602,530,623,756,786,405,50,366,352,316,286,272,258,307,316,358,398,416,370,269,136,43,7,2963,570,1
Djibouti,2001,8133,1598,2417,819,535,271,303,733,626,545,640,780,811,418,51,372,361,329,297,282,263,312,328,369,411,430,381,277,141,44,7,2952,574,1
Djibouti,2002,8276,1600,2417,817,529,272,307,754,655,565,654,803,834,433,53,379,375,344,311,293,272,315,339,380,423,442,392,287,146,46,7,2946,579,1
Djibouti,2003,8358,1582,2392,810,522,272,305,761,675,584,664,824,859,446,56,381,380,354,321,303,281,315,349,390,434,455,404,295,151,49,7,2914,577,1
Djibouti,2004,8421,1542,2357,815,522,272,306,754,684,597,674,846,888,462,56,375,379,358,326,310,287,315,359,400,446,469,419,306,156,49,7,2879,578,1
Djibouti,2005,8317,1465,2242,777,510,266,301,734,683,605,674,857,910,475,60,363,371,356,327,313,292,310,364,405,452,479,431,314,161,52,8,2752,567,1
Djibouti,2006,8282,1401,2150,749,507,263,299,722,687,615,676,875,937,490,60,357,365,355,332,318,297,312,364,415,460,491,446,323,167,52,8,2657,562,1
Djibouti,2007,8337,1357,2081,724,505,261,303,727,704,635,687,903,962,507,65,361,366,362,342,328,307,322,365,429,474,502,460,334,173,55,10,2586,564,1
Djibouti,2008,8365,1307,1993,686,503,255,304,733,716,653,695,928,990,525,70,366,367,367,349,338,315,330,365,441,487,515,475,346,179,59,11,2496,559,1
Djibouti,2009,8422,1266,1917,651,506,256,306,733,727,672,707,959,1022,547,71,367,366,369,358,348,324,342,365,457,502,531,491,359,188,60,11,2423,562,1
Djibouti,2010,8363,1232,1856,624,481,249,299,718,718,676,709,974,1043,564,74,362,356,362,356,349,327,347,362,464,510,541,502,372,192,63,11,2337,548,1
Djibouti,2011,8487,1196,1788,592,481,253,304,729,734,706,733,1005,1083,592,75,368,361,367,367,364,342,361,372,474,531,561,522,391,201,64,11,2269,557,1
Djibouti,2012,8506,1165,1733,568,461,252,299,728,731,722,750,1021,1113,615,80,369,359,363,368,371,351,371,379,473,548,577,536,406,209,68,12,2194,551,1
Djibouti,2013,8549,1138,1681,543,446,253,297,727,731,739,770,1039,1146,638,83,369,358,360,371,378,361,381,389,474,565,594,552,420,218,71,12,2127,550,1
Djibouti,2014,8569,1109,1627,518,423,249,292,727,725,753,790,1052,1179,662,86,369,358,356,369,385,368,391,399,471,581,610,569,435,227,74,12,2050,541,1
Djibouti,2015,8644,1085,1580,495,411,247,293,733,727,771,817,1070,1217,688,91,371,362,356,371,392,379,404,413,472,598,629,588,450,238,78,13,1991,540,1
Djibouti,2016,8760,1058,1531,473,406,245,295,735,728,795,848,1096,1264,719,95,370,365,355,373,402,393,420,428,485,611,654,610,470,249,80,15,1937,540,1
Djibouti,2017,8700,1036,1492,456,375,231,291,714,707,791,859,1098,1299,745,102,358,356,346,361,396,395,425,434,490,608,672,627,483,262,86,16,1867,522,1
Djibouti,2018,8819,1013,1447,434,369,226,296,720,711,809,892,1120,1348,776,105,360,360,349,362,402,407,443,449,508,612,698,650,502,274,89,16,1816,522,1
Djibouti,2019,9039,993,1412,419,372,226,304,737,728,838,935,1152,1410,813,112,367,370,359,369,414,424,463,472,532,620,731,679,526,287,95,17,1784,530,1
Djibouti,2020,9614,969,1370,401,345,209,285,691,702,888,1074,1356,1633,935,125,345,346,343,359,428,460,524,550,633,723,860,773,600,335,107,18,1715,494,1
Djibouti,2021,10109,947,1330,383,344,208,295,727,742,949,1170,1466,1749,996,133,363,364,363,379,451,498,571,599,690,776,915,834,642,354,114,19,1674,503,2
Dominica,1950,1125,236,405,169,47,22,22,50,50,43,50,84,194,133,21,25,25,25,25,20,23,22,28,35,49,103,91,86,47,17,4,452,44,0
Dominica,1951,1063,234,382,148,44,21,20,41,48,40,47,78,186,128,21,20,21,25,23,20,20,20,27,34,44,94,92,82,46,16,5,426,41,0
Dominica,1952,1131,272,438,166,51,24,25,46,50,43,52,77,180,129,20,24,22,25,25,22,21,25,27,35,42,84,96,79,50,16,4,489,49,1
Dominica,1953,985,257,379,122,37,19,20,32,39,36,42,70,166,124,19,17,15,19,20,19,17,20,22,32,38,69,97,74,50,16,3,416,39,1
Dominica,1954,937,247,365,118,33,16,15,30,35,33,41,67,155,124,19,15,15,15,20,17,16,20,21,30,37,58,97,72,52,16,3,398,31,1
Dominica,1955,978,281,418,137,35,17,18,28,34,33,41,67,143,122,20,15,13,15,19,18,15,20,21,30,37,51,92,72,50,17,3,453,35,0
Dominica,1956,980,282,433,151,32,17,17,28,31,36,42,68,131,122,20,16,12,14,17,20,16,20,22,30,38,48,83,73,49,17,3,465,34,0
Dominica,1957,899,263,392,129,25,15,15,24,24,30,42,67,119,121,20,14,10,10,14,15,15,20,22,30,37,48,71,73,48,17,3,417,30,0
Dominica,1958,926,274,431,157,27,15,15,24,22,31,42,67,110,119,22,14,10,10,12,15,16,20,22,29,38,49,61,74,45,19,3,458,30,0
Dominica,1959,856,263,397,134,21,10,10,20,20,27,42,67,105,117,23,10,10,10,10,12,15,20,22,30,37,51,54,68,49,20,3,418,20,0
Dominica,1960,838,252,372,120,21,10,10,20,20,27,43,72,109,109,24,10,10,10,10,12,15,20,23,33,39,53,56,59,50,20,4,393,20,0
Dominica,1961,778,212,324,112,20,10,10,19,15,25,45,73,112,103,24,10,9,5,10,10,15,20,25,33,40,54,58,55,48,20,4,344,20,0
Dominica,1962,717,189,281,92,17,10,10,16,12,24,44,71,110,97,23,10,6,5,7,10,14,19,25,31,40,51,59,54,43,20,3,298,20,0
Dominica,1963,830,230,365,135,24,10,10,20,20,26,47,77,116,97,24,10,10,10,10,11,15,21,26,34,43,52,64,55,42,20,4,389,20,0
Dominica,1964,623,137,202,65,15,5,10,11,10,23,42,74,111,92,22,6,5,5,5,10,13,18,24,32,42,49,62,54,38,18,4,217,15,0
Dominica,1965,623,127,185,58,15,6,10,13,11,24,46,77,114,98,21,8,5,5,6,10,14,19,27,34,43,51,63,58,40,17,4,200,16,0
Dominica,1966,686,160,223,63,16,10,10,15,15,25,48,83,116,104,21,10,5,5,10,10,15,20,28,37,46,53,63,63,41,17,4,239,20,0
Dominica,1967,629,120,167,47,14,10,10,14,14,24,47,85,115,108,20,9,5,5,9,10,14,20,27,38,47,54,61,64,44,16,4,181,20,0
Dominica,1968,661,134,184,50,15,10,10,14,14,24,48,88,116,120,20,9,5,5,9,10,14,21,27,39,49,55,61,69,51,16,4,199,20,0
Dominica,1969,710,135,200,65,18,10,10,16,15,25,49,90,120,127,23,10,6,5,10,10,15,22,27,39,51,59,61,69,58,20,3,218,20,0
Dominica,1970,654,106,148,42,14,10,10,15,13,24,50,90,120,129,29,10,5,5,8,10,14,22,28,39,51,60,60,66,63,26,3,162,20,0
Dominica,1971,687,106,150,44,17,10,10,18,15,27,54,97,128,126,30,10,8,5,10,11,16,23,31,41,56,65,63,64,62,27,3,167,20,0
Dominica,1972,588,75,101,26,12,7,10,16,12,23,50,90,121,114,33,10,6,5,7,10,13,21,29,39,51,61,60,60,54,29,4,113,17,0
Dominica,1973,559,72,97,25,10,5,10,13,10,20,45,86,121,106,32,8,5,5,5,9,11,18,27,36,50,61,60,56,50,28,4,107,15,0
Dominica,1974,538,61,82,21,9,5,10,13,10,19,44,86,126,103,29,8,5,5,5,8,11,17,27,36,50,62,64,57,46,25,4,91,15,0
Dominica,1975,526,52,67,15,8,5,10,14,10,21,45,88,125,99,30,9,5,5,5,9,12,17,28,37,51,62,63,57,42,24,6,75,15,0
Dominica,1976,537,44,58,14,8,5,10,16,10,22,47,93,131,102,29,10,6,5,5,9,13,18,29,40,53,64,67,60,42,23,6,66,15,0
Dominica,1977,552,40,52,12,7,6,11,19,11,24,49,97,137,108,28,10,9,5,6,10,14,19,30,42,55,68,69,63,45,22,6,59,17,0
Dominica,1978,507,32,40,8,5,5,9,15,10,21,43,91,128,105,26,10,5,5,5,8,13,17,26,40,51,63,65,60,45,20,6,45,14,1
Dominica,1979,499,25,38,13,11,10,10,15,10,20,41,86,122,107,28,10,5,5,5,8,12,17,24,37,49,60,62,59,48,21,7,49,20,1
Dominica,1980,491,23,28,5,5,5,9,15,10,18,41,87,127,114,30,10,5,5,5,7,11,17,24,38,49,62,65,60,54,24,6,33,14,1
Dominica,1981,466,19,23,4,5,5,7,13,10,15,36,79,123,115,37,8,5,5,5,5,10,15,21,33,46,59,64,58,57,29,8,28,12,1
Dominica,1982,481,17,21,4,5,5,9,15,10,17,39,81,128,113,38,10,5,5,5,7,10,17,22,34,47,61,67,59,54,31,7,26,14,1
Dominica,1983,484,26,30,4,5,5,7,12,10,14,33,76,135,118,41,7,5,5,5,5,9,13,20,30,46,61,74,64,54,33,8,35,12,1
Dominica,1984,544,32,38,6,5,5,8,14,10,16,37,82,154,129,42,9,5,5,5,6,10,15,22,32,50,69,85,73,56,34,8,43,13,1
Dominica,1985,586,36,44,8,5,5,8,16,10,17,40,87,166,145,42,10,6,5,5,7,10,16,24,35,52,72,94,85,60,34,8,49,13,1
Dominica,1986,592,31,37,6,5,5,8,18,10,21,41,90,169,146,43,10,8,5,5,10,11,16,25,36,54,73,96,86,60,34,9,42,13,1
Dominica,1987,616,34,40,6,5,5,8,20,11,21,43,91,172,157,43,10,10,5,6,10,11,17,26,37,54,74,98,94,63,34,9,45,13,1
Dominica,1988,609,26,31,5,5,5,8,20,20,21,43,93,162,164,43,10,10,10,10,10,11,17,26,39,54,70,92,99,65,34,9,36,13,1
Dominica,1989,692,34,40,6,5,5,9,20,20,24,48,100,175,192,50,10,10,10,10,10,14,19,29,42,58,76,99,116,76,39,11,45,14,1
Dominica,1990,697,30,35,5,5,5,8,20,20,26,47,101,171,206,54,10,10,10,10,11,15,19,28,42,59,75,96,121,85,42,12,40,13,1
Dominica,1991,720,30,35,5,5,5,9,22,20,26,46,99,167,219,63,12,10,10,10,11,15,18,28,41,58,75,92,124,95,48,15,40,14,1
Dominica,1992,698,28,32,4,5,5,8,20,20,26,45,97,161,212,64,10,10,10,10,11,15,17,28,40,57,72,89,114,98,49,15,37,13,1
Dominica,1993,673,25,29,4,5,5,7,20,20,25,45,94,161,204,62,10,10,10,10,10,15,19,26,39,55,74,87,106,98,47,15,34,12,1
Dominica,1994,665,26,30,4,5,5,6,20,20,25,44,94,159,199,61,10,10,10,10,10,15,18,26,40,54,74,85,100,99,46,15,35,11,2
Dominica,1995,646,20,24,4,5,5,5,20,20,25,42,92,157,192,61,10,10,10,10,10,15,18,24,38,54,72,85,96,96,46,15,29,10,2
Dominica,1996,653,19,23,4,5,5,6,20,20,28,47,96,159,188,60,10,10,10,10,13,15,20,27,40,56,72,87,96,92,47,13,28,11,2
Dominica,1997,642,18,22,4,4,3,5,18,20,28,45,94,157,183,60,8,10,10,10,13,15,19,26,38,56,71,86,96,87,48,12,26,8,2
Dominica,1998,652,17,21,4,3,3,5,17,22,31,46,96,159,184,61,7,10,10,12,15,16,20,26,39,57,71,88,97,87,49,12,24,8,2
Dominica,1999,699,26,31,5,5,5,5,15,20,30,47,102,173,201,63,5,10,10,10,15,15,20,27,41,61,77,96,105,96,50,13,36,10,2
Dominica,2000,629,20,24,4,3,2,5,10,16,24,40,92,158,192,63,5,5,6,10,10,14,17,23,36,56,71,87,97,95,50,13,27,7,2
Dominica,2001,682,25,29,4,4,2,5,10,18,26,44,96,172,206,67,5,5,8,10,11,15,19,25,36,60,79,93,102,104,52,15,33,7,2
Dominica,2002,657,16,20,4,2,1,5,10,19,30,47,95,167,192,68,5,5,9,10,14,16,20,27,36,59,78,89,95,97,53,15,22,6,2
Dominica,2003,699,20,24,4,4,3,5,10,19,33,49,99,180,198,71,5,5,9,10,15,18,21,28,39,60,84,96,101,97,57,14,28,8,2
Dominica,2004,668,16,20,4,1,1,5,10,17,31,48,92,177,191,72,5,5,7,10,14,17,21,27,36,56,83,94,100,91,58,14,21,6,2
Dominica,2005,677,19,23,4,1,2,5,10,16,30,49,93,184,189,72,5,5,6,10,13,17,22,27,38,55,85,99,100,89,57,15,24,7,2
Dominica,2006,658,15,19,4,0,2,5,10,16,32,50,90,175,180,72,5,5,6,10,14,18,22,28,38,52,80,95,96,84,57,15,19,7,2
Dominica,2007,722,19,23,4,2,2,5,10,16,33,54,97,196,203,78,5,5,6,10,14,19,24,30,41,56,87,109,109,94,61,17,25,7,2
Dominica,2008,679,13,16,3,0,0,5,10,14,31,52,91,180,194,78,5,5,5,9,13,18,24,28,39,52,78,102,104,90,59,19,16,5,2
Dominica,2009,751,20,24,4,1,1,5,10,14,31,56,97,199,220,89,5,5,5,9,13,18,25,31,41,56,85,114,119,101,65,24,25,6,2
Dominica,2010,797,21,25,4,1,1,5,10,14,35,60,104,206,229,98,5,5,5,9,14,21,27,33,44,60,87,119,124,105,68,30,26,6,2
Dominica,2011,893,29,35,6,3,2,6,11,15,38,67,114,225,255,114,6,5,5,10,16,22,30,37,48,66,94,131,138,117,76,38,38,8,3
Dominica,2012,839,26,32,6,2,2,5,10,13,35,65,110,213,242,102,5,5,5,8,14,21,28,37,47,63,89,124,132,110,69,33,34,7,4
Dominica,2013,868,34,42,8,4,3,6,13,15,39,72,118,219,240,88,8,5,5,10,16,23,32,40,51,67,93,126,134,106,62,26,46,9,5
Dominica,2014,851,33,40,7,3,2,5,11,13,35,72,117,213,241,87,6,5,5,8,13,22,31,41,50,67,90,123,134,107,62,25,43,7,5
Dominica,2015,767,32,41,9,5,5,7,20,20,40,76,116,194,196,49,10,10,10,10,15,25,33,43,51,65,85,109,115,81,37,12,46,12,4
Dominica,2016,750,28,33,5,3,2,5,14,17,36,75,117,191,200,54,9,5,7,10,13,23,32,43,52,65,85,106,116,84,42,12,36,7,3
Dominica,2017,805,32,44,12,10,5,9,20,20,41,87,127,193,195,50,10,10,10,10,15,26,38,49,58,69,87,106,114,81,38,12,54,14,3
Dominica,2018,595,11,13,2,0,0,5,10,15,32,72,105,146,153,39,5,5,5,10,11,21,31,41,49,56,67,79,87,66,30,9,13,5,2
Dominica,2019,596,11,13,2,0,0,5,10,16,32,72,109,146,150,35,5,5,6,10,11,21,31,41,52,57,68,78,84,66,28,7,13,5,2
Dominica,2020,588,11,13,2,0,0,5,10,16,30,74,113,146,143,32,5,5,6,10,11,19,31,43,54,59,68,78,80,63,26,6,13,5,2
Dominica,2021,651,11,13,2,0,0,5,10,16,30,80,128,166,160,34,5,5,6,10,11,19,34,46,60,68,77,89,88,72,28,6,13,5,2
Dominican Republic,1950,51380,21244,32142,10898,2341,1026,1214,2396,1930,1844,2035,2547,2518,1210,174,1268,1128,976,954,918,926,973,1062,1216,1331,1359,1159,801,409,140,34,34483,2240,1
Dominican Republic,1951,52480,21852,32945,11093,2385,1019,1231,2429,1947,1865,2074,2609,2584,1220,166,1288,1141,986,961,927,938,990,1084,1243,1366,1395,1189,811,409,136,30,35330,2250,3
Dominican Republic,1952,53067,22214,33312,11098,2407,998,1239,2448,1959,1882,2110,2667,2651,1230,163,1299,1149,991,968,934,948,1006,1104,1269,1398,1430,1221,821,409,134,29,35719,2237,4
Dominican Republic,1953,53633,22569,33679,11110,2443,971,1238,2459,1969,1897,2139,2718,2716,1243,160,1307,1152,996,973,940,957,1019,1120,1292,1426,1465,1251,832,411,131,29,36122,2209,4
Dominican Republic,1954,54155,22875,34015,11140,2467,949,1230,2462,1977,1910,2172,2770,2783,1259,158,1310,1152,1001,976,945,965,1032,1140,1315,1455,1499,1284,846,413,131,27,36482,2179,4
Dominican Republic,1955,54632,23120,34295,11175,2481,936,1220,2467,1981,1924,2203,2825,2852,1280,158,1311,1156,1001,980,950,974,1045,1158,1339,1486,1535,1317,864,416,132,26,36776,2156,3
Dominican Republic,1956,55045,23287,34475,11188,2501,935,1207,2473,1990,1940,2241,2891,2928,1307,155,1312,1161,1006,984,956,984,1061,1180,1369,1522,1574,1354,886,421,131,24,36976,2142,3
Dominican Republic,1957,55372,23370,34540,11170,2524,942,1187,2481,1996,1956,2280,2958,3008,1339,156,1314,1167,1008,988,963,993,1076,1204,1400,1558,1615,1393,911,428,132,24,37064,2129,3
Dominican Republic,1958,55609,23376,34488,11112,2550,958,1169,2487,2006,1974,2320,3028,3089,1375,156,1314,1173,1012,994,970,1004,1092,1228,1432,1596,1657,1432,941,434,132,24,37038,2127,3
Dominican Republic,1959,55753,23313,34331,11018,2577,976,1156,2486,2017,1995,2363,3099,3178,1414,158,1308,1178,1018,999,979,1016,1110,1253,1463,1636,1702,1476,969,445,134,24,36908,2132,3
Dominican Republic,1960,55791,23175,34064,10889,2604,992,1151,2476,2034,2018,2405,3169,3263,1454,162,1297,1179,1025,1009,989,1029,1127,1278,1494,1675,1746,1517,997,457,136,26,36668,2143,3
Dominican Republic,1961,55735,22975,33700,10725,2622,1008,1154,2457,2052,2046,2444,3237,3350,1499,164,1277,1180,1033,1019,1003,1043,1145,1299,1525,1712,1791,1559,1027,472,138,26,36322,2162,3
Dominican Republic,1962,55592,22721,33251,10530,2634,1019,1166,2434,2068,2071,2485,3306,3438,1545,168,1252,1182,1041,1027,1014,1057,1162,1323,1556,1750,1836,1602,1058,487,142,26,35885,2185,3
Dominican Republic,1963,55779,22477,32896,10419,2723,1067,1205,2432,2107,2118,2541,3389,3535,1594,170,1241,1191,1060,1047,1037,1081,1187,1354,1594,1795,1886,1649,1091,503,144,26,35619,2272,3
Dominican Republic,1964,55074,22075,32136,10061,2633,1044,1213,2382,2097,2123,2567,3446,3618,1641,173,1211,1171,1053,1044,1037,1086,1198,1369,1618,1828,1928,1690,1123,518,147,26,34769,2257,3
Dominican Republic,1965,58644,21689,31477,9788,2619,1082,1631,3918,3009,2635,2901,3694,3796,1705,178,2026,1892,1587,1422,1323,1312,1373,1528,1749,1945,2027,1769,1169,536,152,26,34096,2713,3
Dominican Republic,1966,54380,21363,30873,9510,2612,1079,1262,2326,2097,2162,2650,3604,3801,1733,180,1198,1128,1047,1050,1051,1111,1230,1420,1688,1916,2021,1780,1186,547,154,26,33485,2341,3
Dominican Republic,1967,53761,20846,30027,9181,2563,1083,1281,2302,2088,2174,2692,3687,3895,1780,183,1206,1096,1039,1049,1054,1120,1248,1444,1724,1963,2067,1828,1220,560,157,26,32590,2364,3
Dominican Republic,1968,53015,20178,29020,8842,2515,1090,1299,2293,2082,2193,2734,3769,3994,1834,189,1226,1067,1031,1051,1060,1133,1266,1468,1760,2009,2117,1877,1256,578,162,27,31535,2389,3
Dominican Republic,1969,52248,19556,28005,8449,2455,1088,1318,2294,2071,2214,2778,3846,4098,1888,195,1250,1044,1017,1054,1068,1146,1285,1493,1793,2053,2170,1928,1291,597,167,28,30460,2406,3
Dominican Republic,1970,51520,19007,27044,8037,2382,1077,1335,2298,2059,2240,2822,3914,4196,1947,203,1267,1031,1003,1056,1078,1162,1306,1516,1822,2092,2221,1975,1328,619,174,29,29426,2412,3
Dominican Republic,1971,51163,18447,26088,7641,2302,1060,1346,2309,2050,2261,2841,3971,4438,2216,275,1283,1026,988,1062,1090,1171,1315,1526,1840,2131,2317,2121,1483,733,228,47,28390,2406,5
Dominican Republic,1972,51149,17875,25122,7247,2215,1037,1351,2314,2040,2300,2890,4082,4708,2663,415,1287,1027,966,1074,1112,1188,1336,1554,1884,2198,2421,2287,1702,961,340,75,27337,2388,12
Dominican Republic,1973,51101,17322,24194,6872,2128,1013,1352,2328,2021,2336,2936,4194,4962,3066,553,1291,1037,943,1078,1131,1205,1357,1579,1929,2265,2525,2437,1908,1158,450,103,26322,2365,19
Dominican Republic,1974,50890,16664,23184,6520,2043,992,1352,2344,1990,2372,2985,4316,5195,3415,677,1300,1044,918,1072,1147,1225,1378,1607,1979,2337,2624,2571,2094,1321,549,128,25227,2344,24
Dominican Republic,1975,50612,16011,22184,6173,1971,974,1354,2366,1949,2398,3039,4452,5413,3706,778,1315,1051,900,1049,1153,1245,1400,1639,2035,2417,2720,2693,2253,1453,631,147,24155,2328,28
Dominican Republic,1976,50413,15476,21311,5835,1912,958,1358,2384,1905,2421,3101,4603,5623,3952,856,1331,1053,885,1020,1155,1266,1425,1676,2098,2505,2813,2810,2394,1558,694,162,23223,2316,30
Dominican Republic,1977,50262,14971,20498,5527,1860,944,1359,2402,1863,2440,3166,4758,5832,4182,927,1344,1058,880,983,1152,1288,1450,1716,2162,2596,2907,2925,2522,1660,750,177,22358,2303,33
Dominican Republic,1978,50171,14491,19737,5246,1811,925,1354,2414,1836,2466,3236,4905,6047,4405,998,1353,1061,884,952,1153,1313,1479,1757,2220,2685,3003,3044,2641,1764,803,195,21548,2279,36
Dominican Republic,1979,51641,14266,19590,5324,2043,1052,1427,2529,1908,2570,3370,5090,6302,4641,1079,1414,1115,937,971,1193,1377,1545,1825,2299,2791,3126,3176,2763,1878,861,218,21633,2479,39
Dominican Republic,1980,50225,13688,18450,4762,1685,872,1326,2451,1853,2524,3375,5124,6480,4865,1178,1362,1089,919,934,1157,1367,1550,1825,2299,2825,3207,3273,2868,1997,932,246,20135,2198,44
Dominican Republic,1981,49460,13309,17871,4562,1605,836,1304,2481,1903,2557,3436,5118,6487,4688,1135,1366,1115,950,953,1159,1398,1593,1843,2293,2825,3248,3239,2782,1906,896,239,19476,2140,39
Dominican Republic,1982,48712,12967,17330,4363,1511,793,1276,2514,1977,2594,3497,5081,6481,4531,1090,1368,1146,988,989,1163,1431,1641,1856,2278,2803,3275,3206,2701,1830,861,229,18841,2069,34
Dominican Republic,1983,48087,12762,16947,4185,1403,746,1239,2565,2079,2631,3561,5023,6453,4384,1030,1376,1189,1035,1044,1167,1464,1689,1872,2263,2760,3280,3173,2623,1761,818,212,18350,1985,27
Dominican Republic,1984,47352,12489,16516,4027,1279,697,1202,2633,2199,2665,3624,4950,6382,4232,952,1390,1243,1092,1107,1175,1490,1733,1891,2254,2696,3252,3130,2544,1688,766,186,17795,1899,21
Dominican Republic,1985,46467,12127,16009,3882,1144,646,1165,2729,2329,2700,3687,4859,6249,4071,864,1417,1312,1159,1170,1193,1507,1769,1918,2253,2606,3183,3066,2460,1611,706,158,17153,1811,16
Dominican Republic,1986,45586,11813,15529,3716,1004,597,1127,2852,2461,2731,3746,4771,6066,3910,781,1457,1395,1231,1230,1218,1513,1798,1948,2265,2506,3080,2986,2377,1533,648,133,16533,1724,11
Dominican Republic,1987,44786,11525,15073,3548,874,549,1091,2984,2595,2761,3803,4700,5876,3765,707,1499,1485,1306,1289,1251,1510,1823,1980,2287,2413,2971,2905,2304,1461,596,111,15947,1640,8
Dominican Republic,1988,44186,11299,14684,3385,769,509,1062,3108,2726,2795,3855,4666,5708,3654,647,1536,1572,1382,1344,1294,1501,1844,2011,2319,2347,2874,2834,2248,1406,553,94,15453,1571,5
Dominican Republic,1989,43771,11091,14323,3232,690,479,1037,3203,2861,2833,3883,4685,5592,3579,602,1559,1644,1458,1403,1336,1497,1852,2031,2364,2321,2806,2786,2213,1366,522,80,15013,1516,4
Dominican Republic,1990,43415,10762,13856,3094,641,462,1017,3242,2992,2876,3890,4769,5551,3545,569,1555,1687,1526,1466,1371,1505,1851,2039,2416,2353,2782,2769,2203,1342,498,71,14497,1479,3
Dominican Republic,1991,43177,10373,13330,2957,620,455,1002,3228,3113,2929,3881,4922,5591,3553,550,1529,1699,1589,1524,1405,1524,1842,2039,2479,2443,2807,2784,2217,1336,483,67,13950,1457,2
Dominican Republic,1992,43090,9966,12777,2811,614,453,991,3187,3230,2994,3867,5129,5698,3603,541,1494,1693,1646,1584,1437,1557,1829,2038,2551,2578,2867,2831,2254,1349,476,65,13391,1444,2
Dominican Republic,1993,43222,9588,12258,2670,619,455,981,3144,3339,3078,3859,5373,5858,3699,552,1462,1682,1698,1641,1471,1607,1816,2043,2632,2741,2955,2903,2316,1383,484,68,12877,1436,2
Dominican Republic,1994,43524,9193,11716,2523,624,452,971,3132,3451,3186,3870,5631,6060,3844,588,1449,1683,1751,1700,1519,1667,1816,2054,2714,2917,3060,3000,2402,1442,511,77,12340,1423,2
Dominican Republic,1995,44901,8776,11170,2394,625,444,969,3167,3574,3333,3951,5942,6416,4304,970,1461,1706,1807,1767,1589,1744,1852,2099,2822,3120,3229,3187,2627,1677,724,246,11795,1413,35
Dominican Republic,1996,46426,8388,10657,2269,616,432,968,3265,3710,3502,4072,6225,6781,4788,1331,1503,1762,1871,1839,1677,1825,1913,2159,2926,3299,3401,3380,2866,1922,933,398,11273,1400,77
Dominican Republic,1997,47991,7960,10097,2137,593,414,969,3399,3848,3677,4225,6481,7150,5300,1704,1563,1836,1935,1913,1772,1905,2000,2225,3028,3453,3573,3577,3117,2183,1155,549,10690,1383,129
Dominican Republic,1998,49986,7587,9667,2080,630,435,995,3578,4017,3885,4421,6727,7531,5819,2089,1642,1936,2010,2007,1890,1995,2114,2307,3130,3597,3752,3779,3369,2450,1387,702,10297,1430,191
Dominican Republic,1999,51336,7320,9206,1886,535,397,991,3697,4125,4053,4588,6885,7867,6294,2443,1689,2008,2051,2074,1984,2069,2214,2374,3185,3700,3915,3952,3597,2697,1605,838,9741,1388,254
Dominican Republic,2000,52790,7129,8906,1777,496,403,1004,3783,4252,4241,4762,7015,8186,6702,2735,1721,2062,2097,2155,2087,2154,2309,2453,3219,3796,4078,4108,3792,2910,1788,947,9402,1407,307
Dominican Republic,2001,53845,6855,8545,1690,460,419,1021,3800,4364,4413,4926,7104,8473,7026,2947,1722,2078,2129,2235,2180,2233,2392,2534,3223,3881,4232,4241,3949,3077,1925,1022,9005,1440,346
Dominican Republic,2002,54638,6592,8202,1610,425,440,1035,3754,4442,4555,5082,7177,8753,7292,3103,1693,2061,2144,2298,2253,2302,2462,2620,3205,3972,4391,4362,4079,3213,2027,1076,8627,1475,373
Dominican Republic,2003,54421,6322,7843,1521,396,462,1046,3679,4477,4649,5211,7186,8933,7287,2899,1653,2026,2144,2333,2302,2347,2508,2703,3159,4027,4510,4423,4092,3195,1944,955,8239,1508,358
Dominican Republic,2004,55159,6363,8016,1653,430,498,1066,3620,4487,4739,5383,7267,9216,7335,2764,1628,1992,2141,2346,2340,2399,2576,2807,3158,4109,4675,4541,4133,3202,1895,869,8446,1564,338
Dominican Republic,2005,54460,6075,7529,1454,360,457,1023,3447,4332,4684,5469,7297,9449,7400,2698,1548,1899,2062,2270,2296,2388,2607,2862,3157,4140,4799,4650,4174,3226,1879,819,7889,1480,318
Dominican Republic,2006,54611,5931,7355,1424,349,422,987,3314,4151,4630,5593,7434,9811,7560,2701,1493,1821,1976,2175,2245,2385,2658,2935,3228,4206,4978,4833,4268,3292,1902,799,7704,1409,302
Dominican Republic,2007,55179,5915,7342,1427,372,398,958,3205,3960,4576,5728,7611,10226,7769,2749,1457,1748,1888,2072,2189,2387,2717,3011,3347,4264,5173,5053,4392,3377,1949,800,7714,1356,289
Dominican Republic,2008,55629,5988,7364,1376,343,348,920,3090,3752,4490,5836,7778,10616,7998,2813,1419,1671,1788,1964,2115,2375,2766,3070,3489,4289,5340,5276,4532,3466,2006,807,7707,1268,279
Dominican Republic,2009,56354,6091,7469,1378,340,321,904,3029,3599,4443,5972,7948,10940,8235,2884,1412,1617,1714,1885,2058,2385,2826,3146,3639,4309,5450,5490,4685,3550,2063,821,7809,1225,269
Dominican Republic,2010,56997,6133,7522,1389,332,304,906,3004,3501,4441,6127,8067,11127,8456,2944,1427,1577,1666,1835,2027,2414,2891,3236,3756,4311,5473,5654,4836,3620,2112,832,7854,1210,261
Dominican Republic,2011,57930,6153,7601,1448,344,317,946,3064,3506,4531,6331,8176,11206,8666,2992,1486,1578,1665,1841,2044,2487,2982,3349,3856,4320,5423,5783,4984,3682,2148,844,7945,1263,255
Dominican Republic,2012,58287,6116,7541,1425,310,302,958,3073,3465,4588,6482,8239,11165,8873,3039,1520,1553,1639,1826,2049,2539,3044,3438,3908,4331,5294,5871,5129,3744,2181,858,7851,1260,250
Dominican Republic,2013,59034,6103,7529,1426,292,295,972,3120,3467,4698,6670,8375,11128,9138,3105,1567,1553,1633,1834,2088,2610,3125,3545,3968,4407,5174,5954,5301,3837,2224,881,7821,1267,250
Dominican Republic,2014,60004,6091,7515,1424,268,278,962,3155,3455,4809,6872,8614,11136,9477,3203,1600,1555,1617,1838,2135,2674,3215,3657,4068,4546,5111,6025,5501,3976,2290,913,7783,1240,256
Dominican Republic,2015,61310,6084,7507,1423,246,250,919,3164,3414,4916,7093,9003,11271,9919,3343,1604,1560,1581,1833,2183,2733,3311,3782,4239,4764,5161,6110,5744,4175,2384,959,7753,1169,267
Dominican Republic,2016,62878,6060,7485,1425,222,211,851,3140,3345,4985,7336,9528,11521,10452,3522,1580,1560,1533,1812,2217,2768,3417,3919,4467,5061,5320,6201,6025,4427,2507,1015,7707,1062,282
Dominican Republic,2017,64319,6034,7447,1413,198,174,788,3085,3283,4990,7566,10055,11766,10970,3701,1535,1550,1500,1783,2220,2770,3504,4062,4702,5353,5537,6229,6285,4685,2632,1069,7645,962,299
Dominican Republic,2018,65334,5995,7393,1398,185,152,764,3023,3291,4918,7765,10444,11911,11333,3843,1482,1541,1519,1772,2179,2739,3552,4213,4900,5544,5752,6159,6442,4891,2734,1109,7578,916,313
Dominican Republic,2019,65436,5865,7244,1379,186,156,800,2970,3418,4743,7909,10563,11821,11385,3914,1437,1533,1626,1792,2084,2659,3541,4368,5002,5561,5849,5972,6403,4982,2787,1127,7430,956,322
Dominican Republic,2020,71096,5677,7014,1337,101,169,669,2682,3253,5139,8802,12195,13441,12814,4451,1246,1436,1443,1810,2169,2970,3846,4956,5812,6383,6767,6674,7136,5678,3182,1269,7115,838,364
Dominican Republic,2021,74290,5511,6798,1287,102,196,712,2970,3477,5556,9183,12920,13993,13240,4754,1376,1594,1661,1816,2444,3112,3922,5261,6179,6741,7127,6866,7251,5989,3404,1350,6900,908,389
East Timor,1950,14863,5399,8226,2827,573,367,390,934,877,812,716,982,762,217,1,481,453,462,415,397,415,394,322,502,480,442,320,163,54,1,0,8799,757,0
East Timor,1951,14317,4949,7656,2707,581,373,398,938,885,810,731,955,760,218,4,480,458,463,422,396,414,409,322,474,481,439,321,163,55,4,0,8237,771,0
East Timor,1952,14124,4967,7451,2484,589,377,409,938,895,803,760,924,753,221,7,474,464,462,433,396,407,423,337,435,489,432,321,165,56,7,0,8040,786,0
East Timor,1953,14064,4996,7371,2375,592,379,424,942,902,794,793,886,749,220,8,470,472,458,444,399,395,435,358,392,494,427,322,166,54,8,0,7963,803,0
East Timor,1954,14043,5019,7333,2314,593,381,438,943,910,792,822,851,749,222,10,467,476,457,453,405,387,442,380,363,488,426,323,167,55,10,0,7926,819,0
East Timor,1955,14053,5045,7342,2297,577,385,447,946,914,794,842,821,746,225,11,470,476,456,458,412,382,445,397,349,472,425,321,169,56,11,0,7919,832,0
East Timor,1956,14095,5076,7393,2317,545,390,455,954,920,799,855,797,747,228,11,479,475,460,460,419,380,441,414,351,446,427,320,171,57,11,0,7938,845,0
East Timor,1957,14168,5116,7455,2339,523,397,460,965,925,811,864,776,752,229,11,494,471,466,459,430,381,435,429,365,411,435,317,172,57,11,0,7978,857,0
East Timor,1958,14256,5158,7522,2364,508,400,463,979,931,828,865,762,755,230,12,513,466,475,456,442,386,422,443,392,370,441,314,173,57,11,1,8030,863,0
East Timor,1959,14342,5199,7587,2388,494,403,466,995,933,842,864,761,753,233,12,530,465,479,454,451,391,414,450,416,345,438,315,174,59,11,1,8081,869,0
East Timor,1960,14327,5200,7590,2390,487,393,469,1002,929,846,857,769,739,233,12,538,464,478,451,453,393,406,451,435,334,423,316,174,59,11,1,8077,862,0
East Timor,1961,14383,5224,7632,2408,492,377,472,1017,929,855,853,788,719,235,13,544,473,475,454,454,401,405,448,452,336,400,319,174,61,12,1,8124,849,0
East Timor,1962,14430,5238,7663,2425,496,361,478,1035,928,865,842,821,693,235,13,549,486,469,459,453,412,404,438,470,351,367,326,173,62,12,1,8159,839,0
East Timor,1963,14510,5258,7705,2447,502,346,483,1056,931,872,839,859,669,238,14,552,504,464,467,449,423,410,429,483,376,335,334,174,64,13,1,8207,829,0
East Timor,1964,14559,5261,7723,2462,508,332,485,1072,933,878,834,891,643,239,14,554,518,462,471,447,431,415,419,492,399,312,331,175,64,13,1,8231,817,0
East Timor,1965,14381,5175,7602,2427,506,320,470,1074,923,871,827,909,621,240,14,553,521,458,465,441,430,418,409,491,418,302,319,176,64,13,1,8108,790,0
East Timor,1966,14269,5109,7515,2406,506,320,448,1077,921,871,827,918,607,245,15,553,524,461,460,441,430,423,404,484,434,306,301,180,65,14,1,8021,768,0
East Timor,1967,14108,5019,7393,2374,504,319,422,1074,917,864,834,921,595,250,16,553,521,468,449,440,424,431,403,472,449,319,276,184,66,15,1,7897,741,0
East Timor,1968,14071,4974,7339,2365,506,320,403,1074,925,867,848,921,594,257,16,554,520,484,441,447,420,441,407,459,462,341,253,191,66,15,1,7845,723,0
East Timor,1969,14029,4923,7276,2353,508,323,384,1077,934,866,861,920,604,257,16,554,523,496,438,448,418,448,413,448,472,366,238,190,67,15,1,7784,707,0
East Timor,1970,13996,4870,7212,2342,511,325,376,1070,944,869,876,919,622,256,17,544,526,504,440,450,419,454,422,443,476,387,235,186,70,16,1,7723,701,0
East Timor,1971,13894,4785,7098,2313,511,326,376,1047,953,865,886,915,649,250,18,518,529,508,445,445,420,456,430,441,474,407,242,177,73,16,2,7609,702,0
East Timor,1972,13756,4678,6956,2278,509,327,377,1021,961,861,896,906,681,241,18,490,531,507,454,438,423,454,442,442,464,424,257,165,76,16,2,7465,704,0
East Timor,1973,13564,4539,6767,2228,505,326,377,994,972,857,902,899,715,229,18,466,528,505,467,430,427,449,453,447,452,438,277,151,78,16,2,7272,703,0
East Timor,1974,14806,4770,7353,2583,636,395,412,1035,1047,923,984,971,800,234,18,473,562,537,510,456,467,483,501,493,478,482,318,152,82,16,2,7989,807,0
East Timor,1975,23675,5708,9371,3663,1017,628,923,3084,2550,1799,1603,1374,1049,263,21,1451,1633,1388,1162,925,874,802,801,722,652,632,417,176,87,19,2,10388,1551,0
East Timor,1976,22884,5487,8867,3380,955,595,940,3036,2525,1789,1575,1321,1000,253,21,1500,1536,1368,1157,936,853,791,784,710,611,588,412,174,79,19,2,9822,1535,0
East Timor,1977,24466,5823,9593,3770,1126,690,1017,3133,2606,1905,1679,1405,1025,265,22,1609,1524,1405,1201,1013,892,846,833,771,634,585,440,191,74,20,2,10719,1707,0
East Timor,1978,27224,6486,10887,4401,1425,859,1122,3321,2721,2091,1851,1569,1069,285,24,1744,1577,1452,1269,1120,971,934,917,874,695,594,475,212,73,22,2,12312,1981,0
East Timor,1979,26629,6359,10418,4059,1375,853,1136,3388,2665,2105,1828,1570,983,284,24,1797,1591,1415,1250,1130,975,923,905,882,688,536,447,214,70,22,2,11793,1989,0
East Timor,1980,21467,5038,7636,2598,835,581,1020,3248,2377,1865,1544,1329,758,254,22,1720,1528,1268,1109,1003,862,785,759,747,582,414,344,188,66,20,2,8471,1601,0
East Timor,1981,21101,5100,7577,2477,750,569,1022,3249,2289,1830,1508,1333,699,253,21,1709,1540,1229,1060,974,856,768,740,739,594,392,307,183,70,19,2,8327,1591,0
East Timor,1982,20538,5011,7500,2489,638,535,1023,3189,2209,1751,1437,1299,686,247,19,1689,1500,1197,1012,928,823,735,702,703,596,400,286,180,67,17,2,8138,1558,0
East Timor,1983,20282,4942,7523,2581,589,516,1029,3156,2152,1692,1392,1277,694,245,19,1683,1473,1176,976,894,798,714,678,675,602,417,277,177,68,17,2,8112,1545,0
East Timor,1984,19070,4603,6953,2350,492,439,997,3096,2065,1589,1303,1197,683,240,18,1663,1433,1137,928,839,750,671,632,621,576,419,264,171,69,16,2,7445,1436,0
East Timor,1985,19435,4728,7265,2537,534,437,998,3113,2052,1567,1293,1191,719,242,18,1680,1433,1136,916,824,743,666,627,612,579,444,275,171,71,16,2,7799,1435,0
East Timor,1986,19442,4728,7320,2592,560,410,980,3139,2045,1535,1272,1165,747,246,18,1696,1443,1136,909,805,730,655,617,596,569,459,288,171,75,16,2,7880,1390,0
East Timor,1987,18867,4566,7029,2463,546,364,938,3124,2025,1485,1225,1109,758,247,21,1684,1440,1130,895,780,705,633,592,568,541,458,300,169,78,19,2,7575,1302,0
East Timor,1988,19183,4675,7284,2609,602,363,907,3128,2045,1476,1220,1094,780,256,25,1670,1458,1145,900,774,702,633,587,564,530,461,319,174,82,23,2,7886,1270,0
East Timor,1989,14091,4657,7293,2636,635,336,399,1000,871,816,857,899,709,254,26,509,491,454,417,405,411,429,428,454,445,407,302,171,83,24,2,7928,735,0
East Timor,1990,14160,4670,7358,2688,674,345,375,968,874,814,854,886,703,271,32,485,483,456,418,403,411,429,425,449,437,394,309,183,88,29,3,8032,720,0
East Timor,1991,14307,4612,7316,2704,718,365,371,985,916,837,877,895,704,291,39,486,499,478,438,415,422,442,435,454,441,391,313,197,94,33,6,8034,736,0
East Timor,1992,13759,4433,6912,2479,685,354,348,926,888,813,876,910,716,290,36,455,471,460,428,405,408,441,435,459,451,400,316,197,93,31,5,7597,702,0
East Timor,1993,13402,4266,6598,2332,663,347,334,890,872,805,884,935,742,295,35,438,452,450,422,405,400,445,439,469,466,418,324,202,93,29,6,7261,681,0
East Timor,1994,13075,4132,6356,2224,640,344,317,834,844,789,889,956,770,302,34,411,423,433,411,401,388,446,443,476,480,435,335,208,94,28,6,6996,661,0
East Timor,1995,13436,4160,6470,2310,675,370,322,827,849,810,925,1010,828,317,33,407,420,432,417,414,396,459,466,496,514,468,360,220,97,28,5,7145,692,0
East Timor,1996,13208,4011,6230,2219,654,368,320,798,829,808,929,1029,874,331,33,390,408,417,412,410,398,448,481,497,532,494,380,230,101,28,5,6884,688,1
East Timor,1997,13029,3874,6006,2132,636,366,322,784,815,812,932,1047,928,353,34,379,405,403,412,405,407,432,500,497,550,521,407,245,108,29,5,6642,688,1
East Timor,1998,13499,3931,6177,2246,685,393,338,777,815,839,961,1093,1007,381,36,372,405,396,419,407,432,430,531,514,579,562,445,266,115,31,5,6862,731,1
East Timor,1999,15658,4059,6568,2509,806,455,472,1186,1109,1060,1121,1243,1163,432,39,569,617,551,558,515,545,497,624,590,653,648,515,303,129,34,5,7374,927,1
East Timor,2000,9015,2645,3614,969,284,188,229,499,547,610,728,906,957,415,40,238,261,261,286,284,326,318,410,432,474,519,438,285,130,36,4,3898,417,0
East Timor,2001,8878,2552,3458,906,270,180,223,473,520,596,716,919,1014,461,46,232,241,252,268,281,315,326,390,456,463,543,471,315,146,42,4,3728,403,0
East Timor,2002,8786,2465,3320,855,255,174,218,448,495,575,703,934,1078,522,56,228,220,245,250,275,300,340,363,482,452,569,509,353,169,50,6,3575,392,0
East Timor,2003,8705,2362,3173,811,244,168,213,432,475,556,694,950,1133,595,69,229,203,240,235,271,285,356,338,503,447,584,549,396,199,60,9,3417,381,0
East Timor,2004,8603,2246,3005,759,230,162,205,415,451,535,689,965,1177,673,92,227,188,229,222,264,271,365,324,509,456,585,592,441,232,78,14,3235,367,0
East Timor,2005,8532,2122,2833,711,222,154,200,406,433,518,707,1000,1195,751,109,223,183,215,218,251,267,360,347,505,495,568,627,483,268,91,18,3055,354,0
East Timor,2006,8462,2006,2665,659,211,144,197,400,410,501,735,1067,1190,819,118,220,180,195,215,238,263,341,394,511,556,551,639,515,304,100,18,2876,341,1
East Timor,2007,8441,1889,2498,609,204,139,193,396,392,490,747,1147,1198,895,139,216,180,180,212,227,263,318,429,531,616,555,643,545,350,118,21,2702,332,1
East Timor,2008,8457,1782,2337,555,197,132,187,392,374,479,743,1242,1222,969,177,213,179,168,206,220,259,301,442,569,673,586,636,573,396,152,25,2534,319,2
East Timor,2009,8530,1685,2187,502,191,128,184,389,360,472,724,1350,1273,1031,236,211,178,163,197,217,255,290,434,616,734,643,630,592,439,202,34,2378,312,2
East Timor,2010,8665,1604,2057,453,184,125,179,389,347,469,698,1462,1354,1078,318,210,179,161,186,218,251,288,410,656,806,716,638,601,477,270,48,2241,304,4
East Timor,2011,8789,1558,1977,419,179,124,177,390,338,468,683,1530,1454,1098,369,211,179,160,178,217,251,292,391,661,869,782,672,608,490,306,63,2156,301,6
East Timor,2012,8816,1499,1894,395,170,124,174,390,331,472,684,1532,1557,1129,354,209,181,158,173,217,255,299,385,642,890,840,717,631,498,287,67,2064,298,6
East Timor,2013,8885,1443,1815,372,163,122,173,388,325,475,691,1525,1671,1185,349,206,182,158,167,216,259,304,387,625,900,902,769,661,524,279,70,1978,295,6
East Timor,2014,8988,1383,1730,347,155,121,172,385,321,474,698,1512,1784,1261,365,203,182,158,163,212,262,308,390,611,901,960,824,698,563,293,72,1885,293,6
East Timor,2015,9125,1328,1652,324,147,117,172,383,322,471,707,1497,1889,1348,411,202,181,161,161,206,265,313,394,599,898,1010,879,737,611,336,75,1799,289,8
East Timor,2016,9012,1278,1586,308,140,114,173,381,321,470,714,1462,1970,1290,384,201,180,163,158,201,269,320,394,574,888,1057,913,724,566,313,71,1726,287,7
East Timor,2017,8924,1231,1526,295,132,110,171,376,324,467,726,1426,2048,1255,356,199,177,166,158,195,272,329,397,553,873,1092,956,727,528,289,67,1658,281,6
East Timor,2018,8867,1187,1468,281,126,107,170,375,329,463,739,1388,2128,1241,327,199,176,168,161,190,273,336,403,539,849,1118,1010,744,497,263,64,1594,277,5
East Timor,2019,8839,1152,1420,268,122,102,168,375,332,457,756,1354,2203,1243,302,199,176,169,163,187,270,345,411,531,823,1133,1070,769,474,241,61,1542,270,4
East Timor,2020,8893,1124,1379,255,119,96,146,333,308,438,792,1394,2322,1279,282,177,156,153,155,177,261,356,436,556,838,1181,1141,811,468,225,57,1498,242,3
East Timor,2021,9562,1102,1354,252,122,97,158,362,342,478,888,1498,2576,1410,277,191,171,167,175,195,283,398,490,611,887,1278,1298,909,501,220,57,1476,255,4
Ecuador,1950,68227,23305,33890,10585,1559,861,1198,2643,2662,2983,4173,6361,6914,2497,2441,1332,1311,1258,1404,1408,1575,1860,2313,2907,3454,3673,3241,1085,1412,1357,1084,35449,2059,44
Ecuador,1951,69002,23721,34706,10985,1609,884,1226,2702,2686,3030,4206,6427,7157,2431,1818,1363,1339,1271,1415,1434,1596,1877,2329,2932,3495,3738,3419,1338,1093,1065,753,36315,2110,110
Ecuador,1952,69551,24029,35214,11185,1653,903,1246,2750,2699,3069,4216,6449,7329,2500,1388,1385,1365,1286,1413,1467,1602,1892,2324,2936,3513,3803,3526,1703,797,864,524,36867,2149,133
Ecuador,1953,70167,24351,35677,11326,1717,921,1259,2788,2702,3104,4213,6446,7457,2674,1082,1402,1386,1299,1403,1498,1606,1900,2313,2928,3518,3864,3593,2080,594,709,373,37394,2180,126
Ecuador,1954,70615,24592,35960,11368,1780,931,1267,2808,2696,3123,4200,6423,7559,2920,845,1410,1398,1307,1389,1515,1608,1903,2297,2911,3512,3909,3650,2374,546,571,274,37740,2198,103
Ecuador,1955,71138,24814,36214,11400,1842,941,1278,2825,2693,3141,4201,6416,7652,3196,660,1417,1408,1315,1378,1522,1619,1909,2292,2903,3513,3942,3710,2572,624,450,210,38056,2219,76
Ecuador,1956,71065,24678,35856,11178,1865,950,1290,2836,2692,3152,4219,6419,7736,3485,506,1422,1414,1322,1370,1515,1637,1918,2301,2900,3519,3967,3769,2704,781,342,164,37721,2240,56
Ecuador,1957,71049,24561,35533,10972,1878,957,1306,2843,2694,3161,4240,6429,7810,3772,384,1425,1418,1328,1366,1497,1664,1922,2318,2901,3528,3982,3828,2785,987,247,137,37411,2263,41
Ecuador,1958,71018,24416,35190,10774,1888,968,1321,2845,2698,3166,4263,6435,7877,4032,302,1426,1419,1334,1364,1472,1694,1926,2337,2900,3535,3991,3886,2840,1192,189,113,37078,2289,31
Ecuador,1959,70977,24285,34852,10567,1890,984,1334,2845,2706,3166,4287,6430,7939,4245,276,1429,1416,1338,1368,1451,1715,1934,2353,2896,3534,4001,3938,2894,1351,185,91,36742,2318,23
Ecuador,1960,71016,24236,34622,10386,1898,1000,1345,2850,2711,3157,4300,6411,8000,4414,297,1435,1415,1339,1372,1438,1719,1944,2356,2887,3524,4015,3985,2955,1459,226,71,36520,2345,17
Ecuador,1961,71196,24307,34544,10237,1911,1019,1352,2853,2717,3142,4309,6383,8057,4554,341,1441,1412,1339,1378,1432,1710,1959,2350,2875,3508,4029,4028,3019,1535,288,53,36455,2371,14
Ecuador,1962,71411,24363,34489,10126,1928,1037,1359,2863,2728,3125,4324,6361,8111,4672,402,1452,1411,1339,1389,1434,1691,1985,2339,2872,3489,4046,4065,3086,1586,364,38,36417,2396,11
Ecuador,1963,71600,24339,34365,10026,1947,1051,1378,2884,2742,3115,4357,6363,8158,4774,463,1469,1415,1343,1399,1445,1670,2019,2338,2882,3481,4060,4098,3149,1625,434,29,36312,2429,9
Ecuador,1964,71914,24357,34290,9933,1965,1060,1413,2915,2762,3118,4409,6391,8200,4864,516,1492,1423,1349,1413,1460,1658,2052,2357,2905,3486,4076,4124,3202,1662,485,31,36255,2473,7
Ecuador,1965,72361,24387,34240,9853,1985,1074,1460,2965,2792,3143,4492,6469,8229,4948,561,1522,1443,1363,1429,1478,1665,2088,2404,2952,3517,4086,4143,3247,1701,521,40,36225,2534,6
Ecuador,1966,72933,24373,34182,9809,2017,1097,1522,3030,2831,3190,4600,6586,8259,5022,595,1559,1471,1385,1446,1502,1688,2121,2479,3016,3570,4098,4161,3283,1739,542,53,36199,2619,4
Ecuador,1967,73547,24428,34183,9755,2042,1112,1577,3100,2866,3248,4710,6711,8280,5090,624,1597,1503,1404,1462,1528,1720,2138,2572,3077,3634,4104,4176,3313,1777,560,64,36225,2689,3
Ecuador,1968,74158,24513,34216,9703,2068,1125,1621,3176,2898,3304,4807,6823,8308,5157,649,1641,1535,1422,1476,1551,1753,2144,2663,3128,3695,4113,4195,3343,1814,573,76,36284,2746,2
Ecuador,1969,75113,24638,34390,9752,2139,1160,1667,3300,2965,3389,4894,6938,8369,5229,672,1714,1586,1456,1509,1591,1798,2155,2739,3184,3754,4142,4227,3378,1851,588,84,36529,2827,3
Ecuador,1970,74935,24531,34133,9602,2127,1140,1648,3323,2956,3394,4866,6946,8412,5288,694,1736,1587,1448,1508,1597,1797,2131,2735,3187,3759,4161,4251,3407,1881,605,89,36260,2788,3
Ecuador,1971,74736,24335,33798,9463,2143,1131,1633,3368,2971,3408,4799,6919,8487,5357,716,1768,1600,1451,1520,1612,1796,2107,2692,3176,3743,4199,4288,3442,1915,622,94,35941,2764,4
Ecuador,1972,74224,24051,33285,9234,2155,1119,1614,3398,2984,3412,4680,6848,8571,5417,736,1791,1607,1452,1532,1624,1788,2078,2602,3151,3697,4250,4321,3476,1941,638,98,35440,2733,5
Ecuador,1973,73445,23614,32550,8936,2180,1115,1595,3425,3002,3415,4534,6744,8658,5471,753,1801,1624,1456,1546,1635,1780,2047,2487,3108,3636,4305,4353,3505,1966,653,100,34730,2710,6
Ecuador,1974,72405,23047,31626,8579,2210,1112,1583,3442,3022,3414,4375,6609,8730,5509,767,1796,1646,1462,1560,1643,1771,2012,2363,3034,3575,4352,4378,3522,1987,665,102,33836,2695,7
Ecuador,1975,71273,22401,30574,8173,2263,1124,1585,3470,3053,3424,4223,6456,8785,5534,775,1796,1674,1476,1577,1653,1771,1974,2249,2936,3520,4390,4395,3531,2003,670,105,32837,2709,7
Ecuador,1976,70289,21748,29532,7784,2342,1155,1609,3514,3099,3445,4097,6310,8842,5549,786,1807,1707,1501,1598,1665,1780,1944,2153,2825,3485,4424,4418,3531,2018,678,108,31874,2764,8
Ecuador,1977,69296,21108,28501,7393,2405,1170,1630,3546,3138,3459,3991,6178,8904,5571,798,1814,1732,1523,1615,1668,1791,1917,2074,2705,3473,4453,4451,3534,2037,686,112,30906,2800,8
Ecuador,1978,68595,20513,27552,7039,2459,1189,1657,3583,3198,3476,3926,6096,9013,5620,815,1831,1752,1560,1638,1672,1804,1904,2022,2602,3494,4504,4509,3554,2066,698,117,30011,2846,8
Ecuador,1979,68105,19955,26654,6699,2471,1196,1679,3612,3267,3492,3906,6073,9192,5709,840,1850,1762,1606,1661,1674,1818,1907,1999,2536,3537,4596,4596,3602,2107,716,124,29125,2875,9
Ecuador,1980,67769,19368,25727,6359,2423,1184,1688,3642,3331,3498,3942,6125,9471,5855,874,1869,1773,1648,1683,1672,1826,1931,2011,2521,3604,4745,4726,3692,2163,744,130,28150,2872,10
Ecuador,1981,67491,18745,24759,6014,2313,1149,1678,3666,3385,3494,4029,6241,9818,6034,910,1887,1779,1683,1702,1665,1829,1971,2058,2553,3688,4940,4878,3805,2229,772,138,27072,2827,11
Ecuador,1982,67220,18096,23783,5687,2177,1112,1660,3700,3432,3498,4158,6386,10166,6193,943,1907,1793,1711,1721,1666,1832,2027,2131,2624,3762,5155,5011,3912,2281,798,145,25960,2772,12
Ecuador,1983,66991,17477,22883,5406,2054,1090,1649,3745,3489,3525,4325,6542,10429,6288,958,1931,1814,1732,1757,1682,1843,2095,2230,2726,3816,5333,5096,3982,2306,809,149,24937,2739,12
Ecuador,1984,65805,16719,21707,4988,1883,1034,1611,3734,3501,3537,4462,6638,10466,6260,959,1923,1811,1716,1785,1693,1844,2141,2321,2816,3822,5377,5089,3966,2294,809,150,23590,2645,13
Ecuador,1985,64605,16059,20734,4675,1774,1012,1593,3743,3531,3599,4605,6704,10247,6100,941,1922,1821,1708,1823,1733,1866,2187,2418,2905,3799,5265,4982,3860,2240,794,147,22508,2605,13
Ecuador,1986,63177,15457,19850,4393,1697,1005,1584,3746,3567,3690,4726,6725,9806,5848,916,1913,1833,1706,1861,1791,1899,2220,2506,2984,3741,5011,4795,3687,2161,773,143,21547,2589,13
Ecuador,1987,61755,14876,19022,4146,1642,1007,1580,3750,3607,3803,4826,6723,9295,5591,898,1900,1850,1709,1898,1860,1943,2241,2585,3052,3671,4691,4604,3504,2087,759,139,20664,2587,12
Ecuador,1988,60574,14344,18268,3924,1596,1011,1583,3760,3647,3941,4912,6728,8825,5399,895,1890,1870,1722,1925,1944,1997,2260,2652,3115,3613,4383,4442,3360,2039,756,139,19864,2594,11
Ecuador,1989,59778,13843,17566,3723,1552,1013,1588,3784,3690,4090,4989,6755,8499,5326,915,1888,1896,1750,1940,2031,2059,2282,2707,3174,3581,4160,4339,3300,2026,773,142,19118,2601,11
Ecuador,1990,59381,13327,16839,3512,1492,1005,1596,3824,3739,4223,5060,6823,8389,5418,962,1896,1928,1789,1950,2100,2123,2310,2750,3233,3590,4064,4325,3350,2068,813,149,18331,2601,12
Ecuador,1991,60197,12876,16312,3436,1491,1031,1648,3970,3901,4401,5178,6991,8532,5691,1039,1962,2008,1890,2011,2183,2218,2374,2804,3319,3672,4108,4424,3521,2170,878,161,17803,2679,12
Ecuador,1992,60110,12292,15441,3149,1372,979,1631,3975,3933,4449,5210,7118,8762,6085,1141,1963,2012,1926,2007,2188,2261,2404,2806,3366,3752,4209,4553,3775,2310,963,178,16813,2610,13
Ecuador,1993,60990,11734,14700,2966,1338,991,1675,4084,4057,4547,5302,7316,9121,6589,1259,2020,2064,2009,2048,2206,2341,2472,2830,3434,3882,4391,4730,4099,2490,1061,198,16038,2666,14
Ecuador,1994,61123,11133,13823,2690,1220,921,1656,4082,4086,4565,5339,7455,9452,7115,1388,2022,2060,2037,2049,2172,2393,2513,2826,3467,3988,4554,4898,4415,2700,1165,223,15043,2577,15
Ecuador,1995,61751,10533,13021,2488,1176,903,1687,4157,4165,4632,5431,7613,9781,7644,1528,2070,2087,2082,2083,2172,2460,2583,2848,3508,4105,4710,5071,4706,2938,1273,255,14197,2590,17
Ecuador,1996,62237,9930,12219,2289,1142,891,1721,4220,4219,4693,5532,7742,10035,8128,1673,2115,2105,2102,2117,2184,2509,2653,2879,3540,4202,4824,5211,4936,3192,1383,290,13361,2612,20
Ecuador,1997,62723,9372,11508,2136,1125,884,1758,4282,4259,4760,5647,7847,10242,8563,1822,2162,2120,2106,2153,2210,2550,2724,2923,3563,4284,4912,5330,5103,3460,1493,329,12633,2642,23
Ecuador,1998,63041,8833,10801,1968,1101,878,1784,4329,4271,4807,5779,7919,10409,8953,1980,2202,2127,2092,2179,2240,2567,2803,2976,3579,4340,4976,5433,5226,3727,1607,373,11902,2662,28
Ecuador,1999,63099,8290,10077,1787,1065,862,1787,4342,4246,4820,5919,7953,10532,9300,2159,2225,2117,2062,2184,2262,2558,2882,3037,3587,4366,5021,5511,5335,3965,1739,420,11142,2649,35
Ecuador,2000,63332,7826,9498,1672,1039,860,1779,4354,4214,4838,6074,7981,10660,9631,2362,2242,2112,2032,2182,2285,2553,2955,3119,3601,4380,5072,5588,5459,4172,1890,472,10537,2639,43
Ecuador,2001,63484,7422,8987,1565,999,846,1740,4333,4152,4848,6210,7990,10792,9941,2595,2235,2098,1995,2157,2295,2553,3005,3205,3617,4373,5128,5664,5596,4345,2062,533,9986,2586,54
Ecuador,2002,63789,7068,8536,1468,964,839,1698,4325,4096,4872,6349,8005,10941,10236,2857,2231,2094,1971,2125,2307,2565,3046,3303,3647,4358,5187,5754,5752,4484,2256,601,9500,2537,68
Ecuador,2003,64179,6755,8130,1375,922,820,1649,4328,4049,4897,6479,8040,11113,10533,3131,2225,2103,1956,2093,2313,2584,3064,3415,3692,4348,5251,5862,5927,4606,2457,674,9052,2469,85
Ecuador,2004,64855,6486,7788,1302,892,805,1617,4373,4038,4937,6611,8126,11310,10851,3404,2235,2138,1966,2072,2325,2612,3069,3542,3764,4362,5319,5991,6110,4741,2646,758,8680,2422,102
Ecuador,2005,65859,6247,7486,1239,871,790,1607,4476,4082,4994,6745,8279,11546,11200,3663,2270,2206,2010,2072,2343,2651,3089,3656,3870,4409,5393,6153,6301,4899,2816,847,8357,2397,121
Ecuador,2006,67199,6042,7227,1185,861,776,1620,4638,4177,5059,6885,8498,11817,11590,3908,2329,2309,2086,2091,2360,2699,3132,3753,4006,4492,5471,6346,6504,5086,2966,942,8088,2396,141
Ecuador,2007,68682,5843,6969,1126,847,759,1644,4817,4300,5120,7015,8764,12100,12029,4151,2394,2423,2179,2121,2373,2747,3187,3828,4160,4604,5550,6550,6724,5305,3104,1047,7816,2403,164
Ecuador,2008,70285,5655,6739,1084,837,747,1674,4977,4423,5174,7115,9092,12395,12524,4397,2450,2527,2270,2153,2383,2791,3244,3871,4345,4747,5640,6755,6967,5557,3242,1155,7576,2421,189
Ecuador,2009,71621,5444,6466,1022,811,727,1683,5048,4495,5185,7156,9438,12671,13059,4662,2465,2583,2328,2167,2375,2810,3282,3874,4537,4901,5739,6932,7224,5835,3401,1261,7277,2410,219
Ecuador,2010,72749,5243,6218,975,780,712,1666,4997,4498,5153,7171,9766,12929,13648,4958,2428,2569,2337,2161,2349,2804,3294,3877,4702,5064,5855,7074,7506,6142,3593,1365,6998,2378,252
Ecuador,2011,73561,5048,5975,927,741,692,1617,4818,4420,5068,7173,10051,13154,14291,5279,2341,2477,2288,2132,2307,2761,3282,3891,4821,5230,5980,7174,7814,6477,3813,1466,6716,2309,288
Ecuador,2012,74223,4773,5664,891,704,676,1553,4573,4304,4958,7184,10319,13386,14980,5604,2228,2345,2210,2094,2257,2701,3262,3922,4912,5407,6127,7259,8147,6833,4051,1553,6368,2229,323
Ecuador,2013,74876,4448,5292,844,669,661,1486,4315,4183,4848,7216,10585,13658,15694,5917,2111,2204,2125,2058,2209,2639,3251,3965,4965,5620,6298,7360,8499,7195,4290,1627,5961,2147,355
Ecuador,2014,75818,4173,4969,796,646,649,1430,4099,4095,4755,7289,10885,14007,16415,6201,2016,2083,2055,2040,2166,2589,3263,4026,5004,5881,6491,7516,8869,7546,4512,1689,5615,2079,378
Ecuador,2015,77266,3955,4709,754,643,643,1397,3971,4082,4708,7432,11252,14474,17124,6438,1963,2008,2026,2056,2143,2565,3319,4113,5082,6170,6715,7759,9256,7868,4698,1740,5352,2040,391
Ecuador,2016,79828,3793,4556,763,701,688,1430,4026,4223,4795,7710,11755,15102,17783,6656,1996,2030,2082,2141,2185,2610,3446,4264,5254,6501,7005,8097,9633,8150,4862,1794,5257,2118,403
Ecuador,2017,81236,3651,4323,672,644,632,1387,4006,4275,4821,7869,12118,15643,18185,6912,1982,2024,2098,2177,2196,2625,3502,4367,5385,6733,7267,8376,9847,8338,5034,1878,4967,2019,422
Ecuador,2018,83179,3529,4169,640,609,612,1386,4148,4443,5027,8082,12442,16230,18282,7297,2033,2115,2183,2260,2305,2722,3560,4522,5546,6896,7640,8590,9850,8432,5264,2033,4778,1998,460
Ecuador,2019,85030,3424,4041,617,533,573,1380,4414,4662,5390,8250,12598,16727,17985,7946,2120,2294,2314,2348,2510,2880,3551,4699,5671,6927,8109,8618,9563,8422,5627,2319,4574,1953,530
Ecuador,2020,132366,3293,3881,588,466,551,1236,4461,5707,8301,15237,25667,31107,26360,8903,2092,2369,2643,3064,3746,4555,6189,9048,11797,13870,15793,15314,15041,11319,6581,2322,4347,1787,487
Ecuador,2021,119463,3165,3730,565,441,559,1240,4429,5598,7826,14108,22236,26147,23796,8817,2044,2385,2615,2983,3468,4358,5905,8203,10088,12148,13358,12789,13262,10534,6408,2409,4171,1799,534
Egypt,1950,675786,320300,518862,198562,10422,7357,8023,15144,14317,16727,25011,30671,22653,5736,854,7616,7528,6885,7432,7678,9049,12246,12765,15844,14827,13486,9167,3591,2145,722,132,529284,15380,14
Egypt,1951,669470,313880,503295,189415,12109,7413,8106,15654,14921,17571,26137,32358,24838,6233,821,7841,7813,7182,7739,8060,9511,12891,13246,16544,15814,14554,10284,4262,1971,724,97,515404,15519,12
Egypt,1952,639269,307059,482396,175337,7473,6906,7537,14873,14317,17003,25235,31404,24971,6362,784,7425,7448,6894,7423,7771,9232,12503,12732,15841,15563,14410,10561,4708,1654,692,92,489869,14443,9
Egypt,1953,630152,300717,467626,166909,15495,6570,7075,14267,13903,16648,24732,30860,25433,6765,772,7093,7174,6687,7216,7563,9085,12274,12458,15340,15520,14463,10970,5260,1505,680,92,483121,13645,7
Egypt,1954,611919,292577,453499,160922,12676,6374,6671,13756,13595,16393,24424,30441,25976,7361,744,6800,6956,6527,7068,7398,8995,12120,12304,14948,15493,14597,11379,5803,1558,650,94,466175,13045,7
Egypt,1955,598690,284374,440131,155757,10989,6428,6432,13497,13570,16476,24663,30597,26993,8205,698,6621,6876,6499,7071,7389,9087,12226,12437,14904,15693,15030,11963,6410,1795,606,92,451120,12860,5
Egypt,1956,597428,280469,433921,153452,11446,6623,6391,14046,14086,16898,25179,30905,28121,9155,647,6856,7190,6773,7313,7575,9323,12481,12698,15003,15902,15554,12567,7029,2126,553,94,445367,13014,4
Egypt,1957,592084,275702,426338,150636,11932,6990,6114,13082,13675,16828,25593,31282,29398,10229,616,6294,6788,6506,7169,7484,9344,12680,12913,15184,16098,16184,13214,7695,2534,512,104,438270,13104,5
Egypt,1958,588876,271034,418407,147373,13279,7443,6027,12846,13707,16973,26079,31625,30577,11293,616,6118,6728,6497,7210,7538,9435,12937,13142,15409,16216,16765,13812,8333,2960,506,110,431686,13470,6
Egypt,1959,582366,266254,409833,143579,11456,8012,6035,12563,13729,17115,26601,32122,31843,12387,667,5931,6632,6482,7247,7603,9512,13210,13391,15723,16399,17351,14492,8989,3398,564,103,421289,14047,5
Egypt,1960,577665,261450,400927,139477,12002,8299,6167,12314,13772,17303,27150,32623,32917,13394,790,5787,6527,6478,7294,7693,9610,13485,13665,16051,16572,17796,15121,9581,3813,689,101,412929,14466,5
Egypt,1961,575479,257243,392656,135413,12005,8570,6499,12222,13991,17697,28043,33669,34516,14649,957,5734,6488,6557,7434,7877,9820,13909,14134,16626,17043,18472,16044,10346,4303,859,98,404661,15069,6
Egypt,1962,570431,252852,383989,131137,12166,8647,6859,11965,13995,17855,28533,34229,35449,15611,1126,5618,6347,6538,7457,7951,9904,14100,14433,16948,17281,18758,16691,10900,4711,1032,94,396155,15506,8
Egypt,1963,565950,249183,376570,127387,11748,8624,7313,11738,13968,17998,28982,34817,36313,16562,1312,5549,6189,6503,7465,8009,9989,14243,14739,17260,17557,18993,17320,11449,5113,1211,101,388318,15937,9
Egypt,1964,561726,245468,369735,124267,11605,8440,7830,11551,13862,18096,29328,35337,36982,17449,1502,5544,6007,6416,7446,8038,10058,14328,15000,17523,17814,19163,17819,11967,5482,1383,119,381340,16270,9
Egypt,1965,558711,240941,362628,121687,11328,8527,8113,11569,13820,18334,29895,36229,38003,18533,1721,5683,5886,6344,7476,8123,10211,14528,15367,17958,18271,19561,18442,12624,5909,1567,154,373956,16640,8
Egypt,1966,562220,238767,358148,119381,11126,8838,8443,11965,14048,18992,31120,37933,39705,19933,1963,6059,5906,6387,7661,8388,10604,15058,16062,18809,19124,20357,19348,13502,6431,1770,193,369274,17281,8
Egypt,1967,571701,237409,355072,117663,11360,9106,9077,13662,15098,20201,32744,40031,41679,21447,2209,7209,6453,6874,8224,8949,11252,15823,16921,19883,20148,21343,20336,14463,6984,1976,233,366432,18183,6
Egypt,1968,576234,236666,353437,116771,11449,9291,9039,13281,14537,20428,33820,41952,43602,22944,2446,7226,6055,6463,8074,8953,11475,16311,17509,20855,21097,22322,21280,15408,7536,2176,270,364886,18330,6
Egypt,1969,588835,236587,352756,116169,12002,9483,9475,15309,15413,21633,35553,44315,45798,24429,2667,8619,6690,6849,8564,9500,12133,17171,18382,22066,22249,23476,22322,16336,8093,2366,301,364758,18958,7
Egypt,1970,595100,236586,352306,115720,11943,9547,9693,15863,15289,22073,36594,46021,47410,25515,2834,8980,6883,6741,8548,9645,12428,17684,18910,22917,23104,24330,23080,16993,8522,2511,323,364249,19240,8
Egypt,1971,598847,237054,352098,115044,11897,9550,9722,15553,14628,22110,37367,47528,48915,26489,2980,8709,6844,6376,8252,9573,12537,18054,19313,23627,23901,25129,23786,17588,8901,2644,336,363995,19272,9
Egypt,1972,601823,237190,351016,113826,11690,9483,9783,16072,14354,22263,37996,48720,50104,27241,3094,8830,7242,6252,8102,9602,12661,18360,19636,24137,24583,25768,24336,18048,9193,2751,343,362706,19266,8
Egypt,1973,608925,235070,347101,112031,11361,9486,10409,19136,15450,23407,39338,50346,51594,28074,3209,10247,8889,6888,8562,10171,13236,19029,20309,24850,25496,26582,25012,18582,9492,2858,351,358462,19895,9
Egypt,1974,599313,232693,341668,108975,10996,9344,9697,17121,13890,22372,39141,50825,52335,28614,3299,8771,8350,6180,7710,9540,12832,18863,20278,24939,25886,26990,25345,18932,9682,2944,355,352664,19041,9
Egypt,1975,594716,230206,335352,105146,10452,9214,9575,17422,13738,22178,39471,51530,53203,29180,3387,8821,8601,6269,7469,9366,12812,18977,20494,25182,26348,27482,25721,19303,9877,3020,367,345804,18789,9
Egypt,1976,589536,226129,327206,101077,10206,9094,9462,17678,13772,21999,39916,52400,54367,29934,3491,8941,8737,6502,7270,9183,12816,19136,20780,25525,26875,28131,26236,19775,10159,3107,384,337412,18556,9
Egypt,1977,584282,221197,318067,96870,9855,8969,9385,17826,13986,21839,40437,53447,55916,30924,3624,8988,8838,6883,7103,8996,12843,19318,21119,25981,27466,28975,26941,20365,10559,3213,411,327922,18354,10
Egypt,1978,577690,216732,309254,92522,9689,8724,9257,17748,14305,21483,40624,54047,57115,31703,3732,8922,8826,7343,6962,8724,12759,19339,21285,26251,27796,29626,27489,20780,10923,3300,432,318943,17981,11
Egypt,1979,572435,212524,300930,88406,9414,8492,9178,17591,14885,21141,40949,54866,58533,32585,3862,8855,8736,7920,6965,8472,12669,19424,21525,26648,28218,30359,28174,21236,11349,3404,458,310344,17670,11
Egypt,1980,564397,205747,290139,84392,9416,8235,9058,17590,15281,20675,41108,55569,59858,33442,4010,8767,8823,8192,7089,8211,12464,19424,21684,26985,28584,31002,28856,21666,11776,3533,477,299555,17293,12
Egypt,1981,562572,197219,277174,79955,9166,8264,9187,18172,16209,20805,42490,58063,63233,35465,4330,8927,9245,8608,7601,8225,12580,20000,22490,28175,29888,32650,30583,22867,12598,3817,513,286340,17451,14
Egypt,1982,553008,189526,264215,74689,9071,8118,9047,18215,16837,20420,42827,59035,64552,36161,4496,8877,9338,8753,8084,8062,12358,20091,22736,28648,30387,33237,31315,23271,12890,3975,521,273286,17165,16
Egypt,1983,541238,182446,251556,69110,8620,7934,8785,18054,17388,19895,42728,59531,65387,36664,4679,8764,9290,8753,8635,7908,11987,19969,22759,28867,30664,33537,31850,23594,13070,4146,533,260176,16719,17
Egypt,1984,530726,173294,236952,63658,8677,7841,8565,18007,18081,19630,42826,60533,66937,37695,4962,8724,9283,8709,9372,7953,11677,19898,22928,29294,31239,34194,32743,24297,13398,4400,562,245629,16406,20
Egypt,1985,520288,163889,222211,58322,8112,7798,8381,18021,18741,19646,42960,61759,68604,38776,5257,8708,9313,8905,9836,8196,11450,19785,23175,29826,31933,34956,33648,25061,13715,4651,606,230323,16179,22
Egypt,1986,511489,154762,208166,53404,7740,7777,8252,18015,19350,19918,43087,63146,70449,40000,5556,8682,9333,9178,10172,8640,11278,19631,23456,30423,32723,35841,34608,25923,14077,4896,660,215906,16029,26
Egypt,1987,498249,146802,196031,49229,7449,7564,7982,17572,19347,19941,42208,63133,70790,40475,5729,8422,9150,9148,10199,9066,10875,18988,23220,30321,32812,35988,34802,26280,14195,5010,719,203480,15546,29
Egypt,1988,485107,139293,184978,45685,7038,7330,7735,17075,19134,20176,41206,62926,70821,40795,5857,8117,8958,9029,10105,9611,10565,18280,22926,30128,32798,36015,34806,26493,14302,5072,785,192016,15065,33
Egypt,1989,475953,131473,174223,42750,6683,7153,7578,16696,18915,20828,40350,63321,72043,42019,6104,7844,8852,8952,9963,10330,10498,17682,22668,30189,33132,36590,35453,27228,14791,5229,875,180906,14731,39
Egypt,1990,468751,123753,163767,40014,6136,7020,7517,16485,19131,21581,39855,64195,73522,43178,6318,7665,8820,8963,10168,10804,10777,17315,22540,30494,33701,37327,36195,27899,15279,5359,959,169903,14537,44
Egypt,1991,459403,116817,154010,37193,5801,6755,7365,16060,19132,22086,38765,64279,74456,44138,6504,7415,8645,8829,10303,10957,11129,16760,22005,30398,33881,37741,36715,28408,15730,5479,1025,159811,14120,52
Egypt,1992,461180,112348,146757,34409,5666,6716,7427,16100,19580,23393,38736,66145,77485,46264,6858,7422,8678,8955,10625,11355,12038,16714,22022,31170,34975,39219,38266,29660,16604,5761,1097,152423,14143,56
Egypt,1993,457621,106432,138147,31715,5378,6478,7334,15867,19667,24509,38287,67144,79708,47896,7146,7336,8531,8950,10717,11502,13007,16613,21674,31513,35631,40269,39439,30607,17289,6009,1137,143525,13812,65
Egypt,1994,456000,100111,129476,29365,5018,6336,7354,15878,19947,25948,38444,68467,82166,49475,7429,7403,8475,9068,10879,11627,14321,16958,21486,31957,36510,41465,40701,31572,17903,6266,1163,134494,13690,68
Egypt,1995,450854,93794,120422,26628,4827,6053,7233,15661,19957,26976,38537,68806,83891,50720,7695,7366,8295,9048,10909,11891,15085,17465,21072,31839,36967,42269,41622,32351,18369,6506,1189,125249,13286,78
Egypt,1996,448194,88074,112311,24237,4519,5837,7074,15423,19908,27922,39199,69311,86169,52397,8047,7301,8122,8992,10916,12248,15674,18419,20780,31712,37599,43319,42850,33415,18982,6811,1236,116830,12911,83
Egypt,1997,445673,83349,105428,22079,4317,5603,6886,15241,19807,28518,40150,69387,88001,53845,8394,7236,8005,8896,10911,12453,16065,19699,20451,31324,38063,44110,43891,34336,19509,7090,1304,109745,12489,95
Egypt,1998,449727,79652,99835,20183,4004,5436,6761,15277,19928,29192,42183,70300,91387,56411,8905,7254,8023,8869,11059,12723,16469,21599,20584,31253,39047,45626,45761,35953,20458,7499,1406,103839,12197,107
Egypt,1999,453052,75645,94289,18644,3866,5275,6605,15335,20011,29508,44876,70813,94413,58642,9301,7267,8068,8802,11209,12936,16572,23809,21067,31047,39766,46989,47424,37364,21278,7808,1493,98155,11880,117
Egypt,2000,455708,71953,89287,17334,3640,5118,6430,15409,20073,30370,47346,70952,96941,60443,9579,7273,8136,8732,11341,13169,17201,25334,22012,30827,40125,48126,48815,38500,21943,8014,1565,92927,11548,125
Egypt,2001,457943,69046,85191,16145,3445,4932,6213,15300,19992,31117,49627,70602,99233,62297,9860,7155,8145,8630,11362,13265,17852,26308,23319,30494,40108,49114,50119,39646,22651,8228,1632,88636,11145,133
Egypt,2002,461231,66121,81276,15155,3259,4744,6030,15212,19963,31781,52328,70327,101716,64301,10156,7051,8161,8596,11367,13408,18373,27123,25205,30298,40029,50240,51476,40897,23404,8464,1692,84535,10774,140
Egypt,2003,479852,63857,78141,14284,3165,4718,6072,15686,20681,33570,57372,72819,107942,68664,10857,7190,8496,8934,11747,14090,19480,28786,28586,31549,41270,53208,54734,43669,24995,9026,1831,81306,10790,164
Egypt,2004,484286,61467,75009,13542,3011,4507,5896,15552,20645,34097,60523,73113,110132,70522,11103,7038,8514,8984,11661,14284,19813,29095,31428,32235,40878,54061,56071,44876,25646,9239,1864,78020,10403,178
Egypt,2005,490856,59957,72849,12892,2861,4327,5745,15424,20706,34778,63749,74361,112151,72396,11321,6885,8539,9095,11611,14522,20256,30288,33461,33739,40622,54674,57477,46112,26284,9448,1873,75710,10072,186
Egypt,2006,496115,58451,70756,12305,2840,4119,5555,15118,20677,35139,66364,76140,113558,74145,11517,6682,8436,9148,11529,14621,20518,31507,34857,35869,40271,54808,58750,47248,26897,9645,1872,73596,9674,188
Egypt,2007,504080,57683,69475,11792,2619,3942,5375,14873,20765,35605,68781,79187,115318,76206,11750,6524,8349,9217,11548,14722,20883,32587,36194,38979,40208,54954,60364,48555,27651,9870,1880,72094,9317,185
Egypt,2008,510054,56508,67887,11379,2504,3757,5166,14538,20805,35818,70352,82918,116238,77961,11933,6339,8199,9244,11561,14667,21151,33282,37070,42558,40360,54578,61660,49649,28312,10045,1888,70391,8923,178
Egypt,2009,517613,55584,66579,10995,2369,3582,4936,14165,20890,36046,71422,88162,117034,80087,12170,6152,8013,9263,11627,14577,21469,33909,37513,46799,41363,54149,62885,50984,29103,10260,1910,68948,8518,172
Egypt,2010,525460,56060,66718,10658,2292,3418,4723,13747,20940,36172,73342,92742,116961,81890,12349,5966,7781,9236,11704,14449,21723,34476,38866,49571,43171,53535,63426,52129,29761,10424,1925,69010,8141,165
Egypt,2011,530966,55618,66155,10537,2207,3275,4542,13515,20977,36216,75095,97077,115971,83292,12483,5875,7640,9182,11795,14356,21860,34797,40298,51333,45744,52714,63257,53042,30250,10551,1932,68362,7817,161
Egypt,2012,539487,55732,65985,10253,2027,3102,4281,12948,20835,36233,76786,102531,115786,85770,13014,5587,7361,9018,11817,14306,21927,35262,41524,52953,49578,52431,63355,54628,31142,10935,2079,68012,7383,189
Egypt,2013,556632,55896,66223,10327,2070,3041,4265,13231,21404,37052,79647,110021,117236,88898,13352,5713,7518,9202,12202,14695,22357,36411,43236,55062,54959,53397,63839,56694,32204,11272,2080,68293,7306,187
Egypt,2014,556743,55021,65066,10045,1931,2813,3975,12507,20879,36404,79728,114097,115979,89551,13603,5346,7161,8847,12032,14536,21868,36373,43355,54854,59243,53787,62192,56988,32563,11439,2164,66997,6788,210
Egypt,2015,569391,53688,63694,10006,1910,2711,3897,12551,21033,36684,81473,120221,118770,92168,14065,5353,7198,8820,12213,14817,21867,37070,44403,57279,62942,56705,62065,58317,33851,11868,2197,65604,6608,213
Egypt,2016,564595,49099,58835,9736,1888,2538,3612,11594,20171,36063,81272,123069,119782,91614,13969,4880,6714,8335,11836,14657,21406,36849,44423,58787,64282,59464,60318,57535,34079,11835,2134,60723,6150,194
Egypt,2017,558084,46864,56175,9311,1796,2359,3345,10769,19237,35114,79919,123494,121187,90541,13965,4498,6271,7872,11365,14324,20790,36022,43897,59021,64473,62780,58407,56202,34339,11846,2119,57971,5704,181
Egypt,2018,571875,44926,53609,8683,1820,2287,3192,10348,18972,35521,81315,127964,128997,93002,14662,4295,6053,7700,11272,14510,21011,36311,45004,61123,66841,69360,59637,56890,36112,12432,2230,55429,5479,183
Egypt,2019,589548,42446,50654,8208,1814,2253,3065,9947,18727,36177,83079,132518,139929,95678,15519,4116,5831,7555,11172,14753,21424,36667,46412,63429,69089,77317,62612,57656,38022,13161,2358,52468,5318,187
Egypt,2020,628726,40760,48502,7742,1733,1967,2380,7837,17099,37284,90350,151476,154677,99331,15911,3163,4674,6611,10488,14941,22343,38561,51789,71408,80068,87116,67561,58736,40595,13556,2355,50235,4347,185
Egypt,2021,691381,39291,46602,7311,1728,1989,2968,9103,18975,41397,100208,171465,174243,105415,17090,3785,5318,7473,11502,16423,24974,42387,57821,79864,91601,96884,77359,61986,43429,14594,2496,48330,4957,196
El Salvador,1950,48512,15092,21896,6804,1646,954,1911,4198,3243,2677,2761,3537,3827,1679,179,2251,1947,1697,1546,1365,1312,1353,1408,1653,1884,1990,1837,1179,500,146,33,23542,2865,1
El Salvador,1951,49925,15672,22988,7316,1823,1061,1868,3996,3193,2724,2854,3624,3913,1715,166,2128,1868,1659,1534,1383,1341,1393,1461,1699,1925,2037,1876,1210,505,140,26,24811,2929,3
El Salvador,1952,48955,15962,23422,7460,1731,973,1667,3527,2935,2584,2791,3561,3862,1738,161,1864,1663,1515,1420,1300,1284,1351,1440,1669,1892,2002,1860,1231,507,137,24,25153,2640,3
El Salvador,1953,49108,16339,24044,7705,1766,1001,1563,3218,2787,2528,2806,3576,3865,1787,160,1690,1528,1431,1356,1260,1268,1348,1458,1679,1897,1997,1868,1267,520,138,22,25810,2564,2
El Salvador,1954,49294,16690,24596,7906,1811,1025,1479,2975,2660,2479,2823,3587,3861,1832,161,1556,1419,1356,1304,1226,1253,1347,1476,1688,1899,1989,1872,1294,538,141,20,26407,2504,1
El Salvador,1955,49555,17038,25096,8058,1874,1034,1414,2823,2567,2446,2831,3591,3855,1863,163,1471,1352,1299,1268,1205,1241,1346,1485,1694,1897,1986,1869,1307,556,144,19,26970,2448,1
El Salvador,1956,49840,17366,25552,8186,1925,1021,1366,2746,2500,2427,2832,3585,3841,1881,163,1433,1313,1254,1246,1195,1232,1343,1489,1696,1889,1981,1860,1309,572,146,17,27477,2387,1
El Salvador,1957,50115,17696,25998,8302,1949,995,1328,2721,2451,2407,2825,3564,3818,1895,161,1420,1301,1214,1237,1187,1220,1338,1487,1692,1872,1974,1844,1308,587,147,14,27947,2323,1
El Salvador,1958,50283,17980,26387,8407,1941,962,1296,2719,2402,2385,2803,3532,3787,1905,162,1420,1299,1178,1224,1181,1204,1326,1477,1681,1851,1961,1826,1307,598,148,14,28328,2258,1
El Salvador,1959,50214,18157,26649,8492,1890,935,1270,2704,2344,2345,2767,3488,3745,1911,165,1411,1293,1145,1199,1161,1184,1308,1459,1663,1825,1938,1807,1305,606,150,15,28539,2205,1
El Salvador,1960,50074,18409,26954,8545,1797,919,1247,2665,2277,2288,2716,3435,3692,1916,169,1385,1280,1115,1162,1131,1157,1280,1436,1637,1798,1905,1787,1304,612,154,15,28751,2166,1
El Salvador,1961,49938,18711,27293,8582,1689,911,1222,2603,2204,2227,2665,3383,3637,1925,175,1343,1260,1089,1115,1097,1130,1252,1413,1609,1774,1868,1769,1308,617,160,15,28982,2133,1
El Salvador,1962,49850,18973,27596,8623,1601,909,1197,2535,2145,2174,2624,3352,3598,1934,180,1294,1241,1074,1071,1066,1108,1230,1394,1592,1760,1839,1759,1310,624,165,15,29197,2106,0
El Salvador,1963,50212,19327,28004,8677,1554,901,1162,2463,2117,2146,2609,3378,3642,2037,197,1242,1221,1074,1043,1049,1097,1218,1391,1600,1778,1838,1804,1375,662,179,18,29558,2063,0
El Salvador,1964,50666,19417,28175,8758,1590,887,1131,2414,2132,2156,2634,3463,3708,2164,218,1208,1206,1087,1045,1053,1103,1228,1406,1635,1828,1857,1851,1449,715,196,22,29765,2018,1
El Salvador,1965,51559,19433,28214,8781,1760,877,1116,2420,2212,2234,2721,3630,3817,2315,240,1212,1208,1116,1096,1093,1141,1268,1453,1711,1919,1914,1903,1520,795,214,26,29974,1993,1
El Salvador,1966,52547,19346,28079,8733,2024,842,1084,2445,2317,2351,2835,3853,3947,2491,277,1233,1212,1145,1172,1156,1195,1324,1511,1814,2039,2000,1947,1590,901,247,30,30103,1926,1
El Salvador,1967,53853,19223,27880,8657,2402,821,1059,2502,2459,2508,2973,4111,4101,2698,337,1274,1228,1183,1276,1239,1269,1395,1578,1937,2174,2117,1984,1660,1038,298,39,30282,1880,2
El Salvador,1968,55032,18992,27526,8534,2803,804,1034,2554,2581,2672,3094,4354,4264,2914,429,1311,1243,1209,1372,1326,1346,1460,1634,2056,2298,2249,2015,1728,1186,378,51,30329,1838,3
El Salvador,1969,55805,18728,27102,8374,3113,787,996,2562,2640,2799,3164,4531,4416,3123,570,1321,1241,1205,1435,1395,1404,1501,1663,2146,2385,2373,2043,1789,1334,498,72,30215,1783,3
El Salvador,1970,55804,18469,26647,8178,3185,770,943,2477,2587,2845,3142,4580,4540,3306,773,1276,1201,1159,1428,1417,1428,1495,1647,2181,2399,2467,2073,1839,1467,666,107,29832,1713,6
El Salvador,1971,54520,18329,26320,7991,2982,754,898,2352,2464,2801,3057,4482,4566,3099,739,1205,1147,1102,1362,1380,1421,1458,1599,2145,2337,2477,2089,1762,1337,634,105,29302,1652,7
El Salvador,1972,53439,18351,26171,7820,2625,739,899,2342,2396,2760,2970,4328,4569,2940,691,1200,1142,1086,1310,1343,1417,1423,1547,2074,2254,2453,2116,1699,1241,588,103,28796,1638,8
El Salvador,1973,51953,18336,26052,7716,2236,726,875,2166,2241,2664,2859,4146,4533,2812,637,1105,1061,1023,1218,1274,1390,1373,1486,1984,2162,2401,2132,1648,1164,534,103,28288,1601,8
El Salvador,1974,51253,18323,25947,7624,1900,723,924,2223,2249,2669,2823,4017,4483,2706,579,1136,1087,1048,1201,1263,1406,1365,1458,1917,2100,2346,2137,1609,1097,478,101,27847,1647,7
El Salvador,1975,51305,18262,25804,7542,1648,733,1041,2479,2410,2784,2881,3964,4403,2620,528,1270,1209,1153,1257,1312,1472,1412,1469,1887,2077,2283,2120,1583,1037,428,100,27452,1774,7
El Salvador,1976,52253,18178,25630,7452,1482,753,1246,3001,2759,3012,3036,3976,4307,2555,488,1550,1451,1353,1406,1427,1585,1515,1521,1892,2084,2223,2084,1570,985,393,95,27112,1999,7
El Salvador,1977,53982,18077,25410,7333,1381,773,1548,3818,3267,3323,3254,4017,4224,2508,453,2007,1811,1637,1630,1594,1729,1654,1600,1917,2100,2177,2047,1567,941,366,87,26791,2321,7
El Salvador,1978,56246,17921,25126,7205,1317,792,1942,4904,3873,3659,3501,4073,4167,2469,422,2645,2259,1974,1899,1783,1876,1810,1691,1952,2121,2149,2018,1565,904,342,80,26443,2734,7
El Salvador,1979,59366,17789,24946,7157,1322,824,2447,6281,4555,4014,3768,4171,4192,2454,391,3493,2788,2352,2203,1987,2027,1972,1796,2013,2158,2169,2023,1574,880,321,70,26268,3271,7
El Salvador,1980,71646,18654,27489,8835,2078,1199,3545,9098,6013,4995,4629,4864,4777,2585,368,5166,3932,3156,2857,2507,2488,2415,2214,2377,2487,2512,2265,1686,899,306,62,29567,4744,7
El Salvador,1981,70928,17033,23589,6556,1182,836,4229,12035,7263,5391,4648,4520,4445,2455,332,6938,5097,3936,3327,2780,2611,2444,2204,2250,2270,2336,2109,1592,863,277,55,24771,5065,6
El Salvador,1982,63538,16727,23560,6833,1373,862,3497,8848,5436,4337,4139,4291,4440,2437,313,5207,3641,2883,2553,2193,2144,2128,2011,2131,2160,2329,2111,1577,860,262,51,24933,4359,6
El Salvador,1983,61258,15560,21423,5863,1077,730,3524,9333,5525,4276,4054,4169,4401,2439,300,5493,3840,2972,2553,2185,2091,2059,1995,2084,2085,2302,2099,1571,868,253,47,22500,4254,5
El Salvador,1984,55616,14763,20241,5478,1035,681,2969,7604,4532,3688,3720,4007,4370,2469,298,4500,3104,2407,2125,1875,1813,1844,1876,1995,2012,2272,2098,1584,885,253,45,21276,3650,5
El Salvador,1985,51184,13865,18903,5038,995,648,2520,6410,3872,3301,3485,3911,4318,2513,302,3782,2628,2030,1842,1674,1627,1690,1795,1939,1972,2228,2090,1609,904,257,45,19898,3168,5
El Salvador,1986,50165,13035,17747,4712,1093,751,2397,6316,3858,3303,3498,3982,4299,2597,316,3665,2651,2024,1834,1686,1617,1677,1821,1969,2013,2206,2093,1659,938,270,46,18840,3148,5
El Salvador,1987,46529,12259,16329,4070,918,629,2037,5618,3521,3091,3313,3916,4151,2663,334,3199,2419,1839,1682,1576,1515,1567,1746,1922,1994,2113,2038,1693,970,287,47,17247,2666,5
El Salvador,1988,43306,11498,15136,3638,878,623,1715,4708,3144,2896,3161,3895,4055,2742,347,2610,2098,1625,1519,1467,1429,1480,1681,1899,1996,2053,2002,1735,1007,299,48,16014,2338,5
El Salvador,1989,47940,10583,13812,3229,827,653,2206,7104,4495,3639,3571,4205,4179,2875,361,3848,3256,2425,2070,1884,1755,1701,1870,2060,2145,2121,2058,1819,1056,312,49,14639,2859,5
El Salvador,1990,42086,9639,12476,2837,773,626,1698,4999,3535,3162,3242,4107,4149,2943,370,2626,2373,1866,1669,1608,1554,1527,1715,1991,2116,2097,2052,1857,1086,320,50,13249,2324,5
El Salvador,1991,39818,8757,11237,2480,721,615,1562,4311,3332,3084,3159,4141,4255,3016,380,2205,2106,1748,1584,1557,1527,1492,1667,1992,2149,2155,2100,1898,1118,327,53,11958,2177,4
El Salvador,1992,38639,7945,10104,2159,670,606,1544,4029,3341,3114,3146,4202,4423,3072,386,2033,1996,1749,1592,1570,1544,1498,1648,2002,2200,2250,2173,1926,1146,332,54,10774,2150,4
El Salvador,1993,37998,7196,9067,1871,625,593,1581,3948,3448,3180,3175,4270,4610,3107,393,1990,1958,1805,1643,1603,1577,1530,1645,2016,2254,2352,2258,1943,1164,338,55,9692,2174,4
El Salvador,1994,37599,6563,8185,1622,576,565,1589,3869,3538,3246,3230,4356,4862,3176,406,1959,1910,1849,1689,1631,1615,1577,1653,2029,2327,2482,2380,1984,1192,350,56,8761,2154,5
El Salvador,1995,37538,6362,7912,1550,567,531,1567,3773,3557,3263,3269,4406,5064,3209,415,1933,1840,1852,1705,1627,1636,1608,1661,2024,2382,2580,2484,2009,1200,358,57,8479,2098,5
El Salvador,1996,36911,5936,7336,1400,547,494,1514,3681,3507,3244,3300,4413,5210,3224,432,1915,1766,1818,1689,1604,1640,1623,1677,2002,2411,2640,2570,2026,1198,373,59,7883,2008,5
El Salvador,1997,36179,5510,6772,1262,521,459,1440,3602,3410,3200,3323,4400,5324,3260,466,1897,1705,1756,1654,1572,1628,1624,1699,1975,2425,2675,2649,2056,1204,402,64,7293,1899,6
El Salvador,1998,36147,5261,6495,1234,589,473,1382,3583,3343,3180,3379,4397,5446,3357,521,1903,1680,1708,1635,1558,1622,1639,1740,1966,2431,2721,2725,2125,1232,447,74,7084,1855,7
El Salvador,1999,35296,4829,5865,1036,475,402,1276,3533,3225,3099,3389,4349,5536,3535,604,1886,1647,1639,1586,1518,1581,1627,1762,1944,2405,2756,2780,2235,1300,511,93,6340,1678,8
El Salvador,2000,35323,4437,5377,940,450,382,1207,3571,3186,3070,3440,4349,5690,3860,734,1896,1675,1615,1571,1510,1560,1642,1798,1956,2393,2824,2866,2421,1439,611,123,5827,1589,11
El Salvador,2001,36945,4067,5046,979,546,475,1241,3803,3314,3161,3587,4471,5971,4380,932,1992,1811,1683,1631,1567,1594,1709,1878,2036,2435,2949,3022,2712,1668,758,174,5592,1716,14
El Salvador,2002,36637,3607,4382,775,395,360,1119,3755,3237,3080,3558,4435,6120,4980,1197,1924,1831,1652,1585,1534,1546,1690,1868,2040,2395,2979,3141,3018,1962,945,252,4777,1479,20
El Salvador,2003,38074,3280,4023,743,395,371,1119,3875,3325,3133,3647,4541,6380,5695,1534,1933,1942,1711,1614,1566,1567,1729,1918,2113,2428,3043,3337,3358,2337,1173,361,4418,1490,34
El Salvador,2004,38975,2945,3570,625,345,352,1104,3869,3336,3127,3682,4612,6596,6395,1922,1876,1993,1731,1605,1565,1562,1736,1946,2162,2450,3052,3544,3641,2754,1432,490,3915,1456,64
El Salvador,2005,40151,2711,3294,583,339,364,1125,3827,3362,3143,3738,4719,6790,7011,2342,1810,2017,1762,1600,1571,1572,1753,1985,2223,2496,3038,3752,3848,3163,1700,642,3633,1489,97
El Salvador,2006,40776,2488,2990,502,302,364,1146,3672,3333,3122,3762,4801,6906,7475,2763,1708,1964,1763,1570,1552,1570,1755,2007,2267,2534,2986,3920,3961,3514,1961,802,3292,1510,137
El Salvador,2007,41389,2308,2764,456,283,372,1178,3467,3284,3092,3777,4896,7004,7872,3204,1608,1859,1750,1534,1525,1567,1754,2023,2314,2582,2943,4061,4060,3812,2236,968,3047,1550,194
El Salvador,2008,41083,2178,2606,428,265,381,1220,3290,3266,3097,3802,4969,7004,7798,3164,1545,1745,1753,1513,1518,1579,1768,2034,2360,2609,2922,4082,4056,3742,2251,913,2871,1601,220
El Salvador,2009,41304,2071,2506,435,285,406,1268,3130,3263,3123,3846,5062,7088,7864,3226,1504,1626,1756,1507,1520,1603,1792,2054,2419,2643,2966,4122,4169,3695,2331,895,2791,1674,237
El Salvador,2010,41506,1945,2315,370,225,373,1272,2950,3218,3112,3857,5131,7250,8138,3415,1458,1492,1727,1491,1503,1609,1798,2059,2456,2675,3049,4201,4400,3738,2493,922,2540,1645,249
El Salvador,2011,42488,1862,2214,352,209,356,1275,2828,3204,3133,3902,5235,7549,8635,3694,1441,1387,1697,1507,1503,1630,1819,2083,2500,2735,3196,4353,4743,3892,2715,979,2423,1631,252
El Salvador,2012,43538,1757,2082,325,191,335,1273,2753,3195,3174,3968,5358,7900,9156,3906,1444,1309,1657,1538,1518,1656,1849,2119,2544,2814,3365,4535,5075,4081,2885,1021,2273,1608,244
El Salvador,2013,44394,1671,1978,307,182,319,1283,2755,3203,3258,4072,5502,8230,9476,3914,1479,1276,1611,1592,1558,1700,1894,2178,2593,2909,3524,4706,5261,4215,2888,1026,2160,1602,223
El Salvador,2014,44685,1596,1888,292,177,312,1312,2839,3231,3399,4220,5658,8430,9371,3655,1554,1285,1569,1662,1630,1769,1960,2260,2650,3008,3639,4791,5192,4179,2681,974,2065,1624,194
El Salvador,2015,44230,1511,1790,279,178,313,1375,3030,3274,3616,4419,5816,8392,8695,3167,1682,1348,1534,1740,1748,1868,2053,2366,2726,3090,3687,4705,4818,3877,2303,864,1968,1688,163
El Salvador,2016,43438,1395,1657,262,178,324,1437,3272,3295,3885,4657,5972,8185,7767,2671,1831,1441,1495,1800,1899,1986,2167,2490,2817,3155,3683,4502,4316,3451,1925,746,1835,1761,138
El Salvador,2017,43135,1301,1549,248,183,320,1381,3366,3228,4079,4885,6142,8112,7297,2458,1867,1499,1437,1791,2004,2075,2279,2606,2912,3230,3708,4404,4059,3238,1760,698,1732,1701,131
El Salvador,2018,43729,1223,1453,230,185,284,1122,3090,2985,4044,5024,6337,8455,7853,2744,1652,1438,1330,1655,1968,2076,2352,2672,2999,3338,3839,4616,4343,3510,1962,782,1638,1406,156
El Salvador,2019,46999,1171,1388,217,185,208,717,2390,2542,3655,5006,6572,9632,10460,4004,1183,1207,1158,1384,1718,1937,2357,2649,3059,3513,4168,5464,5669,4791,2878,1126,1573,925,237
El Salvador,2020,53231,1119,1329,210,171,192,760,2438,2737,4027,5888,8052,11250,11938,4207,1157,1281,1253,1484,1862,2165,2740,3148,3688,4364,5165,6085,6420,5518,3118,1089,1500,952,235
El Salvador,2021,54803,1081,1288,207,163,187,763,2599,2901,4136,6156,8388,11624,12178,4181,1206,1393,1371,1530,1898,2238,2848,3308,3846,4542,5364,6260,6669,5509,3131,1050,1451,950,234
Equatorial Guinea,1950,5903,1814,2750,936,224,119,125,298,300,310,397,575,591,201,12,148,150,150,150,152,158,184,213,264,311,325,266,149,52,11,1,2974,244,0
Equatorial Guinea,1951,6018,1833,2830,997,226,119,125,303,307,312,397,575,596,212,12,151,152,153,154,154,158,184,213,264,311,326,270,155,57,12,0,3056,244,0
Equatorial Guinea,1952,6070,1837,2867,1030,227,119,125,303,308,313,397,574,604,221,12,151,152,153,155,155,158,184,213,264,310,330,274,161,60,11,1,3094,244,0
Equatorial Guinea,1953,6125,1841,2892,1051,231,118,125,306,310,319,398,574,607,230,13,152,154,154,156,157,162,184,214,264,310,331,276,168,62,12,1,3123,243,0
Equatorial Guinea,1954,6158,1844,2902,1058,237,118,124,306,313,320,397,574,615,236,16,152,154,154,159,158,162,184,213,264,310,335,280,171,65,14,2,3139,242,0
Equatorial Guinea,1955,6186,1847,2903,1056,248,119,123,306,313,322,397,574,619,244,17,152,154,154,159,159,163,184,213,264,310,336,283,175,69,16,1,3151,242,0
Equatorial Guinea,1956,6212,1849,2904,1055,259,122,122,308,313,324,397,574,622,251,17,152,156,154,159,161,163,184,213,264,310,337,285,179,72,16,1,3163,244,0
Equatorial Guinea,1957,6240,1852,2904,1052,266,122,123,308,317,327,399,574,627,255,17,152,156,155,162,162,165,186,213,264,310,337,290,181,74,16,1,3170,245,0
Equatorial Guinea,1958,6267,1856,2907,1051,272,123,123,309,317,333,400,574,629,261,18,152,157,155,162,165,168,187,213,264,310,337,292,184,77,16,2,3179,246,0
Equatorial Guinea,1959,6295,1862,2911,1049,274,127,124,311,319,335,400,574,632,264,21,152,159,157,162,167,168,187,213,264,310,337,295,186,78,19,2,3185,251,0
Equatorial Guinea,1960,6326,1871,2919,1048,274,133,126,311,321,339,404,579,635,271,21,152,159,159,162,169,170,191,213,267,312,338,297,190,81,19,2,3193,259,0
Equatorial Guinea,1961,6359,1883,2929,1046,275,138,127,312,323,341,405,578,637,276,22,152,160,159,164,169,172,192,213,266,312,338,299,193,83,20,2,3204,265,0
Equatorial Guinea,1962,6401,1899,2947,1048,275,142,128,313,324,343,407,578,638,279,24,153,160,160,164,169,174,192,215,266,312,339,299,195,84,22,2,3222,270,0
Equatorial Guinea,1963,6447,1921,2971,1050,276,146,130,313,325,348,411,578,639,285,25,153,160,160,165,171,177,195,216,265,313,339,300,199,86,23,2,3247,276,0
Equatorial Guinea,1964,6518,1947,3002,1055,276,148,134,316,333,355,416,580,640,289,25,156,160,165,168,174,181,197,219,265,315,339,301,201,88,23,2,3278,282,0
Equatorial Guinea,1965,6577,1979,3039,1060,276,150,141,317,335,355,420,580,646,293,26,157,160,165,170,174,181,199,221,265,315,343,303,203,90,23,3,3315,291,0
Equatorial Guinea,1966,6668,2016,3089,1073,277,150,145,327,340,361,426,581,648,297,26,162,165,168,172,176,185,203,223,266,315,344,304,205,92,23,3,3366,295,0
Equatorial Guinea,1967,6752,2055,3141,1086,277,150,151,327,344,365,430,584,653,299,29,162,165,169,175,179,186,205,225,269,315,346,307,207,92,25,4,3418,301,0
Equatorial Guinea,1968,6860,2098,3197,1099,280,151,158,335,352,371,438,588,657,304,29,167,168,172,180,182,189,210,228,272,316,348,309,208,96,25,4,3477,309,0
Equatorial Guinea,1969,11077,2248,3726,1478,693,550,550,1013,985,837,767,794,794,338,32,509,504,492,493,435,402,392,375,388,406,426,368,235,103,28,4,4419,1100,0
Equatorial Guinea,1970,11009,2244,3724,1480,693,545,546,1023,969,829,760,782,775,333,33,521,502,482,487,431,398,388,372,384,398,416,359,230,103,29,4,4417,1091,0
Equatorial Guinea,1971,8807,2155,3437,1282,486,345,350,682,642,586,588,665,686,306,31,353,329,318,324,300,286,293,295,320,345,366,320,209,97,27,4,3923,695,0
Equatorial Guinea,1972,6860,2056,3149,1093,301,171,178,384,367,379,439,565,610,284,31,201,183,180,187,187,192,212,227,265,300,322,288,193,91,27,4,3450,349,0
Equatorial Guinea,1973,6643,1995,3056,1061,295,167,172,379,352,365,423,542,584,275,30,201,178,173,179,182,183,202,221,255,287,307,277,187,88,26,4,3351,339,0
Equatorial Guinea,1974,7189,1952,3048,1096,368,235,237,503,450,436,465,559,586,269,30,265,238,222,228,220,216,225,240,265,294,308,278,184,85,26,4,3416,472,0
Equatorial Guinea,1975,8085,1918,3079,1161,479,339,333,692,597,542,535,591,593,267,30,358,334,298,299,279,263,264,271,286,305,315,278,184,83,26,4,3558,672,0
Equatorial Guinea,1976,10066,1914,3244,1330,708,551,529,1073,894,764,684,679,633,274,29,547,526,452,442,399,365,346,338,337,342,339,294,189,85,25,4,3952,1080,0
Equatorial Guinea,1977,6527,1757,2741,984,347,226,222,483,411,397,419,503,512,239,26,243,240,206,205,201,196,203,216,241,262,272,240,163,76,22,4,3088,448,0
Equatorial Guinea,1978,6403,1720,2675,955,343,225,219,480,405,389,411,495,503,234,25,238,242,205,200,195,194,200,211,238,257,269,234,159,75,21,4,3018,444,0
Equatorial Guinea,1979,6307,1763,2749,986,281,143,174,475,367,366,417,530,536,241,26,240,235,190,177,179,187,199,218,253,277,288,248,164,77,22,4,3030,317,0
Equatorial Guinea,1980,5195,1666,2479,813,215,113,116,277,254,266,326,439,465,221,25,137,140,129,125,128,138,154,172,207,232,248,217,150,71,21,4,2694,229,0
Equatorial Guinea,1981,5303,1706,2527,821,216,117,118,277,259,270,333,452,477,228,24,137,140,134,125,130,140,158,175,212,240,253,224,153,75,21,3,2743,235,0
Equatorial Guinea,1982,5507,1773,2617,844,222,119,123,287,272,280,349,471,500,237,25,142,145,142,130,134,146,165,184,220,251,266,234,160,77,21,4,2839,242,0
Equatorial Guinea,1983,5780,1865,2747,882,231,125,130,300,290,291,364,495,526,251,27,150,150,152,138,140,151,173,191,231,264,279,247,169,82,23,4,2978,255,0
Equatorial Guinea,1984,6124,1992,2895,903,235,129,139,337,324,310,382,514,546,267,44,167,170,170,154,151,159,182,200,239,275,288,258,178,89,33,11,3130,268,2
Equatorial Guinea,1985,6411,2131,3056,925,236,129,143,358,348,326,392,525,563,281,54,177,181,180,168,161,165,187,205,244,281,297,266,185,96,38,16,3292,272,4
Equatorial Guinea,1986,6683,2247,3214,967,241,129,146,377,372,338,402,536,577,289,54,185,192,190,182,168,170,192,210,249,287,304,273,190,99,38,16,3455,275,5
Equatorial Guinea,1987,6936,2343,3363,1020,245,131,147,391,395,352,413,547,589,297,54,191,200,200,195,176,176,197,216,255,292,311,278,195,102,38,16,3608,278,6
Equatorial Guinea,1988,7149,2416,3488,1072,253,134,151,400,411,363,422,557,605,303,57,194,206,206,205,182,181,201,221,260,297,321,284,200,103,40,17,3741,285,6
Equatorial Guinea,1989,7353,2478,3594,1116,262,136,152,412,429,380,432,567,619,310,54,198,214,214,215,193,187,206,226,265,302,328,291,205,105,40,14,3856,288,6
Equatorial Guinea,1990,7536,2535,3685,1150,275,139,154,419,440,398,441,577,632,318,55,201,218,220,220,205,193,209,232,270,307,334,298,210,108,41,14,3960,293,5
Equatorial Guinea,1991,7738,2590,3769,1179,290,143,157,425,459,417,453,592,646,327,55,202,223,229,230,216,201,216,237,278,314,341,305,216,111,41,14,4059,300,5
Equatorial Guinea,1992,7929,2644,3849,1205,305,148,161,434,477,438,463,603,659,333,56,206,228,237,240,230,208,221,242,283,320,346,313,220,113,43,13,4154,309,4
Equatorial Guinea,1993,8109,2700,3929,1229,320,153,162,438,488,456,474,617,670,341,57,207,231,243,245,241,215,227,247,290,327,351,319,224,117,44,13,4249,315,4
Equatorial Guinea,1994,8323,2759,4012,1253,334,158,167,447,504,479,486,631,688,349,60,211,236,249,255,252,227,234,252,297,334,360,328,230,119,44,16,4346,325,4
Equatorial Guinea,1995,8511,2807,4077,1270,345,166,172,453,521,504,503,647,702,358,58,214,239,256,265,262,242,243,260,305,342,366,336,236,122,43,15,4422,338,4
Equatorial Guinea,1996,8721,2851,4138,1287,352,174,177,466,541,532,521,665,720,370,60,221,245,265,276,274,258,254,267,314,351,375,345,244,126,46,14,4490,351,4
Equatorial Guinea,1997,8873,2887,4182,1295,356,181,182,472,552,554,536,678,731,380,66,224,248,270,282,282,272,263,273,319,359,381,350,249,131,49,17,4538,363,4
Equatorial Guinea,1998,9037,2918,4215,1297,360,188,186,481,568,580,555,693,746,390,70,229,252,276,292,292,288,273,282,325,368,390,356,257,133,51,19,4575,374,5
Equatorial Guinea,1999,9188,2940,4229,1289,359,195,191,490,581,606,579,712,763,402,75,234,256,280,301,303,303,287,292,334,378,400,363,264,138,54,21,4588,386,6
Equatorial Guinea,2000,9307,2957,4237,1280,357,199,198,498,590,623,606,726,779,412,78,238,260,284,306,312,311,304,302,341,385,408,371,270,142,56,22,4594,397,7
Equatorial Guinea,2001,9512,3004,4269,1265,360,207,213,511,601,640,635,757,818,423,69,246,265,287,314,319,321,321,314,355,402,430,388,278,145,52,17,4629,420,6
Equatorial Guinea,2002,9701,3030,4282,1252,358,214,230,528,610,659,664,786,862,437,67,257,271,289,321,328,331,339,325,369,417,454,408,288,149,51,16,4640,444,5
Equatorial Guinea,2003,9889,3062,4294,1232,353,216,246,544,618,674,692,812,914,453,64,267,277,293,325,339,335,358,334,384,428,479,435,300,153,52,12,4647,462,4
Equatorial Guinea,2004,10122,3104,4317,1213,346,217,263,571,629,695,724,843,968,481,63,285,286,301,328,353,342,378,346,400,443,501,467,319,162,51,12,4663,480,3
Equatorial Guinea,2005,10407,3160,4369,1209,342,217,276,599,643,719,758,876,1026,515,65,304,295,310,333,368,351,392,366,414,462,524,502,345,170,54,11,4711,493,3
Equatorial Guinea,2006,10663,3219,4423,1204,330,211,282,626,649,738,787,903,1080,562,68,323,303,315,334,376,362,401,386,424,479,540,540,379,183,57,11,4753,493,2
Equatorial Guinea,2007,10998,3287,4511,1224,322,207,284,660,667,763,820,931,1132,624,72,344,316,324,343,383,380,407,413,431,500,557,575,424,200,60,12,4833,491,2
Equatorial Guinea,2008,11333,3341,4593,1252,314,202,282,694,682,788,853,959,1182,701,80,363,331,330,352,384,404,409,444,434,525,572,610,478,223,68,12,4907,484,2
Equatorial Guinea,2009,11763,3383,4663,1280,310,197,281,738,715,825,893,997,1242,805,94,385,353,345,370,392,433,415,478,448,549,596,646,545,260,81,13,4973,478,1
Equatorial Guinea,2010,12144,3405,4710,1305,313,192,273,773,742,854,928,1034,1290,919,112,396,377,358,384,398,456,428,500,470,564,619,671,610,309,96,16,5023,465,1
Equatorial Guinea,2011,12464,3408,4720,1312,323,186,266,793,764,872,954,1067,1335,1047,137,396,397,370,394,403,469,447,507,500,567,647,688,670,377,118,19,5043,452,2
Equatorial Guinea,2012,12509,3300,4580,1280,337,180,261,812,792,894,990,1106,1337,1059,161,393,419,387,405,419,475,482,508,546,560,664,673,657,402,130,31,4917,441,6
Equatorial Guinea,2013,12672,3283,4504,1221,352,178,256,828,827,921,1039,1160,1353,1065,181,388,440,408,419,439,482,526,513,598,562,686,667,645,420,141,40,4856,434,8
Equatorial Guinea,2014,12818,3248,4419,1171,362,176,252,841,867,953,1089,1217,1371,1057,199,382,459,432,435,462,491,566,523,642,575,702,669,628,429,152,47,4781,428,11
Equatorial Guinea,2015,12868,3205,4335,1130,368,178,245,833,896,969,1130,1267,1377,1039,214,370,463,451,445,475,494,591,539,665,602,704,673,609,430,162,52,4703,423,13
Equatorial Guinea,2016,12993,3155,4249,1094,366,185,240,825,935,998,1186,1337,1401,1027,230,362,463,473,462,490,508,611,575,684,653,705,696,598,429,174,56,4615,425,15
Equatorial Guinea,2017,13121,3097,4161,1064,357,193,237,821,986,1041,1246,1401,1414,1008,239,358,463,501,485,509,532,624,622,688,713,697,717,587,421,182,57,4518,430,16
Equatorial Guinea,2018,13226,3027,4053,1026,347,202,232,804,1025,1076,1305,1470,1438,1002,248,349,455,519,506,523,553,631,674,692,778,698,740,585,417,190,58,4400,434,17
Equatorial Guinea,2019,13265,2968,3961,993,338,211,232,779,1050,1102,1350,1522,1461,989,252,340,439,528,522,531,571,634,716,697,825,710,751,583,406,192,60,4299,443,18
Equatorial Guinea,2020,14407,2910,3872,962,329,218,230,744,1119,1283,1616,1864,1715,1122,274,325,419,539,580,609,674,740,876,851,1013,866,849,668,454,210,64,4201,448,18
Equatorial Guinea,2021,14750,2831,3757,926,319,220,243,740,1177,1364,1710,1998,1819,1131,255,321,419,555,622,644,720,784,926,934,1064,955,864,694,437,198,57,4076,463,15
Eritrea,1950,25310,8092,13909,5817,1763,751,687,1418,1211,1068,1119,1457,1426,451,47,737,681,624,587,550,518,531,588,693,764,786,640,311,140,39,8,15672,1438,1
Eritrea,1951,24982,7794,13455,5661,1798,763,701,1446,1236,1082,1121,1453,1425,456,41,751,695,637,599,559,523,534,587,689,764,782,643,326,130,35,6,15253,1464,1
Eritrea,1952,24922,7879,13265,5386,1823,774,715,1477,1261,1102,1129,1452,1421,465,40,768,709,651,610,570,532,538,591,685,767,779,642,347,118,34,6,15088,1489,1
Eritrea,1953,24951,7956,13177,5221,1833,786,725,1508,1287,1120,1137,1447,1415,476,38,785,723,665,622,581,539,543,594,679,768,778,637,365,111,34,4,15010,1511,1
Eritrea,1954,24939,8002,13122,5120,1819,796,734,1530,1306,1136,1138,1434,1404,487,34,797,733,675,631,590,546,544,594,671,763,773,631,375,112,30,4,14941,1530,1
Eritrea,1955,25059,8034,13134,5100,1790,811,747,1563,1336,1159,1152,1436,1404,498,30,814,749,691,645,603,556,552,600,673,763,774,630,382,116,27,3,14924,1558,0
Eritrea,1956,25176,8045,13168,5123,1737,826,759,1597,1367,1182,1165,1435,1405,511,30,830,767,707,660,615,567,559,606,673,762,776,629,386,125,27,3,14905,1585,0
Eritrea,1957,25197,8064,13198,5134,1685,830,763,1614,1381,1196,1167,1422,1396,516,25,838,776,714,667,623,573,563,604,671,751,772,624,384,132,23,2,14883,1593,0
Eritrea,1958,25360,8068,13212,5144,1680,839,777,1651,1415,1221,1184,1426,1403,526,26,855,796,730,685,635,586,573,611,678,748,777,626,385,141,23,3,14892,1616,0
Eritrea,1959,25469,8076,13229,5153,1677,837,789,1676,1439,1244,1197,1425,1404,531,27,866,810,743,696,648,596,583,614,682,743,777,627,385,146,24,3,14906,1626,0
Eritrea,1960,25541,8061,13223,5162,1688,824,798,1698,1462,1262,1208,1421,1399,533,30,876,822,755,707,658,604,590,618,682,739,773,626,384,149,27,3,14911,1622,0
Eritrea,1961,25706,8050,13235,5185,1724,799,813,1726,1493,1289,1227,1430,1403,535,31,890,836,771,722,671,618,601,626,689,741,774,629,385,150,29,2,14959,1612,0
Eritrea,1962,25954,8080,13284,5204,1772,785,829,1762,1527,1320,1253,1444,1408,540,32,907,855,789,738,688,632,616,637,696,748,772,636,388,152,30,2,15056,1614,0
Eritrea,1963,26235,8109,13343,5234,1821,779,840,1798,1566,1353,1279,1460,1413,546,34,924,874,810,756,707,646,630,649,704,756,771,642,391,155,32,2,15164,1619,0
Eritrea,1964,26441,8149,13414,5265,1855,770,841,1828,1595,1375,1298,1467,1412,550,36,941,887,826,769,719,656,640,658,708,759,768,644,395,155,34,2,15269,1611,0
Eritrea,1965,26794,8208,13522,5314,1911,779,837,1866,1633,1410,1329,1489,1419,556,36,961,905,845,788,737,673,656,673,720,769,772,647,399,157,34,2,15433,1616,0
Eritrea,1966,27126,8265,13629,5364,1962,801,819,1901,1669,1444,1358,1509,1427,563,38,980,921,863,806,756,688,671,687,730,779,777,650,403,160,35,3,15591,1620,0
Eritrea,1967,27562,8310,13749,5439,2029,826,808,1947,1717,1489,1397,1538,1445,574,40,1005,942,886,831,777,712,691,706,748,790,789,656,412,162,36,4,15778,1634,0
Eritrea,1968,27895,8333,13799,5466,2088,853,802,1982,1759,1528,1435,1566,1458,586,42,1019,963,905,854,797,731,709,726,763,803,801,657,420,166,38,4,15887,1655,0
Eritrea,1969,28158,8326,13806,5480,2146,875,797,2006,1796,1562,1468,1596,1472,592,43,1025,981,922,874,814,748,726,742,781,815,811,661,424,168,39,4,15952,1672,0
Eritrea,1970,28417,8334,13814,5480,2197,902,804,2018,1833,1601,1504,1623,1485,598,43,1018,1000,939,894,834,767,743,761,796,827,821,664,427,171,39,4,16011,1706,0
Eritrea,1971,28638,8319,13782,5463,2245,925,825,2015,1865,1637,1538,1654,1503,604,43,994,1021,955,910,853,784,761,777,814,840,831,672,429,175,39,4,16027,1750,0
Eritrea,1972,28879,8285,13730,5445,2297,952,849,2018,1904,1676,1578,1691,1524,611,44,977,1041,973,931,874,802,781,797,834,857,842,682,434,177,40,4,16027,1801,0
Eritrea,1973,29092,8260,13687,5427,2338,975,872,2015,1937,1717,1614,1727,1543,618,45,964,1051,989,948,895,822,800,814,854,873,852,691,437,181,41,4,16025,1847,0
Eritrea,1974,29736,8268,13679,5411,2361,997,929,2183,2078,1811,1683,1773,1569,625,45,1041,1142,1070,1008,948,863,837,846,879,894,867,702,440,185,41,4,16040,1926,0
Eritrea,1975,30404,8290,13686,5396,2387,1017,989,2344,2223,1907,1749,1827,1598,635,47,1131,1213,1153,1070,1000,907,873,876,908,919,883,715,447,188,43,4,16073,2006,0
Eritrea,1976,30669,8321,13719,5398,2418,1037,1012,2330,2249,1940,1787,1863,1619,643,47,1154,1176,1168,1081,1017,923,891,896,927,936,897,722,451,192,43,4,16137,2049,0
Eritrea,1977,30815,8352,13755,5403,2424,1046,1028,2307,2258,1960,1813,1889,1635,648,49,1170,1137,1173,1085,1024,936,905,908,939,950,907,728,458,190,45,4,16179,2074,0
Eritrea,1978,31113,8382,13789,5407,2460,1064,1052,2312,2280,1994,1849,1934,1667,662,51,1194,1118,1180,1100,1040,954,920,929,960,974,926,741,467,195,47,4,16249,2116,0
Eritrea,1979,31395,8438,13840,5402,2490,1079,1074,2322,2288,2021,1883,1972,1695,672,54,1218,1104,1176,1112,1051,970,937,946,978,994,943,752,475,197,49,5,16330,2153,0
Eritrea,1980,31527,8528,13978,5450,2554,1108,1066,2211,2195,2007,1906,2018,1738,693,56,1167,1044,1107,1088,1040,967,945,961,999,1019,968,770,489,204,50,6,16532,2174,0
Eritrea,1981,31975,8649,14110,5461,2600,1125,1091,2266,2187,2037,1948,2067,1780,706,58,1198,1068,1080,1107,1053,984,965,983,1023,1044,993,787,497,209,51,7,16710,2216,0
Eritrea,1982,32840,8777,14268,5491,2628,1140,1151,2480,2279,2130,2024,2131,1828,723,61,1316,1164,1110,1169,1103,1027,1006,1018,1057,1074,1021,807,508,215,54,7,16896,2291,0
Eritrea,1983,33154,8903,14417,5514,2642,1146,1163,2515,2248,2143,2048,2169,1864,736,62,1335,1180,1083,1165,1108,1035,1018,1030,1076,1093,1041,823,516,220,55,7,17059,2309,0
Eritrea,1984,33446,8976,14529,5553,2649,1151,1175,2552,2221,2159,2079,2209,1903,751,64,1353,1199,1064,1157,1117,1042,1034,1045,1096,1113,1063,840,526,225,57,7,17178,2326,0
Eritrea,1985,33810,9007,14602,5595,2676,1166,1191,2603,2206,2190,2123,2263,1955,771,66,1380,1223,1066,1140,1132,1058,1055,1068,1121,1142,1092,863,540,231,59,7,17278,2357,0
Eritrea,1986,33471,9000,14584,5584,2677,1165,1153,2453,2073,2130,2108,2281,1987,787,68,1295,1158,1020,1053,1099,1031,1043,1065,1127,1154,1108,879,551,236,61,7,17261,2318,0
Eritrea,1987,33873,8971,14507,5536,2662,1165,1195,2636,2131,2192,2155,2326,2028,806,69,1394,1242,1078,1053,1134,1058,1067,1088,1147,1179,1129,899,564,242,62,7,17169,2360,0
Eritrea,1988,33753,8926,14367,5441,2650,1161,1194,2638,2094,2174,2165,2353,2064,821,68,1393,1245,1079,1015,1120,1054,1069,1096,1158,1195,1146,918,575,246,61,7,17017,2355,1
Eritrea,1989,34765,8968,14512,5544,2698,1186,1262,2850,2188,2261,2266,2458,2158,851,69,1507,1343,1149,1039,1157,1104,1118,1148,1209,1249,1197,961,598,253,62,7,17210,2448,1
Eritrea,1990,32810,8602,13740,5138,2518,1115,1169,2590,2015,2077,2151,2384,2127,857,66,1365,1225,1063,952,1046,1031,1056,1095,1166,1218,1176,951,600,257,62,4,16258,2284,1
Eritrea,1991,32232,8310,13243,4933,2454,1097,1162,2572,1999,2019,2151,2413,2171,879,64,1359,1213,1056,943,994,1025,1054,1097,1178,1235,1197,974,617,262,61,3,15697,2259,0
Eritrea,1992,26178,6876,10859,3983,2022,910,903,1859,1522,1558,1767,2051,1884,780,61,976,883,795,727,743,815,859,908,996,1055,1035,849,545,235,57,4,12881,1813,0
Eritrea,1993,25609,6538,10312,3774,1988,903,900,1827,1499,1519,1778,2089,1938,804,54,961,866,781,718,715,804,862,916,1014,1075,1063,875,564,240,51,3,12300,1803,0
Eritrea,1994,25763,6476,10022,3546,1959,899,917,1908,1561,1525,1816,2153,2020,874,102,1001,907,816,745,715,810,882,934,1043,1110,1103,917,604,270,79,23,11981,1816,6
Eritrea,1995,25116,6152,9475,3323,1925,892,908,1868,1534,1481,1820,2185,2067,889,70,984,884,800,734,698,783,882,938,1055,1130,1127,940,618,271,67,3,11400,1800,2
Eritrea,1996,26675,6483,9690,3207,1897,889,959,2153,1753,1581,1923,2304,2220,1047,235,1120,1033,924,829,776,805,937,986,1109,1195,1200,1020,700,347,147,88,11587,1848,25
Eritrea,1997,25976,6127,9163,3036,1892,891,944,2098,1726,1546,1930,2339,2263,1035,133,1091,1007,905,821,772,774,939,991,1124,1215,1221,1042,703,332,106,27,11055,1835,15
Eritrea,1998,34658,5684,8617,2933,1896,952,1819,5758,3773,2614,2692,2801,2527,1098,98,3072,2686,2106,1667,1388,1226,1350,1342,1378,1423,1376,1151,756,342,91,7,10513,2771,7
Eritrea,1999,44222,5986,9969,3983,2388,1204,2559,8131,5205,3490,3484,3484,3002,1211,89,4351,3780,2910,2295,1884,1606,1748,1736,1731,1753,1652,1350,845,366,84,5,12357,3763,4
Eritrea,2000,26709,5256,8198,2942,2045,978,1080,2379,1931,1670,2085,2596,2521,1129,94,1242,1137,1010,921,867,803,989,1096,1238,1358,1359,1162,777,352,88,6,10243,2058,2
Eritrea,2001,24299,4832,7289,2457,1918,911,956,1954,1667,1512,1907,2489,2477,1130,86,1020,934,860,807,779,733,879,1028,1178,1311,1330,1147,778,352,81,5,9207,1867,1
Eritrea,2002,24824,4855,7161,2306,1940,912,985,2055,1745,1571,1925,2561,2591,1228,145,1072,983,903,842,811,760,870,1055,1209,1352,1388,1203,832,396,114,31,9101,1897,8
Eritrea,2003,24667,4767,6940,2173,1896,891,982,2065,1744,1584,1900,2592,2660,1272,137,1083,982,902,842,817,767,847,1053,1218,1374,1421,1239,862,410,117,20,8836,1873,7
Eritrea,2004,25582,4888,6994,2106,1878,891,1010,2210,1856,1671,1938,2686,2802,1397,230,1156,1054,963,893,864,807,862,1076,1261,1425,1490,1312,931,466,166,64,8872,1901,18
Eritrea,2005,25284,4808,6858,2050,1771,862,985,2182,1831,1666,1902,2709,2859,1437,203,1143,1039,951,880,858,808,855,1047,1271,1438,1515,1344,959,478,159,44,8629,1847,15
Eritrea,2006,24519,4668,6635,1967,1624,823,932,2070,1750,1621,1831,2686,2886,1468,186,1085,985,905,845,832,789,844,987,1257,1429,1522,1364,980,488,155,31,8259,1755,10
Eritrea,2007,24044,4455,6365,1910,1549,818,908,1996,1692,1602,1794,2709,2953,1501,148,1047,949,872,820,819,783,845,949,1266,1443,1550,1403,1008,493,138,10,7914,1726,5
Eritrea,2008,23943,4331,6192,1861,1491,803,902,1995,1683,1609,1783,2736,3033,1562,153,1046,949,866,817,820,789,855,928,1270,1466,1583,1450,1047,515,142,11,7683,1705,3
Eritrea,2009,23798,4276,6020,1744,1429,774,881,1965,1658,1604,1768,2747,3107,1644,192,1026,939,853,805,814,790,862,906,1263,1484,1610,1497,1093,551,166,26,7449,1655,4
Eritrea,2010,23635,4148,5807,1659,1395,749,875,1951,1641,1607,1777,2752,3186,1711,183,1016,935,843,798,813,794,873,904,1243,1509,1643,1543,1137,574,167,16,7202,1624,2
Eritrea,2011,23372,4047,5624,1577,1343,714,862,1896,1598,1592,1787,2724,3252,1781,193,986,910,819,779,801,791,876,911,1198,1526,1669,1583,1179,602,176,17,6967,1576,1
Eritrea,2012,23180,3910,5411,1501,1309,689,866,1855,1568,1585,1809,2714,3329,1854,193,966,889,803,765,795,790,887,922,1164,1550,1699,1630,1227,627,178,15,6720,1555,1
Eritrea,2013,23186,3765,5207,1442,1282,678,880,1857,1567,1597,1843,2721,3425,1932,192,970,887,805,762,798,799,903,940,1149,1572,1743,1682,1280,652,179,13,6489,1558,1
Eritrea,2014,22878,3653,5020,1367,1222,662,862,1785,1510,1572,1851,2692,3494,2008,200,937,848,775,735,781,791,906,945,1123,1569,1772,1722,1328,680,189,11,6242,1524,0
Eritrea,2015,22397,3479,4762,1283,1162,648,841,1706,1440,1531,1850,2649,3552,2057,193,904,802,738,702,756,775,902,948,1113,1536,1798,1754,1362,695,181,12,5924,1489,1
Eritrea,2016,22328,3356,4560,1204,1130,650,834,1706,1417,1528,1878,2637,3646,2143,198,919,787,727,690,751,777,913,965,1137,1500,1843,1803,1415,728,188,10,5690,1484,0
Eritrea,2017,22218,3235,4363,1128,1103,648,814,1688,1379,1514,1900,2624,3738,2232,208,924,764,705,674,739,775,920,980,1159,1465,1886,1852,1468,764,198,10,5466,1462,0
Eritrea,2018,21957,3145,4209,1064,1027,622,792,1665,1329,1478,1902,2599,3788,2322,227,923,742,677,652,717,761,918,984,1168,1431,1896,1892,1516,806,214,13,5236,1414,1
Eritrea,2019,22173,3095,4098,1003,999,615,803,1696,1330,1484,1940,2626,3880,2440,257,944,752,676,654,717,767,934,1006,1200,1426,1922,1958,1582,858,242,15,5097,1418,0
Eritrea,2020,22895,3034,3982,948,951,597,808,1704,1312,1476,2057,2938,4142,2639,288,946,758,665,647,709,767,965,1092,1350,1588,2060,2082,1694,945,267,21,4933,1405,0
Eritrea,2021,24415,2987,3894,907,901,577,814,1723,1310,1594,2351,3380,4560,2974,340,942,781,662,648,739,855,1096,1255,1554,1826,2217,2343,1898,1076,312,28,4795,1391,0
Estonia,1950,13713,652,797,145,69,63,124,323,369,813,1381,2463,3991,2832,483,176,147,134,235,332,481,609,772,1055,1408,1854,2137,1754,1078,401,82,866,187,2
Estonia,1951,13726,670,825,155,68,62,124,339,364,812,1387,2431,3931,2873,502,180,159,137,227,331,481,618,769,1043,1388,1813,2118,1786,1087,419,83,893,186,7
Estonia,1952,13536,674,831,157,67,60,122,349,351,797,1381,2364,3812,2880,509,180,169,143,208,326,471,621,760,1015,1349,1752,2060,1800,1080,419,90,898,182,11
Estonia,1953,13517,638,800,162,67,55,123,360,348,794,1398,2340,3756,2935,524,178,182,156,192,330,464,631,767,1006,1334,1729,2027,1844,1091,429,95,867,178,14
Estonia,1954,13431,627,788,161,69,52,123,366,347,780,1407,2305,3676,2967,536,176,190,167,180,326,454,635,772,990,1315,1689,1987,1863,1104,438,98,857,175,14
Estonia,1955,13293,630,785,155,72,51,123,370,354,765,1408,2267,3585,2959,543,175,195,179,175,317,448,634,774,976,1291,1649,1936,1848,1111,442,101,857,174,14
Estonia,1956,13198,575,730,155,75,50,119,372,365,746,1416,2244,3533,2982,551,173,199,189,176,303,443,633,783,969,1275,1628,1905,1841,1141,446,105,805,169,14
Estonia,1957,13251,542,692,150,77,49,118,375,391,734,1434,2251,3523,3026,562,175,200,205,186,287,447,630,804,980,1271,1625,1898,1841,1185,454,108,769,167,15
Estonia,1958,13210,532,675,143,80,49,113,376,419,711,1435,2248,3488,3033,566,177,199,218,201,262,449,621,814,988,1260,1609,1879,1817,1216,457,109,755,162,16
Estonia,1959,13118,521,653,132,72,51,101,363,440,701,1550,2521,3617,2639,402,169,194,222,218,248,453,647,903,1112,1409,1753,1864,1645,994,327,75,725,152,11
Estonia,1960,12763,517,640,123,70,50,94,345,451,654,1491,2442,3512,2605,399,163,182,227,224,229,425,624,867,1099,1343,1695,1817,1602,1003,323,76,710,144,9
Estonia,1961,13057,490,616,126,70,53,92,347,476,649,1511,2501,3620,2686,429,165,182,238,238,239,410,630,881,1139,1362,1730,1890,1642,1044,351,78,686,145,7
Estonia,1962,13531,483,610,127,70,58,91,354,504,654,1539,2597,3773,2820,462,168,186,245,259,265,389,636,903,1193,1404,1795,1978,1724,1096,381,81,680,149,7
Estonia,1963,13211,455,578,123,67,58,94,343,511,636,1495,2567,3661,2742,452,158,185,240,271,280,356,622,873,1181,1386,1742,1919,1685,1057,376,76,645,152,8
Estonia,1964,12721,425,539,114,64,53,96,322,490,603,1402,2489,3500,2683,469,142,180,221,269,281,322,586,816,1132,1357,1642,1858,1640,1043,393,76,603,149,9
Estonia,1965,13487,395,511,116,66,56,110,333,524,640,1458,2645,3695,2913,529,141,192,227,297,315,325,601,857,1188,1457,1719,1976,1768,1145,447,82,577,166,11
Estonia,1966,13777,395,506,111,65,55,120,336,539,676,1443,2710,3752,3008,555,139,197,225,314,337,339,579,864,1205,1505,1739,2013,1828,1180,464,91,571,175,12
Estonia,1967,13687,385,491,106,65,54,122,334,537,716,1374,2710,3709,3001,563,138,196,222,315,353,363,532,842,1193,1517,1716,1993,1822,1179,470,93,556,176,12
Estonia,1968,14232,396,501,105,65,55,128,347,557,793,1373,2797,3849,3157,601,152,195,235,322,388,405,508,865,1212,1585,1793,2056,1927,1230,501,100,566,183,12
Estonia,1969,15143,403,509,106,68,56,133,370,590,885,1424,2957,4094,3390,654,175,195,258,332,431,454,514,910,1263,1694,1948,2146,2057,1333,538,116,577,189,11
Estonia,1970,15175,430,533,103,64,56,130,372,587,934,1375,2940,4099,3414,662,189,183,264,323,452,482,489,886,1256,1684,1977,2122,2061,1353,543,119,597,186,12
Estonia,1971,15004,406,507,101,60,54,125,368,573,960,1325,2886,4065,3400,667,195,173,262,311,461,499,497,828,1228,1658,1977,2088,2043,1357,548,119,567,179,13
Estonia,1972,15480,423,527,104,59,56,124,376,584,1015,1331,2930,4208,3546,713,202,174,268,316,474,541,549,782,1239,1691,2068,2140,2118,1428,579,134,586,180,14
Estonia,1973,15519,402,507,105,57,55,125,384,567,1032,1309,2891,4263,3567,743,202,182,251,316,462,570,590,719,1228,1663,2094,2169,2116,1451,609,134,564,180,15
Estonia,1974,15364,410,514,104,53,53,124,392,556,1032,1292,2813,4265,3504,748,197,195,232,324,443,589,614,678,1201,1612,2078,2187,2056,1448,613,135,567,177,18
Estonia,1975,16535,419,531,112,56,53,132,437,588,1121,1394,2984,4621,3775,825,211,226,234,354,462,659,702,692,1260,1724,2228,2393,2196,1579,674,151,587,185,20
Estonia,1976,17312,440,553,113,58,52,134,467,602,1181,1511,3036,4854,3950,885,221,246,231,371,472,709,767,744,1247,1789,2319,2535,2285,1665,718,167,611,186,21
Estonia,1977,17003,425,534,109,58,50,131,463,588,1157,1583,2863,4803,3862,891,215,248,224,364,458,699,793,790,1127,1736,2263,2540,2229,1633,717,174,592,181,20
Estonia,1978,17761,437,549,112,60,50,132,485,602,1199,1761,2880,4994,4073,953,220,265,245,357,483,716,873,888,1083,1797,2322,2672,2364,1709,760,193,609,182,22
Estonia,1979,18006,462,575,113,62,49,130,492,609,1207,1866,2848,5044,4131,969,223,269,270,339,504,703,921,945,1043,1805,2315,2729,2437,1694,770,199,637,179,23
Estonia,1980,18191,455,570,115,63,48,123,493,615,1210,1989,2787,5095,4191,981,219,274,294,321,521,689,973,1016,1004,1783,2337,2758,2508,1683,786,195,633,171,24
Estonia,1981,18298,457,573,116,61,48,119,488,622,1210,2083,2736,5098,4236,999,214,274,311,311,528,682,1011,1072,1038,1698,2338,2760,2547,1689,800,199,634,167,27
Estonia,1982,17824,441,552,111,59,47,111,461,601,1161,2077,2598,4938,4193,999,203,258,309,292,510,651,982,1095,1088,1510,2254,2684,2538,1655,801,198,611,158,27
Estonia,1983,18104,465,578,113,60,48,107,452,630,1152,2143,2595,4966,4326,1018,198,254,317,313,486,666,975,1168,1185,1410,2271,2695,2608,1718,811,207,638,155,28
Estonia,1984,19040,419,538,119,61,50,106,460,678,1188,2258,2716,5190,4675,1085,201,259,329,349,472,716,985,1273,1307,1409,2374,2816,2812,1863,861,224,599,156,30
Estonia,1985,19293,432,547,115,63,50,107,450,718,1191,2311,2767,5200,4774,1085,192,258,336,382,451,740,969,1342,1411,1356,2350,2850,2860,1914,855,230,610,157,30
Estonia,1986,17959,401,506,105,57,46,98,404,681,1083,2156,2665,4718,4489,1029,170,234,309,372,398,685,878,1278,1371,1294,2071,2647,2675,1814,811,218,563,144,27
Estonia,1987,18273,416,521,105,59,45,100,393,691,1083,2171,2879,4610,4635,1062,162,231,306,385,391,692,876,1295,1460,1419,1927,2683,2729,1906,840,222,580,145,28
Estonia,1988,18533,362,465,103,59,46,101,385,699,1077,2182,3115,4531,4751,1092,156,229,303,396,415,662,896,1286,1563,1552,1805,2726,2761,1990,869,223,524,147,27
Estonia,1989,18505,361,459,98,57,45,103,378,704,1072,2186,3266,4409,4721,1078,152,226,304,400,452,620,933,1253,1628,1638,1711,2698,2711,2010,859,219,516,148,27
Estonia,1990,19497,312,412,100,60,49,105,389,747,1145,2307,3638,4476,4987,1149,161,228,318,429,523,622,1012,1295,1789,1849,1712,2764,2864,2123,919,230,472,154,29
Estonia,1991,19735,281,373,92,60,48,104,378,751,1167,2324,3823,4427,5054,1200,161,217,317,434,560,607,1033,1291,1863,1960,1782,2645,2898,2156,957,243,433,152,28
Estonia,1992,20169,274,360,86,60,51,106,374,759,1204,2385,4033,4439,5141,1229,165,209,318,441,591,613,1069,1316,1920,2113,1977,2462,2940,2201,996,233,420,157,29
Estonia,1993,21247,229,311,82,57,53,110,368,772,1313,2487,4357,4651,5431,1311,164,204,321,451,629,684,1069,1418,2002,2355,2255,2396,3110,2321,1064,247,368,163,26
Estonia,1994,22064,223,297,74,59,53,114,373,778,1421,2591,4593,4853,5570,1337,174,199,320,458,651,770,1049,1542,2047,2546,2481,2372,3183,2387,1089,248,356,167,25
Estonia,1995,20788,197,259,62,51,49,106,340,699,1379,2394,4347,4613,5229,1293,159,181,280,419,607,772,926,1468,1871,2476,2489,2124,2937,2292,1059,234,310,155,23
Estonia,1996,19028,167,217,50,43,45,94,299,596,1256,2108,3953,4410,4747,1240,140,159,234,362,536,720,791,1317,1653,2300,2391,2019,2578,2169,1002,238,260,139,22
Estonia,1997,18508,134,179,45,38,41,92,285,552,1209,2014,3811,4565,4439,1258,131,154,212,340,504,705,742,1272,1578,2233,2426,2139,2303,2136,1015,243,217,133,24
Estonia,1998,19416,137,177,40,35,41,96,295,553,1257,2065,3955,5075,4493,1349,136,159,208,345,515,742,811,1254,1658,2297,2650,2425,2239,2254,1090,259,212,137,27
Estonia,1999,18389,120,154,34,29,37,90,281,499,1171,1919,3705,4995,4156,1321,129,152,186,313,477,694,817,1102,1606,2099,2574,2421,2022,2134,1060,261,183,127,28
Estonia,2000,18359,130,162,32,26,32,83,281,484,1155,1893,3607,5202,4037,1366,130,151,185,299,469,686,869,1024,1608,1999,2621,2581,1928,2109,1097,269,188,115,29
Estonia,2001,18476,116,147,31,25,32,81,281,470,1152,1907,3591,5376,3976,1412,129,152,185,285,462,690,917,990,1623,1968,2683,2693,1989,1987,1122,290,172,113,32
Estonia,2002,18320,90,120,30,20,28,79,268,444,1104,1855,3499,5436,3984,1450,125,143,181,263,444,660,913,942,1590,1909,2651,2785,2168,1816,1142,308,140,107,37
Estonia,2003,18161,97,123,26,18,24,72,260,418,1057,1871,3362,5422,4023,1464,121,139,176,242,423,634,903,968,1473,1889,2562,2860,2344,1679,1149,315,141,96,39
Estonia,2004,17725,96,121,25,15,21,68,248,395,1011,1881,3233,5260,3995,1434,115,133,171,224,399,612,873,1008,1343,1890,2411,2849,2428,1567,1119,315,136,89,39
Estonia,2005,17280,93,116,23,16,18,62,236,373,941,1883,3079,5111,4017,1388,107,129,161,212,363,578,840,1043,1221,1858,2265,2846,2536,1481,1076,312,132,80,41
Estonia,2006,17324,69,91,22,14,18,59,230,366,903,1915,3022,5114,4222,1326,103,127,159,207,341,562,829,1086,1165,1857,2213,2901,2673,1549,1008,318,105,77,44
Estonia,2007,17400,80,100,20,12,15,53,225,360,871,1913,2990,5085,4491,1241,100,125,154,206,320,551,810,1103,1134,1856,2185,2900,2781,1710,924,317,112,68,46
Estonia,2008,16693,85,104,19,13,12,46,204,335,783,1794,2769,4813,4606,1166,88,116,143,192,282,501,748,1046,1117,1652,2091,2722,2782,1824,846,320,117,58,48
Estonia,2009,16149,62,80,18,10,11,39,186,315,718,1688,2622,4601,4699,1131,81,105,132,183,256,462,703,985,1142,1480,2064,2537,2770,1929,810,321,90,50,50
Estonia,2010,15800,64,80,16,10,11,32,172,298,660,1609,2524,4428,4819,1103,74,98,126,172,241,419,662,947,1176,1348,2033,2395,2782,2037,793,310,90,43,53
Estonia,2011,15282,47,62,15,9,10,28,155,282,605,1522,2421,4214,4806,1114,65,90,120,162,226,379,620,902,1180,1241,1957,2257,2731,2075,826,288,71,38,53
Estonia,2012,15494,52,67,15,9,9,25,149,275,585,1498,2418,4224,4973,1205,61,88,118,157,227,358,612,886,1203,1215,1972,2252,2765,2208,930,275,76,34,55
Estonia,2013,15302,35,48,13,8,7,21,133,259,539,1411,2405,4059,5028,1324,53,80,112,147,215,324,572,839,1171,1234,1817,2242,2706,2322,1049,275,56,28,60
Estonia,2014,15558,42,53,11,8,7,19,126,258,529,1400,2514,4062,5071,1446,48,78,110,148,219,310,561,839,1173,1341,1728,2334,2651,2420,1158,288,61,26,63
Estonia,2015,15297,39,49,10,7,6,17,112,243,500,1306,2533,3914,5004,1543,40,72,103,140,205,295,510,796,1138,1395,1584,2330,2533,2471,1258,285,56,23,60
Estonia,2016,15447,38,49,11,7,5,16,105,241,494,1255,2610,3877,5062,1670,37,68,101,140,204,290,481,774,1139,1471,1527,2350,2515,2547,1363,307,56,21,58
Estonia,2017,15631,36,45,9,6,6,15,96,236,484,1210,2615,3871,5152,1837,33,63,99,137,196,288,454,756,1115,1500,1499,2372,2537,2615,1485,352,51,21,56
Estonia,2018,15829,26,36,10,5,6,15,89,233,487,1182,2637,3856,5216,2014,30,59,93,140,195,292,434,748,1105,1532,1587,2269,2608,2608,1591,423,41,21,57
Estonia,2019,15474,23,31,8,5,5,14,75,223,474,1107,2544,3740,5118,2079,26,49,91,132,189,285,401,706,1063,1481,1660,2080,2634,2484,1617,462,36,19,57
Estonia,2020,16180,21,28,7,5,5,13,74,254,483,1146,2659,3794,5373,2285,27,47,97,157,198,285,431,715,1129,1530,1813,1981,2802,2571,1758,527,33,18,61
Estonia,2021,18826,20,25,5,5,9,15,72,235,509,1120,2970,4548,6472,2765,30,42,83,152,221,288,416,704,1201,1769,2459,2089,3308,3164,2113,652,30,24,76
Eswatini,1950,5842,2017,3100,1083,259,138,146,363,362,333,334,390,310,95,10,179,184,183,179,171,162,164,170,190,200,184,126,66,29,9,1,3359,284,0
Eswatini,1951,5939,2040,3168,1128,263,139,147,363,362,339,337,394,323,96,8,179,184,183,179,174,165,165,172,191,203,191,132,68,28,8,0,3431,286,0
Eswatini,1952,6026,2049,3209,1160,268,140,148,363,366,344,343,401,336,98,9,179,184,184,182,175,169,170,173,193,208,196,140,71,27,8,1,3477,288,0
Eswatini,1953,6102,2057,3234,1177,274,140,151,366,368,348,351,407,350,101,9,181,185,184,184,177,171,174,177,196,211,205,145,74,27,8,1,3508,291,0
Eswatini,1954,6154,2066,3249,1183,282,143,151,365,369,352,353,412,364,106,8,181,184,184,185,179,173,175,178,199,213,210,154,78,28,8,0,3531,294,0
Eswatini,1955,6232,2080,3263,1183,292,143,153,370,373,358,362,419,375,111,9,184,186,185,188,182,176,180,182,202,217,215,160,82,29,9,0,3555,296,0
Eswatini,1956,6291,2093,3277,1184,302,147,154,371,375,363,367,426,384,119,9,184,187,185,190,184,179,184,183,206,220,219,165,87,32,8,1,3579,301,0
Eswatini,1957,6356,2108,3289,1181,308,150,156,373,375,366,374,431,398,124,9,186,187,185,190,185,181,187,187,208,223,224,174,91,33,8,1,3597,306,0
Eswatini,1958,6410,2126,3308,1182,314,155,156,374,374,369,380,437,406,130,9,187,187,185,189,187,182,189,191,211,226,227,179,96,34,8,1,3622,311,0
Eswatini,1959,6458,2143,3325,1182,316,158,158,374,371,370,382,440,415,137,9,187,187,184,187,187,183,190,192,212,228,231,184,101,36,8,1,3641,316,0
Eswatini,1960,6533,2161,3344,1183,317,164,161,379,373,375,391,448,422,144,9,190,189,185,188,189,186,194,197,216,232,233,189,106,38,9,0,3661,325,0
Eswatini,1961,6575,2178,3361,1183,317,170,165,377,369,374,397,452,431,152,10,189,188,184,185,188,186,196,201,217,235,237,194,111,41,9,1,3678,335,0
Eswatini,1962,6609,2198,3380,1182,317,172,167,374,365,371,397,455,436,160,10,188,186,181,184,185,186,195,202,220,235,238,198,116,44,9,1,3697,339,0
Eswatini,1963,6692,2226,3407,1181,316,177,171,381,368,378,407,465,444,168,12,192,189,183,185,188,190,199,208,225,240,243,201,121,47,11,1,3723,348,0
Eswatini,1964,6711,2237,3416,1179,315,178,176,377,362,371,407,469,450,174,12,191,186,180,182,184,187,199,208,228,241,245,205,125,49,11,1,3731,354,0
Eswatini,1965,6721,2252,3430,1178,313,176,179,376,353,366,405,471,454,183,12,192,184,176,177,180,186,198,207,230,241,247,207,130,53,11,1,3743,355,0
Eswatini,1966,6726,2276,3451,1175,312,175,184,373,341,355,400,470,459,191,14,193,180,171,170,174,181,194,206,228,242,248,211,135,56,13,1,3763,359,0
Eswatini,1967,6741,2288,3459,1171,311,175,186,374,341,348,399,474,464,197,16,195,179,171,170,170,178,193,206,231,243,251,213,139,58,15,1,3770,361,0
Eswatini,1968,6764,2317,3485,1168,309,172,188,373,332,341,394,476,467,203,17,196,177,167,165,168,173,192,202,230,246,251,216,142,61,15,2,3794,360,0
Eswatini,1969,6800,2350,3511,1161,308,170,187,380,333,336,392,483,475,211,18,200,180,168,165,165,171,190,202,233,250,254,221,145,66,16,2,3819,357,0
Eswatini,1970,6852,2377,3533,1156,307,169,185,384,334,335,396,491,479,216,18,202,182,169,165,165,170,191,205,236,255,256,223,149,67,16,2,3840,354,0
Eswatini,1971,6899,2398,3548,1150,304,165,181,392,338,337,398,500,490,224,20,207,185,171,167,167,170,192,206,238,262,262,228,154,70,18,2,3852,346,0
Eswatini,1972,6927,2400,3538,1138,298,164,178,400,342,339,399,509,502,232,23,210,190,172,170,167,172,192,207,241,268,268,234,159,73,21,2,3836,342,0
Eswatini,1973,6910,2390,3510,1120,293,160,174,399,344,339,400,516,511,237,23,209,190,174,170,167,172,190,210,243,273,274,237,161,76,21,2,3803,334,0
Eswatini,1974,6921,2402,3498,1096,290,159,171,402,346,342,400,524,522,242,26,208,194,175,171,170,172,190,210,245,279,281,241,164,78,23,3,3788,330,0
Eswatini,1975,6894,2401,3474,1073,285,155,168,395,345,336,397,525,532,250,26,200,195,175,170,167,169,187,210,245,280,287,245,169,81,23,3,3759,323,0
Eswatini,1976,6835,2389,3441,1052,280,152,163,389,344,333,391,525,540,253,27,194,195,174,170,166,167,184,207,244,281,291,249,171,82,23,4,3721,315,0
Eswatini,1977,6742,2367,3395,1028,275,148,159,373,337,324,381,518,545,259,28,184,189,172,165,162,162,179,202,240,278,294,251,174,85,24,4,3670,307,0
Eswatini,1978,6649,2338,3338,1000,268,145,158,362,328,321,371,515,551,263,30,178,184,168,160,160,161,174,197,238,277,296,255,176,87,26,4,3606,303,0
Eswatini,1979,6576,2307,3278,971,263,144,155,351,327,316,362,512,563,269,32,173,178,167,160,158,158,170,192,236,276,300,263,180,89,28,4,3541,299,0
Eswatini,1980,6547,2277,3215,938,258,142,157,347,333,323,362,517,580,279,33,172,175,171,162,161,162,171,191,237,280,307,273,186,93,28,5,3473,299,0
Eswatini,1981,6518,2237,3144,907,254,141,158,344,342,330,364,523,595,291,35,172,172,175,167,165,165,173,191,239,284,313,282,194,97,30,5,3398,299,0
Eswatini,1982,6411,2174,3034,860,245,139,155,335,346,332,357,522,608,300,36,169,166,175,171,167,165,171,186,236,286,318,290,199,101,31,5,3279,294,0
Eswatini,1983,6895,2281,3277,996,291,161,167,350,368,359,377,544,644,318,39,178,172,185,183,180,179,183,194,244,300,336,308,212,106,33,6,3568,328,1
Eswatini,1984,6326,2056,2840,784,238,135,156,331,355,356,369,531,643,327,40,169,162,176,179,177,179,180,189,236,295,332,311,218,109,34,6,3078,291,1
Eswatini,1985,6176,1982,2709,727,219,128,152,330,356,361,372,525,644,333,42,169,161,172,184,181,180,184,188,231,294,331,313,223,110,36,6,2928,280,1
Eswatini,1986,6091,1904,2594,690,212,126,153,333,351,370,383,524,655,346,44,172,161,166,185,183,187,190,193,231,293,336,319,231,115,37,7,2806,279,1
Eswatini,1987,6014,1834,2486,652,204,123,153,332,348,378,400,523,665,357,44,172,160,163,185,187,191,199,201,232,291,341,324,238,119,37,7,2690,276,1
Eswatini,1988,5938,1769,2388,619,198,121,151,330,344,381,411,524,672,371,49,171,159,159,185,188,193,205,206,234,290,343,329,247,124,41,8,2586,272,1
Eswatini,1989,6063,1761,2356,595,195,121,156,357,366,413,443,538,684,386,49,183,174,170,196,204,209,221,222,245,293,347,337,255,131,41,8,2551,277,1
Eswatini,1990,6085,1708,2290,582,196,124,160,368,372,434,464,542,689,398,51,188,180,175,197,215,219,232,232,250,292,348,341,261,137,43,8,2486,284,1
Eswatini,1991,6378,1724,2306,582,199,129,171,410,415,491,515,573,702,412,54,207,203,197,218,244,247,258,257,270,303,354,348,269,143,46,8,2505,300,1
Eswatini,1992,6918,1795,2412,617,213,142,190,483,492,576,587,618,717,426,58,239,244,237,255,286,290,296,291,299,319,361,356,276,150,49,9,2625,332,1
Eswatini,1993,7690,1899,2562,663,229,156,218,585,617,706,695,686,735,436,62,282,303,301,316,353,353,352,343,340,346,372,363,280,156,52,10,2791,374,1
Eswatini,1994,8628,2007,2750,743,258,180,253,710,781,863,811,758,754,450,63,336,374,385,396,433,430,416,395,384,374,382,372,288,162,52,11,3008,433,1
Eswatini,1995,9255,2000,2818,818,288,206,282,780,884,974,902,819,772,460,68,365,415,437,447,482,492,467,435,417,402,395,377,293,167,57,11,3106,488,1
Eswatini,1996,10436,2100,3009,909,330,242,336,957,1108,1167,1047,904,791,472,70,441,516,551,557,575,592,547,500,470,434,409,382,299,173,59,11,3339,578,1
Eswatini,1997,11501,2208,3157,949,354,266,384,1128,1336,1343,1183,985,805,483,75,514,614,666,670,660,683,624,559,521,464,424,381,304,179,63,12,3511,650,1
Eswatini,1998,12617,2322,3325,1003,385,295,431,1289,1573,1533,1316,1079,819,494,78,584,705,780,793,757,776,699,617,580,499,438,381,309,185,66,12,3710,726,1
Eswatini,1999,13813,2460,3516,1056,414,323,485,1469,1813,1715,1470,1190,834,503,83,668,801,894,919,854,861,784,686,648,542,452,382,313,190,69,14,3930,808,1
Eswatini,2000,15013,2584,3707,1123,435,349,536,1651,2050,1892,1636,1312,847,510,90,751,900,1005,1045,955,937,876,760,719,593,465,382,314,196,74,16,4142,885,1
Eswatini,2001,16141,2666,3854,1188,452,375,585,1836,2284,2064,1795,1428,860,515,93,837,999,1115,1169,1057,1007,963,832,785,643,477,383,314,201,77,16,4306,960,2
Eswatini,2002,17488,2687,3883,1196,439,384,626,2088,2656,2349,2004,1567,874,516,95,939,1149,1289,1367,1224,1125,1079,925,862,705,489,385,311,205,79,16,4322,1010,2
Eswatini,2003,18677,2731,3953,1222,438,400,668,2322,2927,2575,2176,1701,895,519,99,1038,1284,1418,1509,1360,1215,1170,1006,935,766,509,386,310,209,82,17,4391,1068,2
Eswatini,2004,19652,2773,4004,1231,433,407,698,2525,3159,2766,2306,1813,913,518,103,1117,1408,1529,1630,1475,1291,1230,1076,996,817,529,384,305,213,85,18,4437,1105,2
Eswatini,2005,20276,2784,4013,1229,427,402,713,2681,3307,2897,2381,1898,930,518,106,1176,1505,1604,1703,1554,1343,1250,1131,1041,857,548,382,302,216,88,18,4440,1115,2
Eswatini,2006,19661,2562,3648,1086,393,377,697,2607,3169,2848,2375,1964,953,518,113,1146,1461,1537,1632,1520,1328,1222,1153,1074,890,572,381,300,218,92,21,4041,1074,2
Eswatini,2007,19434,2467,3488,1021,370,349,679,2609,3152,2843,2357,1990,964,516,118,1134,1475,1539,1613,1515,1328,1200,1157,1087,903,586,378,298,218,95,23,3858,1028,2
Eswatini,2008,19190,2450,3451,1001,361,330,665,2587,3091,2789,2305,1998,979,514,121,1117,1470,1526,1565,1478,1311,1164,1141,1087,911,600,379,297,217,98,23,3812,995,3
Eswatini,2009,19011,2320,3244,924,323,290,615,2626,3206,2840,2282,1971,974,511,125,1094,1532,1606,1600,1502,1338,1161,1121,1076,895,597,377,294,217,101,24,3567,905,3
Eswatini,2010,17582,2053,2844,791,290,263,566,2358,2872,2608,2168,1978,997,507,127,988,1370,1445,1427,1361,1247,1101,1067,1075,903,610,387,291,216,103,24,3134,829,3
Eswatini,2011,16578,1774,2427,653,243,226,497,2189,2779,2529,2096,1950,1004,506,130,900,1289,1404,1375,1310,1219,1074,1022,1057,893,610,394,289,217,104,26,2670,723,3
Eswatini,2012,15574,1602,2181,579,220,204,441,2010,2615,2365,1990,1901,1009,503,133,820,1190,1328,1287,1217,1148,1023,967,1023,878,606,403,287,216,106,27,2401,645,3
Eswatini,2013,14629,1521,2059,538,206,186,389,1816,2417,2169,1878,1850,1020,508,133,740,1076,1226,1191,1108,1061,968,910,987,863,606,414,291,217,106,27,2265,575,4
Eswatini,2014,13790,1502,2027,525,199,175,345,1624,2208,1967,1763,1793,1035,512,134,663,961,1116,1092,998,969,906,857,941,852,610,425,296,216,106,28,2226,520,4
Eswatini,2015,12760,1363,1835,472,180,158,303,1423,1993,1782,1652,1726,1048,521,136,579,844,1001,992,899,883,845,807,886,840,612,436,307,214,106,30,2015,461,4
Eswatini,2016,11992,1308,1756,448,172,147,274,1247,1801,1619,1555,1673,1072,534,137,505,742,894,907,815,804,790,765,842,831,622,450,318,216,106,31,1928,421,4
Eswatini,2017,11488,1332,1791,459,176,146,259,1112,1632,1477,1468,1634,1101,550,138,450,662,802,830,745,732,737,731,808,826,637,464,334,216,107,31,1967,405,4
Eswatini,2018,10865,1193,1606,413,161,135,239,986,1502,1387,1410,1598,1126,570,141,393,593,727,775,704,683,702,708,780,818,647,479,349,221,109,32,1767,374,5
Eswatini,2019,10480,1088,1464,376,149,125,223,907,1429,1336,1373,1572,1161,593,142,356,551,682,747,684,652,677,696,765,807,664,497,367,226,110,32,1613,348,5
Eswatini,2020,11361,1046,1408,362,144,123,208,819,1420,1455,1578,1873,1436,731,157,319,500,653,767,740,715,764,814,905,968,828,608,450,281,123,34,1552,331,5
Eswatini,2021,13566,1088,1466,378,150,131,259,978,1719,1793,1906,2270,1812,905,174,394,584,784,935,919,874,922,984,1100,1170,1042,770,563,342,137,37,1616,390,5
Ethiopia,1950,493657,174062,290366,116304,29780,12794,11953,25729,23146,21776,19936,25404,24464,7807,496,13229,12500,11758,11388,11125,10651,9468,10468,11945,13459,13664,10800,5693,2114,446,50,320146,24747,5
Ethiopia,1951,497833,175507,291512,116005,30344,12944,12110,26072,23425,22125,20260,25476,24864,8207,494,13405,12667,11909,11516,11237,10888,9779,10481,11979,13497,13797,11067,6026,2181,449,45,321856,25054,5
Ethiopia,1952,501795,175171,290330,115159,31240,13250,12410,26695,23968,22626,20868,25782,25438,8672,515,13727,12968,12198,11770,11481,11145,10319,10549,12150,13632,14051,11387,6438,2234,466,49,321570,25660,5
Ethiopia,1953,502779,174424,289043,114619,31383,13385,12544,26971,24186,22793,21320,25820,25720,9067,539,13876,13095,12323,11863,11589,11204,10811,10509,12206,13614,14154,11566,6779,2288,486,53,320426,25929,4
Ethiopia,1954,505362,173552,287820,114268,31579,13690,12785,27465,24609,23153,22000,26036,26139,9514,566,14140,13325,12547,12062,11797,11356,11339,10661,12334,13702,14336,11803,7106,2408,515,51,319399,26475,3
Ethiopia,1955,506602,172675,286370,113695,31552,13947,12959,27812,24912,23400,22603,26142,26406,9914,588,14324,13488,12707,12205,11935,11465,11711,10892,12392,13750,14437,11969,7351,2563,539,49,317922,26906,2
Ethiopia,1956,508980,171975,285172,113197,31662,14283,13185,28277,25311,23750,23332,26333,26729,10334,609,14569,13708,12913,12398,12119,11631,12040,11292,12470,13863,14558,12171,7587,2747,559,50,316834,27468,2
Ethiopia,1957,642968,210304,361747,151443,43567,20929,16368,33690,30484,29444,30024,32493,31859,11709,654,17392,16298,15457,15027,14870,14574,15276,14748,15442,17051,17439,14420,8621,3088,598,56,405314,37297,3
Ethiopia,1958,635833,207546,354686,147140,43166,20973,16477,33889,30604,29515,30556,32143,31372,11782,662,17505,16384,15515,15089,14902,14613,15253,15303,15229,16914,17136,14236,8574,3208,604,58,397852,37450,3
Ethiopia,1959,501958,168277,274122,105845,31353,14617,13648,29137,25948,24305,24978,26123,26278,10785,664,15040,14097,13228,12720,12388,11917,12265,12713,12318,13805,14201,12077,7704,3081,605,59,305475,28265,3
Ethiopia,1960,507670,169733,276444,106711,31456,14629,13950,29679,26361,24654,25576,26547,26569,11082,722,15330,14349,13440,12921,12570,12084,12417,13159,12620,13927,14322,12247,7859,3223,660,62,307900,28579,3
Ethiopia,1961,509484,170044,277878,107834,31081,14453,14059,29675,26348,24688,25809,26813,26620,11277,783,15331,14344,13430,12918,12586,12102,12447,13362,12935,13878,14328,12292,7956,3321,717,66,308959,28512,3
Ethiopia,1962,515851,170697,280093,109396,31234,14492,14415,30271,26839,25129,26312,27570,27036,11602,856,15636,14635,13687,13152,12823,12306,12673,13639,13604,13966,14561,12475,8159,3443,786,70,311327,28907,3
Ethiopia,1963,519966,171779,282636,110857,31155,14355,14498,30502,26980,25261,26460,28154,27207,11837,922,15758,14744,13771,13209,12901,12360,12771,13689,14222,13932,14671,12536,8302,3535,846,76,313791,28853,3
Ethiopia,1964,528632,173661,285640,111979,32059,14541,14727,31311,27591,25823,26982,29150,27647,12166,989,16198,15113,14093,13498,13196,12627,13056,13926,14955,14195,14914,12733,8512,3654,904,85,317699,29268,4
Ethiopia,1965,540938,176824,291449,114625,33304,14793,14908,32117,28211,26418,27590,30332,28214,12536,1057,16652,15465,14413,13798,13502,12916,13363,14227,15633,14699,15209,13005,8748,3788,960,97,324753,29701,5
Ethiopia,1966,607372,196289,329417,133128,39335,17351,16276,35130,30893,29224,30680,34079,30544,13302,1134,18275,16855,15754,15139,14884,14340,14868,15812,17538,16541,16496,14048,9292,4010,1023,111,368752,33627,5
Ethiopia,1967,565660,183479,302102,118623,36135,15222,15274,34172,29816,27826,28914,32815,29091,13123,1166,17810,16362,15251,14565,14229,13597,14011,14903,16613,16202,15590,13501,9096,4027,1046,120,338237,30496,6
Ethiopia,1968,580155,189457,311202,121745,37308,15400,15364,34838,30411,28326,29410,33929,29412,13338,1212,18141,16697,15565,14846,14481,13845,14242,15168,16846,17083,15692,13720,9208,4130,1080,132,348510,30764,6
Ethiopia,1969,599034,196005,322570,126565,38589,15855,15618,35667,31212,29055,30158,35243,30112,13674,1268,18475,17192,15981,15231,14846,14209,14600,15558,17208,18035,16082,14030,9410,4264,1126,142,361159,31473,7
Ethiopia,1970,617673,202047,332976,130929,39952,16452,15941,36608,32135,29852,30946,36492,31003,13994,1312,18802,17806,16464,15671,15253,14599,14984,15962,17620,18872,16680,14323,9612,4382,1164,148,372928,32393,9
Ethiopia,1971,634429,207803,342892,135089,41167,17074,16121,37207,32842,30513,31618,37468,31907,14256,1356,18914,18293,16825,16017,15588,14925,15318,16300,17976,19492,17392,14515,9787,4469,1202,154,384059,33195,9
Ethiopia,1972,686987,223674,373328,149654,45760,19328,17073,39255,34972,32651,33926,40127,34270,14870,1420,19752,19503,17886,17086,16652,15999,16449,17477,19258,20869,19084,15186,10239,4631,1258,162,419088,36401,10
Ethiopia,1973,702360,228424,381496,153072,47124,20031,17326,39840,35768,33346,34614,40842,35415,15094,1454,19928,19912,18294,17474,17017,16329,16802,17812,19645,21197,20125,15290,10407,4687,1289,165,428620,37357,11
Ethiopia,1974,783185,253335,429208,175873,54360,23488,19040,42730,38928,36538,38117,44609,38833,15811,1512,21379,21351,19893,19035,18597,17941,18519,19598,21563,23046,22411,16422,10944,4867,1340,172,483568,42528,11
Ethiopia,1975,803147,259077,437503,178426,56319,24327,19927,44219,40557,37779,39242,45645,40169,15918,1529,22181,22038,20798,19759,19247,18532,19090,20152,22115,23530,23290,16879,11019,4899,1354,175,493822,44254,12
Ethiopia,1976,744074,240403,396696,156293,50525,21494,19497,43988,40131,36272,36964,42870,38724,15423,1480,22160,21828,20784,19347,18612,17660,18015,18949,20744,22126,22292,16432,10621,4802,1324,156,447221,40991,9
Ethiopia,1977,765534,247885,408717,160832,52069,22267,20380,44421,41221,37199,37896,43927,40273,15643,1511,22438,21983,21393,19828,19093,18106,18463,19433,21249,22678,22898,17375,10737,4906,1348,163,460786,42647,7
Ethiopia,1978,774433,249984,412981,162997,52758,22757,21000,44519,41713,37677,38327,44345,41174,15641,1530,22564,21955,21624,20089,19345,18332,18665,19662,21439,22906,23030,18144,10705,4936,1356,174,465739,43757,8
Ethiopia,1979,765744,248754,411216,162462,51604,22356,20665,42425,40192,36800,37738,43978,41492,15717,1549,21585,20840,20654,19538,18873,17927,18344,19394,21212,22766,22865,18627,10763,4954,1367,182,462820,43021,10
Ethiopia,1980,760736,248271,410108,161837,51096,22299,20496,41546,39353,36272,37282,43521,41451,15755,1542,21315,20231,20032,19321,18602,17670,18107,19175,20980,22541,22628,18823,10855,4900,1358,184,461204,42795,11
Ethiopia,1981,752269,246414,407064,160650,50227,21984,20271,40911,38427,35623,36660,42803,40985,15774,1528,21255,19656,19358,19069,18267,17356,17803,18857,20637,22166,22254,18731,10974,4800,1343,185,457291,42255,12
Ethiopia,1982,782466,255165,421228,166063,52590,22921,21356,43158,39954,37214,38265,44630,42780,16765,1596,22754,20404,19934,20020,19075,18139,18590,19675,21539,23091,23211,19569,11818,4947,1403,193,473818,44277,13
Ethiopia,1983,1083930,347520,604654,257134,79880,36297,27946,53509,49797,48340,50731,58114,53234,19646,1760,28525,24984,24518,25279,24502,23838,24656,26075,28334,29780,29252,23982,14173,5473,1536,224,684534,64243,19
Ethiopia,1984,1087913,348621,601645,253024,81116,36588,28710,55274,50437,49259,51400,58582,53153,19978,1750,29550,25724,24868,25569,25019,24240,25019,26381,28632,29950,29323,23830,14488,5490,1529,221,682761,65298,20
Ethiopia,1985,1077483,347942,592077,244135,80690,36146,28919,55966,50205,49395,51169,58219,52588,20233,1841,29836,26130,24837,25368,25191,24204,24931,26238,28484,29735,29061,23527,14622,5611,1570,271,672767,65065,35
Ethiopia,1986,1090381,352062,597160,245098,81893,36660,29535,57618,50571,50296,51834,58920,53095,20853,1913,30570,27048,25104,25467,25749,24547,25268,26566,28847,30073,29342,23753,14939,5914,1640,273,679053,66195,34
Ethiopia,1987,833265,270285,436077,165792,58116,25108,24197,50024,42257,41230,41570,48091,45110,19514,1940,26338,23686,21194,21063,21395,19835,20275,21295,23346,24745,24645,20465,13648,5866,1656,284,494193,49305,30
Ethiopia,1988,876887,277380,452369,174989,61505,27024,25954,54713,45161,44096,44202,50924,47787,20956,2166,28662,26051,22766,22395,22886,21210,21585,22617,24728,26196,26034,21753,14457,6499,1837,329,513874,52978,30
Ethiopia,1989,910658,281981,463600,181619,64130,28287,27172,58692,47672,46082,46211,53312,50403,22571,2501,30680,28012,24219,23453,23817,22265,22562,23649,25859,27453,27336,23067,15375,7196,2104,397,527730,55459,32
Ethiopia,1990,957417,289155,479009,189854,68104,30046,29277,64981,51818,49212,49097,56362,53069,23739,2662,33975,31006,26627,25191,25273,23939,24015,25082,27345,29017,28780,24289,16116,7623,2241,421,547113,59323,34
Ethiopia,1991,934859,287859,471862,184003,67776,29503,27668,59925,49130,46805,47383,55128,52640,24175,2821,31187,28738,25417,23713,23805,23000,23121,24262,26647,28481,28431,24209,16326,7849,2376,445,539638,57171,37
Ethiopia,1992,950124,290808,474377,183569,71348,30084,27930,60038,50035,46966,47883,56272,54919,26586,3632,31051,28987,26200,23835,23708,23258,23314,24569,27131,29141,29414,25505,17719,8867,3023,609,545725,58014,46
Ethiopia,1993,956853,288899,470479,181580,74107,30467,28644,61163,51352,47633,48805,57447,56047,27047,3610,31506,29657,27114,24238,23948,23685,23773,25032,27674,29773,30053,25994,18108,8939,3017,593,544586,59111,49
Ethiopia,1994,963638,286578,464918,178340,77023,31096,29545,62303,52846,48441,49994,58843,57391,27594,3590,31951,30352,27936,24910,24380,24061,24391,25603,28326,30517,30820,26571,18542,9052,3017,573,541941,60641,52
Ethiopia,1995,970253,283188,457957,174769,79677,31937,30573,63826,54632,49310,51369,60343,58839,28168,3566,32626,31200,28803,25829,24890,24420,25134,26235,29027,31316,31646,27193,18972,9196,3014,552,537634,62510,54
Ethiopia,1996,968197,280222,450171,169949,80779,32548,31194,64582,55716,49591,52416,61304,59515,27662,2683,33029,31553,29212,26504,25073,24518,25750,26666,29480,31824,32124,27391,18863,8799,2442,241,530950,63742,32
Ethiopia,1997,968181,276424,441918,165494,81648,33451,31667,65450,56876,49832,53468,62365,60586,28106,2787,33599,31851,29624,27252,25231,24601,26360,27108,29974,32391,32721,27865,19142,8964,2519,268,523566,65118,26
Ethiopia,1998,973231,270320,431442,161122,83049,34754,32423,67540,58870,50769,54804,63947,62403,29512,3671,34903,32637,30525,28345,25784,24985,27022,27782,30712,33235,33644,28759,19881,9631,3088,583,514491,67177,46
Ethiopia,1999,1011162,266474,425395,158921,86634,36895,35724,78324,66135,55277,58432,67394,65515,31097,4271,40964,37360,34476,31659,28323,26954,28769,29663,32434,34960,35326,30189,20838,10259,3474,797,512029,72619,67
Ethiopia,2000,989714,259506,411330,151824,88615,38066,34503,71684,62876,54051,58065,68039,66665,31597,4144,37564,34120,32445,30431,27763,26288,28278,29787,32674,35365,35909,30756,21200,10397,3399,745,499945,72569,72
Ethiopia,2001,991425,253563,399638,146075,90003,39064,35333,72847,63898,55135,59019,69528,68574,33179,5104,38297,34550,32911,30987,28586,26549,28461,30558,33361,36167,36840,31734,22054,11125,4028,1076,489641,74397,109
Ethiopia,2002,992414,246822,386831,140009,90821,39731,36694,75258,65371,56590,60088,70960,70227,34227,5480,39594,35664,33621,31750,29673,26917,28711,31377,34031,36929,37675,32552,22693,11534,4280,1200,477652,76425,134
Ethiopia,2003,970241,237614,371088,133474,87989,38961,36717,73436,63717,56050,59535,71073,70867,34918,5732,38506,34930,32601,31116,29560,26490,28294,31241,34025,37048,37924,32943,23101,11817,4454,1278,459077,75678,157
Ethiopia,2004,960005,228723,355480,126757,86889,38969,37641,74183,63836,56807,59924,72249,72303,35778,5774,38751,35432,32532,31304,29975,26832,28501,31423,34601,37648,38623,33680,23686,12092,4509,1265,442369,76610,169
Ethiopia,2005,947564,220266,339795,119529,85038,38744,38169,74769,63626,57367,60001,73276,73606,36865,6118,39002,35767,32328,31298,30151,27216,28612,31389,35150,38126,39215,34391,24345,12520,4758,1360,424833,76913,186
Ethiopia,2006,919841,211951,325269,113318,79411,36856,37184,72724,61376,56396,58813,73421,74259,37669,6264,38011,34713,31155,30221,29410,26986,28091,30722,35250,38171,39426,34833,24838,12831,4880,1384,404680,74040,196
Ethiopia,2007,886257,203119,309469,106350,73040,34567,35731,70735,58856,55071,57080,72836,74259,38134,6276,37279,33456,29978,28878,28453,26618,27316,29764,34992,37844,39291,34968,25116,13018,4913,1363,382509,70298,200
Ethiopia,2008,855809,194001,294324,100323,67611,32662,34329,68781,56542,53932,55917,72519,74645,38493,5868,36680,32101,28962,27580,27618,26314,26819,29098,34751,37768,39386,35259,25414,13079,4696,1172,361935,66991,184
Ethiopia,2009,822752,184694,279260,94566,61331,30353,32785,66814,54090,52330,54782,71684,74742,38915,5501,36028,30786,27935,26155,26627,25703,26381,28401,34099,37585,39299,35443,25702,13213,4475,1026,340591,63138,163
Ethiopia,2010,802949,176970,265690,88720,57914,29086,32026,65881,52898,51604,54641,71883,75832,39873,5470,35710,30171,27502,25396,26160,25444,26477,28164,33840,38043,39754,36078,26331,13542,4516,954,323604,61112,148
Ethiopia,2011,781842,170309,253311,83002,54081,27622,30958,64514,51372,50533,54329,71781,76757,40901,5544,34972,29542,26801,24571,25507,25026,26568,27761,33367,38414,40095,36662,26976,13925,4617,927,307392,58580,139
Ethiopia,2012,766385,163080,240530,77450,50977,26493,30316,64302,50623,49986,54567,72167,78257,42295,5731,34660,29642,26416,24207,25104,24882,26991,27576,33119,39048,40717,37540,27845,14450,4792,939,291507,56809,135
Ethiopia,2013,750579,155961,228612,72651,47533,25212,29529,63760,49605,49218,54802,72459,79898,43851,5961,34057,29703,25803,23802,24551,24667,27322,27480,32979,39480,41409,38489,28800,15051,4998,963,276145,54741,133
Ethiopia,2014,748079,150932,218480,67548,46309,24894,29605,64818,50115,49576,56004,73676,82515,45750,6210,34335,30483,25948,24167,24600,24976,27948,28056,33489,40187,42700,39815,29987,15763,5229,981,264789,54499,127
Ethiopia,2015,738626,147406,210452,63046,43270,23804,28950,64536,49659,49051,56473,73849,84474,47460,6520,33992,30544,25671,23988,24203,24848,28093,28380,33573,40276,43661,40813,31001,16459,5486,1034,253722,52754,129
Ethiopia,2016,729424,144670,203578,58908,40029,22584,28190,64014,49203,48488,56934,73781,86435,49219,6841,33563,30451,25514,23689,23851,24637,28158,28776,33558,40223,44645,41790,32034,17185,5759,1082,243607,50774,131
Ethiopia,2017,732113,141219,196330,55111,39008,22271,28238,64631,50243,49110,58573,74927,89748,51669,7232,33771,30860,26245,23998,24213,24897,28740,29833,34107,40820,46352,43396,33537,18132,6099,1133,235338,50509,131
Ethiopia,2018,730182,138991,191119,52128,36812,21503,27796,64412,50491,49148,59582,75585,92110,53862,7626,33632,30780,26676,23815,24326,24822,29048,30534,34440,41145,47399,44711,34848,19014,6437,1189,227931,49299,131
Ethiopia,2019,735123,137876,187561,49685,35646,21070,27658,64574,51231,49671,60858,77287,94958,56395,8075,33636,30938,27317,23914,24742,24929,29557,31301,35300,41987,48503,46455,36381,20014,6824,1251,223207,48728,132
Ethiopia,2020,775334,135752,183992,48240,35787,21075,27070,63916,52056,52606,68107,90177,107478,63906,9029,33252,30664,27642,24414,26076,26530,32514,35593,41285,48892,55397,52081,40885,23021,7664,1365,219779,48145,136
Ethiopia,2021,815212,133841,180797,46956,32835,19768,27540,66794,55317,56751,74735,100519,119036,71120,9859,34590,32204,29291,26026,27900,28851,35504,39231,46432,54087,60713,58323,45458,25662,8391,1468,213632,47308,138
Europe (UN),1950,6473233,885509,1078953,193444,49414,48333,74500,222932,237425,434550,675204,1106390,1492076,900412,150493,116126,106806,91413,146012,190098,244452,302429,372775,490167,616223,740017,752059,570019,330393,120441,30052,1128367,122833,2549
Europe (UN),1951,6609794,828320,1044050,215730,47716,46227,71466,220607,230966,438866,697254,1139806,1570879,949571,149110,112552,108055,92995,137971,190918,247948,313756,383498,501668,638138,767656,803223,603263,346308,122584,26526,1091766,117693,3275
Europe (UN),1952,6265135,763639,964258,200619,44146,40326,66625,202265,208504,415066,676027,1089482,1503406,913895,137911,99835,102430,89336,119168,179070,235996,304982,371045,478627,610855,731726,771680,585902,327993,114602,23309,1008404,106951,3222
Europe (UN),1953,6220937,715627,903788,188161,43858,35967,64403,189515,194669,404931,677026,1089088,1527182,948318,139069,88789,100726,90341,104328,173457,231474,305017,372009,474139,614949,739527,787655,613905,334413,116262,22807,947646,100370,3121
Europe (UN),1954,6072645,682502,853461,170959,43406,29536,59857,175622,183047,390694,674088,1073666,1501962,946901,137483,79008,96614,90694,92353,165203,225491,303275,370813,465690,607976,728459,773503,617601,329300,115082,22401,896867,89393,2922
Europe (UN),1955,5987151,650061,810552,160491,46418,26803,57507,168091,177119,374015,670101,1057948,1497094,960698,138106,74227,93864,90765,86354,154417,219598,298004,372097,461028,596920,725183,771911,624467,336231,115410,22696,856970,84310,2697
Europe (UN),1956,5899594,575893,715999,140106,44926,23983,52148,154350,171834,350785,664329,1052098,1518718,1003492,144219,68435,85915,87839,83995,139623,211162,290345,373984,459404,592694,731943,786775,653339,350153,120376,23843,760925,76131,2712
Europe (UN),1957,5963269,578135,718422,140287,47569,25234,52006,157509,183422,344250,684276,1080439,1526060,999835,141588,71605,85904,93057,90365,130937,213313,295711,388565,475893,604546,743205,782855,649247,350588,118070,23518,765991,77240,2659
Europe (UN),1958,5647571,527024,650707,123683,43808,22958,44466,142492,178547,308400,648780,1015169,1456329,993510,139739,67040,75452,89681,88866,111533,196867,278053,370727,452918,562251,703318,753011,640914,352596,116150,23589,694515,67424,2666
Europe (UN),1959,5816056,519563,641674,122111,43130,26459,43724,144381,190617,303192,670175,1053263,1502574,1030782,162046,69129,75252,94266,96351,104813,198379,283184,386991,474670,578593,727893,774681,654820,375962,129927,32119,684804,70183,4038
Europe (UN),1960,5783828,474931,582984,108053,39708,26592,38550,136848,189354,289104,662017,1064566,1509900,1069741,169904,66679,70169,92137,97217,98955,190149,279638,382379,482859,581707,723569,786331,676623,393118,137313,32591,622692,65142,4560
Europe (UN),1961,5749292,453695,560149,106454,39208,28263,37084,135528,193572,281410,660420,1075700,1494632,1066151,172140,66862,68666,92957,100615,102294,179116,278760,381660,491397,584303,713369,781263,666653,399498,139249,32891,599357,65347,5035
Europe (UN),1962,6023706,434755,537333,102578,39101,29336,37562,135612,201414,282514,685202,1139563,1581891,1157642,190803,65372,70240,93748,107666,111903,170611,285837,399365,520030,619533,750541,831350,717950,439692,155028,35775,576434,66898,5731
Europe (UN),1963,6031219,408171,504693,96522,38022,29270,39647,131218,199937,276928,683807,1164277,1589314,1172329,196078,60269,70949,88874,111063,120244,156684,283791,400016,532516,631761,749255,840059,725890,446439,160537,35541,542715,68917,5696
Europe (UN),1964,5843514,379117,467164,88047,36083,28452,41806,126407,194216,267579,667462,1155314,1535809,1126407,191168,54648,71759,82464,111752,125092,142487,275919,391543,531422,623892,726515,809294,699362,427045,156404,34764,503247,70258,5647
Europe (UN),1965,6058752,352583,436282,83699,35884,28517,45664,123847,198993,275094,677660,1211314,1607072,1201119,211230,50174,73673,81474,117519,133589,141505,275292,402368,548046,663268,761457,845615,742200,458919,172483,38747,472166,74181,6074
Europe (UN),1966,6074808,336390,414568,78178,35025,28030,49583,122062,197882,284717,664200,1226438,1612205,1214587,219309,48334,73728,80014,117868,137979,146738,261830,402370,549276,677162,769999,842206,750580,464007,178432,40877,449593,77613,6202
Europe (UN),1967,6204646,333905,407658,73753,34833,28273,51652,122509,200207,306715,652547,1263677,1650038,1248936,231182,50091,72418,82306,117901,146441,160274,244816,407731,561756,701921,795442,854596,770106,478830,187764,43418,442491,79925,6418
Europe (UN),1968,6427622,323145,394117,70972,34299,28303,53621,120740,200788,329239,642112,1310815,1722317,1337114,247578,53778,66962,85236,115552,155012,174227,228895,413217,575932,734883,835337,886980,823474,513640,200753,46825,428416,81924,6578
Europe (UN),1969,6652543,316732,386717,69985,33932,28691,56337,123895,207341,360575,647522,1394137,1802475,1352397,251661,60378,63517,92487,114854,166384,194191,221448,426074,605293,788844,889071,913404,830675,521722,203501,48160,420649,85028,6862
Europe (UN),1970,6602177,305455,372477,67022,32673,28251,55814,124957,204252,368466,620257,1366822,1797092,1365151,258777,66867,58090,94214,110038,168803,199663,212005,408252,594221,772601,887729,909363,834082,531069,209049,49728,405150,84065,7188
Europe (UN),1971,6675051,296075,361515,65440,31483,27869,55751,127659,202752,381141,610134,1368792,1835423,1395958,269077,72293,55366,93661,109091,171127,210014,222665,387469,593537,775255,908054,927369,845555,550403,217239,51838,392998,83620,7497
Europe (UN),1972,6699913,281106,343743,62637,30173,26964,55488,131085,201244,386081,598537,1369029,1865629,1406106,278133,74607,56478,90760,110484,168730,217351,240475,358062,589801,779228,923393,942236,846047,560059,224338,53795,373916,82452,7700
Europe (UN),1973,6814598,273050,334919,61869,29016,26288,55038,136361,196919,390845,589554,1376289,1924787,1453116,293376,75873,60488,83409,113510,163832,227013,258963,330591,588881,787408,952382,972405,865099,588017,236912,56464,363935,81326,8090
Europe (UN),1974,6818259,267818,326977,59159,27166,24914,53410,139329,193429,389842,582452,1369541,1948979,1453710,300437,74209,65120,75356,118073,156504,233338,277045,305407,582552,786989,969212,979767,862064,591646,242858,57579,354143,78324,8073
Europe (UN),1975,7009188,261639,320970,59331,26872,24626,53918,150200,193649,399165,596261,1383810,2029814,1506533,314932,76087,74113,70042,123607,155187,243978,293229,303032,578186,805624,996216,1033598,894884,611649,254387,60545,347842,78544,8438
Europe (UN),1976,7085837,253335,311214,57879,26077,23572,53877,156327,191558,401673,623830,1359640,2068560,1531734,328900,75715,80612,67143,124415,153915,247758,305874,317956,550146,809494,1007807,1060753,908843,622891,264663,64237,337291,77449,8871
Europe (UN),1977,7039667,244524,301967,57443,25810,22727,53468,159710,189446,401661,656465,1303970,2070586,1515735,329191,75833,83877,69175,120271,156424,245237,315440,341025,503726,800244,1004063,1066523,907204,608531,264112,65079,327777,76195,8929
Europe (UN),1978,7183531,236827,293962,57135,25301,22355,53027,163092,187499,403700,701547,1272640,2137540,1568105,345478,76041,87051,75402,112097,162881,240819,330152,371395,467044,805596,1025231,1112309,945657,622448,276934,68544,319263,75382,9284
Europe (UN),1979,7268744,230209,286348,56139,24893,21801,52396,166401,187745,405060,744722,1239959,2177723,1596857,355119,76785,89616,84399,103346,172396,232664,344700,400022,437125,802834,1033031,1144692,964672,632185,283634,71485,311241,74197,9720
Europe (UN),1980,7422720,222571,278409,55838,25164,21316,51044,166756,190870,406672,775662,1224312,2231281,1670905,369972,76673,90083,95121,95749,178885,227787,355873,419789,430831,793481,1055099,1176182,1015881,655024,294754,75218,303573,72360,10356
Europe (UN),1981,7404116,210572,263848,53276,23915,20677,48932,162624,190584,397839,783058,1187468,2227164,1712879,374346,74679,87945,101361,89223,175389,222450,353953,429105,444444,743024,1048566,1178598,1042383,670496,297560,76786,287763,69609,10781
Europe (UN),1982,7373734,203191,253754,50563,23250,19792,46232,158722,194363,388240,785292,1154001,2223364,1738874,376713,72655,86067,103760,90603,167078,221162,345686,439606,474104,679897,1039813,1183551,1061048,677826,298356,78357,277004,66024,11135
Europe (UN),1983,7562097,195022,245090,50068,23032,19681,44852,159608,207792,387930,801795,1149704,2275652,1835807,399130,72311,87297,109002,98790,156849,231081,340324,461471,518953,630751,1056595,1219057,1117959,717848,314782,84348,268122,64533,12024
Europe (UN),1984,7584914,189659,238858,49199,22505,19342,42804,158237,223441,389657,807902,1141682,2267605,1858126,402320,70648,87589,112292,111149,145260,244397,329012,478890,555986,585696,1046801,1220804,1133059,725067,316303,86017,261363,62146,12434
Europe (UN),1985,7702883,177749,224707,46958,21701,19066,40983,151384,232137,378802,802861,1151385,2288128,1952478,426100,66781,84603,109309,122828,132136,246666,316970,485891,576592,574793,1033556,1254572,1176833,775645,334817,91283,246408,60049,13149
Europe (UN),1986,7423641,164290,205785,41495,19587,17503,38423,138180,224267,350315,757592,1145642,2156732,1932626,423882,60259,77921,100571,123696,119670,230645,295569,462023,568764,576878,942385,1214347,1154144,778482,333583,90299,225372,55926,13106
Europe (UN),1987,7407417,161295,201822,40527,18894,17100,38050,136377,229655,345572,756126,1200905,2069366,1949802,429983,58770,77607,100850,128805,121925,223647,298668,457458,583663,617242,861817,1207549,1158755,791047,338281,91702,220716,55150,13765
Europe (UN),1988,7475880,151113,191133,40020,18635,16917,37611,135536,237028,341795,751125,1272094,2001094,2008025,450099,58041,77495,102210,134818,131261,210534,306612,444513,604618,667476,789415,1211679,1183666,824359,354285,95814,209768,54528,14786
Europe (UN),1989,7527904,137887,176126,38239,18221,16830,38003,135288,241663,341845,749497,1327710,1934963,2059905,472130,57778,77510,103601,138062,146357,195488,320223,429274,617602,710108,728959,1206004,1200839,859066,371832,100298,194347,54833,15723
Europe (UN),1990,7681197,126549,163178,36629,17919,17052,38687,136238,248694,352036,755665,1380475,1921131,2131500,502018,58353,77885,106005,142689,167354,184682,332636,423029,638663,741812,723280,1197851,1239447,892053,396810,105208,181097,55739,16603
Europe (UN),1991,7796555,116027,150204,34177,17759,16916,39005,136832,254440,365934,760329,1422365,1904636,2183663,527449,59055,77777,109121,145319,185416,180518,338575,421754,651313,771052,759906,1144730,1264880,918783,418145,109304,167963,55921,17023
Europe (UN),1992,7935829,107681,141356,33675,18624,17316,41010,146218,270380,392993,776879,1464796,1886420,2215940,546723,64328,81890,116596,153784,202568,190425,339791,437088,659007,805789,823305,1063115,1277990,937950,434065,112658,159980,58326,17172
Europe (UN),1993,8412609,101134,134016,32882,19530,18361,42882,148951,289991,442635,818610,1561029,1953246,2366981,598185,65806,83145,123568,166423,227448,215187,339777,478833,679355,881674,929645,1023601,1354133,1012848,476221,121964,153546,61243,18192
Europe (UN),1994,8492472,95385,124328,28943,18179,17953,42194,144710,292954,482159,828417,1575884,1947516,2388694,611723,64507,80203,123069,169885,237178,244981,317628,510789,660676,915208,993503,954013,1360400,1028294,488150,123573,142507,60147,17761
Europe (UN),1995,8553348,87061,113170,26109,17170,17567,42811,147310,289247,509940,810610,1567143,1972167,2406769,641641,66682,80628,120166,169081,236003,273937,290119,520491,636520,930623,1031931,940236,1342267,1064502,510645,130996,130340,60378,17802
Europe (UN),1996,8394631,80933,104102,23169,14939,16241,39236,135583,265102,504752,768117,1514929,2010788,2340848,661688,61376,74207,107086,158016,221212,283540,267638,500479,607937,906992,1047392,963396,1262247,1078601,524393,137295,119041,55477,18306
Europe (UN),1997,8240385,74642,96077,21435,13315,15199,36998,125308,241593,494816,734744,1469112,2075016,2236203,682888,57171,68137,94690,146903,210252,284564,265764,468980,597258,871854,1056837,1018179,1150071,1086132,538631,144257,109392,52197,19116
Europe (UN),1998,8193142,69735,89164,19429,11633,14477,35485,122473,227424,492745,707743,1435924,2168476,2155830,711638,56242,66231,87948,139476,204847,287898,279418,428325,604768,831156,1076374,1092102,1052097,1103733,558675,152963,100797,49962,20130
Europe (UN),1999,8402774,65891,84882,18991,11087,14564,37280,131038,231887,513149,719187,1457019,2292750,2138037,750413,60298,70740,89774,142113,211584,301565,316050,403137,644282,812737,1115127,1177623,1004108,1133929,587381,163032,95969,51844,21479
Europe (UN),2000,8401888,63022,80620,17598,9814,13507,36067,129805,225208,512864,726077,1445629,2338494,2094346,767098,59374,70431,88149,137059,210528,302336,354453,371624,660242,785387,1128768,1209726,984981,1109365,600219,166879,90434,49574,22358
Europe (UN),2001,8364598,60197,76719,16522,8961,12650,34458,125290,215343,505277,732737,1416967,2353822,2067868,790397,56658,68632,85801,129542,207042,298235,381013,351724,652690,764277,1118741,1235081,1021812,1046056,615496,174901,85680,47108,24108
Europe (UN),2002,8520890,58033,73681,15648,8589,11676,33846,126167,211452,506385,763057,1417843,2403239,2105717,832914,56717,69450,86515,124937,206942,299443,401396,361661,637757,780086,1116661,1286578,1118074,987643,646110,186804,82270,45522,26320
Europe (UN),2003,8655471,55519,70225,14706,8005,10713,32063,123555,205566,500559,807174,1403202,2425287,2161707,878869,54961,68594,85639,119927,201988,298571,416204,390970,594999,808203,1087598,1337689,1227530,934177,679610,199259,78230,42776,28546
Europe (UN),2004,8381364,53841,67431,13590,7277,9229,29935,118521,196199,479572,830777,1351140,2323094,2095306,844517,52091,66430,82988,113211,190656,288916,410561,420216,531559,819581,1009878,1313216,1254160,841146,649626,194891,74708,39164,28365
Europe (UN),2005,8494391,50968,64091,13123,7061,8466,28249,115336,193082,466552,876560,1324866,2317560,2187224,874542,50081,65255,82803,110279,181430,285122,406325,470235,488805,836061,979046,1338514,1319453,867771,664409,210133,71152,36715,30801
Europe (UN),2006,8237212,49069,61132,12063,6395,7504,25377,105870,181824,433034,871871,1248018,2218684,2215672,829890,45556,60314,78048,103776,164426,268608,384898,486973,450909,797109,927317,1291367,1316858,898814,616508,213382,67527,32881,31940
Europe (UN),2007,8187820,48203,59674,11471,5782,6894,22998,100836,174512,408816,862040,1207408,2174512,2324560,805356,43128,57708,75177,99335,152643,256173,369944,492096,452881,754527,920180,1254332,1341736,982824,579832,225524,65456,29892,34430
Europe (UN),2008,8195293,47266,58448,11182,5464,6260,20900,96835,171097,391045,861431,1171133,2141852,2441131,792178,40868,55967,74102,96995,144607,246438,363191,498240,478252,692881,935678,1206174,1371909,1069222,551658,240520,63912,27160,37519
Europe (UN),2009,8099043,45804,56594,10790,5161,5925,18395,90355,164163,365928,835358,1137752,2090143,2512977,776806,37847,52508,70691,93472,135617,230311,348367,486991,511588,626164,950476,1139667,1376668,1136309,530378,246428,61755,24320,39484
Europe (UN),2010,8128387,43837,54416,10579,4831,5418,16165,85452,160792,348877,818942,1137800,2072351,2573686,807425,35554,49898,68964,91828,131127,217750,340656,478286,561127,576673,964106,1108245,1395550,1178136,559561,247864,59247,21583,42232
Europe (UN),2011,7958960,41595,51473,9878,4626,5026,14514,78678,152455,323961,782115,1120044,1995333,2549385,837306,32331,46347,65094,87361,124006,199955,325051,457064,582101,537943,928476,1066857,1359786,1189599,602543,234763,56099,19540,44042
Europe (UN),2012,8078292,42866,52544,9678,4458,4750,13032,72653,147030,309407,760593,1145792,1982415,2619644,917671,28701,43952,62180,84850,120418,188989,314274,446319,595995,549797,897683,1084732,1368404,1251240,687991,229680,57002,17782,48302
Europe (UN),2013,8033963,40364,50175,9811,4339,4353,11988,67158,142401,295355,738626,1182236,1935932,2595308,955771,25524,41634,59587,82814,116553,178802,300977,437649,602461,579775,832838,1103094,1323017,1272291,739834,215937,54514,16341,50321
Europe (UN),2014,7955740,38446,48018,9572,4229,4190,11390,63432,139555,285483,714876,1218173,1888353,2537147,988706,23542,39890,58173,81382,114620,170863,288527,426349,596400,621773,764407,1123946,1264178,1272969,774943,213763,52247,15580,52187
Europe (UN),2015,8177599,35889,45093,9204,4059,4058,10886,58709,134396,278549,694735,1274892,1882050,2629346,1105555,21280,37429,55207,79189,111996,166553,274780,419955,590566,684326,723537,1158513,1280409,1348937,860252,245303,49152,14944,55270
Europe (UN),2016,8009194,34204,42786,8582,3970,3830,10065,53569,129090,269980,665949,1289432,1809385,2557818,1122120,19172,34397,52834,76256,109300,160680,257497,408452,571942,717490,683661,1125724,1237221,1320597,855260,266860,46756,13895,51198
Europe (UN),2017,8076159,31097,39098,8001,3922,3778,9706,48944,124087,261881,637696,1285549,1788881,2608335,1213851,17759,31185,50399,73688,105845,156036,244170,393526,558704,726845,697526,1091355,1266017,1342318,905720,308131,43020,13484,50430
Europe (UN),2018,8112356,28406,35990,7584,3932,3760,9600,46233,122652,262070,627793,1311850,1782988,2614390,1242587,17130,29103,49469,73183,106944,155126,237800,389993,562494,749356,743211,1039777,1306203,1308187,913580,329007,39922,13360,48510
Europe (UN),2019,8020246,26762,33599,6837,3780,3670,8980,42933,117803,255778,602206,1293756,1759862,2595673,1253838,16448,26485,46959,70844,103849,151929,228455,373751,551047,742709,794313,965549,1334539,1261134,911746,342092,37379,12650,48368
Europe (UN),2020,9119281,25110,30613,5503,3736,4246,11959,53359,159481,306048,670772,1419981,2000198,2971458,1429343,20234,33125,63961,95520,129464,176584,259818,410954,607134,812847,964526,1035672,1536501,1434957,1038780,390563,34349,16205,58085
Europe (UN),2021,9656398,24527,29805,5278,3846,4632,12196,52633,173104,340765,715388,1557857,2153766,3094194,1452052,20537,32096,66607,106497,144673,196092,280726,434662,677389,880468,1087739,1066027,1621404,1472790,1053004,399048,33651,16828,66160
Falkland Islands,1950,39,5,11,6,0,0,0,0,0,0,0,2,10,5,1,0,0,0,0,0,0,0,0,0,2,5,5,5,0,1,0,11,0,0
Falkland Islands,1951,38,5,9,4,0,0,0,0,0,0,0,1,10,5,0,0,0,0,0,0,0,0,0,0,1,5,5,5,0,0,0,9,0,0
Falkland Islands,1952,38,6,9,3,0,0,0,0,0,0,0,0,10,6,0,0,0,0,0,0,0,0,0,0,0,5,5,5,1,0,0,9,0,0
Falkland Islands,1953,39,5,7,2,0,0,0,0,0,0,0,2,10,7,0,0,0,0,0,0,0,0,0,0,2,5,5,5,2,0,0,7,0,0
Falkland Islands,1954,39,5,7,2,0,0,0,0,0,0,0,3,10,5,0,0,0,0,0,0,0,0,0,2,1,5,5,5,0,0,0,7,0,0
Falkland Islands,1955,39,5,7,2,0,0,0,0,0,0,1,4,10,3,0,0,0,0,0,0,0,0,1,3,1,5,5,3,0,0,0,7,0,0
Falkland Islands,1956,38,5,7,2,0,0,0,0,0,0,1,5,9,4,0,0,0,0,0,0,0,0,1,3,2,4,5,4,0,0,0,7,0,0
Falkland Islands,1957,37,5,7,2,0,0,0,0,0,0,2,8,9,4,0,0,0,0,0,0,0,0,2,5,3,4,5,4,0,0,0,7,0,0
Falkland Islands,1958,37,5,7,2,0,0,0,0,0,0,2,10,9,4,0,0,0,0,0,0,0,0,2,5,5,4,5,4,0,0,0,7,0,0
Falkland Islands,1959,37,5,7,2,0,0,0,0,0,0,3,10,10,4,0,0,0,0,0,0,0,0,3,5,5,5,5,4,0,0,0,7,0,0
Falkland Islands,1960,37,5,7,2,0,0,0,0,0,0,3,10,10,4,0,0,0,0,0,0,0,0,3,5,5,5,5,4,0,0,0,7,0,0
Falkland Islands,1961,37,5,7,2,0,0,0,0,0,0,3,10,10,1,0,0,0,0,0,0,0,0,3,5,5,5,5,1,0,0,0,7,0,0
Falkland Islands,1962,37,5,7,2,0,0,0,0,0,0,3,10,10,2,0,0,0,0,0,0,0,0,3,5,5,5,5,2,0,0,0,7,0,0
Falkland Islands,1963,37,5,7,2,0,0,0,0,0,0,4,10,10,1,0,0,0,0,0,0,0,0,4,5,5,5,5,1,0,0,0,7,0,0
Falkland Islands,1964,37,5,7,2,0,0,0,0,0,0,4,10,9,0,0,0,0,0,0,0,0,0,4,5,5,5,4,0,0,0,0,7,0,0
Falkland Islands,1965,37,5,7,2,0,0,0,0,0,0,4,10,8,0,0,0,0,0,0,0,0,0,4,5,5,5,3,0,0,0,0,7,0,0
Falkland Islands,1966,37,5,7,2,0,0,0,0,0,0,3,10,8,0,0,0,0,0,0,0,0,0,3,5,5,5,3,0,0,0,0,7,0,0
Falkland Islands,1967,36,4,6,2,0,0,0,0,0,0,3,10,9,0,0,0,0,0,0,0,0,0,3,5,5,5,4,0,0,0,0,6,0,0
Falkland Islands,1968,37,5,7,2,0,0,0,0,0,0,4,10,10,0,0,0,0,0,0,0,0,0,4,5,5,5,5,0,0,0,0,7,0,0
Falkland Islands,1969,37,5,7,2,0,0,0,0,0,0,3,10,10,0,0,0,0,0,0,0,0,0,3,5,5,5,5,0,0,0,0,7,0,0
Falkland Islands,1970,37,4,6,2,0,0,0,0,0,0,3,10,10,1,0,0,0,0,0,0,0,0,3,5,5,5,5,1,0,0,0,6,0,0
Falkland Islands,1971,37,4,6,2,0,0,0,0,0,0,2,10,10,2,0,0,0,0,0,0,0,0,2,5,5,5,5,2,0,0,0,6,0,0
Falkland Islands,1972,37,4,6,2,0,0,0,0,0,0,2,10,10,2,0,0,0,0,0,0,0,0,2,5,5,5,5,2,0,0,0,6,0,0
Falkland Islands,1973,37,4,6,2,0,0,0,0,0,0,2,10,10,3,0,0,0,0,0,0,0,0,2,5,5,5,5,3,0,0,0,6,0,0
Falkland Islands,1974,37,4,6,2,0,0,0,0,0,0,1,10,10,3,0,0,0,0,0,0,0,0,1,5,5,5,5,3,0,0,0,6,0,0
Falkland Islands,1975,37,4,5,1,0,0,0,0,0,0,1,10,10,3,0,0,0,0,0,0,0,0,1,5,5,5,5,3,0,0,0,5,0,0
Falkland Islands,1976,37,4,5,1,0,0,0,0,0,0,1,10,10,3,0,0,0,0,0,0,0,0,1,5,5,5,5,3,0,0,0,5,0,0
Falkland Islands,1977,38,3,4,1,0,0,0,0,0,0,1,10,10,3,0,0,0,0,0,0,0,0,1,5,5,5,5,3,0,0,0,4,0,0
Falkland Islands,1978,38,3,4,1,0,0,0,0,0,0,3,10,10,4,0,0,0,0,0,0,0,0,3,5,5,5,5,4,0,0,0,4,0,0
Falkland Islands,1979,39,3,4,1,0,0,0,0,0,0,3,10,10,5,0,0,0,0,0,0,0,0,3,5,5,5,5,5,0,0,0,4,0,0
Falkland Islands,1980,40,3,4,1,0,0,0,0,0,0,5,10,10,5,0,0,0,0,0,0,0,0,5,5,5,5,5,5,0,0,0,4,0,0
Falkland Islands,1981,41,3,4,1,0,0,0,0,0,0,5,10,10,5,0,0,0,0,0,0,0,0,5,5,5,5,5,5,0,0,0,4,0,0
Falkland Islands,1982,42,3,4,1,0,0,0,0,0,0,5,10,10,5,0,0,0,0,0,0,0,0,5,5,5,5,5,5,0,0,0,4,0,0
Falkland Islands,1983,43,3,4,1,0,0,0,0,0,0,5,10,10,6,0,0,0,0,0,0,0,0,5,5,5,5,5,5,1,0,0,4,0,0
Falkland Islands,1984,44,3,4,1,0,0,0,0,0,0,4,10,10,6,0,0,0,0,0,0,0,0,4,5,5,5,5,5,1,0,0,4,0,0
Falkland Islands,1985,44,3,4,1,0,0,0,0,0,0,3,10,10,6,0,0,0,0,0,0,0,0,3,5,5,5,5,5,1,0,0,4,0,0
Falkland Islands,1986,44,3,5,2,0,0,0,0,0,0,2,10,10,6,0,0,0,0,0,0,0,0,2,5,5,5,5,5,1,0,0,5,0,0
Falkland Islands,1987,44,3,5,2,0,0,0,0,0,1,1,10,10,6,0,0,0,0,0,0,1,0,1,5,5,5,5,5,1,0,0,5,0,0
Falkland Islands,1988,44,3,4,1,0,0,0,0,0,0,3,10,10,6,0,0,0,0,0,0,0,2,1,5,5,5,5,5,1,0,0,4,0,0
Falkland Islands,1989,43,3,4,1,0,0,0,0,0,0,3,10,10,6,0,0,0,0,0,0,0,2,1,5,5,5,5,5,1,0,0,4,0,0
Falkland Islands,1990,42,3,4,1,0,0,0,0,0,0,6,9,10,6,0,0,0,0,0,0,0,4,2,4,5,5,5,5,1,0,0,4,0,0
Falkland Islands,1991,41,3,4,1,0,0,0,0,0,0,6,8,10,6,0,0,0,0,0,0,0,3,3,3,5,5,5,5,1,0,0,4,0,0
Falkland Islands,1992,40,3,4,1,0,0,0,0,0,0,6,7,10,6,0,0,0,0,0,0,0,2,4,2,5,5,5,5,1,0,0,4,0,0
Falkland Islands,1993,38,3,3,0,0,0,0,0,0,0,6,7,10,6,0,0,0,0,0,0,0,1,5,2,5,5,5,5,1,0,0,3,0,0
Falkland Islands,1994,36,2,2,0,0,0,0,0,0,0,4,7,10,6,0,0,0,0,0,0,0,0,4,2,5,5,5,5,1,0,0,2,0,0
Falkland Islands,1995,35,2,2,0,0,0,0,0,0,0,3,7,10,6,0,0,0,0,0,0,0,0,3,3,4,5,5,5,1,0,0,2,0,0
Falkland Islands,1996,33,2,2,0,0,0,0,0,0,0,2,7,10,6,0,0,0,0,0,0,0,0,2,4,3,5,5,5,1,0,0,2,0,0
Falkland Islands,1997,31,2,2,0,0,0,0,0,0,0,1,7,10,6,0,0,0,0,0,0,0,0,1,5,2,5,5,5,1,0,0,2,0,0
Falkland Islands,1998,30,1,1,0,0,0,0,0,0,0,0,7,10,6,0,0,0,0,0,0,0,0,0,5,2,5,5,5,1,0,0,1,0,0
Falkland Islands,1999,28,1,1,0,0,0,0,0,0,0,0,6,10,6,0,0,0,0,0,0,0,0,0,4,2,5,5,5,1,0,0,1,0,0
Falkland Islands,2000,27,1,1,0,0,0,0,0,0,0,0,6,9,6,0,0,0,0,0,0,0,0,0,3,3,4,5,5,1,0,0,1,0,0
Falkland Islands,2001,25,1,1,0,0,0,0,0,0,0,0,6,8,6,0,0,0,0,0,0,0,0,0,2,4,3,5,5,1,0,0,1,0,0
Falkland Islands,2002,25,1,1,0,0,0,0,0,0,0,0,6,7,6,0,0,0,0,0,0,0,0,0,1,5,2,5,5,1,0,0,1,0,0
Falkland Islands,2003,24,1,1,0,0,0,0,0,0,0,0,5,8,6,0,0,0,0,0,0,0,0,0,0,5,3,5,5,1,0,0,1,0,0
Falkland Islands,2004,24,1,1,0,0,0,0,0,0,0,0,4,9,6,0,0,0,0,0,0,0,0,0,0,4,4,5,5,1,0,0,1,0,0
Falkland Islands,2005,23,1,1,0,0,0,0,0,0,0,0,3,10,6,0,0,0,0,0,0,0,0,0,0,3,5,5,5,1,0,0,1,0,0
Falkland Islands,2006,23,0,0,0,0,0,0,0,0,0,0,3,10,7,0,0,0,0,0,0,0,0,0,0,3,5,5,5,2,0,0,0,0,0
Falkland Islands,2007,22,0,0,0,0,0,0,0,0,0,0,3,10,7,0,0,0,0,0,0,0,0,0,0,3,5,5,5,2,0,0,0,0,0
Falkland Islands,2008,22,0,0,0,0,0,0,0,0,0,0,3,10,7,0,0,0,0,0,0,0,0,0,0,3,5,5,5,2,0,0,0,0,0
Falkland Islands,2009,22,0,0,0,0,0,0,0,0,0,0,2,10,8,0,0,0,0,0,0,0,0,0,0,2,5,5,5,3,0,0,0,0,0
Falkland Islands,2010,22,0,0,0,0,0,0,0,0,0,0,1,10,8,0,0,0,0,0,0,0,0,0,0,1,5,5,5,3,0,0,0,0,0
Falkland Islands,2011,22,0,0,0,0,0,0,0,0,0,0,0,10,9,0,0,0,0,0,0,0,0,0,0,0,5,5,5,4,0,0,0,0,0
Falkland Islands,2012,22,0,0,0,0,0,0,0,0,0,0,0,9,9,0,0,0,0,0,0,0,0,0,0,0,4,5,5,4,0,0,0,0,0
Falkland Islands,2013,23,0,0,0,0,0,0,0,0,0,0,0,9,10,0,0,0,0,0,0,0,0,0,0,0,4,5,5,5,0,0,0,0,0
Falkland Islands,2014,23,0,0,0,0,0,0,0,0,0,0,0,9,10,0,0,0,0,0,0,0,0,0,0,0,4,5,5,5,0,0,0,0,0
Falkland Islands,2015,24,0,0,0,0,0,0,0,0,0,0,0,10,10,1,0,0,0,0,0,0,0,0,0,0,5,5,5,5,1,0,0,0,0
Falkland Islands,2016,24,0,0,0,0,0,0,0,0,0,0,0,9,10,0,0,0,0,0,0,0,0,0,0,0,4,5,5,5,0,0,0,0,0
Falkland Islands,2017,25,0,0,0,0,0,0,0,0,0,0,0,8,10,0,0,0,0,0,0,0,0,0,0,0,3,5,5,5,0,0,0,0,0
Falkland Islands,2018,26,0,0,0,0,0,0,0,0,0,0,0,7,10,1,0,0,0,0,0,0,0,0,0,0,2,5,5,5,1,0,0,0,0
Falkland Islands,2019,26,0,0,0,0,0,0,0,0,0,0,0,6,9,0,0,0,0,0,0,0,0,0,0,0,1,5,5,4,0,0,0,0,0
Falkland Islands,2020,27,0,0,0,0,0,0,0,0,0,0,0,6,10,0,0,0,0,0,0,0,0,0,0,0,1,5,5,5,0,0,0,0,0
Falkland Islands,2021,28,0,0,0,0,0,0,0,0,0,0,0,7,10,0,0,0,0,0,0,0,0,0,0,0,2,5,5,5,0,0,0,0,0
Faroe Islands,1950,432,54,77,23,8,5,7,20,20,23,37,62,94,65,14,10,10,10,10,10,13,17,20,26,36,45,49,38,27,11,3,85,12,0
Faroe Islands,1951,463,74,99,25,9,5,7,20,20,28,38,62,97,65,14,10,10,10,10,13,15,17,21,26,36,47,50,39,26,11,3,108,12,0
Faroe Islands,1952,415,41,55,14,7,5,7,20,20,29,40,63,97,63,10,10,10,10,10,14,15,18,22,27,36,47,50,39,24,9,1,62,12,0
Faroe Islands,1953,405,41,52,11,6,5,5,20,20,27,40,61,96,65,12,10,10,10,10,12,15,17,23,27,34,46,50,42,23,10,2,58,10,0
Faroe Islands,1954,442,57,78,21,8,5,5,18,20,28,39,62,98,68,13,8,10,10,10,13,15,17,22,28,34,48,50,45,23,10,3,86,10,0
Faroe Islands,1955,378,41,55,14,6,5,5,10,14,20,34,57,94,71,11,5,5,5,9,10,10,15,19,25,32,44,50,46,25,9,2,61,10,0
Faroe Islands,1956,278,19,23,4,1,0,3,9,10,14,25,45,76,63,10,4,5,5,5,5,9,10,15,20,25,36,40,39,24,9,1,24,3,0
Faroe Islands,1957,255,19,24,5,0,0,0,0,7,10,22,40,71,63,10,0,0,2,5,5,5,10,12,18,22,31,40,38,25,9,1,24,0,0
Faroe Islands,1958,256,19,23,4,0,0,0,0,6,11,22,41,71,63,11,0,0,1,5,5,6,10,12,18,23,31,40,38,25,9,2,23,0,0
Faroe Islands,1959,264,22,27,5,0,0,0,0,5,10,22,42,72,66,11,0,0,0,5,5,5,10,12,18,24,31,41,38,28,9,2,27,0,0
Faroe Islands,1960,264,21,26,5,0,0,0,0,5,10,22,42,72,66,11,0,0,0,5,5,5,10,12,18,24,30,42,38,28,9,2,26,0,0
Faroe Islands,1961,258,17,22,5,0,0,0,0,4,10,22,42,72,67,11,0,0,0,4,5,5,10,12,18,24,31,41,40,27,10,1,22,0,0
Faroe Islands,1962,252,16,20,4,0,0,0,0,3,10,22,41,69,64,12,0,0,0,3,5,5,10,12,17,24,31,38,38,26,10,2,20,0,0
Faroe Islands,1963,251,14,17,3,0,0,0,0,3,10,23,42,69,64,13,0,0,0,3,5,5,10,13,17,25,31,38,38,26,11,2,17,0,0
Faroe Islands,1964,255,15,19,4,0,0,0,0,2,10,23,42,71,64,13,0,0,0,2,5,5,10,13,17,25,33,38,39,25,11,2,19,0,0
Faroe Islands,1965,258,16,20,4,0,0,0,0,2,10,23,42,72,64,13,0,0,0,2,5,5,10,13,17,25,33,39,39,25,11,2,20,0,0
Faroe Islands,1966,262,16,19,3,0,0,0,0,2,10,23,43,76,66,13,0,0,0,2,5,5,10,13,18,25,35,41,40,26,11,2,19,0,0
Faroe Islands,1967,266,15,18,3,0,0,0,0,2,11,24,43,77,69,13,0,0,0,2,5,6,10,14,18,25,35,42,42,27,10,3,18,0,0
Faroe Islands,1968,269,15,18,3,0,0,0,0,1,11,24,44,77,70,14,0,0,0,1,5,6,10,14,19,25,35,42,42,28,11,3,18,0,0
Faroe Islands,1969,269,13,16,3,0,0,0,0,1,10,24,44,77,71,16,0,0,0,1,5,5,10,14,19,25,34,43,43,28,13,3,16,0,0
Faroe Islands,1970,273,14,17,3,0,0,0,0,1,10,24,46,77,73,18,0,0,0,1,5,5,10,14,20,26,34,43,44,29,14,4,17,0,0
Faroe Islands,1971,278,13,16,3,0,0,0,0,1,10,24,47,79,76,17,0,0,0,1,5,5,10,14,21,26,35,44,45,31,14,3,16,0,0
Faroe Islands,1972,284,13,16,3,0,0,0,0,1,10,25,49,79,77,17,0,0,0,1,5,5,10,15,22,27,35,44,45,32,14,3,16,0,0
Faroe Islands,1973,281,9,11,2,0,0,0,0,1,11,26,50,78,77,18,0,0,0,1,5,6,10,16,22,28,35,43,44,33,14,4,11,0,0
Faroe Islands,1974,286,9,11,2,0,0,0,0,1,11,27,52,78,78,18,0,0,0,1,5,6,11,16,23,29,35,43,44,34,14,4,11,0,0
Faroe Islands,1975,286,8,9,1,0,0,0,0,2,11,26,52,78,77,18,0,0,0,2,5,6,10,16,23,29,35,43,44,33,15,3,9,0,1
Faroe Islands,1976,295,9,11,2,0,0,0,0,3,10,26,53,81,82,19,0,0,0,3,5,5,10,16,23,30,36,45,47,35,16,3,11,0,1
Faroe Islands,1977,306,10,12,2,0,0,0,0,4,10,27,55,84,85,20,0,0,0,4,5,5,10,17,23,32,37,47,49,36,16,4,12,0,1
Faroe Islands,1978,311,10,12,2,0,0,0,0,5,10,27,57,85,85,21,0,0,0,5,5,5,10,17,24,33,38,47,49,36,17,4,12,0,1
Faroe Islands,1979,314,9,11,2,0,0,0,0,5,10,27,57,86,88,21,0,0,0,5,5,5,10,17,24,33,40,46,50,38,18,3,11,0,1
Faroe Islands,1980,302,6,6,0,0,0,0,0,6,10,26,56,84,87,22,0,0,1,5,5,5,10,16,23,33,40,44,50,37,17,5,6,0,1
Faroe Islands,1981,313,8,9,1,0,0,0,0,8,10,26,59,89,90,23,0,0,3,5,5,5,10,16,25,34,43,46,50,40,18,5,9,0,1
Faroe Islands,1982,331,9,10,1,0,0,0,0,8,10,26,60,95,91,24,0,0,3,5,5,5,10,16,25,35,47,48,50,41,19,5,10,0,1
Faroe Islands,1983,340,8,9,1,0,0,1,1,8,10,26,61,97,94,27,1,0,3,5,5,5,10,16,26,35,47,50,51,43,21,6,9,1,1
Faroe Islands,1984,350,7,8,1,0,0,2,2,8,10,26,64,104,97,26,2,0,3,5,5,5,10,16,26,38,50,54,53,44,21,5,8,2,1
Faroe Islands,1985,345,6,6,0,0,0,2,2,8,10,26,61,102,94,29,2,0,3,5,5,5,10,16,25,36,48,54,52,42,22,7,6,2,1
Faroe Islands,1986,351,6,6,0,0,0,2,3,7,10,26,60,104,95,29,3,0,2,5,5,5,10,16,24,36,48,56,52,43,23,6,6,2,1
Faroe Islands,1987,382,8,9,1,0,0,1,7,10,11,27,66,116,105,31,5,2,5,5,5,6,10,17,26,40,54,62,57,48,26,5,9,1,1
Faroe Islands,1988,419,14,17,3,0,0,2,7,10,12,27,68,127,115,33,5,2,5,5,5,7,10,17,26,42,56,71,64,51,26,7,17,2,1
Faroe Islands,1989,388,9,10,1,0,0,0,4,7,12,26,62,118,113,32,4,0,2,5,5,7,10,16,24,38,53,65,62,51,25,7,10,0,1
Faroe Islands,1990,408,10,12,2,0,0,0,4,9,14,26,63,125,119,35,4,0,4,5,5,9,10,16,24,39,57,68,67,52,27,8,12,0,1
Faroe Islands,1991,454,9,16,7,1,0,4,10,10,14,28,70,138,126,38,5,5,5,5,5,9,11,17,27,43,63,75,74,52,30,8,17,4,1
Faroe Islands,1992,495,8,13,5,0,0,2,10,10,19,33,76,152,142,42,5,5,5,5,8,11,15,18,30,46,69,83,84,58,32,10,13,2,1
Faroe Islands,1993,441,6,12,6,1,0,4,10,10,16,30,68,130,126,37,5,5,5,5,6,10,13,17,27,41,60,70,74,52,29,8,13,4,1
Faroe Islands,1994,415,6,6,0,0,0,0,0,9,15,29,61,124,124,39,0,0,4,5,5,10,13,16,25,36,55,69,71,53,31,8,6,0,1
Faroe Islands,1995,424,5,5,0,0,0,0,0,5,14,26,58,128,134,44,0,0,0,5,5,9,11,15,23,35,55,73,76,58,34,10,5,0,1
Faroe Islands,1996,450,5,6,1,0,0,0,0,5,14,27,61,137,148,45,0,0,0,5,5,9,12,15,23,38,58,79,83,65,34,11,6,0,1
Faroe Islands,1997,398,4,5,1,0,0,0,0,6,13,27,56,115,127,41,0,0,1,5,5,8,12,15,21,35,48,67,70,57,30,11,5,0,1
Faroe Islands,1998,420,5,5,0,0,0,0,0,5,13,26,56,123,139,44,0,0,0,5,5,8,11,15,22,34,50,73,74,65,33,11,5,0,1
Faroe Islands,1999,438,4,4,0,0,0,0,0,5,12,28,56,124,150,47,0,0,0,5,5,7,11,17,22,34,49,75,80,70,35,12,4,0,1
Faroe Islands,2000,415,3,3,0,0,0,0,0,6,12,30,53,113,143,48,0,0,1,5,5,7,12,18,22,31,46,67,77,66,36,12,3,0,2
Faroe Islands,2001,468,4,5,1,0,0,0,0,5,12,31,55,130,169,51,0,0,0,5,5,7,13,18,22,33,52,78,90,79,39,12,5,0,2
Faroe Islands,2002,491,5,7,2,0,0,0,0,5,12,30,58,136,180,56,0,0,0,5,5,7,13,17,24,34,54,82,97,83,44,12,7,0,2
Faroe Islands,2003,418,3,3,0,0,0,0,0,5,12,29,55,108,145,53,0,0,0,5,5,7,12,17,25,30,46,62,79,66,40,13,3,0,2
Faroe Islands,2004,494,4,6,2,0,0,0,0,5,13,30,56,127,182,64,0,0,0,5,5,8,12,18,25,31,52,75,99,83,50,14,6,0,2
Faroe Islands,2005,560,6,9,3,0,0,0,0,4,13,32,69,144,209,71,0,0,0,4,5,8,12,20,30,39,59,85,112,97,54,17,9,0,2
Faroe Islands,2006,463,4,4,0,0,0,0,0,3,12,30,59,114,167,61,0,0,0,3,5,7,11,19,27,32,46,68,87,80,47,14,4,0,3
Faroe Islands,2007,465,5,5,0,0,0,0,0,2,11,29,57,112,172,64,0,0,0,2,5,6,11,18,26,31,45,67,88,84,49,15,5,0,3
Faroe Islands,2008,484,5,5,0,0,0,0,0,1,11,28,62,117,182,70,0,0,0,1,5,6,10,18,27,35,46,71,90,92,54,16,5,0,3
Faroe Islands,2009,469,3,3,0,0,0,0,0,2,11,28,60,106,173,75,0,0,0,2,5,6,11,17,26,34,43,63,84,89,58,17,3,0,2
Faroe Islands,2010,553,4,6,2,0,0,0,0,1,11,29,72,134,205,87,0,0,0,1,5,6,11,18,30,42,54,80,100,105,69,18,6,0,3
Faroe Islands,2011,506,4,4,0,0,0,0,0,1,11,28,68,117,184,83,0,0,0,1,5,6,11,17,28,40,48,69,90,94,63,20,4,0,3
Faroe Islands,2012,482,4,4,0,0,0,0,0,0,11,26,63,109,175,82,0,0,0,0,5,6,10,16,26,37,46,63,86,89,60,22,4,0,3
Faroe Islands,2013,499,5,5,0,0,0,0,0,0,11,26,65,115,182,84,0,0,0,0,5,6,10,16,27,38,51,64,89,93,61,23,5,0,3
Faroe Islands,2014,464,3,3,0,0,0,0,0,0,10,26,61,107,163,86,0,0,0,0,5,5,10,16,25,36,49,58,80,83,60,26,3,0,2
Faroe Islands,2015,493,3,3,0,0,0,0,0,0,9,25,62,113,177,92,0,0,0,0,4,5,10,15,24,38,52,61,86,91,66,26,3,0,4
Faroe Islands,2016,486,3,3,0,0,0,0,0,0,10,25,60,113,174,90,0,0,0,0,4,6,10,15,23,37,53,60,81,93,66,24,3,0,5
Faroe Islands,2017,620,5,7,2,0,0,0,0,0,10,27,71,155,227,111,0,0,0,0,4,6,10,17,26,45,68,87,105,122,83,28,7,0,6
Faroe Islands,2018,617,4,5,1,0,0,0,0,0,9,28,72,158,224,111,0,0,0,0,4,5,11,17,27,45,68,90,103,121,83,28,5,0,5
Faroe Islands,2019,622,4,5,1,0,0,0,0,0,8,28,73,166,220,110,0,0,0,0,3,5,11,17,27,46,70,96,101,119,83,27,5,0,5
Faroe Islands,2020,570,5,5,0,0,0,0,0,0,9,26,65,149,194,109,0,0,0,0,4,5,10,16,25,40,63,86,91,103,80,29,5,0,3
Faroe Islands,2021,597,5,5,0,0,0,0,0,0,10,28,67,158,201,120,0,0,0,0,5,5,11,17,26,41,67,91,97,104,88,32,5,0,3
Fiji,1950,7812,1170,1607,437,131,79,104,217,214,288,610,1323,2332,882,23,115,102,102,112,125,163,247,363,600,723,1018,1314,692,190,23,0,1738,183,0
Fiji,1951,7191,1156,1579,423,129,79,104,217,217,289,571,1199,1932,832,39,116,101,102,115,127,162,236,335,551,648,838,1094,636,196,37,2,1708,183,0
Fiji,1952,6695,1189,1601,412,132,82,105,217,217,291,534,1091,1604,773,47,117,100,101,116,129,162,224,310,506,585,703,901,581,192,44,3,1733,187,0
Fiji,1953,6253,1192,1583,391,130,78,103,215,217,293,509,1006,1349,721,48,115,100,99,118,131,162,218,291,468,538,609,740,536,185,45,3,1713,181,0
Fiji,1954,5829,1192,1571,379,127,78,102,213,214,292,481,914,1133,657,47,114,99,98,116,131,161,209,272,424,490,533,600,482,175,44,3,1698,180,0
Fiji,1955,5366,1186,1556,370,122,73,98,204,203,283,444,813,947,576,47,109,95,93,110,127,156,197,247,377,436,462,485,413,163,44,3,1678,171,0
Fiji,1956,5061,1171,1533,362,116,73,95,202,199,283,423,746,830,520,48,108,94,89,110,127,156,191,232,347,399,417,413,364,156,44,4,1649,168,0
Fiji,1957,4767,1154,1506,352,113,71,92,195,192,276,401,677,732,465,48,104,91,87,105,124,152,186,215,315,362,376,356,316,149,43,5,1619,163,0
Fiji,1958,4536,1131,1471,340,110,70,90,189,185,272,382,624,664,430,48,100,89,85,100,122,150,181,201,291,333,345,319,282,148,43,5,1581,160,0
Fiji,1959,4429,1101,1429,328,108,71,89,189,185,276,382,597,632,419,53,100,89,85,100,124,152,184,198,281,316,330,302,264,155,47,6,1537,160,0
Fiji,1960,4316,1062,1378,316,107,71,88,187,185,280,381,571,607,407,57,99,88,85,100,125,155,186,195,271,300,316,291,250,157,51,6,1485,159,0
Fiji,1961,4210,1018,1321,303,106,69,87,187,182,280,384,549,584,395,59,99,88,85,97,122,158,189,195,261,288,304,280,238,157,53,6,1427,156,0
Fiji,1962,4101,1003,1291,288,105,70,86,185,179,280,385,523,558,378,60,99,86,83,96,121,159,190,195,250,273,291,267,225,153,54,6,1396,156,0
Fiji,1963,4012,974,1248,274,102,69,87,183,179,280,388,507,539,363,63,97,86,83,96,120,160,192,196,244,263,281,258,216,147,56,7,1350,156,0
Fiji,1964,3904,936,1199,263,102,68,88,181,177,276,391,493,517,348,61,96,85,82,95,116,160,194,197,239,254,269,248,207,141,54,7,1301,156,0
Fiji,1965,3821,901,1153,252,99,70,89,179,178,277,397,485,501,333,60,95,84,82,96,116,161,198,199,236,249,261,240,199,134,52,8,1252,159,0
Fiji,1966,3823,873,1115,242,98,71,90,182,183,279,412,484,500,343,64,96,86,85,98,116,163,205,207,239,245,258,242,204,139,56,8,1213,161,0
Fiji,1967,3869,841,1073,232,97,72,90,184,183,280,422,486,509,389,81,98,86,85,98,117,163,210,212,245,241,257,252,226,163,71,10,1170,162,0
Fiji,1968,3850,825,1050,225,97,75,92,189,188,285,436,495,505,364,76,101,88,87,101,120,165,216,220,252,243,257,248,214,150,65,11,1147,167,0
Fiji,1969,3952,815,1035,220,98,79,97,200,198,298,465,524,521,363,72,108,92,91,107,126,172,229,236,269,255,267,254,216,147,60,12,1133,176,0
Fiji,1970,3956,805,1020,215,96,80,99,204,201,306,477,534,518,351,68,111,93,92,109,130,176,233,244,277,257,266,252,210,141,57,11,1116,179,0
Fiji,1971,3995,798,1011,213,98,82,104,208,206,311,489,552,523,347,65,114,94,94,112,135,176,237,252,288,264,268,255,210,137,55,10,1109,186,1
Fiji,1972,4056,783,994,211,98,85,109,215,212,319,505,573,529,351,65,117,98,97,115,138,181,242,263,300,273,271,258,213,138,54,11,1092,194,1
Fiji,1973,4329,778,999,221,111,97,122,236,231,348,549,628,566,373,67,128,108,106,125,151,197,261,288,329,299,289,277,229,144,56,11,1110,219,1
Fiji,1974,4226,768,970,202,95,87,119,233,227,344,541,626,553,366,65,125,108,102,125,150,194,256,285,329,297,283,270,225,141,54,11,1065,206,1
Fiji,1975,4294,786,982,196,93,86,122,240,228,350,548,646,563,372,66,129,111,103,125,151,199,257,291,341,305,289,274,228,144,55,11,1075,208,1
Fiji,1976,4380,801,992,191,92,86,123,247,234,361,556,673,569,380,67,135,112,105,129,156,205,262,294,353,320,294,275,234,146,56,11,1084,209,1
Fiji,1977,4410,806,994,188,85,86,124,255,236,366,561,687,573,379,66,139,116,106,130,158,208,264,297,362,325,300,273,234,145,55,11,1079,210,1
Fiji,1978,4457,806,991,185,82,84,124,259,242,377,568,712,587,368,63,142,117,110,132,162,215,268,300,372,340,312,275,230,138,52,11,1073,208,1
Fiji,1979,4456,806,1001,195,90,85,124,264,244,379,564,715,586,351,58,146,118,112,132,163,216,269,295,370,345,315,271,221,130,48,10,1091,209,1
Fiji,1980,4638,787,968,181,82,84,129,283,259,406,604,770,634,361,58,156,127,120,139,174,232,291,313,395,375,344,290,228,133,48,10,1050,213,1
Fiji,1981,4757,764,935,171,79,81,132,297,269,425,633,811,669,367,57,161,136,125,144,182,243,307,326,411,400,365,304,233,134,48,9,1014,213,1
Fiji,1982,4854,741,907,166,77,81,132,309,281,443,659,841,702,368,54,166,143,130,151,189,254,321,338,423,418,386,316,234,134,46,8,984,213,1
Fiji,1983,4811,719,879,160,83,78,126,310,281,443,658,836,708,358,51,164,146,130,151,188,255,322,336,417,419,391,317,229,129,43,8,962,204,1
Fiji,1984,4744,697,849,152,78,73,121,304,281,438,657,826,714,352,50,159,145,129,152,185,253,322,335,409,417,395,319,226,126,43,7,927,194,1
Fiji,1985,4669,676,830,154,82,73,114,298,280,429,652,806,712,343,48,154,144,130,150,180,249,319,333,398,408,394,318,220,123,41,7,912,187,1
Fiji,1986,4738,647,794,147,74,70,111,298,289,441,674,821,751,357,50,153,145,135,154,185,256,329,345,406,415,414,337,231,126,43,7,868,181,1
Fiji,1987,4834,622,756,134,72,71,109,294,298,454,694,838,800,390,55,149,145,140,158,189,265,339,355,412,426,437,363,253,137,48,7,828,180,1
Fiji,1988,4833,596,723,127,71,70,105,294,301,457,705,841,811,395,57,147,147,142,159,192,265,345,360,418,423,441,370,254,141,49,8,794,175,1
Fiji,1989,4853,575,699,124,69,73,104,288,309,468,718,848,820,400,60,143,145,147,162,200,268,350,368,426,422,443,377,257,143,51,9,768,177,1
Fiji,1990,4839,550,664,114,66,72,100,282,316,474,728,852,825,402,63,139,143,149,167,204,270,354,374,432,420,443,382,258,144,52,11,730,172,1
Fiji,1991,4854,525,633,108,63,71,98,278,324,480,739,862,830,410,67,134,144,150,174,207,273,359,380,442,420,442,388,263,147,56,11,696,169,1
Fiji,1992,4819,497,600,103,61,70,99,268,327,484,740,863,824,417,69,129,139,149,178,209,275,359,381,445,418,436,388,267,150,58,11,661,169,1
Fiji,1993,4823,473,573,100,62,71,100,260,332,492,744,871,822,420,73,125,135,149,183,212,280,359,385,452,419,431,391,269,151,62,11,635,171,2
Fiji,1994,4795,446,537,91,57,66,99,248,334,500,750,881,816,428,74,119,129,148,186,214,286,362,388,458,423,426,390,274,154,62,12,594,165,2
Fiji,1995,4784,429,516,87,53,63,100,243,333,512,750,893,807,435,78,118,125,145,188,219,293,360,390,464,429,422,385,279,156,65,13,569,163,2
Fiji,1996,4794,415,497,82,52,62,99,237,330,525,758,906,803,440,81,116,121,142,188,227,298,364,394,469,437,420,383,282,158,66,15,549,161,2
Fiji,1997,4860,403,487,84,56,64,99,236,331,542,775,931,809,446,83,118,118,141,190,238,304,373,402,481,450,426,383,285,161,67,16,543,163,2
Fiji,1998,4930,389,466,77,48,60,95,232,326,552,796,963,829,479,85,118,114,137,189,242,310,385,411,498,465,436,393,304,175,69,16,514,155,2
Fiji,1999,5054,386,463,77,50,58,94,233,326,563,822,995,851,504,90,121,112,136,190,249,314,403,419,514,481,449,402,317,187,73,17,513,152,2
Fiji,2000,5396,383,458,75,47,58,96,246,336,609,886,1082,919,557,100,129,117,139,197,267,342,436,450,557,525,488,431,347,210,81,19,505,154,3
Fiji,2001,5544,384,458,74,47,56,94,248,337,628,912,1125,951,581,106,129,119,138,199,269,359,447,465,577,548,509,442,359,222,86,20,505,150,3
Fiji,2002,5971,388,461,73,47,57,99,263,352,684,991,1231,1035,632,116,136,127,143,209,289,395,484,507,629,602,559,476,388,244,94,22,508,156,3
Fiji,2003,5924,396,473,77,48,56,95,256,336,676,987,1227,1031,624,115,130,126,137,199,282,394,478,509,624,603,559,472,381,243,94,21,521,151,3
Fiji,2004,5973,401,480,79,46,53,90,252,324,677,1004,1243,1050,631,120,124,128,132,192,278,399,481,523,629,614,572,478,383,248,98,22,526,143,3
Fiji,2005,6047,405,482,77,43,50,85,249,316,676,1031,1266,1080,641,124,121,128,129,187,273,403,495,536,637,629,589,491,388,253,102,22,525,135,3
Fiji,2006,6119,418,498,80,39,46,81,242,310,673,1051,1287,1111,650,129,116,126,129,181,271,402,511,540,645,642,607,504,392,258,106,23,537,127,3
Fiji,2007,6310,424,507,83,39,46,78,241,312,678,1092,1340,1168,672,136,115,126,132,180,270,408,537,555,671,669,638,530,406,266,112,24,546,124,3
Fiji,2008,6438,424,507,83,38,43,75,235,310,675,1122,1378,1212,693,140,112,123,135,175,265,410,554,568,694,684,662,550,419,274,116,24,545,118,3
Fiji,2009,6474,421,506,85,38,41,73,230,307,667,1141,1411,1242,680,141,109,121,136,171,258,409,565,576,719,692,677,565,415,265,114,27,544,114,3
Fiji,2010,6476,409,491,82,38,39,69,218,301,653,1162,1428,1270,668,137,102,116,135,166,249,404,570,592,731,697,689,581,412,256,111,26,529,108,3
Fiji,2011,6500,399,480,81,35,37,65,211,298,642,1185,1445,1301,665,132,99,112,133,165,242,400,571,614,738,707,702,599,416,249,106,26,515,102,3
Fiji,2012,6610,400,485,85,39,37,63,204,298,633,1219,1482,1345,673,130,95,109,132,166,237,396,578,641,754,728,722,623,427,246,104,26,524,100,4
Fiji,2013,6822,397,476,79,39,34,61,202,306,631,1272,1555,1412,700,130,94,108,132,174,236,395,594,678,786,769,754,658,450,250,104,26,515,95,4
Fiji,2014,6985,400,479,79,40,36,59,198,308,623,1308,1619,1460,723,129,91,107,130,178,233,390,603,705,810,809,774,686,471,252,103,26,519,95,4
Fiji,2015,7428,403,484,81,42,36,59,200,323,646,1391,1763,1570,777,130,92,108,134,189,241,405,633,758,889,874,829,741,513,264,104,26,526,95,4
Fiji,2016,7284,409,499,90,50,40,56,187,313,613,1344,1746,1544,768,121,85,102,129,184,233,380,607,737,896,850,814,730,511,257,98,23,549,96,4
Fiji,2017,7123,405,489,84,39,35,50,172,293,582,1297,1740,1532,772,116,78,94,119,174,224,358,578,719,903,837,807,725,516,256,93,23,528,85,3
Fiji,2018,7243,408,494,86,42,36,50,165,288,577,1291,1795,1579,802,117,74,91,116,172,229,348,567,724,937,858,836,743,537,265,94,23,536,86,3
Fiji,2019,7340,413,500,87,38,36,47,157,279,574,1278,1843,1630,835,115,70,87,112,167,235,339,553,725,965,878,872,758,557,278,94,21,538,83,3
Fiji,2020,7458,414,503,89,39,37,48,150,272,574,1269,1908,1670,871,116,68,82,108,164,239,335,543,726,989,919,897,773,578,293,95,21,542,85,3
Fiji,2021,8218,415,504,89,39,37,49,144,274,607,1357,2167,1897,1008,129,65,79,106,168,253,354,570,787,1094,1073,1017,880,663,345,106,23,543,86,3
Finland,1950,42538,4167,5122,955,347,274,562,1923,2007,3150,5193,8102,10158,4943,754,982,941,876,1131,1377,1773,2409,2784,3655,4447,4992,5166,3088,1855,653,101,5469,836,3
Finland,1951,40327,3235,4022,787,337,243,371,1480,1689,3101,5095,8078,9991,5252,666,716,764,749,940,1349,1752,2326,2769,3597,4481,5018,4973,3367,1885,591,75,4359,614,6
Finland,1952,39025,3010,3759,749,295,200,344,1246,1537,2902,4897,7992,9875,5352,622,546,700,675,862,1246,1656,2168,2729,3530,4462,4883,4992,3603,1749,550,72,4054,544,7
Finland,1953,39855,3054,3772,718,355,203,309,1040,1432,2866,5070,8041,10414,5659,693,462,578,652,780,1184,1682,2203,2867,3428,4613,5106,5308,3897,1762,610,83,4127,512,7
Finland,1954,37941,2733,3336,603,315,194,290,981,1343,2793,4847,7701,9967,5518,650,425,556,620,723,1153,1640,2165,2682,3420,4281,4981,4986,3932,1586,571,79,3651,484,5
Finland,1955,39567,2663,3269,606,314,207,301,963,1383,2836,5188,8025,10304,6023,746,452,511,627,756,1153,1683,2270,2918,3504,4521,4990,5314,4065,1958,652,94,3583,508,5
Finland,1956,38672,2257,2786,529,324,197,290,952,1411,2893,5163,7827,10262,5913,647,364,588,656,755,1143,1750,2312,2851,3393,4434,5219,5043,4041,1872,562,85,3110,487,6
Finland,1957,40659,2407,3153,746,323,223,314,925,1407,2855,5462,8313,10820,6180,677,412,513,647,760,1068,1787,2339,3123,3671,4642,5420,5400,4180,2000,579,98,3476,537,7
Finland,1958,38754,1940,2484,544,244,178,242,783,1361,2632,5339,7973,10542,6326,641,332,451,597,764,989,1643,2296,3043,3667,4306,5305,5237,4162,2164,544,97,2728,420,6
Finland,1959,38800,1982,2448,466,255,200,270,839,1335,2503,5346,8199,10523,6271,601,371,468,577,758,940,1563,2348,2998,3772,4427,5247,5276,4104,2167,503,98,2703,470,6
Finland,1960,39808,1731,2091,360,230,212,304,756,1345,2551,5512,8439,11093,6530,737,348,408,581,764,931,1620,2451,3061,3933,4506,5577,5516,4181,2349,624,113,2321,516,8
Finland,1961,40591,1705,2062,357,233,190,333,721,1274,2560,5722,8724,11199,6785,779,335,386,544,730,1016,1544,2488,3234,4057,4667,5594,5605,4433,2352,677,102,2295,523,8
Finland,1962,42875,1660,1987,327,213,186,323,767,1322,2567,5977,9244,12057,7311,913,356,411,540,782,983,1584,2502,3475,4268,4976,5808,6249,4691,2620,797,116,2200,509,10
Finland,1963,41939,1498,1829,331,211,188,303,742,1312,2517,6061,9387,11567,6957,853,350,392,556,756,1004,1513,2655,3406,4283,5104,5707,5860,4509,2448,759,94,2040,491,10
Finland,1964,42460,1365,1679,314,210,171,400,766,1202,2486,5988,9579,11877,7216,875,367,399,474,728,1038,1448,2473,3515,4464,5115,5735,6142,4712,2504,776,99,1889,571,10
Finland,1965,44446,1361,1652,291,254,177,337,769,1259,2553,6108,9944,12444,7963,973,372,397,477,782,1126,1427,2473,3635,4469,5475,6032,6412,5197,2766,847,126,1906,514,9
Finland,1966,43522,1178,1446,268,215,186,368,725,1179,2562,5921,10048,12391,7532,938,361,364,450,729,1101,1461,2265,3656,4544,5504,6041,6350,4904,2628,807,131,1661,554,7
Finland,1967,43746,1156,1402,246,218,177,333,758,1090,2609,5869,10248,12490,7603,942,377,381,399,691,1068,1541,2254,3615,4666,5582,6205,6285,5002,2601,814,128,1620,510,8
Finland,1968,45043,1006,1306,300,194,139,343,779,1187,2617,5844,10589,12864,8178,989,401,378,444,743,1095,1522,2245,3599,4758,5831,6431,6433,5401,2777,852,137,1500,482,10
Finland,1969,45893,957,1201,244,228,129,334,838,1202,2832,5887,10968,13035,8185,1043,416,422,497,705,1178,1654,2231,3656,4974,5994,6651,6384,5311,2874,909,134,1429,463,12
Finland,1970,44114,877,1089,212,192,142,359,824,1155,2643,5412,10640,12829,7830,986,464,360,459,696,1053,1590,2068,3344,4899,5741,6568,6261,5081,2749,856,130,1281,501,11
Finland,1971,45784,774,954,180,193,161,351,856,1138,2896,5382,11127,13542,8160,1011,446,410,463,675,1166,1730,2096,3286,5052,6075,6924,6618,5233,2927,863,148,1147,512,13
Finland,1972,43878,692,865,173,185,151,392,922,1124,2632,5057,10531,12865,8115,1030,480,442,469,655,1113,1519,2013,3044,4734,5797,6621,6244,5206,2909,870,160,1050,543,12
Finland,1973,43353,601,753,152,184,153,352,973,1025,2532,4908,10500,13099,7816,1050,501,472,430,595,964,1568,2037,2871,4637,5863,6685,6414,4889,2927,889,161,937,505,12
Finland,1974,44626,702,852,150,145,132,359,952,1058,2656,5025,10508,13382,8377,1161,436,516,465,593,1007,1649,2144,2881,4536,5972,6649,6733,5330,3047,994,167,997,491,14
Finland,1975,43848,637,796,159,137,124,349,1018,1071,2441,4821,10408,13332,8134,1202,494,524,452,619,935,1506,2174,2647,4365,6043,6609,6723,5169,2965,1034,168,933,473,15
Finland,1976,44776,668,781,113,109,101,300,1013,1083,2390,4954,10299,13987,8478,1262,438,575,465,618,853,1537,2220,2734,4175,6124,6886,7101,5400,3078,1093,169,890,401,16
Finland,1977,44011,590,725,135,104,88,247,864,1129,2305,4912,10018,13806,8479,1314,352,512,517,612,826,1479,2100,2812,4083,5935,6828,6978,5411,3068,1134,180,829,335,19
Finland,1978,43683,487,598,111,96,108,251,772,1102,2133,4823,9463,14179,8768,1376,333,439,530,572,794,1339,2091,2732,3759,5704,7030,7149,5580,3188,1167,209,694,359,18
Finland,1979,43693,484,583,99,86,97,260,789,1108,2065,4831,9104,14290,8981,1473,335,454,547,561,805,1260,2034,2797,3517,5587,7136,7154,5798,3183,1226,247,669,357,19
Finland,1980,44344,478,574,96,70,77,230,762,1149,1828,4684,8905,14419,10006,1620,338,424,579,570,765,1063,1964,2720,3466,5439,7200,7219,6335,3671,1348,272,644,307,24
Finland,1981,44326,413,501,88,88,87,221,683,1170,1866,4662,8725,14413,10204,1678,270,413,613,557,743,1123,1911,2751,3510,5215,7057,7356,6475,3729,1394,284,589,308,25
Finland,1982,43380,396,477,81,68,77,199,655,1135,1859,4502,8246,14357,10045,1728,273,382,539,596,783,1076,1885,2617,3429,4817,6944,7413,6360,3685,1426,302,545,276,30
Finland,1983,45316,407,505,98,73,49,237,662,1193,1801,4465,8147,15149,11074,1917,286,376,516,677,759,1042,1716,2749,3449,4698,7172,7977,6961,4113,1560,357,578,286,39
Finland,1984,45054,417,497,80,73,58,213,669,1174,1809,4299,8184,14755,11282,2002,302,367,499,675,760,1049,1630,2669,3608,4576,6875,7880,6948,4334,1651,351,570,271,41
Finland,1985,48140,388,460,72,76,71,205,617,1210,1924,4342,8377,15564,12817,2432,282,335,481,729,810,1114,1662,2680,3808,4569,6990,8574,7731,5086,1995,437,536,276,49
Finland,1986,47121,348,414,66,52,57,202,691,1285,2075,4235,8176,14971,12449,2465,323,368,512,773,882,1193,1620,2615,3682,4494,6568,8403,7466,4983,2028,437,466,259,50
Finland,1987,47865,368,457,89,62,59,207,666,1361,2026,4125,8432,14697,13180,2538,288,378,542,819,926,1100,1563,2562,3693,4739,6330,8367,7837,5343,2072,466,519,266,56
Finland,1988,49017,385,452,67,61,65,206,680,1360,2309,4082,8309,14746,13744,2937,319,361,520,840,1086,1223,1618,2464,3625,4684,6164,8582,8248,5496,2422,515,513,271,64
Finland,1989,49030,380,466,86,55,63,226,685,1293,2334,3995,8323,14138,14323,3071,313,372,540,753,1172,1162,1607,2388,3704,4619,5922,8216,8476,5847,2520,551,521,289,62
Finland,1990,50055,366,438,72,68,63,232,725,1272,2482,3856,8434,14007,15105,3303,375,350,518,754,1231,1251,1628,2228,3558,4876,5899,8108,8862,6243,2704,599,506,295,69
Finland,1991,49220,377,450,73,60,54,191,675,1351,2472,3646,8252,13616,15032,3345,319,356,516,835,1179,1293,1539,2107,3496,4756,5712,7904,8714,6318,2719,626,510,245,75
Finland,1992,49757,341,390,49,63,62,183,627,1229,2560,3574,8164,13707,15399,3713,283,344,461,768,1158,1402,1563,2011,3396,4768,5877,7830,8992,6407,3021,692,453,245,80
Finland,1993,50912,279,346,67,54,52,157,589,1087,2492,3632,7926,13633,16771,4087,224,365,438,649,1074,1418,1562,2070,3209,4717,6020,7613,9362,7409,3299,788,400,209,87
Finland,1994,47939,307,366,59,42,58,184,578,1024,2532,3387,7367,12764,15510,4035,249,329,372,652,1040,1492,1461,1926,3020,4347,5878,6886,8700,6810,3234,801,408,242,91
Finland,1995,49182,243,308,65,47,56,175,495,1032,2546,3679,7397,13036,16163,4142,206,289,402,630,987,1559,1639,2040,2861,4536,6024,7012,8744,7419,3316,826,355,231,100
Finland,1996,49090,238,291,53,51,65,144,514,1017,2539,3614,7136,12989,16000,4616,229,285,402,615,1000,1539,1546,2068,2677,4459,5973,7016,8473,7527,3685,931,342,209,115
Finland,1997,49114,228,290,62,66,55,144,490,943,2477,3855,6922,12983,15956,4809,227,263,363,580,977,1500,1808,2047,2650,4272,5941,7042,8173,7783,3819,990,356,199,119
Finland,1998,49210,237,284,47,33,51,156,444,927,2384,4010,6839,13239,15745,4978,216,228,377,550,904,1480,2023,1987,2693,4146,6015,7224,8063,7682,3956,1022,317,207,118
Finland,1999,49359,209,261,52,59,50,166,481,886,2299,3985,6700,13123,15925,5302,235,246,369,517,879,1420,1986,1999,2814,3886,5873,7250,7950,7975,4229,1073,320,216,122
Finland,2000,49361,210,251,41,36,47,170,510,895,2219,4210,6348,13061,15769,5708,262,248,360,535,868,1351,2126,2084,2661,3687,5643,7418,7892,7877,4539,1169,287,217,135
Finland,2001,48476,180,216,36,45,34,155,495,821,2109,4084,6136,12948,15492,5800,240,255,326,495,820,1289,1991,2093,2661,3475,5493,7455,7871,7621,4608,1192,261,189,142
Finland,2002,49412,169,206,37,41,38,152,456,817,1982,4218,6108,12942,15959,6330,243,213,320,497,757,1225,1962,2256,2640,3468,5534,7408,8145,7814,4974,1356,247,190,164
Finland,2003,48960,175,223,48,29,51,137,473,681,1965,4485,6031,12559,15824,6334,237,236,249,432,726,1239,1946,2539,2647,3384,5190,7369,8180,7644,4958,1376,252,188,167
Finland,2004,47556,191,238,47,36,37,144,485,714,1978,4744,6172,11736,15055,6053,249,236,240,474,756,1222,1972,2772,2662,3510,4883,6853,8010,7045,4663,1390,274,181,167
Finland,2005,47902,174,240,66,65,55,127,406,742,1986,4967,6274,11388,15161,6308,204,202,271,471,753,1233,1993,2974,2887,3387,4620,6768,8229,6932,4809,1499,305,182,181
Finland,2006,48027,167,195,28,33,42,163,447,651,1789,4686,6327,11287,15725,6488,236,211,258,393,665,1124,1843,2843,2886,3441,4530,6757,8416,7309,4900,1588,228,205,192
Finland,2007,49056,160,206,46,28,41,153,492,680,1761,4589,6755,11111,16235,6776,241,251,277,403,678,1083,1808,2781,3170,3585,4371,6740,8451,7784,5019,1757,234,194,227
Finland,2008,49106,156,198,42,33,32,139,451,661,1695,4474,6833,10939,16408,7000,221,230,272,389,685,1010,1733,2741,3450,3383,4430,6509,8349,8059,5172,1828,231,171,244
Finland,2009,49890,163,189,26,21,35,146,458,655,1722,4087,7142,10948,17201,7028,212,246,309,346,626,1096,1598,2489,3609,3533,4600,6348,8658,8543,5132,1896,210,181,264
Finland,2010,50864,138,176,38,30,24,113,517,593,1531,4026,7358,10877,17921,7407,247,270,277,316,567,964,1572,2454,3672,3686,4532,6345,8902,9019,5409,1998,206,137,294
Finland,2011,50572,140,179,39,28,31,119,445,581,1390,3884,7364,10512,17776,7934,201,244,265,316,494,896,1517,2367,3571,3793,4510,6002,8662,9114,5816,2118,207,150,330
Finland,2012,51582,141,181,40,30,28,118,442,579,1383,3548,7618,10677,18380,8269,204,238,252,327,496,887,1341,2207,3484,4134,4679,5998,8871,9509,6129,2140,211,146,335
Finland,2013,51376,96,131,35,18,25,94,405,600,1304,3419,7774,10682,17993,8576,185,220,279,321,453,851,1244,2175,3353,4421,4534,6148,8461,9532,6403,2173,149,119,355
Finland,2014,52403,124,157,33,28,26,88,406,570,1142,3249,7793,10912,18420,9231,171,235,257,313,399,743,1276,1973,3211,4582,4571,6341,8480,9940,6941,2290,185,114,384
Finland,2015,52187,94,116,22,16,29,82,345,527,1110,3101,7722,10925,18384,9453,165,180,241,286,370,740,1190,1911,3035,4687,4659,6266,8202,10182,7143,2310,132,111,379
Finland,2016,53896,100,124,24,29,30,81,374,548,1084,3058,7693,11534,18834,10101,168,206,236,312,390,694,1241,1817,3044,4649,5111,6423,8315,10519,7534,2567,153,111,405
Finland,2017,53627,99,133,34,24,23,111,389,547,1026,2913,7508,11774,18504,10262,183,206,257,290,432,594,1180,1733,2956,4552,5328,6446,8319,10185,7624,2638,157,134,416
Finland,2018,54386,97,128,31,16,24,110,362,530,1018,2910,7219,12100,18666,10863,165,197,232,298,392,626,1119,1791,2903,4316,5766,6334,8425,10241,7982,2881,144,134,438
Finland,2019,53997,94,117,23,14,35,109,425,572,977,2711,6784,12463,18241,11108,204,221,239,333,428,549,1034,1677,2576,4208,6119,6344,8367,9874,8096,3012,131,144,440
Finland,2020,55208,83,107,24,14,24,119,409,541,1071,2728,6774,12909,18614,11443,184,225,234,307,453,618,1016,1712,2696,4078,6355,6554,8747,9867,8255,3188,121,143,456
Finland,2021,57283,91,111,20,12,29,98,316,489,914,2556,6342,13775,19690,12431,150,166,218,271,383,531,910,1646,2487,3855,6438,7337,9168,10522,8969,3462,123,127,519
France,1950,533995,44654,51906,7252,1824,1750,3379,11624,13629,33554,56293,96343,152511,98828,12233,5120,6504,4703,8926,13528,20026,26144,30149,41014,55329,73725,78786,63638,35190,10621,1612,53730,5129,123
France,1951,566424,41983,49846,7863,1778,1579,3066,11202,13685,34383,59926,100790,165997,109941,14083,4908,6294,5391,8294,13636,20747,27832,32094,42800,57990,77028,88969,69717,40224,12304,1779,51624,4645,145
France,1952,525413,37427,45062,7635,1783,1290,2715,9632,12017,31620,58337,94705,153801,100987,13316,4392,5240,5341,6676,12454,19166,27118,31219,39991,54714,71059,82742,63819,37168,11602,1714,46845,4005,144
France,1953,558275,33612,39895,6283,1825,1225,2533,9282,11863,32115,62333,99260,167555,114621,15605,4130,5152,5908,5955,12493,19622,28620,33713,41554,57706,75799,91756,73064,41557,13600,2005,41720,3758,164
France,1954,519916,33092,38920,5828,1730,1122,2410,8601,11331,30566,60355,93478,151640,105133,14471,3766,4835,6099,5232,11776,18790,27490,32865,39845,53633,68925,82715,67533,37600,12522,1949,40650,3532,152
France,1955,527292,31020,36687,5667,1717,1103,2283,8611,11275,29231,61406,93371,153791,112140,15515,3800,4811,6149,5126,10953,18278,27265,34141,39787,53584,69819,83972,71864,40276,13314,2201,38404,3386,159
France,1956,546968,29158,33976,4818,1823,1086,2212,7921,12102,28787,63947,96217,159551,121862,17301,3326,4595,6148,5954,10457,18330,27939,36008,41412,54805,72615,86936,78857,43005,14753,2548,35799,3298,181
France,1957,532248,27415,32520,5105,1887,1325,2377,8319,12501,26378,62963,95896,153710,117371,16825,3419,4900,5984,6517,8956,17422,26778,36185,42069,53827,71363,82347,75942,41429,14332,2493,34407,3702,180
France,1958,500507,25330,29740,4410,1643,1198,2076,7583,11987,22493,57775,88980,143630,116510,16702,3129,4454,5411,6576,7206,15287,23999,33776,39553,49427,65830,77800,74624,41886,14154,2548,31383,3274,187
France,1959,508689,24150,28499,4349,1816,1448,2150,7421,12720,21937,58917,91382,145327,119435,17427,3120,4301,5444,7276,6534,15403,24185,34732,41664,49718,66752,78575,75754,43681,14703,2724,30315,3598,213
France,1960,520826,22207,25937,3730,1573,1361,2008,6886,12775,21313,59880,95378,148371,126041,19062,2848,4038,5346,7429,6408,14905,24615,35265,44115,51263,67568,80803,77962,48079,16146,2916,27510,3369,241
France,1961,499963,21304,24921,3617,1593,1411,2300,7032,12657,20797,57180,93425,140381,119779,18238,2878,4154,5400,7257,7439,13358,23073,34107,44016,49409,63508,76873,72908,46871,15349,2889,26514,3711,249
France,1962,538654,20947,24654,3707,1651,1442,2492,6643,13085,21203,58995,101103,150816,134978,21300,2791,3852,5460,7625,8666,12537,23735,35260,47111,53992,67340,83476,80580,54398,17953,3347,26305,3934,288
France,1963,553908,21715,25184,3469,1621,1412,2626,6831,12719,21189,60029,106508,154846,137742,22894,3023,3808,5315,7404,9866,11323,23801,36228,49516,56992,69250,85596,81937,55805,19380,3514,26805,4038,312
France,1964,515775,19889,23076,3187,1529,1471,2863,6766,12360,20025,56340,102126,141964,125424,21524,3095,3671,5013,7347,10412,9613,22715,33625,47333,54793,64320,77644,75204,50220,18205,3319,24605,4334,305
France,1965,539894,18318,21305,2987,1567,1414,3118,6771,12767,21317,56929,108040,148003,133942,24380,3195,3576,5134,7633,11201,10116,22106,34823,48831,59209,67093,80910,79711,54231,20584,3796,22872,4532,343
France,1966,525576,18247,21130,2883,1564,1306,3252,7056,12463,22287,53278,107395,142701,128423,24363,3493,3563,4914,7549,10934,11353,20054,33224,47568,59827,65786,76915,76659,51764,20563,3800,22694,4558,356
France,1967,540479,16985,19817,2832,1552,1445,3462,7372,12030,24257,51488,109887,147731,134174,26855,3941,3431,4787,7243,10880,13377,18156,33332,47615,62272,68900,78831,79630,54544,22584,4271,21369,4907,404
France,1968,551975,16798,19608,2810,1596,1532,3639,7477,11820,26047,49122,111076,152380,138515,28717,4126,3351,4485,7335,11142,14905,16183,32939,47503,63573,71967,80413,81758,56757,23919,4798,21204,5171,444
France,1969,571883,16444,19238,2794,1669,1609,3788,8070,12129,27960,48534,117601,162325,139583,28918,4566,3504,4553,7576,11308,16652,14872,33662,49558,68043,78243,84082,82516,57067,23987,4931,20907,5397,456
France,1970,541997,15566,18176,2610,1676,1452,3804,8162,11507,26958,43826,107363,152965,136311,29301,4709,3453,4394,7113,10909,16049,14296,29530,45344,62019,73881,79084,79773,56538,24107,5194,19852,5256,499
France,1971,554164,15244,17856,2612,1699,1546,4002,8782,11180,27665,44291,106859,157326,141089,31321,5125,3657,4196,6984,11273,16392,16590,27701,44626,62233,76518,80808,81293,59796,25525,5796,19555,5548,548
France,1972,549726,14165,16654,2489,1647,1496,4109,9466,11186,27673,43638,105461,159373,137584,30882,5342,4124,4321,6865,11302,16371,18886,24752,43977,61484,77321,82052,79453,58131,25146,5736,18301,5605,553
France,1973,558625,12995,15557,2562,1642,1460,4204,9320,10448,27358,42403,103130,164329,144707,33426,5191,4129,4068,6380,11080,16278,20645,21758,42809,60321,79129,85200,82771,61936,27093,6333,17199,5664,642
France,1974,552097,11641,14192,2551,1531,1451,4001,9018,10025,27034,42167,100667,164486,142569,34259,4785,4233,3919,6106,10857,16177,22726,19441,41891,58776,78723,85763,81470,61099,27729,6530,15723,5452,688
France,1975,560204,10111,12380,2269,1471,1383,3835,9188,9758,27272,43494,99491,168936,146538,35717,4695,4493,3843,5915,10692,16580,23812,19682,40093,59398,79243,89693,83597,62941,28892,6825,13851,5218,741
France,1976,557885,9229,11256,2027,1394,1331,3960,9720,9801,26762,46193,93477,169198,147168,36824,5008,4712,4032,5769,10210,16552,23711,22482,36464,57013,77936,91262,83886,63282,29667,7157,12650,5291,803
France,1977,536462,8785,10754,1969,1431,1313,3905,9584,9793,25626,47292,85269,162886,142201,35596,4886,4698,4327,5466,9544,16082,22542,24750,31489,53780,74356,88530,81826,60375,28571,7025,12185,5218,809
France,1978,547422,7952,9823,1871,1407,1262,3796,9078,9847,25255,49819,81822,165694,150484,38240,4691,4387,4603,5244,9159,16096,22222,27597,28368,53454,74207,91487,87102,63382,30576,7664,11230,5058,890
France,1979,542240,7852,9485,1633,1336,1246,3909,9460,10134,24228,52340,76565,162461,151205,38946,4895,4565,4936,5198,8882,15346,22582,29758,24773,51792,72150,90311,87414,63791,31058,7888,10821,5155,924
France,1980,547419,8294,10009,1715,1332,1227,3926,9646,10477,23529,52468,73457,162429,156554,41339,5064,4582,5231,5246,8544,14985,22423,30045,24592,48865,71510,90919,91001,65553,32716,8623,11341,5153,1029
France,1981,555382,7926,9639,1713,1218,1239,3670,9232,10901,22253,51584,73236,162476,165623,43195,4827,4405,5441,5460,8001,14252,22069,29515,28133,45103,70527,91949,95929,69694,34072,9123,10857,4909,1110
France,1982,543604,7555,9106,1551,1107,1197,3574,9375,11456,21368,50902,71143,156897,163414,42918,4870,4505,5378,6078,7709,13659,21760,29142,31527,39616,67726,89171,94321,69093,33817,9101,10213,4771,1148
France,1983,560199,6738,8412,1674,1101,1163,3326,9601,12006,20699,50784,70473,159482,175177,46693,4927,4674,5479,6527,7648,13051,21602,29182,35026,35447,68320,91162,100610,74567,36644,10049,9513,4489,1281
France,1984,543080,6403,7879,1476,978,1106,3122,9437,12178,20093,49575,68344,152825,170755,45512,4813,4624,5408,6770,7529,12564,20675,28900,37629,30715,65374,87451,97227,73528,35689,9823,8857,4228,1270
France,1985,553196,6399,7782,1383,907,1065,2965,8988,12426,19566,49176,69562,151254,179635,48468,4508,4480,5227,7199,7483,12083,20192,28984,38560,31002,62920,88334,101077,78558,37845,10623,8689,4030,1399
France,1986,547931,6279,7622,1343,916,996,2939,8799,12573,19505,47668,72631,143289,179796,49716,4445,4354,5238,7335,8094,11411,19454,28214,37904,34727,57054,86235,99800,79996,38725,10991,8538,3935,1480
France,1987,527988,5990,7226,1236,900,917,2636,8474,12403,19374,45393,75042,130941,173428,49737,4159,4315,5102,7301,8530,10844,18211,27182,36227,38815,49465,81476,95307,78121,38772,10965,8126,3553,1510
France,1988,524888,6053,7307,1254,798,817,2762,8542,12498,19647,44079,77298,122883,174528,52109,4239,4303,5188,7310,9120,10527,17351,26728,35395,41903,42938,79945,94150,80378,40583,11526,8105,3579,1616
France,1989,529352,5734,6941,1207,810,853,2710,8828,12633,20242,42779,80731,116136,178741,56145,4308,4520,5377,7256,9781,10461,16814,25965,35307,45424,37534,78602,94617,84124,43531,12614,7751,3563,1804
France,1990,526560,5563,6700,1137,713,744,2669,8785,12775,20709,40576,79659,111808,180177,59301,4167,4618,5436,7339,10271,10438,15799,24777,34439,45220,37453,74355,94695,85482,45913,13388,7413,3413,1943
France,1991,524406,5457,6615,1158,741,784,2523,9070,12950,21999,38522,79324,109777,179410,60733,4232,4838,5671,7279,10879,11120,14964,23558,34336,44988,42060,67717,93385,86025,47170,13563,7356,3307,1955
France,1992,521492,4977,5980,1003,674,737,2353,8765,13311,22803,37051,77763,108034,177949,63962,4044,4721,5821,7490,10725,12078,14454,22597,33580,44183,48024,60010,92098,85851,49376,14586,6654,3090,2109
France,1993,531976,4511,5497,986,661,732,2301,8663,13258,23846,36326,77587,106954,184737,69113,4044,4619,5812,7446,10832,13014,14152,22174,33545,44042,53189,53765,94508,90229,53227,15886,6158,3033,2301
France,1994,519707,4175,5017,842,617,786,2039,8377,13189,24435,35373,75365,103462,178705,69926,3913,4464,5746,7443,10459,13976,14307,21066,32085,43280,56732,46730,90748,87957,53605,16321,5634,2825,2416
France,1995,530979,3557,4417,860,589,714,2000,7984,13034,25189,34402,75576,107437,181635,75327,3669,4315,5718,7316,10522,14667,14243,20159,31612,43964,59268,48169,89183,92452,57211,18116,5006,2714,2674
France,1996,535766,3472,4252,780,556,681,1969,7198,12144,24938,34863,74287,114069,177552,80310,3318,3880,5185,6959,10126,14812,15081,19782,30593,43694,59189,54880,83498,94054,60481,19829,4808,2650,2945
France,1997,530579,3400,4184,784,520,649,2002,6523,10764,24250,35037,71694,120271,168909,82619,3058,3465,4447,6317,9547,14703,16201,18836,28988,42706,57697,62574,74100,94809,61578,21041,4704,2651,3161
France,1998,534376,3449,4118,669,509,587,1879,6378,10303,23849,35812,69849,127315,164429,85937,2970,3408,4174,6129,9365,14484,17306,18506,28115,41734,57451,69864,67152,97277,63549,22388,4627,2466,3409
France,1999,538102,3289,3984,695,484,585,1977,6149,9764,23754,36762,67791,133154,159472,90531,2863,3286,3940,5824,9438,14316,18452,18310,26873,40918,56542,76612,60289,99183,66695,23836,4468,2562,3691
France,2000,531207,3497,4209,712,457,599,1893,5629,9610,23406,37749,65070,131887,154669,92116,2613,3016,3851,5759,9192,14214,19273,18476,25650,39420,55232,76655,60521,94148,67604,24512,4666,2492,3910
France,2001,530533,3461,4224,763,413,588,1981,5655,9561,23301,39326,62318,129124,155473,94341,2660,2995,3713,5848,9051,14250,19807,19519,24762,37556,54382,74742,69367,86106,68847,25494,4637,2569,4222
France,2002,534900,3140,3832,692,444,522,1711,5506,9132,22835,41545,60164,127768,158343,98483,2646,2860,3604,5528,8892,13943,20142,21403,23780,36384,53641,74127,79820,78523,71614,26869,4276,2233,4611
France,2003,550965,3079,3804,725,392,526,1536,4954,9062,22287,43364,59241,128653,165400,106610,2466,2488,3635,5427,8507,13780,20218,23146,23905,35336,53535,75118,92094,73306,77145,29465,4196,2062,5135
France,2004,508305,3051,3678,627,336,447,1487,4573,8384,21124,42531,55319,118444,151157,96019,2311,2262,3350,5034,8220,12904,19145,23386,23026,32293,49569,68875,91219,59938,69095,26924,4014,1934,4805
France,2005,525879,2804,3396,592,364,402,1469,4533,8117,20765,44078,55408,118730,162431,100819,2281,2252,3307,4810,7778,12987,18887,25191,23403,32005,49169,69561,97143,65288,71080,29739,3760,1871,5366
France,2006,515558,2974,3573,599,339,434,1379,4228,7813,20073,44572,54978,113730,165418,93388,2055,2173,3057,4756,7605,12468,18876,25696,24520,30458,46286,67444,92058,73360,63279,30109,3912,1813,5633
France,2007,520425,2844,3426,582,347,376,1282,4349,7328,19347,44030,56106,110966,177064,89699,2044,2305,2777,4551,7321,12026,18259,25771,26616,29490,44285,66681,91201,85863,57772,31927,3773,1658,6105
France,2008,531678,2916,3513,597,326,376,1205,4282,7252,18986,43381,57813,110448,189322,88066,2014,2268,2723,4529,7250,11736,18009,25372,28657,29156,43474,66974,92130,97192,53744,34322,3839,1581,6705
France,2009,538147,2963,3534,571,338,398,1254,4235,7303,18739,43653,59363,107119,198447,86591,1980,2255,2698,4605,7283,11456,17886,25767,30117,29246,41926,65193,90991,107456,50763,35828,3872,1652,7168
France,2010,540813,2846,3366,520,325,367,1170,4058,7046,18063,42641,61955,104091,199746,90286,1874,2184,2617,4429,6850,11213,17593,25048,32235,29720,40512,63579,90467,109279,55121,35165,3691,1537,7695
France,2011,534724,2642,3145,503,318,363,1101,4023,6712,17519,41602,63186,99255,193500,96053,1883,2140,2550,4162,6680,10839,17160,24442,32790,30396,38832,60423,87535,105965,64827,31226,3463,1464,7946
France,2012,558599,2709,3238,529,291,359,1025,3722,6188,17053,40871,66932,98449,201872,109737,1742,1980,2471,3717,6438,10615,16605,24266,33238,33694,38212,60237,90753,111119,79823,29914,3529,1384,8862
France,2013,558509,2781,3308,527,350,343,898,3472,6056,16663,39555,68988,95867,198473,115356,1607,1865,2462,3594,6364,10299,15959,23596,32802,36186,38288,57579,88616,109857,88110,27246,3658,1241,9177
France,2014,546921,2680,3169,489,314,321,864,3352,5904,15855,38020,69577,91951,191606,116666,1454,1898,2432,3472,5985,9870,15348,22672,31933,37644,37023,54928,85409,106197,91175,25491,3483,1185,9321
France,2015,582205,2736,3238,502,315,365,997,3305,5882,15957,38432,72641,94986,201989,134147,1476,1829,2443,3439,6094,9863,15316,23116,31924,40717,38925,56061,88553,113436,102349,31798,3553,1362,9954
France,2016,580585,2652,3129,477,298,327,917,3241,5718,15214,37386,74197,94749,197408,139258,1429,1812,2347,3371,5667,9547,14690,22696,32061,42136,40841,53908,85128,112280,100762,38496,3427,1244,8741
France,2017,594684,2718,3167,449,271,325,866,3171,5657,14750,36951,74367,97322,198650,150933,1447,1724,2264,3393,5422,9328,14793,22158,31789,42578,44312,53010,83705,114945,104348,46585,3438,1191,8257
France,2018,596919,2709,3168,459,273,335,902,3120,5795,14735,36472,73595,100297,195911,154523,1426,1694,2259,3536,5368,9367,14552,21920,31259,42336,47657,52640,81499,114412,103784,50739,3441,1237,7796
France,2019,602700,2624,3066,442,266,328,881,3028,5664,14421,36137,72241,102690,195406,160513,1406,1622,2205,3459,5166,9255,14290,21847,30927,41314,50331,52359,80327,115079,105569,54944,3332,1209,8064
France,2020,655662,2508,2930,422,257,344,928,3212,6050,14348,34940,72221,118659,216066,175933,1570,1642,2383,3667,5296,9052,14417,20523,30222,41999,58841,59818,84485,131581,116229,59704,3187,1272,9774
France,2021,639714,2435,2837,402,246,322,866,3239,5912,13666,34314,71497,126182,197353,171494,1625,1614,2314,3598,5334,8332,14111,20203,29921,41576,61049,65133,77509,119844,112524,58970,3083,1188,11777
French Guiana,1950,501,89,129,40,11,5,9,29,30,36,44,63,86,52,7,14,15,15,15,16,20,20,24,28,35,43,43,34,18,7,0,140,14,0
French Guiana,1951,494,85,125,40,12,5,9,29,30,36,44,63,84,51,7,14,15,15,15,16,20,20,24,28,35,42,42,33,18,7,0,137,14,0
French Guiana,1952,483,83,120,37,12,5,9,28,30,35,44,61,80,48,7,13,15,15,15,15,20,20,24,28,33,40,40,31,17,7,0,132,14,0
French Guiana,1953,476,82,117,35,13,5,8,27,30,35,45,61,80,48,6,12,15,15,15,15,20,20,25,28,33,40,40,31,17,6,0,130,13,0
French Guiana,1954,471,81,115,34,15,5,8,24,30,35,45,60,78,48,6,10,14,15,15,15,20,20,25,28,32,39,39,31,17,6,0,130,13,0
French Guiana,1955,463,80,113,33,15,5,8,22,30,35,45,60,77,47,6,10,12,15,15,15,20,20,25,28,32,38,39,31,16,6,0,128,13,0
French Guiana,1956,464,79,111,32,14,6,8,22,30,36,46,62,76,45,6,10,12,15,15,16,20,21,25,29,33,38,38,29,16,6,0,125,14,0
French Guiana,1957,461,79,110,31,14,6,7,20,30,36,46,63,74,45,6,10,10,15,15,16,20,21,25,30,33,37,37,29,16,6,0,124,13,0
French Guiana,1958,454,79,109,30,13,6,6,20,28,35,46,64,73,44,6,10,10,13,15,15,20,21,25,30,34,38,35,28,16,6,0,122,12,0
French Guiana,1959,450,80,110,30,13,6,5,20,26,34,46,64,74,44,6,10,10,11,15,15,19,21,25,30,34,39,35,28,16,6,0,123,11,0
French Guiana,1960,438,81,110,29,11,5,5,19,23,33,45,64,73,43,6,9,10,10,13,15,18,20,25,30,34,39,34,27,16,6,0,121,10,0
French Guiana,1961,446,80,109,29,11,5,5,19,24,34,48,67,74,40,6,9,10,10,14,15,19,22,26,31,36,40,34,26,14,6,0,120,10,0
French Guiana,1962,440,79,105,26,10,5,7,18,23,34,48,68,73,40,6,8,10,10,13,15,19,22,26,32,36,40,33,26,14,6,0,115,12,0
French Guiana,1963,433,77,103,26,10,5,9,20,22,33,46,68,74,40,6,10,10,10,12,15,18,21,25,32,36,40,34,26,14,6,0,113,14,0
French Guiana,1964,422,75,100,25,9,5,9,20,21,32,45,66,75,39,6,10,10,10,11,15,17,20,25,31,35,40,35,25,14,6,0,109,14,0
French Guiana,1965,414,73,96,23,9,5,9,20,20,32,44,64,75,39,6,10,10,10,10,15,17,20,24,29,35,39,36,25,14,6,0,105,14,0
French Guiana,1966,412,70,91,21,8,5,9,20,20,32,44,64,74,39,6,10,10,10,10,15,17,20,24,29,35,38,36,25,14,6,0,99,14,0
French Guiana,1967,401,68,87,19,7,5,8,19,20,28,43,62,76,39,6,10,9,10,10,13,15,20,23,28,34,38,38,25,14,6,0,94,13,0
French Guiana,1968,408,66,85,19,7,5,8,20,20,30,44,64,78,40,6,10,10,10,10,14,16,20,24,29,35,40,38,26,14,6,0,92,13,0
French Guiana,1969,419,67,85,18,8,5,9,22,20,32,45,67,79,41,6,12,10,10,10,15,17,20,25,30,37,40,39,27,14,6,0,93,14,0
French Guiana,1970,417,68,86,18,8,5,9,20,20,32,45,66,80,42,6,10,10,10,10,15,17,20,25,30,36,40,40,28,14,6,0,94,14,0
French Guiana,1971,419,68,86,18,8,5,9,20,20,30,45,66,80,44,6,10,10,10,10,14,16,20,25,30,36,40,40,30,14,6,0,94,14,0
French Guiana,1972,418,69,88,19,7,5,8,20,20,30,45,64,80,44,6,10,10,10,10,14,16,20,25,29,35,40,40,30,14,6,0,95,13,0
French Guiana,1973,421,68,87,19,7,5,9,20,20,30,45,65,81,46,6,10,10,10,10,14,16,20,25,29,36,42,39,31,15,6,0,94,14,0
French Guiana,1974,414,68,87,19,7,5,8,20,20,27,44,63,82,49,6,10,10,10,10,12,15,20,24,29,34,42,40,32,17,6,0,94,13,0
French Guiana,1975,423,69,88,19,7,5,9,20,20,28,44,65,85,50,6,10,10,10,10,13,15,20,24,29,36,43,42,33,17,6,0,95,14,0
French Guiana,1976,432,70,89,19,8,5,9,20,20,29,45,67,86,49,6,10,10,10,10,13,16,20,25,31,36,43,43,32,17,6,0,97,14,0
French Guiana,1977,462,71,89,18,8,5,10,22,23,33,50,72,89,52,6,10,12,12,11,15,18,23,27,33,39,45,44,34,18,6,0,97,15,0
French Guiana,1978,476,71,89,18,8,5,10,22,28,35,52,75,89,54,6,10,12,15,13,15,20,24,28,35,40,45,44,34,20,6,0,97,15,0
French Guiana,1979,481,71,88,17,8,5,11,24,30,35,52,77,90,54,7,13,11,15,15,15,20,24,28,35,42,45,45,34,20,7,0,96,16,0
French Guiana,1980,481,70,86,16,7,5,10,23,30,35,52,78,90,55,7,13,10,15,15,15,20,24,28,35,43,45,45,35,20,7,0,93,15,0
French Guiana,1981,486,69,85,16,7,5,11,26,30,35,53,81,90,56,7,15,11,15,15,15,20,24,29,37,44,45,45,36,20,7,0,92,16,0
French Guiana,1982,490,68,82,14,7,5,11,30,30,35,53,81,93,56,7,15,15,15,15,15,20,24,29,37,44,48,45,36,20,7,0,89,16,0
French Guiana,1983,491,68,82,14,6,5,9,30,30,34,53,82,94,56,8,15,15,15,15,15,19,24,29,37,45,49,45,36,20,7,1,88,14,0
French Guiana,1984,496,69,83,14,6,5,9,30,30,35,53,82,96,58,9,15,15,15,15,15,20,24,29,37,45,50,46,37,21,8,1,89,14,0
French Guiana,1985,508,70,84,14,6,5,9,30,32,38,56,84,97,60,9,15,15,15,17,18,20,25,31,37,47,50,47,38,22,8,1,90,14,0
French Guiana,1986,517,71,85,14,6,5,9,30,33,40,56,85,102,62,9,15,15,15,18,20,20,25,31,38,47,54,48,39,23,8,1,91,14,0
French Guiana,1987,528,72,86,14,6,5,9,30,33,41,57,86,105,62,10,15,15,15,18,20,21,26,31,38,48,55,50,39,23,9,1,92,14,0
French Guiana,1988,543,74,88,14,7,5,9,30,33,42,59,88,107,64,10,15,15,15,18,20,22,27,32,40,48,55,52,40,24,9,1,95,14,0
French Guiana,1989,550,77,91,14,6,5,9,29,33,46,59,89,110,66,11,14,15,15,18,21,25,27,32,40,49,57,53,41,25,9,2,97,14,0
French Guiana,1990,567,79,93,14,6,5,9,30,34,48,61,89,114,67,11,15,15,15,19,23,25,28,33,40,49,58,56,42,25,9,2,99,14,0
French Guiana,1991,571,80,94,14,6,5,9,24,33,48,62,90,117,69,11,10,14,15,18,23,25,28,34,41,49,59,58,43,26,9,2,100,14,0
French Guiana,1992,582,80,94,14,6,5,9,23,33,50,64,92,118,73,13,10,13,15,18,22,28,30,34,42,50,59,59,46,27,11,2,100,14,0
French Guiana,1993,591,79,93,14,6,5,9,22,33,51,66,92,122,76,13,10,12,15,18,22,29,30,36,42,50,60,62,48,28,11,2,99,14,0
French Guiana,1994,598,78,92,14,6,5,9,21,33,51,67,94,124,78,13,10,11,15,18,22,29,31,36,43,51,61,63,49,29,11,2,98,14,0
French Guiana,1995,600,77,91,14,6,5,9,20,33,51,71,94,125,83,14,10,10,15,18,22,29,35,36,43,51,61,64,53,30,12,2,97,14,0
French Guiana,1996,610,75,89,14,6,5,9,20,32,53,72,95,127,84,14,10,10,14,18,23,30,35,37,43,52,62,65,54,30,12,2,95,14,0
French Guiana,1997,621,74,88,14,6,5,9,20,32,54,75,97,130,91,15,10,10,14,18,23,31,37,38,45,52,63,67,57,34,12,3,94,14,0
French Guiana,1998,635,74,88,14,6,5,9,20,32,54,79,100,132,94,16,10,10,14,18,23,31,39,40,46,54,63,69,59,35,13,3,94,14,0
French Guiana,1999,645,74,88,14,6,5,9,20,31,54,81,102,135,97,17,10,10,13,18,23,31,41,40,47,55,65,70,60,37,14,3,94,14,0
French Guiana,2000,676,73,87,14,7,5,10,20,34,59,88,105,136,103,18,10,10,15,19,26,33,43,45,48,57,66,70,63,40,15,3,94,15,0
French Guiana,2001,694,71,83,12,6,5,9,20,34,61,96,109,143,107,19,10,10,15,19,26,35,46,50,51,58,68,75,66,41,16,3,89,14,0
French Guiana,2002,716,70,82,12,6,5,10,21,35,63,99,114,144,112,19,10,11,15,20,27,36,46,53,53,61,69,75,68,44,16,3,88,15,0
French Guiana,2003,741,68,80,12,6,5,10,21,37,67,106,119,147,115,21,10,11,15,22,28,39,49,57,56,63,72,75,69,46,18,3,86,15,0
French Guiana,2004,763,66,78,12,6,5,11,23,38,69,111,122,153,119,23,11,12,16,22,30,39,51,60,58,64,74,79,71,48,20,3,84,16,0
French Guiana,2005,774,66,78,12,6,5,12,25,37,69,116,126,155,122,25,12,13,16,21,30,39,52,64,59,67,75,80,73,49,20,5,84,17,0
French Guiana,2006,779,66,77,11,6,5,12,23,36,69,115,127,155,126,25,12,11,15,21,30,39,52,63,61,66,75,80,74,52,20,5,83,17,1
French Guiana,2007,767,65,76,11,6,5,10,20,33,63,111,127,155,129,28,10,10,14,19,27,36,50,61,63,64,75,80,76,53,23,5,82,15,1
French Guiana,2008,786,63,74,11,6,5,10,20,34,65,114,133,159,131,30,10,10,14,20,27,38,51,63,65,68,76,83,77,54,25,5,80,15,1
French Guiana,2009,796,62,73,11,5,5,9,20,33,66,114,137,164,138,32,10,10,14,19,27,39,51,63,69,68,77,87,80,58,26,6,78,14,1
French Guiana,2010,819,59,70,11,5,5,10,20,33,66,118,144,168,141,33,10,10,14,19,27,39,53,65,72,72,80,88,82,59,27,6,75,15,1
French Guiana,2011,815,58,69,11,5,5,9,20,30,62,115,151,171,145,35,10,10,12,18,25,37,51,64,74,77,81,90,83,62,28,7,74,14,1
French Guiana,2012,840,57,68,11,5,5,9,20,29,62,116,158,176,149,39,10,10,12,17,25,37,51,65,76,82,83,93,86,63,31,8,73,14,1
French Guiana,2013,872,57,67,10,5,5,9,20,31,65,119,170,183,156,40,10,10,13,18,27,38,52,67,82,88,89,94,90,66,32,8,72,14,1
French Guiana,2014,896,57,67,10,5,5,9,20,29,64,122,178,190,162,41,10,10,12,17,26,38,53,69,85,93,93,97,94,68,32,9,72,14,1
French Guiana,2015,935,59,70,11,5,5,10,20,29,65,125,190,202,169,43,10,10,12,17,26,39,54,71,91,99,100,102,98,71,34,9,75,15,1
French Guiana,2016,984,60,71,11,5,5,12,21,30,67,132,204,215,177,45,11,10,12,18,26,41,57,75,97,107,108,107,103,74,36,9,76,17,1
French Guiana,2017,1023,61,72,11,5,5,12,22,30,69,134,213,227,185,49,12,10,12,18,27,42,57,77,100,113,115,112,108,77,38,11,77,17,1
French Guiana,2018,1066,62,73,11,5,5,12,23,30,71,139,225,243,192,50,13,10,12,18,28,43,60,79,105,120,124,119,111,81,39,11,78,17,1
French Guiana,2019,1107,62,73,11,5,5,12,24,29,71,144,235,260,200,52,14,10,12,17,28,43,62,82,107,128,135,125,115,85,41,11,78,17,1
French Guiana,2020,1154,62,73,11,5,5,12,25,29,71,148,247,277,209,53,15,10,12,17,27,44,63,85,111,136,142,135,119,90,42,11,78,17,1
French Guiana,2021,1463,61,72,11,5,5,13,30,37,94,197,329,361,257,62,15,15,15,22,36,58,85,112,148,181,189,172,147,110,50,12,77,18,2
French Polynesia,1950,897,275,394,119,32,21,25,57,56,58,59,60,79,50,6,29,28,26,30,30,28,27,32,27,33,39,40,31,19,6,0,426,46,0
French Polynesia,1951,900,279,395,116,32,21,26,58,55,60,61,63,79,49,7,30,28,25,30,30,30,27,34,30,33,39,40,31,18,7,0,427,47,0
French Polynesia,1952,881,275,385,110,30,20,26,56,51,60,61,63,78,48,7,28,28,23,28,30,30,28,33,31,32,39,39,31,17,7,0,415,46,0
French Polynesia,1953,863,272,377,105,27,20,25,52,49,59,62,64,77,48,6,27,25,22,27,29,30,30,32,32,32,38,39,31,17,6,0,404,45,0
French Polynesia,1954,851,268,371,103,27,20,24,52,47,58,62,65,76,48,6,27,25,23,24,29,29,30,32,34,31,37,39,31,17,6,0,398,44,0
French Polynesia,1955,840,265,363,98,27,18,23,50,45,57,61,67,73,48,6,25,25,23,22,29,28,30,31,36,31,36,37,31,17,6,0,390,41,0
French Polynesia,1956,833,262,359,97,25,17,23,50,45,58,61,70,72,47,6,25,25,24,21,28,30,30,31,39,31,35,37,31,16,6,0,384,40,0
French Polynesia,1957,831,261,356,95,25,16,23,47,45,57,63,71,70,46,6,25,22,25,20,27,30,33,30,38,33,35,35,30,16,6,0,381,39,0
French Polynesia,1958,825,259,353,94,25,16,22,47,43,56,65,73,69,46,6,25,22,23,20,26,30,33,32,38,35,34,35,30,16,6,0,378,38,0
French Polynesia,1959,821,256,349,93,25,15,22,48,43,54,68,74,68,46,6,25,23,22,21,24,30,33,35,37,37,33,35,30,16,6,0,374,37,0
French Polynesia,1960,821,254,346,92,25,15,22,48,43,52,68,78,67,47,6,25,23,21,22,22,30,33,35,37,41,32,35,30,17,6,0,371,37,0
French Polynesia,1961,823,254,345,91,26,15,21,48,45,51,72,79,67,47,6,25,23,21,24,22,29,34,38,37,42,32,35,30,17,6,0,371,36,0
French Polynesia,1962,828,254,345,91,26,15,20,49,45,51,74,83,69,47,6,25,24,20,25,21,30,35,39,40,43,34,35,30,17,6,0,371,35,0
French Polynesia,1963,837,256,347,91,26,15,20,50,44,52,74,83,72,46,6,25,25,20,24,23,29,35,39,40,43,37,35,30,16,6,0,373,35,0
French Polynesia,1964,850,259,350,91,27,15,21,50,47,54,79,85,75,47,6,25,25,23,24,25,29,38,41,43,42,40,35,30,17,6,0,377,36,0
French Polynesia,1965,860,262,353,91,27,15,21,50,50,52,79,87,73,45,6,25,25,25,25,25,27,38,41,45,42,42,31,28,17,6,0,380,36,0
French Polynesia,1966,868,264,355,91,27,16,20,50,50,52,80,90,75,45,6,25,25,25,25,25,27,38,42,47,43,44,31,28,17,6,0,382,36,0
French Polynesia,1967,876,265,356,91,27,17,21,50,50,54,80,92,78,42,6,25,25,25,25,28,26,37,43,49,43,45,33,26,16,6,0,383,38,0
French Polynesia,1968,883,266,357,91,28,20,21,50,50,58,82,96,79,40,7,25,25,25,25,28,30,37,45,49,47,44,35,24,16,7,0,385,41,0
French Polynesia,1969,891,267,357,90,29,20,22,50,50,58,80,97,80,39,7,25,25,25,25,28,30,35,45,49,48,44,36,23,16,7,0,386,42,0
French Polynesia,1970,897,265,354,89,29,20,23,50,55,60,82,102,81,37,7,25,25,25,30,30,30,34,48,51,51,42,39,22,15,7,0,383,43,0
French Polynesia,1971,901,262,350,88,30,20,23,50,56,64,81,105,80,35,7,25,25,26,30,30,34,34,47,51,54,42,38,21,14,7,0,380,43,0
French Polynesia,1972,902,259,346,87,30,20,24,50,57,64,81,106,82,35,7,25,25,27,30,30,34,35,46,52,54,43,39,22,13,7,0,376,44,0
French Polynesia,1973,910,255,339,84,30,20,24,50,58,64,81,110,87,35,7,25,25,28,30,30,34,35,46,55,55,47,40,24,11,7,0,369,44,0
French Polynesia,1974,916,250,332,82,30,20,26,53,59,66,83,116,87,38,6,28,25,29,30,30,36,38,45,58,58,49,38,27,11,6,0,362,46,0
French Polynesia,1975,916,242,319,77,27,20,26,54,59,71,82,119,92,42,6,29,25,29,30,35,36,40,42,59,60,54,38,30,12,6,0,346,46,0
French Polynesia,1976,911,233,305,72,27,20,27,55,58,71,84,122,96,43,5,30,25,28,30,35,36,41,43,62,60,57,39,32,11,5,0,332,47,0
French Polynesia,1977,904,225,291,66,26,20,25,55,57,71,84,121,100,45,5,30,25,27,30,35,36,43,41,59,62,59,41,32,13,5,0,317,45,0
French Polynesia,1978,886,208,268,60,25,18,25,55,56,70,86,124,105,49,5,30,25,26,30,34,36,43,43,59,65,60,45,33,16,5,0,293,43,0
French Polynesia,1979,872,198,252,54,22,17,25,55,55,70,88,123,113,47,5,30,25,25,30,33,37,43,45,55,68,64,49,31,16,5,0,274,42,0
French Polynesia,1980,850,189,235,46,21,16,23,52,53,69,90,121,117,52,4,27,25,25,28,32,37,42,48,52,69,65,52,32,20,4,0,256,39,0
French Polynesia,1981,831,181,221,40,18,15,22,48,48,68,91,119,119,55,5,25,23,22,26,31,37,42,49,50,69,65,54,33,22,5,0,239,37,0
French Polynesia,1982,806,167,202,35,16,13,21,46,45,67,91,118,124,56,5,25,21,20,25,30,37,42,49,49,69,66,58,34,22,5,0,218,34,0
French Polynesia,1983,780,153,183,30,15,12,19,43,43,64,90,115,128,58,6,23,20,20,23,28,36,41,49,50,65,69,59,36,22,6,0,198,31,0
French Polynesia,1984,754,143,168,25,12,10,17,40,41,62,90,115,133,63,7,20,20,20,21,27,35,41,49,52,63,72,61,41,22,7,0,180,27,0
French Polynesia,1985,729,135,158,23,11,10,15,36,34,57,88,110,134,66,11,20,16,15,19,24,33,40,48,53,57,73,61,42,24,10,1,169,25,0
French Polynesia,1986,700,122,141,19,10,7,13,34,32,55,85,107,133,68,14,19,15,15,17,23,32,39,46,54,53,72,61,43,25,12,2,151,20,0
French Polynesia,1987,697,114,133,19,11,8,13,33,32,53,85,106,132,72,17,18,15,15,17,22,31,39,46,54,52,70,62,44,28,15,2,144,21,0
French Polynesia,1988,689,114,132,18,8,6,12,30,30,52,84,106,132,73,18,15,15,15,15,22,30,38,46,54,52,67,65,44,29,15,3,140,18,0
French Polynesia,1989,687,106,124,18,8,5,12,30,30,52,86,111,131,77,21,15,15,15,15,22,30,39,47,56,55,62,69,46,31,17,4,132,17,0
French Polynesia,1990,693,103,121,18,8,5,11,30,30,51,89,117,132,76,21,15,15,15,15,21,30,40,49,56,61,60,72,46,30,17,4,129,16,0
French Polynesia,1991,697,98,115,17,8,5,11,30,30,52,92,121,131,79,21,15,15,15,15,21,31,41,51,57,64,58,73,50,29,16,5,123,16,0
French Polynesia,1992,697,93,109,16,8,5,11,30,30,52,94,125,131,80,20,15,15,15,15,21,31,41,53,57,68,59,72,52,28,16,4,117,16,0
French Polynesia,1993,692,87,102,15,8,5,9,30,31,51,94,128,130,83,21,15,15,15,16,21,30,41,53,58,70,61,69,56,27,16,5,110,14,0
French Polynesia,1994,679,79,93,14,8,5,9,29,30,49,92,130,130,86,19,14,15,15,15,20,29,40,52,60,70,65,65,60,26,14,5,101,14,1
French Polynesia,1995,654,69,81,12,7,5,8,25,30,46,90,126,130,88,17,10,15,15,15,19,27,39,51,59,67,69,61,61,27,13,4,88,13,1
French Polynesia,1996,627,62,72,10,7,5,7,20,30,43,85,123,127,89,16,10,10,15,15,18,25,36,49,58,65,72,55,61,28,12,4,79,12,1
French Polynesia,1997,600,54,63,9,6,5,7,20,26,40,80,121,127,90,16,10,10,11,15,17,23,34,46,57,64,73,54,59,31,12,4,69,12,1
French Polynesia,1998,586,48,57,9,6,5,8,20,26,39,80,117,128,87,15,10,10,11,15,17,22,34,46,55,62,72,56,54,33,11,4,63,13,1
French Polynesia,1999,567,47,54,7,5,5,5,19,23,37,75,117,127,85,16,9,10,10,13,16,21,31,44,54,63,69,58,50,35,12,4,59,10,1
French Polynesia,2000,574,46,53,7,5,5,6,16,23,38,74,119,134,85,16,6,10,10,13,16,22,30,44,55,64,70,64,47,38,12,4,58,11,1
French Polynesia,2001,593,44,50,6,5,5,6,16,23,38,73,125,143,87,17,7,9,10,13,16,22,29,44,56,69,72,71,46,41,13,4,55,11,1
French Polynesia,2002,620,43,49,6,5,5,7,17,23,40,77,132,153,92,20,8,9,10,13,17,23,31,46,59,73,76,77,50,42,16,4,54,12,1
French Polynesia,2003,653,41,48,7,5,5,7,18,23,42,80,140,166,100,23,9,9,10,13,18,24,32,48,62,78,82,84,56,44,19,4,53,12,1
French Polynesia,2004,691,41,48,7,5,5,7,18,23,44,82,148,179,108,28,10,8,10,13,18,26,33,49,64,84,89,90,66,42,22,6,53,12,1
French Polynesia,2005,731,41,47,6,5,5,7,18,23,46,84,156,194,119,32,10,8,10,13,19,27,35,49,67,89,98,96,78,41,26,6,52,12,1
French Polynesia,2006,768,41,47,6,5,5,8,18,23,47,88,158,206,134,34,10,8,10,13,19,28,37,51,68,90,105,101,90,44,28,6,52,13,1
French Polynesia,2007,794,39,45,6,5,5,7,19,23,47,88,163,216,145,37,10,9,10,13,19,28,37,51,70,93,110,106,96,49,29,8,50,12,1
French Polynesia,2008,800,40,46,6,5,5,6,19,22,46,87,160,222,152,33,10,9,10,12,18,28,38,49,70,90,112,110,98,54,25,8,51,11,1
French Polynesia,2009,806,38,44,6,5,5,6,20,19,46,87,156,225,161,35,10,10,8,11,18,28,38,49,66,90,112,113,100,61,25,10,49,11,1
French Polynesia,2010,810,36,42,6,5,5,5,20,18,45,87,154,230,168,36,10,10,7,11,17,28,38,49,64,90,114,116,102,66,25,11,47,10,2
French Polynesia,2011,811,34,39,5,5,5,5,17,17,43,86,151,234,175,38,7,10,7,10,17,26,37,49,61,90,114,120,103,72,27,11,44,10,3
French Polynesia,2012,820,32,37,5,4,3,5,11,16,41,85,149,237,181,39,5,6,6,10,15,26,36,49,61,88,114,123,105,76,28,11,41,8,4
French Polynesia,2013,834,30,35,5,3,2,5,10,17,41,87,150,243,194,43,5,5,7,10,15,26,36,51,62,88,115,128,112,82,32,11,38,7,4
French Polynesia,2014,858,29,34,5,3,2,5,10,19,38,87,149,250,200,51,5,5,9,10,14,24,36,51,61,88,117,133,118,82,40,11,37,7,5
French Polynesia,2015,889,28,32,4,3,2,5,10,19,37,90,152,259,209,62,5,5,9,10,13,24,37,53,64,88,121,138,125,84,48,14,35,7,5
French Polynesia,2016,920,27,31,4,3,1,5,10,19,37,93,154,269,222,70,5,5,9,10,13,24,38,55,66,88,125,144,134,88,54,16,34,6,6
French Polynesia,2017,953,26,30,4,3,1,5,10,18,37,93,158,276,237,79,5,5,8,10,13,24,38,55,69,89,127,149,144,93,58,21,33,6,6
French Polynesia,2018,987,25,29,4,3,1,5,10,18,36,94,162,284,257,83,5,5,8,10,12,24,37,57,71,91,129,155,156,101,60,23,32,6,6
French Polynesia,2019,1017,23,27,4,3,0,5,10,17,33,94,168,289,275,90,5,5,7,10,12,21,37,57,73,95,129,160,164,111,62,28,30,5,7
French Polynesia,2020,1166,22,26,4,2,0,5,10,16,33,94,233,320,319,99,5,5,6,10,12,21,36,58,93,140,153,167,181,138,68,31,28,5,7
French Polynesia,2021,1635,22,26,4,2,0,5,10,15,42,171,366,465,414,109,5,5,5,10,12,30,64,107,162,204,224,241,242,172,75,34,28,5,7
Gabon,1950,11418,2244,4137,1893,450,239,242,630,683,744,935,1339,1407,570,46,305,325,333,350,364,380,437,498,619,720,761,646,403,167,40,6,4587,481,0
Gabon,1951,11336,2217,4070,1853,439,231,237,614,673,738,929,1338,1421,597,48,298,316,328,345,361,377,434,495,617,721,764,657,419,178,42,6,4509,468,0
Gabon,1952,11244,2176,3993,1817,431,223,232,602,663,730,924,1331,1435,623,55,291,311,323,340,356,374,431,493,614,717,768,667,435,188,47,8,4424,455,1
Gabon,1953,11109,2140,3914,1774,421,216,224,590,648,720,910,1318,1446,650,55,286,304,315,333,351,369,423,487,606,712,770,676,450,200,49,6,4335,440,1
Gabon,1954,11053,2110,3843,1733,411,211,219,581,644,716,913,1324,1461,671,63,281,300,312,332,347,369,426,487,609,715,774,687,462,209,55,8,4254,430,1
Gabon,1955,10936,2082,3768,1686,403,206,214,564,629,705,901,1313,1471,694,67,272,292,305,324,342,363,419,482,602,711,777,694,475,219,59,8,4171,420,1
Gabon,1956,10844,2058,3698,1640,396,201,207,553,619,697,894,1309,1482,713,72,266,287,300,319,338,359,416,478,599,710,780,702,485,228,63,9,4094,408,1
Gabon,1957,10754,2038,3639,1601,388,197,202,540,607,689,886,1304,1492,734,79,261,279,293,314,333,356,412,474,597,707,782,710,496,238,68,11,4027,399,1
Gabon,1958,10691,2027,3590,1563,380,193,197,529,596,680,883,1302,1502,754,83,255,274,287,309,328,352,411,472,594,708,785,717,506,248,72,11,3970,390,1
Gabon,1959,10652,2023,3557,1534,375,190,193,520,590,677,879,1301,1513,768,87,251,269,285,305,326,351,407,472,593,708,787,726,514,254,75,12,3932,383,1
Gabon,1960,10597,2019,3526,1507,368,187,188,506,578,669,874,1298,1523,787,93,243,263,278,300,323,346,406,468,591,707,791,732,524,263,81,12,3894,375,1
Gabon,1961,10552,2014,3496,1482,360,185,187,496,568,661,869,1295,1534,804,97,238,258,273,295,318,343,402,467,588,707,793,741,533,271,83,14,3856,372,1
Gabon,1962,10524,2010,3469,1459,355,183,186,486,564,658,868,1297,1543,817,103,232,254,271,293,316,342,401,467,587,710,796,747,541,276,87,16,3824,369,1
Gabon,1963,10478,2002,3439,1437,349,180,182,475,554,650,860,1295,1552,835,107,226,249,266,288,312,338,397,463,586,709,800,752,551,284,91,16,3788,362,1
Gabon,1964,10446,1995,3412,1417,345,179,183,471,547,643,857,1288,1561,848,111,224,247,262,285,308,335,395,462,582,706,803,758,558,290,94,17,3757,362,2
Gabon,1965,10374,1991,3384,1393,340,177,179,454,532,632,847,1282,1567,866,115,217,237,254,278,302,330,390,457,578,704,804,763,568,298,97,18,3724,356,2
Gabon,1966,10345,1991,3362,1371,338,174,179,447,526,624,842,1280,1576,878,118,215,232,251,275,297,327,387,455,577,703,806,770,574,304,100,18,3700,353,2
Gabon,1967,10332,1987,3337,1350,334,172,178,441,516,623,842,1283,1588,893,123,214,227,246,270,297,326,387,455,578,705,810,778,584,309,104,19,3671,350,2
Gabon,1968,10313,1986,3319,1333,332,170,178,436,512,617,837,1278,1594,905,126,213,223,243,269,292,325,385,452,575,703,811,783,589,316,106,20,3651,348,2
Gabon,1969,10311,1987,3300,1313,331,169,178,434,505,615,836,1283,1607,920,132,213,221,240,265,292,323,383,453,577,706,816,791,598,322,110,22,3631,347,2
Gabon,1970,10310,1999,3298,1299,328,169,177,431,497,607,833,1281,1616,938,137,212,219,236,261,287,320,382,451,575,706,819,797,608,330,114,23,3626,346,2
Gabon,1971,10335,2016,3302,1286,324,169,177,433,494,606,830,1282,1628,949,140,213,220,234,260,287,319,380,450,575,707,823,805,614,335,116,24,3626,346,3
Gabon,1972,10346,2030,3304,1274,322,169,177,434,486,600,827,1281,1635,966,144,214,220,229,257,284,316,378,449,574,707,825,810,623,343,120,24,3626,346,3
Gabon,1973,10382,2038,3301,1263,320,168,177,434,484,601,830,1287,1647,980,148,214,220,229,255,284,317,379,451,577,710,830,817,632,348,123,25,3621,345,3
Gabon,1974,10382,2040,3292,1252,317,168,176,432,480,597,828,1286,1653,992,152,213,219,226,254,282,315,378,450,576,710,831,822,638,354,125,27,3609,344,3
Gabon,1975,10409,2050,3290,1240,315,168,177,432,476,595,828,1291,1666,1008,156,213,219,224,252,280,315,378,450,577,714,837,829,648,360,129,27,3605,345,3
Gabon,1976,10385,2063,3291,1228,312,166,175,433,475,592,827,1285,1659,1011,158,213,220,225,250,279,313,378,449,575,710,832,827,648,363,131,27,3603,341,3
Gabon,1977,10408,2080,3296,1216,314,167,177,430,465,584,818,1283,1673,1032,164,212,218,223,242,274,310,373,445,572,711,837,836,660,372,136,28,3610,344,3
Gabon,1978,10391,2095,3300,1205,312,165,177,424,457,574,812,1280,1674,1042,166,209,215,220,237,269,305,368,444,571,709,836,838,665,377,137,29,3612,342,3
Gabon,1979,10443,2105,3302,1197,312,165,179,432,462,578,816,1283,1685,1058,170,212,220,223,239,271,307,371,445,572,711,841,844,673,385,140,30,3614,344,4
Gabon,1980,10503,2119,3307,1188,311,165,180,432,464,576,817,1292,1702,1076,176,212,220,226,238,269,307,372,445,576,716,848,854,683,393,145,31,3618,345,4
Gabon,1981,10572,2139,3319,1180,310,167,182,437,470,577,823,1296,1713,1091,181,216,221,228,242,269,308,373,450,577,719,853,860,692,399,148,33,3629,349,4
Gabon,1982,10669,2147,3318,1171,310,167,185,445,479,584,833,1309,1736,1115,186,220,225,232,247,271,313,378,455,582,727,863,873,705,410,152,34,3628,352,4
Gabon,1983,10663,2156,3321,1165,309,167,184,442,475,573,824,1305,1739,1124,190,220,222,230,245,265,308,374,450,581,724,862,877,709,415,156,34,3630,351,4
Gabon,1984,10733,2160,3316,1156,310,169,188,449,484,580,832,1311,1752,1138,193,224,225,235,249,269,311,377,455,583,728,868,884,717,421,158,35,3626,357,4
Gabon,1985,10744,2164,3317,1153,311,170,189,449,482,574,830,1311,1758,1148,197,224,225,234,248,267,307,377,453,583,728,870,888,722,426,162,35,3628,359,4
Gabon,1986,10793,2172,3318,1146,313,171,191,454,486,576,830,1316,1766,1164,202,227,227,235,251,269,307,376,454,585,731,873,893,731,433,165,37,3631,362,5
Gabon,1987,10876,2188,3328,1140,317,174,195,464,493,583,834,1320,1777,1176,208,231,233,238,255,274,309,378,456,587,733,877,900,737,439,169,39,3645,369,5
Gabon,1988,11018,2203,3342,1139,321,178,200,477,508,597,852,1340,1793,1191,211,237,240,245,263,283,314,387,465,597,743,886,907,745,446,172,39,3663,378,5
Gabon,1989,11084,2208,3350,1142,324,180,205,486,515,600,853,1346,1802,1206,215,241,245,247,268,286,314,387,466,599,747,890,912,754,452,176,39,3674,385,5
Gabon,1990,11238,2213,3355,1142,327,185,211,504,535,619,871,1366,1818,1218,220,249,255,257,278,296,323,395,476,609,757,898,920,760,458,179,41,3682,396,5
Gabon,1991,11375,2221,3365,1144,332,191,218,517,550,639,885,1383,1832,1236,224,257,260,265,285,306,333,402,483,618,765,905,927,769,467,182,42,3697,409,5
Gabon,1992,11487,2234,3379,1145,336,196,223,532,562,651,888,1394,1843,1248,229,263,269,272,290,312,339,402,486,623,771,911,932,775,473,186,43,3715,419,6
Gabon,1993,11582,2247,3396,1149,341,200,230,547,571,660,891,1396,1850,1264,234,272,275,278,293,316,344,402,489,624,772,913,937,784,480,190,44,3737,430,6
Gabon,1994,11755,2247,3404,1157,348,206,240,567,595,684,909,1416,1864,1279,240,282,285,289,306,328,356,412,497,634,782,921,943,792,487,194,46,3752,446,6
Gabon,1995,11909,2239,3399,1160,351,211,248,589,620,711,927,1434,1877,1291,245,294,295,303,317,342,369,421,506,643,791,928,949,797,494,198,47,3750,459,6
Gabon,1996,12126,2244,3407,1163,361,218,259,620,650,738,954,1459,1895,1306,249,309,311,317,333,354,384,438,516,656,803,938,957,806,500,201,48,3768,477,6
Gabon,1997,12287,2261,3409,1148,361,222,270,644,675,764,975,1477,1906,1321,254,319,325,329,346,367,397,452,523,665,812,944,962,811,510,205,49,3770,492,7
Gabon,1998,12422,2282,3427,1145,362,224,275,664,697,785,988,1486,1914,1335,261,329,335,340,357,376,409,461,527,670,816,947,967,819,516,211,50,3789,499,7
Gabon,1999,12605,2296,3439,1143,361,229,286,692,724,810,1009,1505,1927,1351,268,343,349,353,371,388,422,473,536,680,825,955,972,826,525,217,51,3800,515,7
Gabon,2000,12719,2317,3451,1134,359,230,289,705,736,823,1027,1514,1936,1366,276,350,355,358,378,394,429,484,543,684,830,959,977,834,532,221,55,3810,519,8
Gabon,2001,12849,2329,3455,1126,355,232,295,723,753,840,1047,1525,1949,1379,282,358,365,367,386,404,436,494,553,688,837,965,984,840,539,225,57,3810,527,8
Gabon,2002,13084,2337,3462,1125,353,233,303,760,797,883,1090,1549,1964,1396,289,375,385,389,408,427,456,516,574,700,849,973,991,849,547,230,59,3815,536,9
Gabon,2003,13123,2334,3440,1106,344,231,303,763,800,890,1104,1556,1974,1411,296,377,386,390,410,431,459,522,582,701,855,978,996,856,555,235,61,3784,534,10
Gabon,2004,13299,2337,3428,1091,340,228,307,792,833,921,1138,1576,1990,1428,305,390,402,408,425,447,474,540,598,712,864,986,1004,864,564,242,63,3768,535,11
Gabon,2005,13525,2341,3416,1075,335,226,313,823,875,964,1184,1605,2007,1443,316,403,420,428,447,468,496,561,623,730,875,996,1011,872,571,248,68,3751,539,12
Gabon,2006,13590,2350,3417,1067,331,223,311,831,887,977,1191,1605,2014,1461,326,405,426,434,453,475,502,563,628,735,870,998,1016,880,581,254,72,3748,534,13
Gabon,2007,13781,2353,3405,1052,328,220,315,868,932,1015,1219,1624,2026,1481,338,420,448,457,475,493,522,578,641,750,874,1004,1022,890,591,262,76,3733,535,15
Gabon,2008,13844,2354,3383,1029,320,212,306,853,934,1029,1244,1648,2045,1501,348,410,443,457,477,498,531,588,656,767,881,1014,1031,900,601,267,81,3703,518,17
Gabon,2009,14092,2368,3362,994,311,206,304,875,981,1082,1301,1696,2072,1521,359,416,459,477,504,524,558,615,686,796,900,1028,1044,910,611,275,84,3673,510,19
Gabon,2010,14108,2381,3351,970,303,202,299,859,963,1073,1310,1724,2092,1545,371,409,450,469,494,517,556,618,692,811,913,1037,1055,922,623,283,88,3654,501,20
Gabon,2011,14434,2392,3324,932,292,196,294,892,1036,1151,1376,1782,2115,1569,385,418,474,504,532,557,594,655,721,842,940,1047,1068,935,634,292,93,3616,490,22
Gabon,2012,14459,2366,3275,909,284,191,286,879,1038,1159,1394,1809,2131,1590,398,411,468,504,534,560,599,664,730,855,954,1052,1079,946,644,301,97,3559,477,24
Gabon,2013,14737,2332,3215,883,279,186,283,898,1089,1224,1463,1880,2164,1617,412,414,484,527,562,592,632,700,763,891,989,1068,1096,960,657,308,104,3494,469,26
Gabon,2014,15002,2290,3139,849,271,184,281,910,1142,1292,1534,1951,2200,1643,425,415,495,550,592,626,666,737,797,928,1023,1089,1111,974,669,317,108,3410,465,28
Gabon,2015,15004,2229,3032,803,264,178,272,886,1143,1311,1567,1993,2227,1665,430,401,485,547,596,634,677,751,816,947,1046,1106,1121,987,678,322,108,3296,450,29
Gabon,2016,15073,2133,2874,741,252,170,265,868,1159,1357,1636,2068,2274,1688,434,389,479,549,610,653,704,782,854,982,1086,1138,1136,1000,688,326,108,3126,435,30
Gabon,2017,15084,2069,2774,705,247,168,262,850,1172,1389,1668,2088,2293,1704,434,378,472,551,621,668,721,798,870,991,1097,1154,1139,1010,694,328,106,3021,430,29
Gabon,2018,15303,2010,2703,693,249,168,259,838,1200,1452,1743,2165,2340,1725,431,370,468,559,641,698,754,835,908,1028,1137,1188,1152,1023,702,328,103,2952,427,27
Gabon,2019,15369,1968,2650,682,251,171,260,822,1197,1472,1771,2199,2372,1742,433,364,458,553,644,706,766,846,925,1043,1156,1207,1165,1033,709,331,102,2901,431,25
Gabon,2020,15833,1914,2580,666,251,172,257,782,1161,1468,1861,2407,2557,1860,452,349,433,532,629,698,770,877,984,1135,1272,1324,1233,1095,765,349,103,2831,429,24
Gabon,2021,16987,1856,2503,647,249,174,260,779,1205,1655,2100,2697,2839,2029,473,349,430,540,665,775,880,996,1104,1277,1420,1473,1366,1195,834,369,104,2752,434,22
Gambia,1950,9842,2592,6243,3651,568,235,225,497,411,388,398,444,346,87,0,251,246,207,204,198,190,193,205,220,224,204,142,74,13,0,0,6811,460,0
Gambia,1951,9958,2696,6227,3531,586,241,228,516,428,399,408,456,362,101,0,260,256,218,210,203,196,198,210,226,230,212,150,81,20,0,0,6813,469,0
Gambia,1952,10139,2761,6293,3532,597,247,234,531,447,411,419,471,381,111,1,267,264,233,214,210,201,203,216,231,240,221,160,85,26,1,0,6890,481,0
Gambia,1953,10306,2825,6393,3568,589,253,234,541,461,416,426,480,392,121,2,272,269,245,216,214,202,207,219,236,244,227,165,90,31,2,0,6982,487,0
Gambia,1954,10532,2889,6529,3640,572,261,237,555,483,426,435,491,407,128,3,279,276,260,223,219,207,212,223,241,250,234,173,95,33,3,0,7101,498,0
Gambia,1955,10775,2952,6681,3729,559,269,243,568,506,436,447,504,422,136,5,285,283,273,233,224,212,217,230,248,256,242,180,100,36,5,0,7240,512,0
Gambia,1956,11034,3015,6825,3810,558,278,249,581,529,452,458,518,437,145,6,290,291,283,246,231,221,222,236,254,264,250,187,106,39,6,0,7383,527,0
Gambia,1957,11168,3045,6860,3815,561,284,254,590,550,459,468,529,451,150,7,293,297,290,260,235,224,227,241,259,270,257,194,109,41,7,0,7421,538,0
Gambia,1958,11279,3073,6898,3825,566,283,260,598,567,466,473,537,461,156,9,296,302,295,272,238,228,230,243,263,274,262,199,114,42,9,0,7464,543,0
Gambia,1959,11409,3103,6949,3846,578,275,265,603,584,477,481,547,471,165,11,297,306,300,284,244,233,234,247,268,279,267,204,119,46,11,0,7527,540,0
Gambia,1960,11536,3129,6989,3860,593,269,273,610,601,489,490,558,484,169,11,301,309,305,296,252,237,238,252,273,285,274,210,123,46,11,0,7582,542,0
Gambia,1961,11678,3157,7028,3871,609,263,279,621,615,504,500,570,500,178,11,307,314,310,305,263,241,243,257,278,292,282,218,129,49,11,0,7637,542,0
Gambia,1962,11836,3184,7074,3890,627,261,285,629,632,521,513,582,511,188,11,313,316,318,314,276,245,251,262,284,298,287,224,135,53,11,0,7701,546,0
Gambia,1963,11956,3207,7112,3905,638,260,285,635,637,542,520,592,522,194,12,318,317,321,316,291,251,254,266,289,303,293,229,140,54,12,0,7750,545,0
Gambia,1964,12087,3225,7137,3912,655,267,281,648,647,560,532,605,540,201,13,327,321,326,321,305,255,260,272,295,310,302,238,143,58,12,1,7792,548,0
Gambia,1965,12192,3238,7150,3912,671,273,274,658,655,578,542,616,550,207,15,335,323,329,326,315,263,265,277,300,316,307,243,148,59,14,1,7821,547,0
Gambia,1966,12303,3244,7152,3908,688,282,269,671,664,599,552,627,565,215,17,343,328,332,332,325,274,270,282,305,322,315,250,153,62,16,1,7840,551,0
Gambia,1967,12385,3258,7153,3895,698,288,264,679,669,617,560,638,577,222,17,347,332,333,336,331,286,273,287,310,328,321,256,158,64,16,1,7851,552,0
Gambia,1968,12514,3277,7158,3881,717,296,264,690,679,639,574,655,592,231,18,349,341,336,343,337,302,279,295,319,336,329,263,164,67,17,1,7875,560,0
Gambia,1969,12636,3300,7168,3868,730,302,271,694,688,659,587,668,608,240,22,345,349,339,349,342,317,285,302,325,343,337,271,169,71,21,1,7898,573,0
Gambia,1970,12747,3324,7188,3864,741,310,278,692,691,673,600,679,620,248,22,335,357,342,349,347,326,295,305,330,349,343,277,174,74,21,1,7929,588,0
Gambia,1971,12881,3348,7204,3856,753,317,286,696,701,691,620,696,636,257,24,330,366,347,354,353,338,308,312,340,356,351,285,180,77,21,3,7957,603,0
Gambia,1972,12987,3382,7207,3825,763,324,292,695,709,705,639,709,649,265,25,324,371,353,356,359,346,322,317,345,364,358,291,184,81,22,3,7970,616,0
Gambia,1973,13148,3418,7246,3828,777,331,301,698,719,717,662,727,666,273,28,326,372,361,358,366,351,339,323,355,372,367,299,190,83,24,4,8023,632,0
Gambia,1974,13271,3443,7272,3829,785,336,307,698,726,726,685,741,684,283,30,332,366,367,359,370,356,354,331,361,380,376,308,195,88,25,5,8057,643,0
Gambia,1975,13514,3466,7299,3833,804,345,317,698,735,729,706,764,735,338,45,342,356,374,361,370,359,365,341,370,394,398,337,228,110,37,8,8103,662,0
Gambia,1976,13716,3491,7326,3835,819,350,325,694,732,726,720,779,789,391,58,349,345,374,358,367,359,371,349,374,405,420,369,258,133,48,10,8145,675,0
Gambia,1977,14015,3515,7369,3854,844,361,338,706,743,732,745,806,850,454,77,363,343,381,362,369,363,379,366,384,422,446,404,296,158,62,15,8213,699,0
Gambia,1978,14451,3567,7458,3891,883,377,357,735,761,747,774,833,913,520,91,382,353,388,373,374,373,387,387,394,439,472,441,334,186,74,17,8341,734,1
Gambia,1979,14485,3571,7411,3840,883,372,354,730,732,722,773,842,968,585,110,382,348,366,366,360,362,380,393,395,447,493,475,372,213,88,22,8294,726,1
Gambia,1980,14719,3607,7430,3823,903,379,362,749,720,717,781,861,1026,655,129,393,356,354,366,358,359,380,401,403,458,515,511,412,243,103,26,8333,741,1
Gambia,1981,15538,3645,7461,3816,927,392,420,967,836,791,839,915,1105,736,147,512,455,410,426,399,392,407,432,433,482,548,557,460,276,119,28,8388,812,2
Gambia,1982,15178,3682,7480,3798,930,393,378,790,703,704,791,907,1138,799,165,415,375,336,367,353,351,380,411,431,476,557,581,495,304,132,33,8410,771,2
Gambia,1983,15442,3714,7499,3785,946,403,387,814,702,703,792,939,1199,873,184,428,386,337,365,355,348,380,412,453,486,582,617,537,336,147,37,8445,790,2
Gambia,1984,15722,3746,7511,3765,964,414,397,841,699,702,791,969,1265,957,206,442,399,344,355,358,344,379,412,470,499,606,659,584,373,164,42,8475,811,3
Gambia,1985,15815,3778,7514,3736,965,418,403,868,695,702,795,990,1274,974,211,456,412,353,342,359,343,379,416,482,508,609,665,593,381,169,42,8479,821,3
Gambia,1986,16026,3817,7523,3706,986,431,418,906,702,714,804,1021,1292,1002,222,475,431,367,335,367,347,382,422,495,526,616,676,608,394,177,45,8509,849,4
Gambia,1987,16140,3850,7521,3671,989,435,427,933,706,714,802,1044,1304,1026,233,488,445,377,329,367,347,380,422,500,544,619,685,621,405,184,49,8510,862,4
Gambia,1988,16309,3885,7542,3657,994,440,434,959,718,712,806,1074,1324,1058,245,499,460,390,328,363,349,380,426,505,569,626,698,638,420,193,52,8536,874,4
Gambia,1989,16516,3918,7570,3652,1002,445,444,989,736,707,809,1106,1352,1092,259,513,476,402,334,353,354,379,430,513,593,639,713,656,436,204,55,8572,889,5
Gambia,1990,16668,3957,7588,3631,1003,445,452,1012,754,698,808,1127,1381,1125,271,522,490,413,341,340,358,378,430,516,611,654,727,673,452,213,58,8591,897,6
Gambia,1991,16753,3999,7614,3615,985,439,451,1023,765,682,800,1139,1408,1158,283,527,496,421,344,326,356,375,425,518,621,672,736,690,468,222,61,8599,890,6
Gambia,1992,16822,4034,7625,3591,972,434,452,1032,775,668,795,1145,1441,1188,294,531,501,427,348,315,353,374,421,518,627,696,745,706,482,231,63,8597,886,7
Gambia,1993,16814,4050,7601,3551,956,428,448,1034,786,655,789,1150,1462,1202,294,531,503,433,353,309,346,375,414,519,631,716,746,713,489,230,64,8557,876,7
Gambia,1994,16550,4047,7531,3484,921,415,434,1012,790,637,778,1131,1447,1169,282,517,495,434,356,308,329,373,405,510,621,718,729,695,474,220,62,8452,849,7
Gambia,1995,16375,4013,7416,3403,902,410,429,999,799,628,775,1124,1452,1162,275,510,489,436,363,313,315,374,401,506,618,725,727,689,473,216,59,8318,839,7
Gambia,1996,16334,3968,7269,3301,906,415,435,1004,818,624,779,1129,1483,1182,280,512,492,445,373,320,304,378,401,505,624,738,745,700,482,220,60,8175,850,8
Gambia,1997,16631,3955,7182,3227,956,442,461,1055,872,649,805,1156,1541,1216,286,539,516,471,401,343,306,391,414,515,641,761,780,719,497,225,61,8138,903,8
Gambia,1998,16647,3925,7023,3098,973,453,471,1068,893,660,810,1166,1583,1243,296,547,521,479,414,355,305,390,420,516,650,773,810,733,510,234,62,7996,924,8
Gambia,1999,16819,3902,6931,3029,999,469,490,1099,924,690,814,1181,1630,1277,305,564,535,492,432,374,316,383,431,522,659,788,842,751,526,241,64,7930,959,9
Gambia,2000,17050,3828,6752,2924,1050,496,520,1154,976,733,825,1207,1688,1324,317,594,560,515,461,399,334,378,447,533,674,809,879,780,544,250,67,7802,1016,9
Gambia,2001,17326,3788,6620,2832,1102,525,550,1208,1024,780,836,1233,1741,1372,328,623,585,538,486,426,354,374,462,546,687,830,911,811,561,258,70,7722,1075,9
Gambia,2002,17643,3734,6471,2737,1165,556,583,1271,1077,833,849,1265,1795,1430,339,659,612,563,514,457,376,372,477,564,701,853,942,852,578,269,70,7636,1139,9
Gambia,2003,17629,3687,6335,2648,1164,558,595,1286,1083,857,837,1265,1813,1473,350,668,618,565,518,470,387,368,469,567,698,861,952,883,590,276,74,7499,1153,9
Gambia,2004,17513,3672,6246,2574,1165,558,599,1294,1097,889,834,1270,1786,1438,325,673,621,570,527,485,404,378,456,575,695,853,933,869,569,260,65,7411,1157,8
Gambia,2005,17557,3653,6177,2524,1185,568,612,1325,1126,937,844,1287,1774,1411,307,689,636,584,542,508,429,398,446,587,700,851,923,858,553,246,61,7362,1180,7
Gambia,2006,17360,3640,6088,2448,1166,558,606,1311,1121,960,838,1285,1749,1383,292,683,628,580,541,516,444,410,428,590,695,841,908,841,542,236,56,7254,1164,7
Gambia,2007,17411,3608,5996,2388,1191,567,619,1336,1149,1002,856,1301,1744,1362,282,695,641,594,555,534,468,433,423,598,703,839,905,827,535,227,55,7187,1186,6
Gambia,2008,17187,3564,5890,2326,1161,555,613,1319,1138,1015,866,1293,1718,1337,272,687,632,586,552,537,478,447,419,588,705,826,892,807,530,220,52,7051,1168,6
Gambia,2009,17240,3527,5798,2271,1175,563,622,1347,1157,1054,908,1296,1722,1326,266,701,646,595,562,551,503,474,434,577,719,828,894,799,527,216,50,6973,1185,6
Gambia,2010,17338,3482,5700,2218,1201,572,637,1368,1181,1092,960,1301,1731,1322,263,712,656,606,575,568,524,503,457,564,737,835,896,797,525,213,50,6901,1209,6
Gambia,2011,17002,3432,5581,2149,1150,550,618,1338,1151,1086,984,1273,1708,1298,257,697,641,590,561,559,527,516,468,538,735,827,881,782,516,209,48,6731,1168,6
Gambia,2012,16860,3378,5470,2092,1123,541,612,1332,1142,1097,1024,1264,1707,1286,256,694,638,585,557,561,536,538,486,525,739,831,876,778,508,209,47,6593,1153,5
Gambia,2013,17166,3307,5330,2023,1192,568,642,1392,1197,1152,1101,1289,1745,1295,258,726,666,615,582,587,565,577,524,538,751,858,887,788,507,211,47,6522,1210,5
Gambia,2014,17341,3218,5175,1957,1227,588,663,1438,1230,1198,1174,1307,1779,1300,256,751,687,631,599,608,590,613,561,565,742,883,896,794,506,211,45,6402,1251,5
Gambia,2015,17453,3124,5007,1883,1254,604,680,1470,1261,1231,1239,1324,1814,1305,254,767,703,647,614,624,607,643,596,598,726,905,909,799,506,209,45,6261,1284,5
Gambia,2016,17287,3028,4842,1814,1219,597,677,1465,1252,1236,1284,1326,1832,1304,250,765,700,643,609,623,613,661,623,622,704,919,913,800,504,207,43,6061,1274,5
Gambia,2017,17626,2940,4680,1740,1275,631,709,1531,1307,1292,1371,1376,1884,1318,248,799,732,671,636,651,641,700,671,668,708,945,939,808,510,206,42,5955,1340,4
Gambia,2018,17920,2852,4513,1661,1321,661,740,1589,1356,1342,1451,1441,1925,1331,245,828,761,697,659,675,667,733,718,716,725,958,967,817,514,204,41,5834,1401,4
Gambia,2019,17577,2786,4379,1593,1240,635,721,1556,1322,1318,1467,1479,1894,1324,242,812,744,679,643,659,659,734,733,741,738,921,973,813,511,201,41,5619,1356,4
Gambia,2020,18986,2726,4255,1529,1265,656,734,1569,1375,1483,1782,1895,2193,1522,259,821,748,696,679,729,754,872,910,952,943,1066,1127,931,591,219,40,5520,1390,3
Gambia,2021,19923,2677,4150,1473,1236,654,769,1647,1471,1618,1989,2167,2346,1609,267,859,788,741,730,785,833,969,1020,1089,1078,1121,1225,992,617,226,41,5386,1423,3
Georgia,1950,55536,8771,10917,2146,274,383,519,1545,1839,3274,4552,8447,12756,10118,915,830,715,661,1178,1459,1815,1891,2661,3683,4764,5925,6831,6567,3551,868,47,11191,902,0
Georgia,1951,55069,8922,11153,2231,266,355,525,1617,1758,3298,4537,8249,12256,10028,1026,818,799,660,1098,1470,1828,1935,2602,3611,4638,5773,6483,6441,3587,960,66,11419,880,1
Georgia,1952,55359,8850,11108,2258,268,324,554,1702,1716,3364,4627,8241,12223,10071,1161,794,908,695,1021,1507,1857,2032,2595,3616,4625,5805,6418,6345,3726,1070,91,11376,878,2
Georgia,1953,54338,8840,11085,2245,290,279,571,1735,1658,3337,4622,8015,11872,9641,1235,749,986,736,922,1498,1839,2085,2537,3529,4486,5671,6201,5945,3696,1123,112,11375,850,2
Georgia,1954,53552,8810,11031,2221,298,238,575,1760,1657,3298,4639,7844,11568,9337,1306,719,1041,801,856,1466,1832,2135,2504,3481,4363,5535,6033,5648,3689,1172,134,11329,813,3
Georgia,1955,53276,8897,11089,2192,320,209,563,1776,1712,3252,4707,7736,11367,9153,1381,711,1065,884,828,1410,1842,2180,2527,3447,4289,5436,5931,5434,3719,1224,157,11409,772,4
Georgia,1956,52932,9033,11202,2169,323,196,525,1777,1818,3185,4797,7612,11160,8895,1434,724,1053,988,830,1323,1862,2202,2595,3383,4229,5330,5830,5228,3667,1257,177,11525,721,6
Georgia,1957,52522,9145,11308,2163,330,196,469,1754,1958,3089,4879,7477,10985,8595,1476,748,1006,1099,859,1209,1880,2199,2680,3318,4159,5226,5759,5090,3505,1280,196,11638,665,8
Georgia,1958,51671,9219,11381,2162,335,202,402,1712,2092,2950,4907,7284,10688,8217,1491,764,948,1187,905,1090,1860,2168,2739,3233,4051,5063,5625,4935,3282,1282,209,11716,604,11
Georgia,1959,51342,9241,11401,2160,333,214,346,1689,2243,2848,4990,7227,10490,8021,1521,774,915,1258,985,1019,1829,2171,2819,3211,4016,4957,5533,4862,3159,1296,225,11734,560,13
Georgia,1960,51290,9265,11416,2151,334,230,306,1665,2376,2752,5074,7250,10376,7930,1561,758,907,1288,1088,988,1764,2188,2886,3256,3994,4902,5474,4837,3093,1320,241,11750,536,16
Georgia,1961,51486,9142,11275,2133,333,246,291,1657,2529,2687,5207,7382,10376,7908,1578,719,938,1296,1233,1005,1682,2245,2962,3399,3983,4912,5464,4853,3055,1322,256,11608,537,19
Georgia,1962,50677,8876,10977,2101,336,253,288,1606,2601,2570,5202,7388,10158,7763,1513,639,967,1237,1364,1036,1534,2256,2946,3498,3890,4816,5342,4785,2978,1250,263,11313,541,21
Georgia,1963,50117,8572,10616,2044,338,259,299,1563,2680,2508,5206,7465,10013,7690,1452,561,1002,1185,1495,1103,1405,2264,2942,3623,3842,4757,5256,4748,2942,1184,268,10954,558,23
Georgia,1964,50424,8073,10040,1967,345,268,327,1528,2770,2565,5295,7739,10185,7866,1476,496,1032,1164,1606,1223,1342,2282,3013,3821,3918,4864,5321,4842,3024,1193,283,10385,595,26
Georgia,1965,49082,7486,9350,1864,338,266,344,1432,2762,2611,5163,7754,9930,7676,1433,436,996,1140,1622,1326,1285,2171,2992,3846,3908,4757,5173,4710,2966,1154,279,9688,610,27
Georgia,1966,48903,7031,8766,1735,338,272,369,1365,2816,2805,5133,8010,9907,7668,1422,417,948,1182,1634,1499,1306,2067,3066,3936,4074,4733,5174,4692,2976,1145,277,9104,641,29
Georgia,1967,49747,6837,8478,1641,355,285,388,1267,2789,3025,5076,8361,10230,8042,1419,410,857,1207,1582,1661,1364,1935,3141,3999,4362,4805,5425,4927,3115,1154,265,8833,673,30
Georgia,1968,49559,6546,8109,1563,338,293,398,1165,2693,3193,4888,8506,10298,8264,1386,413,752,1197,1496,1768,1425,1777,3111,3969,4537,4779,5519,5056,3208,1139,247,8447,691,30
Georgia,1969,49621,6347,7831,1484,337,303,409,1088,2612,3366,4700,8611,10377,8575,1378,433,655,1176,1436,1847,1519,1662,3038,3966,4645,4822,5555,5239,3336,1136,242,8168,712,31
Georgia,1970,50511,6157,7551,1394,332,315,430,1048,2562,3568,4590,8799,10689,9184,1409,470,578,1154,1408,1904,1664,1619,2971,4042,4757,5075,5614,5638,3546,1163,246,7883,745,32
Georgia,1971,50046,6029,7330,1301,309,315,441,1023,2505,3753,4407,8805,10640,9052,1435,507,516,1117,1388,1912,1841,1589,2818,4062,4743,5257,5383,5509,3543,1188,247,7639,756,31
Georgia,1972,49966,5916,7155,1239,289,311,445,1021,2424,3875,4298,8829,10802,9002,1486,528,493,1037,1387,1857,2018,1634,2664,4088,4741,5493,5309,5446,3556,1237,249,7444,756,30
Georgia,1973,49719,5764,6960,1196,274,304,443,1037,2309,3929,4205,8820,10931,8916,1558,537,500,918,1391,1764,2165,1718,2487,4074,4746,5638,5293,5300,3616,1307,251,7234,747,29
Georgia,1974,50058,5626,6788,1162,257,299,447,1096,2221,4018,4227,8891,11209,8917,1659,553,543,804,1417,1706,2312,1863,2364,4075,4816,5767,5442,5198,3719,1398,261,7045,746,30
Georgia,1975,49996,5582,6717,1135,243,287,446,1145,2100,4022,4293,8797,11392,8816,1711,559,586,693,1407,1651,2371,2024,2269,3967,4830,5774,5618,5044,3772,1445,266,6960,733,30
Georgia,1976,50736,5420,6496,1076,228,279,448,1208,2004,4048,4554,8851,11892,8928,1767,574,634,628,1376,1648,2400,2259,2295,3881,4970,5886,6006,5045,3883,1484,283,6724,727,32
Georgia,1977,50241,5247,6272,1025,220,261,441,1234,1867,3966,4794,8617,12055,8718,1765,576,658,595,1272,1642,2324,2458,2336,3642,4975,5840,6215,4939,3779,1473,292,6492,702,31
Georgia,1978,50764,5139,6116,977,207,246,439,1267,1760,3925,5169,8522,12448,8776,1854,586,681,615,1145,1676,2249,2682,2487,3462,5060,5960,6488,5038,3738,1538,316,6323,685,32
Georgia,1979,50549,5044,5977,933,207,230,427,1280,1656,3845,5476,8251,12501,8759,1907,586,694,662,994,1692,2153,2830,2646,3252,4999,5965,6536,5137,3622,1572,335,6184,657,33
Georgia,1980,51753,4953,5854,901,194,219,415,1305,1588,3800,5877,8230,12977,9235,2026,592,713,722,866,1698,2102,2948,2929,3216,5014,6183,6794,5551,3684,1668,358,6048,634,35
Georgia,1981,50937,4850,5718,868,191,206,395,1303,1534,3698,6062,7878,12741,9193,1979,586,717,766,768,1634,2064,2910,3152,3148,4730,6119,6622,5667,3526,1633,346,5909,601,35
Georgia,1982,51128,4749,5588,839,180,200,376,1309,1539,3607,6278,7746,12861,9444,1963,583,726,803,736,1527,2080,2834,3444,3244,4502,6210,6651,5943,3501,1613,350,5768,576,37
Georgia,1983,52138,4678,5490,812,182,196,364,1347,1626,3576,6585,7798,13169,9785,1977,593,754,849,777,1404,2172,2789,3796,3483,4315,6363,6806,6205,3580,1606,371,5672,560,40
Georgia,1984,53424,4653,5435,782,171,193,349,1365,1736,3471,6794,7965,13549,10327,2025,595,770,882,854,1236,2235,2711,4083,3788,4177,6508,7041,6540,3787,1626,399,5606,542,44
Georgia,1985,53035,4581,5343,762,167,188,325,1344,1821,3279,6763,8023,13295,10462,1980,573,771,893,928,1057,2222,2603,4160,4042,3981,6298,6997,6538,3924,1578,402,5510,513,44
Georgia,1986,53841,4471,5218,747,165,184,315,1338,1931,3148,6818,8497,13307,10897,1976,553,785,918,1013,948,2200,2605,4213,4469,4028,6135,7172,6639,4258,1569,407,5383,499,44
Georgia,1987,55645,4317,5078,761,170,188,317,1350,2049,3048,6924,9340,13577,11549,2006,539,811,954,1095,931,2117,2700,4224,5050,4290,6031,7546,6882,4667,1598,408,5248,505,46
Georgia,1988,55410,4188,4921,733,154,179,306,1308,2091,2865,6785,9933,13237,11598,1989,502,806,961,1130,977,1888,2750,4035,5474,4459,5647,7590,6826,4772,1596,393,5075,485,48
Georgia,1989,56907,4141,4873,732,162,184,313,1318,2205,2799,6858,10850,13252,11948,2096,494,824,1008,1197,1118,1681,2902,3956,5976,4874,5458,7794,6988,4960,1700,396,5035,497,51
Georgia,1990,57177,4111,4816,705,158,169,295,1251,2235,2655,6785,11379,12905,12234,2234,463,788,1023,1212,1226,1429,2937,3848,6122,5257,5259,7646,7145,5089,1838,396,4974,464,53
Georgia,1991,57173,3933,4645,712,166,180,306,1250,2303,2595,6742,11876,12475,12213,2378,476,774,1060,1243,1331,1264,2910,3832,6119,5757,5213,7262,7146,5067,1987,391,4811,486,52
Georgia,1992,58142,3595,4269,674,151,163,346,1478,2545,2707,6733,12460,12306,12402,2535,608,870,1196,1349,1460,1247,2789,3944,6026,6434,5380,6926,7327,5075,2144,391,4420,509,51
Georgia,1993,57294,3268,3905,637,143,157,376,1619,2682,2840,6444,12560,11801,12147,2573,703,916,1274,1408,1522,1318,2459,3985,5650,6910,5457,6344,7245,4902,2179,394,4048,533,49
Georgia,1994,54397,2973,3558,585,137,146,251,983,2143,2672,5889,12402,11512,12000,2655,395,588,957,1186,1349,1323,1966,3923,5209,7193,5685,5827,7164,4836,2235,420,3695,397,48
Georgia,1995,52226,2730,3261,531,138,139,234,922,2057,2741,5471,12020,11241,11324,2628,375,547,891,1166,1320,1421,1591,3880,4861,7159,5940,5301,6686,4638,2188,440,3399,373,47
Georgia,1996,51416,2502,2973,471,123,135,221,875,1985,2823,5130,11849,11698,10903,2653,357,518,824,1161,1312,1511,1343,3787,4777,7072,6500,5198,6270,4633,2176,477,3096,356,46
Georgia,1997,50885,2282,2703,421,124,132,213,842,1899,2856,4743,11614,12511,10547,2657,343,499,752,1147,1300,1556,1242,3501,4806,6808,7219,5292,5855,4692,2152,505,2827,345,45
Georgia,1998,50677,2061,2432,371,110,132,205,809,1817,2869,4364,11384,13538,10295,2675,329,480,691,1126,1293,1576,1301,3063,4926,6458,7997,5541,5504,4791,2150,525,2542,337,47
Georgia,1999,49611,1844,2169,325,104,128,197,765,1711,2853,3965,11027,14278,9739,2623,310,455,634,1077,1283,1570,1442,2523,5019,6008,8437,5841,5032,4707,2098,525,2273,325,49
Georgia,2000,48466,1659,1941,282,93,124,192,722,1595,2824,3591,10698,14845,9195,2596,290,432,589,1006,1274,1550,1588,2003,5037,5661,8538,6307,4703,4492,2072,524,2034,316,53
Georgia,2001,48214,1479,1721,242,85,122,189,701,1507,2862,3389,10613,15556,8830,2587,281,420,569,938,1294,1568,1737,1652,4980,5633,8520,7036,4646,4184,2074,513,1806,311,55
Georgia,2002,46665,1333,1540,207,76,115,183,663,1381,2812,3258,10088,15712,8301,2478,265,398,542,839,1270,1542,1781,1477,4493,5595,8016,7696,4586,3715,2000,478,1616,298,55
Georgia,2003,46233,1208,1386,178,67,110,181,642,1298,2806,3400,9616,16056,8178,2438,258,384,528,770,1258,1548,1818,1582,3860,5756,7540,8516,4778,3400,1977,461,1453,291,54
Georgia,2004,46588,1126,1280,154,64,107,182,629,1245,2807,3706,9249,16387,8451,2426,256,373,517,728,1234,1573,1851,1855,3202,6047,7172,9215,5252,3199,1966,460,1344,289,55
Georgia,2005,45517,1036,1169,133,55,97,174,594,1173,2725,3931,8629,15994,8660,2258,246,348,492,681,1154,1571,1836,2095,2534,6095,6754,9240,5679,2981,1810,448,1224,271,54
Georgia,2006,45767,942,1060,118,50,89,172,582,1147,2680,4179,8184,16003,9442,2122,245,337,482,665,1077,1603,1858,2321,2126,6058,6777,9226,6422,3020,1670,452,1110,261,54
Georgia,2007,46592,873,978,105,46,83,168,572,1122,2614,4341,7742,16178,10652,2039,244,328,469,653,993,1621,1877,2464,2033,5709,7073,9105,7429,3223,1573,466,1024,251,54
Georgia,2008,48004,826,920,94,41,79,200,729,1223,2665,4577,7367,16353,11852,1947,331,398,521,702,975,1690,1964,2613,2282,5085,7526,8827,8396,3456,1480,467,961,279,53
Georgia,2009,47224,791,877,86,37,71,156,563,1080,2480,4572,6813,16094,12592,1834,244,319,446,634,875,1605,1955,2617,2636,4177,7811,8283,8872,3720,1381,453,914,227,52
Georgia,2010,47530,736,816,80,34,66,147,561,1049,2370,4647,6439,16162,13371,1821,244,317,430,619,837,1533,1996,2651,3036,3403,8103,8059,9162,4209,1380,441,850,213,54
Georgia,2011,47616,670,747,77,32,59,132,550,1025,2242,4691,6296,16162,13823,1804,234,316,418,607,821,1421,2019,2672,3345,2951,7989,8173,9063,4760,1403,401,779,191,54
Georgia,2012,48452,616,688,72,28,56,123,549,1029,2191,4839,6598,16196,14292,1813,229,320,419,610,834,1357,2072,2767,3608,2990,7551,8645,8901,5391,1449,364,716,179,54
Georgia,2013,48578,586,652,66,26,49,111,529,1005,2099,4842,7039,15753,14532,1885,216,313,410,595,821,1278,2044,2798,3717,3322,6673,9080,8627,5905,1540,345,678,160,55
Georgia,2014,47575,568,631,63,23,43,100,490,957,1984,4695,7385,14848,14356,2000,194,296,393,564,786,1198,1934,2761,3687,3698,5632,9216,8294,6062,1666,334,654,143,55
Georgia,2015,47346,565,631,66,24,40,94,473,935,1914,4653,7753,14105,14411,2258,182,291,389,546,769,1145,1868,2785,3708,4045,4815,9290,8192,6219,1911,347,655,134,55
Georgia,2016,46865,535,597,62,21,36,86,451,910,1849,4564,8023,13294,14433,2552,169,282,382,528,748,1101,1770,2794,3711,4312,4263,9031,8218,6215,2187,365,618,122,52
Georgia,2017,47578,501,562,61,18,33,80,439,903,1827,4539,8375,12833,14964,2951,160,279,381,522,738,1089,1693,2846,3797,4578,4197,8636,8645,6319,2554,397,580,113,51
Georgia,2018,48926,475,534,59,21,32,76,436,926,1861,4614,8861,12560,15644,3308,156,280,393,533,749,1112,1666,2948,3986,4875,4571,7989,9253,6391,2869,439,555,108,51
Georgia,2019,48588,436,493,57,21,31,70,418,922,1838,4518,9022,11939,15780,3487,148,270,392,530,739,1099,1601,2917,4059,4963,5033,6906,9526,6254,2997,490,514,101,51
Georgia,2020,52643,407,460,53,20,28,63,394,954,1916,4687,9908,12738,17573,3846,139,255,398,556,763,1153,1652,3035,4436,5472,6086,6652,10684,6889,3258,588,480,91,55
Georgia,2021,57023,405,454,49,20,25,70,418,1040,2145,5199,11199,13825,18672,3904,151,267,428,612,848,1297,1873,3326,5040,6159,7148,6677,11306,7366,3249,655,474,95,56
Germany,1950,755567,66633,75501,8868,3854,3409,4923,14617,17209,42951,84224,158060,223208,110506,16820,7533,7084,5755,11454,17362,25589,35314,48910,67348,90712,113976,109232,70055,40451,14131,2689,79355,8332,282
Germany,1951,762100,61839,70565,8726,3300,3311,4895,14246,16610,42813,85939,158741,231930,114383,15147,7374,6872,6132,10478,17077,25736,36453,49486,67574,91167,114875,117055,74095,40288,13377,1770,73865,8206,221
Germany,1952,770648,57608,66029,8421,3020,3148,4984,13905,15993,42487,87932,159338,239255,120122,14223,7156,6749,6744,9249,16772,25715,37618,50314,67699,91639,115763,123492,79219,40903,12738,1485,69049,8132,208
Germany,1953,780436,54096,62132,8036,2883,2941,5178,13655,15338,42182,89973,159999,243963,128242,13789,6877,6778,7343,7995,16469,25713,38587,51386,67686,92313,116469,127494,86553,41689,12368,1421,65015,8119,161
Germany,1954,791042,51184,58827,7643,2783,2712,5341,13597,14746,41730,91941,160835,247720,136970,13728,6719,6878,7670,7076,16059,25671,39284,52657,67899,92936,117059,130661,93563,43407,12288,1440,61610,8053,113
Germany,1955,801742,48360,55636,7276,2777,2416,5400,13679,14535,40814,93981,161562,250879,146104,13880,6761,6918,7601,6934,15372,25442,39803,54178,68379,93183,118223,132656,100130,45974,12364,1516,58413,7816,78
Germany,1956,816673,46477,53424,6947,2796,2103,5414,13761,14887,39354,95672,162807,256253,155953,14171,6893,6868,7384,7503,14269,25085,39976,55696,69182,93625,119664,136589,107733,48220,12620,1551,56220,7517,74
Germany,1957,845157,45303,52165,6862,3081,2122,5952,14502,16092,37670,100541,172737,263403,162070,14736,7601,6901,7538,8554,12720,24950,40872,59669,74216,98521,124847,138556,111401,50669,13144,1592,55246,8074,83
Germany,1958,820885,44956,51338,6382,2710,1824,5350,13457,16294,33741,97239,165643,252566,165638,14991,7038,6419,7216,9078,10680,23061,39034,58205,72886,92757,119334,133232,112052,53586,13342,1649,54048,7174,89
Germany,1959,837398,45016,51652,6636,2831,1861,5222,14073,17153,32040,97892,170260,255358,172960,16010,7738,6335,7449,9704,9252,22788,38607,59285,75231,95029,121241,134117,115684,57276,14249,1761,54483,7083,97
Germany,1960,879225,44395,50670,6275,2710,1734,4717,14100,17147,31771,99339,181315,268809,187968,18825,7504,6596,7329,9818,9316,22455,38534,60805,81033,100282,126797,142012,123036,64932,16750,2075,53380,6451,118
Germany,1961,851540,42881,49260,6379,2776,1918,4387,14223,16664,30735,96600,179708,255825,181471,17859,7835,6388,7373,9291,10102,20633,37162,59438,81117,98591,120624,135201,116776,64695,15874,1985,52036,6305,114
Germany,1962,879478,39571,45621,6050,2769,1941,3972,14079,16349,29613,96903,186896,266714,193968,20520,7565,6514,7339,9010,11231,18382,36738,60165,84653,102243,125931,140783,122632,71336,18226,2294,48390,5913,131
Germany,1963,895370,38023,44273,6250,2721,1903,3905,13663,16011,28907,96088,195009,272775,197618,22354,7037,6626,7005,9006,12869,16038,36014,60074,88312,106697,128365,144410,124059,73559,19945,2409,46994,5808,140
Germany,1964,869887,34979,40568,5589,2794,2055,3730,13995,16371,27509,93163,195303,264652,187268,22341,6962,7033,6968,9403,13557,13952,34511,58652,88402,106901,125309,139343,117573,69695,19950,2391,43362,5785,141
Germany,1965,907914,31544,37272,5728,2799,2054,3734,12933,16483,27307,92440,205677,279219,201427,26394,5853,7080,7105,9378,13528,13779,33903,58537,90963,114714,132410,146809,126150,75277,23521,2873,40071,5788,170
Germany,1966,911670,30657,36260,5603,2917,2135,4216,12814,16974,28470,87943,208027,280957,203193,27574,5491,7323,7246,9728,13035,15435,31107,56836,90490,117537,133776,147181,127482,75711,24505,3069,39177,6351,189
Germany,1967,914151,28214,33531,5317,3104,2095,4433,12542,16916,30331,82993,210118,283816,204944,29122,5221,7321,7409,9507,13013,17318,27506,55487,88781,121337,135980,147836,128905,76039,25774,3348,36635,6528,204
Germany,1968,976344,26348,31528,5180,3213,2156,4613,11780,17115,32928,80445,221978,309001,227653,33693,5044,6736,7575,9540,13276,19652,24920,55525,91952,130026,149342,159659,142514,85139,29512,4181,34741,6769,240
Germany,1969,987041,25106,30261,5155,3287,2210,5052,11707,17931,35784,77447,229979,317318,222763,33055,5016,6691,8193,9738,14201,21583,22500,54947,93541,136438,156011,161307,140433,82330,28796,4259,33548,7262,244
Germany,1970,976107,23060,27722,4662,3195,2276,5208,11879,18340,35836,73602,223234,318216,223069,33268,5477,6402,8621,9719,14563,21273,21689,51913,89357,133877,157549,160667,140508,82561,28741,4527,30917,7484,267
Germany,1971,966000,21845,26211,4366,3232,2270,5355,11878,18611,35078,70447,213911,317350,227149,34220,6048,5830,8647,9964,14637,20441,23587,46860,84882,129029,156908,160442,142613,84536,29424,4796,29443,7625,287
Germany,1972,964839,18250,21996,3746,3158,2263,5527,11437,19135,34652,68609,210378,325034,227274,35050,6224,5213,8712,10423,14551,20101,26792,41817,82360,128018,161310,163724,142369,84905,29930,5120,25154,7790,324
Germany,1973,962254,16864,20193,3329,2965,2187,5119,10866,18773,34678,65051,204918,329728,231375,36031,5884,4982,8155,10618,14308,20370,28861,36190,79712,125206,163479,166249,143785,87590,30645,5386,23158,7306,367
Germany,1974,955538,15753,18648,2895,2541,2030,4943,10140,18592,34590,62209,199577,332296,232977,36590,5562,4578,7733,10859,13685,20905,31100,31109,75963,123614,163721,168575,144017,88960,31054,5536,21189,6973,402
Germany,1975,989460,14527,17307,2780,2471,2137,5669,10714,18587,36261,62718,198132,350411,245560,39041,5923,4791,7236,11351,14611,21650,31385,31333,74117,124015,170215,180196,152156,93404,33120,5921,19778,7806,451
Germany,1976,967313,13228,15584,2356,2229,2097,5710,11135,18028,36558,63599,184855,344046,243171,39817,5994,5141,6492,11536,14666,21892,29884,33715,66461,118394,166224,177822,149544,93627,33698,6119,17813,7807,485
Germany,1977,931163,11890,14049,2159,2009,2018,5791,11555,17089,35993,65387,167792,333736,236308,38929,6142,5413,6027,11062,14746,21247,28793,36594,57435,110357,159028,174708,146188,90120,32846,6083,16058,7809,507
Germany,1978,955340,11393,13496,2103,1864,1923,5769,11697,16857,37346,69990,159817,344732,249259,42024,6188,5509,5918,10939,15523,21823,29114,40876,50848,108969,160806,183926,154788,94471,35437,6587,15360,7692,565
Germany,1979,943757,10938,12951,2013,1604,1782,5562,11528,15572,36816,73766,148677,340491,251940,42490,6120,5408,5450,10122,15952,20864,29917,43849,43806,104871,156722,183769,156354,95586,35794,6696,14555,7344,583
Germany,1980,951189,10764,12751,1987,1405,1669,5364,11145,14584,36980,73997,143220,343097,261830,44508,5859,5286,5483,9101,16196,20784,30834,43163,43162,100058,155324,187773,162319,99511,37354,7154,14156,7033,633
Germany,1981,953018,9968,11861,1893,1235,1541,5379,10940,13937,37345,72534,137798,340886,271364,47500,5688,5252,5661,8276,16287,21058,30924,41610,46948,90850,151658,189228,167845,103519,39752,7748,13096,6920,700
Germany,1982,942347,9334,11211,1877,1154,1297,5084,10968,13500,37066,71338,132422,333092,276612,47875,5776,5192,5946,7554,15941,21125,30773,40565,52037,80385,146371,186721,171873,104739,39961,7914,12365,6381,724
Germany,1983,939565,8353,10139,1786,1047,1206,4835,10938,12818,36358,70862,126359,328830,284793,50593,5779,5159,5733,7085,14789,21569,30143,40719,57343,69016,142430,186400,176626,108167,42092,8501,11186,6041,787
Germany,1984,916565,7870,9498,1628,957,996,4212,10329,12389,35534,70018,119574,316337,285069,50848,5461,4868,5601,6788,13582,21952,28482,41536,60560,59014,135199,181138,175088,109981,42252,8596,10455,5208,809
Germany,1985,929972,7415,9042,1627,968,911,3717,9958,12355,34950,71395,117546,312757,299995,55466,5175,4783,5606,6749,12394,22556,28931,42464,59225,58321,130453,182304,182323,117672,46001,9465,10010,4628,912
Germany,1986,926077,7528,9073,1545,942,851,3460,9802,12702,33603,71685,120841,298660,305332,58142,5029,4773,5560,7142,11205,22398,29044,42641,57362,63479,120382,178278,183549,121783,48086,10056,10015,4311,989
Germany,1987,900993,7367,8765,1398,848,781,3178,9705,12943,32148,72131,125266,273428,301607,59147,4886,4819,5596,7347,10194,21954,29617,42514,55702,69564,103010,170418,179080,122527,48767,10380,9613,3959,1043
Germany,1988,898919,6895,8416,1521,987,755,2807,9936,13557,31426,72292,132814,255785,306864,62148,4934,5002,5840,7717,9898,21528,31041,41251,55846,76968,89026,166759,180414,126450,51098,11050,9403,3562,1129
Germany,1989,901913,6599,7954,1355,906,658,2635,9710,13943,30119,72693,139270,239483,315410,67847,4653,5057,6046,7897,9867,20252,32043,40650,57375,81895,77054,162429,182438,132972,55493,12354,8860,3293,1285
Germany,1990,919871,6328,7823,1495,952,838,2584,10420,15123,29696,74897,141637,235357,325366,73745,4882,5538,6496,8627,10503,19193,33118,41779,60074,81563,76990,158367,185996,139370,60105,13640,8775,3422,1432
Germany,1991,909044,5460,6907,1447,840,758,2543,10582,15883,29174,75550,139529,226899,323631,75261,4706,5876,6965,8918,11576,17598,33779,41771,60938,78591,83249,143650,182861,140770,61153,14108,7747,3301,1489
Germany,1992,884025,4939,6185,1246,773,731,2276,9989,15744,28245,75260,134870,215299,314971,78100,4354,5635,6907,8837,12064,16181,32496,42764,59492,75378,90922,124377,175915,139056,63387,14713,6958,3007,1583
Germany,1993,895815,4597,5786,1189,743,784,2248,9074,15781,28352,76264,135572,211690,323218,84542,3901,5173,6908,8873,12389,15963,31880,44384,58627,76945,102519,109171,177657,145561,68424,16118,6529,3032,1760
Germany,1994,883679,4227,5375,1148,717,721,2318,8480,15888,28152,75746,134731,200992,321398,87293,3560,4920,6979,8909,12615,15537,30192,45554,56586,78145,107151,93841,173104,148294,70444,16849,6092,3039,1870
Germany,1995,884079,4020,5038,1018,713,688,2352,8072,15650,28482,73548,136535,199796,318959,92208,3369,4703,6659,8991,12701,15781,27500,46048,56506,80029,105568,94228,168097,150862,74124,18084,5751,3040,2037
Germany,1996,883503,3979,4846,867,607,664,2283,7614,15249,29131,70616,137101,205115,310353,97699,3144,4470,6498,8751,12351,16780,24905,45711,56972,80129,102307,102808,156344,154009,78184,19515,5453,2947,2224
Germany,1997,860730,3871,4772,901,604,612,2342,6797,14535,29268,66860,134307,210499,287711,100070,2835,3962,6010,8525,12131,17137,22847,44013,56916,77391,97958,112541,136643,151068,79585,20485,5376,2954,2352
Germany,1998,853210,3618,4457,839,512,656,2183,6162,13429,28992,63291,132214,221021,272236,105543,2721,3441,5356,8073,11903,17089,21403,41888,58080,74134,97468,123553,118305,153931,83702,21841,4969,2839,2523
Germany,1999,847514,3454,4253,799,561,656,2265,6091,13105,28857,60236,130648,228372,258591,111137,2828,3263,5013,8092,11815,17042,21071,39165,59027,71621,98178,130194,104901,153690,87701,23436,4814,2921,2743
Germany,2000,839691,3313,4078,765,484,600,2088,5781,12731,29067,57753,130478,224746,254492,114525,2830,2951,4868,7863,11927,17140,21636,36117,59524,70954,98402,126344,104490,150002,90175,24350,4562,2688,2867
Germany,2001,829034,3072,3872,800,444,643,1968,5206,11969,28573,55086,128996,218738,251466,118888,2659,2547,4248,7721,11558,17015,22614,32472,58850,70146,96737,122001,113936,137530,92641,26247,4316,2611,3185
Germany,2002,841727,2961,3679,718,408,562,1949,5019,11197,29007,54245,130158,217402,257863,126686,2627,2392,3944,7253,11700,17307,23831,30414,57734,72424,96566,120836,131258,126605,97964,28722,4087,2511,3554
Germany,2003,854182,2916,3588,672,479,579,1807,4946,10707,28836,53972,131190,218173,261685,134357,2497,2449,3695,7012,11606,17230,24236,29736,55501,75689,94834,123339,147799,113886,103296,31061,4067,2386,3865
Germany,2004,819054,2860,3476,616,387,452,1697,4592,9643,28041,52226,127191,209309,247163,130833,2335,2257,3240,6403,11221,16820,23736,28490,51578,75613,88597,120712,150325,96838,99063,31770,3863,2149,4047
Germany,2005,829939,2608,3204,596,428,506,1513,4347,8847,27744,53472,123803,211052,256132,134563,2140,2207,2987,5860,10959,16785,23887,29585,47537,76266,88455,122597,151815,104317,100728,33835,3632,2019,4328
Germany,2006,821895,2521,3040,519,351,434,1497,4121,8138,27131,54348,117302,209626,264702,126587,2018,2103,2666,5472,10554,16577,23572,30776,42344,74958,88855,120771,148505,116197,91783,34804,3391,1931,4617
Germany,2007,827341,2633,3178,545,352,394,1421,4272,7587,26442,55356,114124,209919,279329,119902,2048,2224,2610,4977,9871,16571,23465,31891,39883,74241,90563,119356,146493,132836,83113,36789,3530,1815,5067
Germany,2008,845069,2359,2891,532,328,409,1341,4169,7165,26087,56075,111467,212821,300824,115874,1943,2226,2556,4609,9513,16574,23604,32471,39798,71669,95072,117749,150117,150707,76187,39687,3219,1750,5618
Germany,2009,855741,2299,2826,527,325,410,1269,4186,6918,25621,57016,107805,214427,317546,111381,1931,2255,2641,4277,9098,16523,23838,33178,38873,68932,98710,115717,154933,162613,70965,40416,3151,1679,6009
Germany,2010,859207,2338,2820,482,316,371,1166,4184,6723,24737,57245,103796,217920,316566,117050,1897,2287,2639,4084,8723,16014,24224,33021,40518,63278,100668,117252,154939,161627,78188,38862,3136,1537,6318
Germany,2011,852964,2420,2892,472,308,405,1074,4095,6312,23566,57384,99851,216887,310409,123265,1982,2113,2684,3628,8046,15520,24156,33228,42864,56987,99556,117331,151745,158664,88096,35169,3200,1479,6512
Germany,2012,870496,2258,2685,427,297,330,1054,3753,5939,22469,56910,98129,220912,315738,135304,1755,1998,2514,3425,7475,14994,24012,32898,44460,53669,99203,121709,154153,161585,103396,31908,2982,1384,6975
Germany,2013,895142,2285,2727,442,314,308,1016,3611,6180,21518,58455,100207,227639,321260,144487,1597,2014,2660,3520,6883,14635,24525,33930,45969,54238,97735,129904,153626,167634,115053,29434,3041,1324,7416
Germany,2014,871668,2336,2746,410,249,319,958,3471,6066,19978,57448,97634,222007,307686,145468,1557,1914,2598,3468,6274,13704,24096,33352,45799,51835,90890,131117,144767,162919,115945,29523,2995,1277,7629
Germany,2015,926561,2425,2886,461,251,320,991,3625,6429,19512,59238,104235,227989,332341,161150,1549,2076,2798,3631,6081,13431,24263,34975,47726,56509,87853,140136,156185,176156,126676,34474,3137,1311,7593
Germany,2016,911364,2740,3195,455,311,331,974,3335,6410,18603,59086,107605,217736,327053,160158,1432,1903,2689,3721,5835,12768,23620,35466,47393,60212,78823,138913,155969,171084,121972,38186,3506,1305,6572
Germany,2017,933472,2536,2973,437,267,298,894,3208,6464,17047,58056,110272,214852,339498,173638,1396,1812,2715,3749,5335,11712,22891,35165,47667,62605,75440,139412,165523,173975,128312,45326,3240,1192,6009
Germany,2018,908011,2486,2976,490,292,315,930,3229,6446,16553,59189,115148,212855,328903,156098,1406,1823,2618,3828,5532,11021,22648,36541,49556,65592,75408,137447,176830,152073,112716,43382,3268,1245,5074
Germany,2019,893404,2460,2928,468,296,305,870,3073,6508,15514,57027,114433,203109,328933,155075,1340,1733,2615,3893,5421,10093,21397,35630,48949,65484,73916,129193,181560,147373,111150,43925,3224,1175,5329
Germany,2020,971767,2381,2840,459,297,295,801,2865,6716,15041,57942,121370,197982,381769,176986,1260,1605,2645,4071,5828,9213,20467,37475,52510,68860,81168,116814,205713,176056,127084,49902,3137,1096,6865
Germany,2021,1039440,2340,2786,446,298,317,834,2999,7166,15745,61400,133076,199961,416361,189821,1328,1671,2835,4331,6350,9395,20928,40472,58215,74861,94745,105216,220628,195733,135668,54153,3084,1151,8681
Ghana,1950,114495,35169,56685,21516,5771,2967,3322,6867,5216,4128,4374,6989,10335,6795,1030,3675,3192,2809,2407,2158,1970,2115,2259,2985,4004,5039,5296,4335,2460,877,153,62456,6289,14
Ghana,1951,115622,35795,58052,22257,5781,2894,3301,7061,5412,4236,4405,6790,10055,6619,1005,3772,3289,2903,2509,2230,2006,2135,2270,2900,3890,4899,5156,4231,2388,850,155,63833,6195,16
Ghana,1952,117489,36799,59732,22933,5872,2847,3276,7294,5638,4380,4476,6639,9840,6490,987,3876,3418,3010,2628,2312,2068,2167,2309,2837,3802,4792,5048,4156,2334,831,156,65604,6123,17
Ghana,1953,119020,37757,61342,23585,6017,2780,3205,7463,5812,4509,4522,6464,9580,6349,962,3931,3532,3089,2723,2388,2121,2181,2341,2769,3695,4662,4918,4068,2281,809,153,67359,5985,18
Ghana,1954,120564,38564,62748,24184,6300,2726,3129,7619,5980,4653,4578,6312,9339,6219,942,3974,3645,3164,2816,2473,2180,2194,2384,2719,3593,4539,4800,3984,2235,791,151,69048,5855,19
Ghana,1955,122244,39248,64020,24772,6610,2712,3059,7758,6171,4836,4657,6223,9137,6116,924,3997,3761,3252,2919,2577,2259,2226,2431,2715,3508,4438,4699,3914,2202,775,149,70630,5771,19
Ghana,1956,123935,39936,65263,25327,6902,2721,3001,7850,6377,5032,4739,6167,8940,6016,909,3984,3866,3353,3024,2691,2341,2277,2462,2741,3426,4338,4602,3844,2172,763,146,72165,5722,19
Ghana,1957,125671,40512,66371,25859,7229,2758,2957,7912,6602,5238,4844,6150,8766,5932,896,3950,3962,3475,3127,2814,2424,2347,2497,2791,3359,4249,4517,3783,2149,752,144,73600,5715,19
Ghana,1958,127820,41068,67463,26395,7637,2865,2939,7989,6889,5481,4975,6185,8628,5862,889,3921,4068,3638,3251,2951,2530,2435,2540,2867,3318,4178,4450,3733,2129,745,144,75100,5804,19
Ghana,1959,129238,41616,68502,26886,7885,2984,2886,7917,7065,5669,5058,6198,8425,5759,879,3817,4100,3744,3321,3047,2622,2503,2555,2928,3270,4074,4351,3659,2100,737,142,76387,5870,19
Ghana,1960,131212,42090,69453,27363,8210,3155,2889,7900,7311,5925,5218,6290,8285,5690,870,3758,4142,3881,3430,3179,2746,2612,2606,3004,3286,4003,4282,3610,2080,731,139,77663,6044,19
Ghana,1961,133191,42671,70493,27822,8520,3319,2912,7846,7549,6164,5383,6384,8130,5609,866,3705,4141,4004,3545,3294,2870,2712,2671,3051,3333,3924,4206,3554,2055,727,139,79013,6231,19
Ghana,1962,136970,43293,71649,28356,8819,3457,2970,7882,7673,6273,5509,6636,8715,6319,1045,3732,4150,4072,3601,3337,2936,2764,2745,3133,3503,4123,4592,3980,2339,872,173,80468,6427,21
Ghana,1963,140170,43953,72842,28889,9016,3550,3032,7840,7742,6318,5608,6841,9190,6965,1205,3727,4113,4100,3642,3342,2976,2808,2800,3186,3655,4276,4914,4369,2596,997,208,81858,6582,23
Ghana,1964,143064,44414,73720,29306,9259,3643,3144,7808,7836,6380,5731,7037,9593,7548,1339,3733,4075,4135,3701,3354,3026,2866,2865,3233,3804,4411,5182,4720,2828,1102,237,82979,6787,25
Ghana,1965,146189,44930,74779,29849,9541,3756,3276,7822,7943,6452,5869,7222,9960,8079,1457,3767,4055,4171,3772,3378,3074,2931,2938,3289,3933,4560,5400,5034,3045,1195,262,84320,7032,28
Ghana,1966,149699,45555,75912,30357,9912,3930,3436,7920,8098,6593,6052,7417,10304,8543,1556,3837,4083,4220,3878,3446,3147,3026,3026,3375,4042,4732,5572,5302,3241,1273,283,85824,7366,31
Ghana,1967,153283,46482,77353,30871,10241,4105,3601,8009,8213,6748,6229,7607,10583,8927,1635,3904,4105,4239,3974,3532,3216,3128,3101,3473,4134,4896,5687,5514,3413,1338,297,87594,7706,33
Ghana,1968,157459,47598,79081,31483,10616,4313,3786,8189,8371,6947,6435,7813,10876,9285,1710,4035,4154,4277,4094,3660,3287,3235,3200,3582,4231,5078,5798,5705,3580,1401,309,89697,8099,35
Ghana,1969,161232,48867,80920,32053,10858,4497,3928,8377,8453,7112,6619,7977,11122,9562,1775,4203,4174,4270,4183,3773,3339,3325,3294,3680,4297,5241,5881,5841,3721,1456,319,91778,8425,37
Ghana,1970,163373,49962,82512,32550,10823,4599,4014,8455,8402,7203,6741,8056,11143,9594,1793,4309,4146,4205,4197,3841,3362,3383,3358,3745,4311,5282,5861,5823,3771,1474,319,93335,8613,37
Ghana,1971,166497,50876,84017,33141,11086,4841,4218,8698,8573,7509,7006,8229,11080,9437,1766,4487,4211,4265,4308,4021,3488,3510,3496,3850,4379,5283,5797,5694,3743,1456,310,95103,9059,37
Ghana,1972,166431,50918,83912,32994,11240,5061,4408,8770,8692,7851,7226,8280,10608,8746,1600,4587,4183,4292,4400,4207,3644,3628,3598,3895,4385,5117,5491,5253,3493,1332,268,95152,9469,33
Ghana,1973,166876,51541,84410,32869,11191,5183,4573,8883,8682,8126,7436,8361,10289,8211,1503,4690,4193,4263,4419,4336,3790,3726,3710,3952,4409,5002,5287,4903,3308,1261,242,95601,9756,29
Ghana,1974,167581,51760,84601,32841,11177,5277,4759,9085,8651,8416,7667,8521,10129,7818,1450,4806,4279,4233,4418,4468,3948,3827,3840,4048,4473,4946,5183,4647,3171,1222,228,95778,10036,26
Ghana,1975,167687,51601,84086,32485,11183,5333,4945,9309,8613,8654,7881,8707,10025,7507,1416,4939,4370,4207,4406,4561,4093,3922,3959,4150,4557,4925,5100,4462,3045,1196,220,95269,10278,25
Ghana,1976,167502,51165,83235,32070,11130,5351,5118,9535,8562,8856,8096,8908,9994,7293,1402,5094,4441,4172,4390,4619,4237,4031,4065,4270,4638,4956,5038,4358,2935,1183,219,94365,10469,23
Ghana,1977,168632,50791,82363,31572,11287,5461,5369,9869,8658,9171,8407,9203,10152,7245,1422,5310,4559,4197,4461,4735,4436,4214,4193,4447,4756,5082,5070,4362,2883,1196,226,93650,10830,24
Ghana,1978,171202,52069,83714,31645,11256,5368,5467,10248,8543,9209,8701,9479,10378,7332,1479,5546,4702,4179,4364,4685,4524,4364,4337,4602,4877,5226,5152,4448,2884,1234,245,94970,10835,25
Ghana,1979,174513,52845,85122,32277,11334,5315,5550,10685,8534,9252,9017,9837,10715,7562,1557,5813,4872,4256,4278,4630,4622,4537,4480,4789,5048,5417,5298,4619,2943,1288,269,96456,10865,28
Ghana,1980,179403,54083,87212,33129,11605,5330,5654,11255,8656,9318,9373,10282,11174,7869,1643,6126,5129,4403,4253,4602,4716,4722,4651,5016,5266,5667,5507,4820,3049,1350,293,98817,10984,31
Ghana,1981,180937,55322,89393,34071,11860,5362,5717,11850,8808,9368,9742,10467,10481,6642,1222,6422,5428,4571,4237,4584,4784,4912,4830,5169,5298,5457,5024,4141,2501,1019,203,101253,11079,22
Ghana,1982,183143,56291,91335,35044,12185,5438,5776,12386,9037,9426,10115,10760,10040,5716,910,6661,5725,4783,4254,4591,4835,5095,5020,5363,5397,5324,4716,3623,2093,774,136,103520,11214,15
Ghana,1983,186803,57631,93132,35501,12580,5496,5772,12935,9262,9358,10510,11201,10185,5523,840,6880,6055,4986,4276,4532,4826,5253,5257,5601,5600,5430,4755,3515,2008,715,125,105712,11268,12
Ghana,1984,189608,58889,94891,36002,12783,5461,5673,13349,9425,9093,10829,11599,10359,5362,774,6994,6355,5135,4290,4376,4717,5346,5483,5799,5800,5557,4802,3431,1931,661,113,107674,11134,10
Ghana,1985,189115,57432,92936,35504,13121,5599,5647,13397,9678,8989,11054,12025,10674,5329,660,6916,6481,5282,4396,4323,4666,5431,5623,5998,6027,5741,4933,3444,1885,600,60,106057,11246,5
Ghana,1986,186415,56354,90627,34273,13002,5588,5525,13086,9743,8720,11049,12284,10887,5292,606,6662,6424,5333,4410,4190,4530,5379,5670,6097,6187,5883,5004,3468,1824,558,48,103629,11113,3
Ghana,1987,183718,54918,87971,33053,12833,5609,5457,12769,9861,8488,11040,12619,11149,5338,576,6425,6344,5400,4461,4079,4409,5313,5727,6224,6395,6063,5086,3544,1794,539,37,100804,11066,3
Ghana,1988,180899,53016,84637,31621,12741,5675,5463,12508,10029,8348,11044,13004,11469,5412,565,6244,6264,5488,4541,4047,4301,5244,5800,6387,6617,6262,5207,3629,1783,530,35,97378,11138,1
Ghana,1989,178210,51190,81367,30177,12554,5717,5505,12272,10194,8276,11028,13363,11852,5529,555,6111,6161,5575,4619,4089,4187,5154,5874,6534,6829,6485,5367,3731,1798,521,34,93921,11222,1
Ghana,1990,177795,49751,78735,28984,12600,5886,5678,12290,10568,8387,11111,13841,12385,5726,588,6141,6149,5758,4810,4229,4158,5122,5989,6734,7107,6786,5599,3881,1845,551,37,91335,11564,1
Ghana,1991,177920,48684,76775,28091,12587,6031,5858,12302,10921,8518,11145,14292,12954,5938,595,6195,6107,5899,5022,4380,4138,5095,6050,6927,7365,7099,5855,4024,1914,555,40,89362,11889,1
Ghana,1992,179253,47649,74973,27324,12777,6236,6131,12453,11340,8765,11237,14872,13669,6186,608,6346,6107,6054,5286,4604,4161,5107,6130,7176,7696,7502,6167,4180,2006,564,44,87750,12367,1
Ghana,1993,181114,46949,73766,26817,12926,6419,6419,12659,11743,9053,11260,15447,14353,6441,624,6540,6119,6185,5558,4830,4223,5092,6168,7409,8038,7886,6467,4346,2095,577,47,86692,12838,1
Ghana,1994,186693,46321,73153,26832,13471,6792,6951,13507,12507,9738,11522,16322,15294,6791,645,7093,6414,6488,6019,5221,4517,5200,6322,7804,8518,8401,6893,4590,2201,596,49,86624,13743,1
Ghana,1995,186417,45768,71967,26199,13250,6761,7052,13425,12444,9974,11331,16605,15873,7069,662,7135,6290,6341,6103,5359,4615,5114,6217,7894,8711,8688,7185,4781,2288,612,50,85217,13813,1
Ghana,1996,187795,45178,70854,25676,13178,6797,7276,13726,12547,10407,11300,16991,16594,7422,701,7377,6349,6291,6256,5610,4797,5106,6194,8001,8990,9035,7559,5032,2390,648,53,84032,14073,1
Ghana,1997,188670,45012,70079,25067,12908,6738,7398,14011,12491,10805,11222,17242,17294,7750,729,7605,6406,6180,6311,5821,4984,5082,6140,8022,9220,9363,7931,5273,2477,669,60,82987,14136,1
Ghana,1998,189926,45027,69341,24314,12692,6654,7516,14427,12480,11230,11202,17475,18023,8101,784,7874,6553,6122,6358,6047,5183,5130,6072,8016,9459,9721,8302,5519,2582,719,65,82033,14170,1
Ghana,1999,191179,44962,68620,23658,12418,6559,7590,14857,12436,11628,11284,17679,18745,8515,846,8126,6731,6086,6350,6255,5373,5284,6000,7971,9708,10067,8678,5804,2711,770,76,81038,14149,2
Ghana,2000,195201,45020,67893,22873,12635,6705,7835,15701,12752,12306,11629,18089,19677,9060,917,8588,7113,6266,6486,6600,5706,5568,6061,8042,10047,10520,9157,6175,2885,829,88,80528,14540,2
Ghana,2001,201290,44455,66783,22328,13196,7028,8250,16947,13355,13259,12213,18669,20845,9742,1001,9250,7697,6620,6735,7054,6205,5979,6234,8232,10437,11112,9733,6637,3105,896,105,79979,15278,2
Ghana,2002,202098,43741,65516,21775,12865,6909,8232,17464,13389,13642,12469,18673,21548,10284,1101,9469,7995,6730,6659,7167,6475,6249,6220,8183,10490,11425,10123,7000,3284,962,139,78381,15141,8
Ghana,2003,202796,43074,64404,21330,12551,6752,8121,17885,13456,13934,12795,18593,22273,10823,1195,9607,8278,6879,6577,7210,6724,6513,6282,8102,10491,11735,10538,7358,3465,1026,169,76955,14873,14
Ghana,2004,207457,42468,63421,20953,12958,6881,8293,18829,14065,14581,13526,18789,23316,11492,1290,10008,8821,7305,6760,7431,7150,6916,6610,8167,10622,12242,11074,7794,3698,1100,190,76379,15174,19
Ghana,2005,208014,42743,63296,20553,12628,6618,8109,18894,14127,14609,13936,18547,23812,12035,1382,9916,8978,7437,6690,7313,7296,7147,6789,8058,10489,12425,11387,8126,3909,1175,207,75924,14727,24
Ghana,2006,211009,42092,62291,20199,12899,6592,8157,19422,14646,14925,14671,18643,24540,12712,1483,10066,9356,7794,6852,7358,7567,7556,7115,8105,10538,12689,11851,8540,4172,1260,223,75190,14749,26
Ghana,2007,213856,41317,61103,19786,13124,6585,8186,19911,15254,15194,15513,18757,25201,13422,1582,10209,9702,8196,7058,7392,7802,7995,7518,8175,10582,12886,12315,8978,4444,1343,239,74227,14771,30
Ghana,2008,216526,40653,59772,19119,13375,6594,8213,20266,15971,15420,16341,18942,25798,14124,1679,10262,10004,8628,7343,7442,7978,8417,7924,8347,10595,13021,12777,9425,4699,1423,256,73147,14807,33
Ghana,2009,217166,40034,58397,18363,13232,6521,8087,20279,16448,15428,16985,19100,26131,14739,1781,10169,10110,8904,7544,7423,8005,8748,8237,8608,10492,12979,13152,9801,4938,1509,272,71629,14608,36
Ghana,2010,220690,39519,57118,17599,13508,6648,8131,20599,17280,15720,17894,19637,26711,15499,1908,10275,10324,9350,7930,7599,8121,9180,8714,9051,10586,13094,13617,10261,5238,1620,288,70626,14779,38
Ghana,2011,220643,38906,55633,16727,13239,6611,7949,20413,17673,15682,18516,19948,26844,16111,1992,10139,10274,9541,8132,7640,8042,9411,9105,9399,10549,13036,13808,10628,5483,1710,282,68872,14560,33
Ghana,2012,221321,38181,54143,15962,13014,6633,7818,20306,18140,15779,19159,20424,27001,16784,2093,10053,10253,9724,8416,7779,8000,9618,9541,9852,10572,13028,13973,11027,5757,1809,284,67157,14451,28
Ghana,2013,222789,37308,52504,15196,13002,6693,7787,20206,18727,16036,19806,21134,27162,17505,2196,9989,10217,9945,8782,8032,8004,9799,10007,10356,10778,13035,14127,11457,6048,1904,292,65506,14480,23
Ghana,2014,220435,36093,50666,14573,12428,6518,7580,19606,18724,16009,20006,21695,26847,18040,2296,9688,9918,9840,8884,8132,7877,9735,10271,10666,11029,12821,14026,11764,6276,1993,303,63094,14098,20
Ghana,2015,224502,35372,49233,13861,12722,6705,7781,19837,19460,16677,20727,22946,27148,18798,2445,9770,10067,10092,9368,8581,8096,9914,10813,11318,11628,12962,14186,12208,6590,2121,324,61955,14486,19
Ghana,2016,220425,33859,47048,13189,11939,6391,7568,18989,19059,16605,20576,23619,26854,19177,2580,9331,9658,9760,9299,8618,7987,9684,10892,11674,11945,12800,14054,12344,6833,2231,349,58987,13959,19
Ghana,2017,223297,31844,44335,12491,12256,6533,7831,19191,19669,17435,21112,25109,27235,19820,2745,9416,9775,9959,9710,9133,8302,9807,11305,12417,12692,12997,14238,12645,7175,2371,374,56591,14364,20
Ghana,2018,227745,31331,43144,11813,12565,6673,8086,19402,20158,18376,21596,26658,27744,20418,2911,9530,9872,10078,10080,9677,8699,9947,11649,13174,13484,13378,14366,12894,7524,2513,398,55709,14759,21
Ghana,2019,225241,30613,41696,11083,11925,6395,7916,18755,19607,18572,21341,27436,27888,20637,3047,9264,9491,9704,9903,9776,8796,9806,11535,13530,13906,13712,14176,12865,7772,2625,422,53621,14311,22
Ghana,2020,239693,29812,40235,10423,12235,6570,8170,19138,20061,19947,23600,32523,31256,22561,3374,9542,9596,9872,10189,10373,9574,10716,12884,15913,16610,16006,15250,13851,8710,2906,468,52470,14740,25
Ghana,2021,250471,29035,38960,9925,12385,6691,8357,19456,20452,21879,25222,35974,33700,23752,3610,9819,9637,9976,10476,11254,10625,11601,13621,17451,18523,17641,16059,14536,9216,3103,507,51345,15048,29
Gibraltar,1950,182,18,24,6,2,0,3,10,10,13,20,29,39,30,1,5,5,5,5,5,8,10,10,14,15,19,20,16,14,1,0,26,3,0
Gibraltar,1951,202,23,33,10,4,2,5,10,10,19,20,30,40,24,3,5,5,5,5,9,10,10,10,15,15,20,20,13,11,3,0,37,7,1
Gibraltar,1952,197,21,30,9,3,0,5,10,10,18,20,30,39,25,4,5,5,5,5,8,10,10,10,15,15,19,20,15,10,4,0,33,5,1
Gibraltar,1953,193,20,28,8,3,0,5,10,10,14,20,30,39,25,5,5,5,5,5,5,9,10,10,15,15,19,20,15,10,5,0,31,5,0
Gibraltar,1954,186,17,24,7,3,0,4,10,10,12,20,29,39,27,6,5,5,5,5,5,7,10,10,14,15,19,20,17,10,6,0,27,4,0
Gibraltar,1955,192,18,26,8,3,0,4,10,10,13,20,31,40,29,5,5,5,5,5,5,8,10,10,15,16,20,20,18,11,5,0,29,4,0
Gibraltar,1956,196,18,26,8,3,0,3,10,10,13,21,33,40,29,6,5,5,5,5,5,8,10,11,15,18,20,20,18,11,5,1,29,3,0
Gibraltar,1957,193,17,23,6,3,0,2,10,10,13,20,33,40,29,6,5,5,5,5,5,8,10,10,15,18,20,20,18,11,5,1,26,2,0
Gibraltar,1958,191,16,22,6,2,0,2,10,10,12,20,33,40,31,6,5,5,5,5,5,7,10,10,15,18,20,20,19,12,5,1,24,2,0
Gibraltar,1959,191,16,21,5,2,0,1,10,10,12,21,32,40,32,7,5,5,5,5,5,7,10,11,15,17,20,20,19,13,6,1,23,1,0
Gibraltar,1960,188,16,21,5,2,0,0,10,10,11,21,32,40,31,6,5,5,5,5,5,6,10,11,15,17,20,20,18,13,6,0,23,0,0
Gibraltar,1961,191,16,21,5,2,0,0,10,10,12,21,35,41,30,6,5,5,5,5,5,7,10,11,15,20,20,21,17,13,6,0,23,0,0
Gibraltar,1962,192,17,22,5,2,0,2,9,10,12,20,35,44,31,6,4,5,5,5,5,7,10,10,15,20,22,22,18,13,6,0,24,2,0
Gibraltar,1963,202,20,25,5,2,0,3,8,10,12,21,34,47,33,6,3,5,5,5,5,7,10,11,15,19,23,24,19,14,6,0,27,3,0
Gibraltar,1964,196,18,23,5,1,0,3,7,10,11,21,35,47,33,7,2,5,5,5,5,6,10,11,16,19,22,25,20,13,6,1,24,3,0
Gibraltar,1965,196,18,23,5,1,0,3,8,10,10,21,35,46,33,8,3,5,5,5,5,5,10,11,16,19,21,25,21,12,6,2,24,3,0
Gibraltar,1966,212,18,24,6,2,0,4,10,10,12,22,36,50,35,8,5,5,5,5,5,7,10,12,16,20,25,25,22,13,7,1,26,4,0
Gibraltar,1967,199,15,20,5,1,0,3,9,10,11,21,35,47,35,8,4,5,5,5,5,6,10,11,15,20,22,25,22,13,8,0,21,3,0
Gibraltar,1968,210,16,21,5,2,0,3,10,10,13,22,38,49,38,9,5,5,5,5,5,8,10,12,17,21,24,25,24,14,8,1,23,3,0
Gibraltar,1969,220,17,22,5,2,0,3,10,10,12,22,39,51,39,7,5,5,5,5,5,7,10,12,17,22,25,26,24,15,6,1,24,3,0
Gibraltar,1970,218,16,21,5,2,0,2,10,10,12,22,38,51,39,7,5,5,5,5,5,7,10,12,17,21,25,26,23,16,6,1,23,2,0
Gibraltar,1971,217,16,21,5,2,0,2,10,10,11,22,38,51,40,9,5,5,5,5,5,6,10,12,17,21,26,25,24,16,7,2,23,2,0
Gibraltar,1972,224,16,21,5,2,0,2,10,10,12,23,39,54,42,9,5,5,5,5,5,7,10,13,17,22,27,27,25,17,7,2,23,2,0
Gibraltar,1973,222,15,20,5,1,0,2,10,10,11,22,40,53,42,8,5,5,5,5,5,6,10,12,17,23,26,27,25,17,7,1,21,2,0
Gibraltar,1974,237,16,21,5,2,0,3,10,10,11,23,42,59,45,9,5,5,5,5,5,6,11,12,18,24,29,30,28,17,8,1,23,3,0
Gibraltar,1975,225,14,18,4,1,0,2,10,10,10,21,41,58,44,9,5,5,5,5,5,5,10,11,17,24,27,31,26,18,8,1,19,2,0
Gibraltar,1976,235,15,19,4,1,0,3,10,10,10,25,41,60,46,9,5,5,5,5,5,5,10,15,17,24,28,32,27,19,8,1,20,3,0
Gibraltar,1977,228,14,18,4,1,0,2,10,10,10,23,40,60,47,10,5,5,5,5,5,5,10,13,17,23,28,32,27,20,8,2,19,2,0
Gibraltar,1978,226,14,18,4,0,0,2,10,10,10,22,39,59,46,11,5,5,5,5,5,5,10,12,17,22,28,31,27,19,9,2,18,2,0
Gibraltar,1979,227,14,18,4,0,0,2,10,10,11,22,40,61,46,11,5,5,5,5,5,6,10,12,17,23,30,31,27,19,9,2,18,2,0
Gibraltar,1980,214,14,18,4,0,0,1,10,10,10,21,38,59,42,11,5,5,5,5,5,5,10,11,16,22,29,30,26,16,9,2,18,1,0
Gibraltar,1981,220,13,17,4,0,0,0,10,10,10,21,37,58,45,12,5,5,5,5,5,5,10,11,15,22,29,29,28,17,10,2,17,0,0
Gibraltar,1982,226,13,17,4,0,0,0,10,10,10,21,40,60,46,12,5,5,5,5,5,5,10,11,17,23,29,31,29,17,9,3,17,0,0
Gibraltar,1983,212,12,15,3,0,0,0,8,10,10,19,36,58,45,12,3,5,5,5,5,5,9,10,16,20,28,30,28,17,9,3,15,0,0
Gibraltar,1984,204,10,13,3,0,0,0,7,10,10,19,34,56,45,10,2,5,5,5,5,5,9,10,14,20,25,31,28,17,7,3,13,0,0
Gibraltar,1985,199,9,12,3,0,0,0,5,10,10,18,34,56,47,10,0,5,5,5,5,5,8,10,14,20,25,31,28,19,7,3,12,0,0
Gibraltar,1986,201,9,11,2,0,0,0,2,10,10,18,33,55,49,11,0,2,5,5,5,5,8,10,13,20,24,31,28,21,8,3,11,0,0
Gibraltar,1987,232,10,13,3,0,0,0,9,10,10,20,38,64,58,14,4,5,5,5,5,5,10,10,15,23,28,36,33,25,10,4,13,0,1
Gibraltar,1988,193,8,9,1,0,0,0,0,9,10,16,30,52,50,12,0,0,4,5,5,5,6,10,12,18,23,29,29,21,9,3,9,0,1
Gibraltar,1989,244,9,11,2,0,0,0,8,10,10,20,38,64,66,17,3,5,5,5,5,5,10,10,15,23,28,36,38,28,13,4,11,0,1
Gibraltar,1990,204,8,9,1,0,0,0,0,7,10,18,30,54,56,16,0,0,2,5,5,5,8,10,12,18,25,29,33,23,13,3,9,0,1
Gibraltar,1991,206,8,8,0,0,0,0,0,9,10,18,31,55,57,18,0,0,4,5,5,5,8,10,13,18,25,30,33,24,15,3,8,0,1
Gibraltar,1992,234,9,10,1,0,0,0,4,10,10,18,34,63,66,22,0,4,5,5,5,5,8,10,14,20,29,34,39,27,17,5,10,0,1
Gibraltar,1993,191,7,7,0,0,0,0,0,3,10,16,28,51,57,16,0,0,0,3,5,5,6,10,12,16,23,28,32,25,13,3,7,0,1
Gibraltar,1994,188,6,6,0,0,0,0,0,2,10,14,26,49,55,17,0,0,0,2,5,5,5,9,11,15,22,27,30,25,13,4,6,0,1
Gibraltar,1995,238,8,9,1,0,0,0,1,10,11,17,32,62,70,23,0,1,5,5,5,6,7,10,13,19,27,35,36,34,17,6,9,0,1
Gibraltar,1996,224,7,7,0,0,0,0,0,5,10,16,31,57,67,25,0,0,0,5,5,5,7,9,13,18,24,33,35,32,18,7,7,0,1
Gibraltar,1997,184,5,5,0,0,0,0,0,0,10,11,24,48,59,22,0,0,0,0,5,5,5,6,10,14,21,27,30,29,16,6,5,0,1
Gibraltar,1998,185,5,5,0,0,0,0,0,0,9,11,25,48,56,22,0,0,0,0,4,5,5,6,10,15,21,27,30,26,16,6,5,0,1
Gibraltar,1999,177,4,4,0,0,0,0,0,0,8,10,24,45,55,24,0,0,0,0,3,5,5,5,10,14,19,26,29,26,18,6,4,0,1
Gibraltar,2000,185,4,4,0,0,0,0,0,0,7,10,23,46,57,26,0,0,0,0,2,5,5,5,9,14,19,27,30,27,19,7,4,0,2
Gibraltar,2001,194,4,4,0,0,0,0,0,0,9,12,23,49,61,28,0,0,0,0,4,5,5,7,9,14,21,28,32,29,19,9,4,0,2
Gibraltar,2002,210,4,4,0,0,0,0,0,0,9,14,26,52,67,30,0,0,0,0,4,5,6,8,10,16,22,30,35,32,20,10,4,0,2
Gibraltar,2003,227,4,4,0,0,0,0,0,1,10,16,25,55,75,33,0,0,0,1,5,5,6,10,9,16,23,32,40,35,23,10,4,0,3
Gibraltar,2004,211,4,4,0,0,0,0,0,0,9,14,23,51,67,32,0,0,0,0,4,5,5,9,8,15,21,30,36,31,22,10,4,0,3
Gibraltar,2005,207,3,3,0,0,0,0,0,0,9,13,22,49,68,33,0,0,0,0,4,5,5,8,8,14,20,29,35,33,23,10,3,0,3
Gibraltar,2006,232,4,4,0,0,0,0,0,1,10,15,27,55,75,36,0,0,0,1,5,5,5,10,11,16,23,32,39,36,25,11,4,0,4
Gibraltar,2007,274,5,5,0,0,0,0,0,2,10,17,32,63,88,40,0,0,0,2,5,5,7,10,14,18,27,36,45,43,29,11,5,0,4
Gibraltar,2008,246,4,4,0,0,0,0,0,0,10,14,29,58,79,38,0,0,0,0,5,5,5,9,14,15,25,33,40,39,26,12,4,0,4
Gibraltar,2009,230,4,4,0,0,0,0,0,0,9,12,25,53,78,37,0,0,0,0,4,5,5,7,12,13,22,31,40,38,25,12,4,0,4
Gibraltar,2010,239,4,4,0,0,0,0,0,0,9,13,29,55,79,37,0,0,0,0,4,5,5,8,14,15,24,31,42,37,26,11,4,0,4
Gibraltar,2011,225,4,4,0,0,0,0,0,0,8,11,28,51,75,35,0,0,0,0,3,5,5,6,12,16,22,29,39,36,24,11,4,0,4
Gibraltar,2012,203,3,3,0,0,0,0,0,0,5,10,23,45,69,33,0,0,0,0,0,5,5,5,10,13,18,27,35,34,23,10,3,0,3
Gibraltar,2013,261,4,4,0,0,0,0,0,1,10,15,35,58,86,41,0,0,0,1,5,5,5,10,13,22,22,36,43,43,30,11,4,0,3
Gibraltar,2014,241,4,4,0,0,0,0,0,0,8,13,33,49,82,39,0,0,0,0,3,5,5,8,12,21,18,31,40,42,27,12,4,0,3
Gibraltar,2015,280,5,5,0,0,0,0,0,1,10,16,36,60,94,47,0,0,0,1,5,5,6,10,13,23,23,37,45,49,32,15,5,0,4
Gibraltar,2016,262,4,4,0,0,0,0,0,0,9,12,32,56,89,47,0,0,0,0,4,5,5,7,12,20,24,32,42,47,32,15,4,0,4
Gibraltar,2017,267,4,4,0,0,0,0,0,0,8,12,31,59,91,53,0,0,0,0,3,5,5,7,11,20,26,33,44,47,35,18,4,0,4
Gibraltar,2018,268,4,4,0,0,0,0,0,0,7,12,29,58,90,52,0,0,0,0,2,5,5,7,11,18,28,30,43,47,35,17,4,0,4
Gibraltar,2019,271,3,3,0,0,0,0,0,0,7,12,30,58,94,57,0,0,0,0,2,5,5,7,12,18,30,28,46,48,39,18,3,0,5
Gibraltar,2020,284,3,3,0,0,0,0,0,0,7,12,31,62,94,61,0,0,0,0,2,5,5,7,12,19,30,32,45,49,42,19,3,0,6
Gibraltar,2021,378,3,3,0,0,0,0,0,0,9,17,48,96,122,70,0,0,0,0,4,5,6,11,19,29,46,50,57,65,49,21,3,0,7
Greece,1950,71635,7329,8826,1497,554,528,982,2371,2482,4351,6978,12000,16055,13226,3162,1266,1105,1090,1392,1866,2485,3109,3869,5216,6784,7846,8209,7823,5403,2472,690,9380,1510,117
Greece,1951,72161,7509,9096,1587,578,499,953,2383,2390,4334,7076,12003,16360,13209,3163,1263,1120,1054,1336,1853,2481,3179,3897,5177,6826,8116,8244,7825,5384,2475,688,9674,1452,117
Greece,1952,70022,7789,9435,1646,602,444,882,2268,2189,4111,6834,11410,15959,12695,3081,1185,1083,978,1211,1747,2364,3072,3762,4881,6529,7989,7970,7521,5174,2408,673,10037,1326,115
Greece,1953,75490,8028,9723,1695,602,477,952,2481,2313,4429,7503,12257,17556,13723,3349,1276,1205,1058,1255,1865,2564,3361,4142,5209,7048,8780,8776,8142,5581,2617,732,10325,1429,124
Greece,1954,76329,8106,9721,1615,635,428,886,2403,2225,4361,7611,12260,18136,14037,3495,1214,1189,1043,1182,1811,2550,3382,4229,5176,7084,8985,9151,8326,5711,2720,775,10356,1314,131
Greece,1955,75348,8012,9536,1524,593,400,824,2313,2127,4207,7577,11992,18226,13936,3485,1152,1161,1027,1100,1710,2497,3310,4267,5072,6920,8931,9295,8285,5651,2706,779,10129,1224,131
Greece,1956,79950,7645,9065,1420,587,425,843,2440,2257,4437,8249,12837,19912,15043,3716,1204,1236,1121,1136,1761,2676,3557,4692,5506,7331,9661,10251,8990,6053,2887,829,9652,1268,137
Greece,1957,78716,7152,8459,1307,514,419,771,2333,2210,4269,8202,12650,19995,15055,3696,1146,1187,1123,1087,1651,2618,3514,4688,5550,7100,9640,10355,9051,6004,2870,826,8973,1190,137
Greece,1958,77089,6809,8037,1228,486,412,687,2177,2147,4027,7993,12337,19819,15110,3709,1069,1108,1106,1041,1522,2505,3414,4579,5557,6780,9546,10273,9141,5969,2876,833,8523,1099,140
Greece,1959,76123,6715,7908,1193,534,400,618,2027,2100,3798,7814,12106,19621,15314,3742,992,1035,1085,1015,1407,2391,3326,4488,5597,6509,9452,10169,9330,5984,2893,849,8442,1018,143
Greece,1960,77640,6580,7758,1178,452,409,591,1975,2146,3728,7997,12520,20031,16031,3856,963,1012,1106,1040,1364,2364,3415,4582,5931,6589,9587,10444,9819,6212,2977,879,8210,1000,148
Greece,1961,73385,6316,7478,1162,486,372,526,1717,1991,3324,7389,11841,18791,15535,3779,825,892,1008,983,1218,2106,3160,4229,5661,6180,8891,9900,9486,6049,2896,883,7964,898,151
Greece,1962,76517,6088,7200,1112,436,368,537,1661,2050,3316,7671,12580,19628,16780,4126,780,881,1009,1041,1231,2085,3268,4403,5986,6594,9101,10527,10155,6625,3143,983,7636,905,165
Greece,1963,76733,5782,6829,1047,451,356,534,1534,2019,3185,7631,12861,19601,17256,4305,700,834,960,1059,1211,1974,3224,4407,6041,6820,8881,10720,10283,6973,3265,1040,7280,890,172
Greece,1964,79867,5538,6509,971,399,365,547,1483,2063,3220,7905,13725,20379,18411,4670,666,817,949,1114,1265,1955,3301,4604,6353,7372,9054,11325,10779,7632,3536,1134,6908,912,188
Greece,1965,76504,5283,6198,915,393,342,511,1315,1916,2990,7455,13348,19319,17871,4652,590,725,855,1061,1214,1776,3051,4404,6040,7308,8508,10811,10320,7551,3518,1134,6591,853,192
Greece,1966,76839,5158,6036,878,384,333,491,1231,1846,2949,7343,13579,19269,18247,4927,563,668,804,1042,1235,1714,2933,4410,6034,7545,8537,10732,10453,7794,3726,1201,6420,824,209
Greece,1967,82474,5083,5935,852,381,348,503,1240,1898,3149,7701,14741,20745,19965,5626,590,650,814,1084,1354,1795,2996,4705,6460,8281,9372,11373,11421,8544,4263,1363,6316,851,242
Greece,1968,83956,4786,5591,805,360,345,500,1197,1850,3227,7670,15199,21218,20525,6010,591,606,785,1065,1411,1816,2911,4759,6599,8600,9852,11366,11794,8731,4571,1439,5951,845,261
Greece,1969,82474,4327,5054,727,333,324,493,1123,1731,3204,7350,15115,21014,20279,6176,563,560,724,1007,1405,1799,2736,4614,6507,8608,10020,10994,11703,8576,4697,1479,5387,817,276
Greece,1970,79732,3940,4587,647,324,298,475,1049,1588,3125,6871,14675,20605,19636,6202,529,520,655,933,1364,1761,2535,4336,6310,8365,10058,10547,11318,8318,4688,1514,4911,773,291
Greece,1971,80600,3637,4231,594,319,290,478,1036,1514,3176,6690,14824,21294,19917,6511,514,522,614,900,1363,1813,2483,4207,6357,8467,10524,10770,11390,8527,4864,1647,4550,768,325
Greece,1972,84547,3469,4028,559,325,295,498,1079,1507,3352,6779,15568,22911,20870,6968,524,555,600,907,1401,1951,2564,4215,6648,8920,11340,11571,11788,9082,5133,1835,4353,793,366
Greece,1973,84954,3369,3904,535,317,291,490,1089,1442,3366,6592,15567,23628,20852,7033,523,566,567,875,1364,2002,2564,4028,6601,8966,11623,12005,11628,9224,5108,1925,4221,781,383
Greece,1974,83616,3392,3909,517,317,283,460,1072,1359,3281,6298,15131,23795,20387,6929,520,552,540,819,1297,1984,2535,3763,6344,8787,11599,12196,11260,9127,4977,1952,4226,743,394
Greece,1975,86152,3330,3827,497,281,291,453,1117,1356,3351,6386,15431,25136,20978,7123,544,573,551,805,1296,2055,2655,3731,6340,9091,12032,13104,11576,9402,5104,2019,4108,744,420
Greece,1976,86329,3217,3690,473,303,291,444,1118,1334,3303,6376,15224,25698,21016,7097,549,569,566,768,1256,2047,2727,3649,6107,9117,12101,13597,11702,9314,5114,1983,3993,735,433
Greece,1977,88503,3032,3480,448,273,299,445,1144,1350,3318,6576,15305,26850,21728,7281,564,580,603,747,1254,2064,2874,3702,5974,9331,12476,14374,12311,9417,5298,1983,3753,744,456
Greece,1978,85479,2867,3281,414,258,288,431,1099,1292,3112,6404,14386,26229,21230,7018,535,564,605,687,1172,1940,2833,3571,5480,8906,12052,14177,12284,8946,5158,1860,3539,719,450
Greece,1979,86197,2704,3085,381,231,283,436,1101,1288,3029,6525,14074,26744,21829,7109,521,580,616,672,1131,1898,2885,3640,5266,8808,12166,14578,12864,8965,5258,1851,3316,719,459
Greece,1980,89568,2512,2863,351,229,286,463,1130,1344,3039,6862,14150,28032,23327,7375,519,611,652,692,1124,1915,3012,3850,5270,8880,12720,15312,13980,9347,5471,1904,3092,749,466
Greece,1981,88752,2272,2597,325,218,271,467,1115,1342,2898,6879,13559,27911,23780,7266,506,609,642,700,1061,1837,2966,3913,5101,8458,12635,15276,14384,9396,5377,1889,2815,738,446
Greece,1982,89098,2075,2371,296,201,257,474,1115,1362,2793,6957,13174,28099,24599,7264,504,611,639,723,1003,1790,2926,4031,5071,8103,12678,15421,14893,9706,5345,1919,2572,731,429
Greece,1983,89547,1904,2176,272,203,242,478,1119,1389,2692,7004,12867,28189,25478,7295,515,604,641,748,955,1737,2866,4138,5106,7761,12635,15554,15337,10141,5337,1958,2379,720,416
Greece,1984,90091,1743,1993,250,185,229,481,1119,1408,2603,7027,12696,28219,26355,7355,530,589,651,757,927,1676,2810,4217,5212,7484,12511,15708,15749,10606,5365,1990,2178,710,412
Greece,1985,90168,1583,1811,228,187,218,472,1112,1414,2504,6958,12533,28008,27111,7434,546,566,652,762,908,1596,2726,4232,5305,7228,12171,15837,15988,11123,5438,1996,1998,690,410
Greece,1986,89680,1436,1641,205,166,209,453,1116,1397,2418,6820,12473,27479,27582,7513,558,558,648,749,912,1506,2627,4193,5419,7054,11658,15821,16068,11514,5529,1984,1807,662,413
Greece,1987,94521,1298,1484,186,175,211,457,1187,1456,2487,7036,13271,28499,29679,8134,602,585,682,774,990,1497,2686,4350,5871,7400,11770,16729,17104,12575,6034,2100,1659,668,446
Greece,1988,91280,1186,1345,159,148,194,415,1164,1393,2352,6621,13003,26933,29150,8119,592,572,651,742,986,1366,2509,4112,5817,7186,10872,16061,16650,12500,6079,2040,1493,609,442
Greece,1989,93187,1088,1230,142,147,190,402,1204,1414,2359,6548,13499,26858,30276,8600,611,593,649,765,1014,1345,2453,4095,6034,7465,10681,16177,17156,13120,6484,2116,1377,592,461
Greece,1990,94524,1021,1153,132,129,184,386,1231,1416,2383,6409,13905,26522,31252,9082,616,615,639,777,1044,1339,2372,4037,6172,7733,10514,16008,17636,13616,6898,2184,1282,570,474
Greece,1991,96605,973,1094,121,118,179,382,1250,1447,2439,6293,14438,26430,32421,9630,612,638,651,796,1058,1381,2300,3993,6302,8136,10593,15837,18217,14204,7354,2276,1212,561,484
Greece,1992,99922,936,1052,116,117,179,377,1283,1506,2569,6255,15145,26704,33918,10322,612,671,673,833,1087,1482,2248,4007,6457,8688,10949,15755,18979,14939,7904,2418,1169,556,496
Greece,1993,98721,898,1010,112,96,167,362,1248,1495,2599,5920,15078,25896,33764,10599,578,670,672,823,1075,1524,2102,3818,6255,8823,10909,14987,18746,15018,8100,2499,1106,529,492
Greece,1994,99541,871,980,109,101,158,354,1237,1510,2677,5739,15256,25850,34117,11063,558,679,688,822,1110,1567,2052,3687,6179,9077,11219,14631,18723,15394,8436,2627,1081,512,497
Greece,1995,101651,837,943,106,83,150,353,1241,1548,2792,5672,15561,26366,34804,11633,551,690,720,828,1152,1640,2075,3597,6165,9396,11750,14616,18755,16049,8875,2758,1026,503,507
Greece,1996,102507,801,901,100,78,135,341,1218,1571,2838,5597,15581,26889,34820,12030,544,674,734,837,1180,1658,2145,3452,6049,9532,12241,14648,18384,16436,9187,2843,979,476,510
Greece,1997,101215,759,856,97,76,120,326,1153,1555,2804,5414,15120,27036,33969,12267,515,638,730,825,1184,1620,2218,3196,5782,9338,12486,14550,17544,16425,9315,2952,932,446,521
Greece,1998,104555,709,800,91,67,112,322,1144,1615,2904,5515,15277,28552,34595,13087,518,626,755,860,1232,1672,2411,3104,5771,9506,13291,15261,17569,17026,9875,3212,867,434,566
Greece,1999,105345,664,753,89,73,107,310,1121,1646,2968,5533,15052,29476,34234,13482,513,608,765,881,1241,1727,2505,3028,5601,9451,13696,15780,17253,16981,10126,3356,826,417,592
Greece,2000,107513,624,703,79,62,94,289,1099,1671,3020,5678,14963,30838,34405,14075,505,594,763,908,1241,1779,2622,3056,5483,9480,14203,16635,17386,17019,10560,3515,765,383,611
Greece,2001,104957,579,655,76,56,85,257,1042,1603,2961,5624,14113,30819,33139,13988,475,567,715,888,1208,1753,2558,3066,5096,9017,13953,16866,16992,16147,10461,3527,711,342,616
Greece,2002,106079,538,608,70,57,78,237,1010,1581,2989,5817,13685,31764,33217,14377,462,548,686,895,1202,1787,2545,3272,4835,8850,14054,17710,17413,15804,10693,3684,665,315,660
Greece,2003,107990,499,566,67,55,72,217,985,1560,3030,6077,13350,32815,33794,14761,447,538,656,904,1218,1812,2566,3511,4620,8730,14150,18665,18144,15650,10892,3869,621,289,711
Greece,2004,107635,467,531,64,55,67,196,936,1508,2985,6175,12840,33023,33934,14646,417,519,620,888,1206,1779,2592,3583,4442,8398,13933,19090,18672,15262,10707,3939,586,263,738
Greece,2005,106968,441,502,61,46,62,176,882,1448,2911,6219,12375,32891,34291,14404,385,497,589,859,1195,1716,2577,3642,4351,8024,13598,19293,19258,15033,10419,3985,548,238,756
Greece,2006,108465,419,478,59,45,60,162,830,1403,2896,6246,12244,33145,35799,14373,350,480,576,827,1187,1709,2588,3658,4516,7728,13449,19696,20424,15375,10270,4103,523,222,790
Greece,2007,112227,400,457,57,40,58,152,801,1377,2939,6391,12429,33893,38297,14546,328,473,568,809,1210,1729,2667,3724,4937,7492,13589,20304,22087,16210,10262,4284,497,210,847
Greece,2008,109898,394,450,56,39,54,132,728,1275,2843,6209,11947,32604,38791,13958,292,436,535,740,1167,1676,2584,3625,5078,6869,12971,19633,22482,16309,9770,4188,489,186,868
Greece,2009,109672,389,446,57,36,50,121,668,1211,2793,6199,11738,31850,39974,13692,265,403,515,696,1144,1649,2524,3675,5154,6584,12543,19307,23085,16889,9572,4120,482,171,894
Greece,2010,110125,379,437,58,34,45,112,603,1150,2734,6087,11672,31162,41464,13691,237,366,493,657,1109,1625,2432,3655,5218,6454,12155,19007,23673,17791,9615,4076,471,157,932
Greece,2011,112115,362,420,58,36,43,108,551,1125,2705,6145,12040,30749,43352,13879,219,332,478,647,1080,1625,2446,3699,5268,6772,11834,18915,24298,19054,9888,3991,456,151,959
Greece,2012,116966,348,406,58,27,42,107,517,1114,2739,6332,12891,30995,46214,14575,207,310,473,641,1066,1673,2501,3831,5392,7499,11613,19382,25302,20912,10548,4027,433,149,1007
Greece,2013,111679,338,395,57,27,36,95,444,1016,2538,6011,12638,28561,44787,14162,178,266,426,590,956,1582,2379,3632,5124,7514,10413,18148,23901,20886,10390,3772,422,131,969
Greece,2014,113476,338,394,56,32,34,90,407,974,2504,6006,12997,28149,46033,14877,164,243,398,576,915,1589,2388,3618,5273,7724,10148,18001,24023,22010,11072,3805,426,124,976
Greece,2015,119604,342,396,54,36,34,86,390,962,2557,6208,13782,29002,48813,16349,161,229,379,583,918,1639,2502,3706,5542,8240,10504,18498,24999,23814,12351,3998,432,120,993
Greece,2016,115838,341,393,52,19,29,76,348,863,2384,5938,13200,27714,47289,16652,148,200,326,537,858,1526,2387,3551,5320,7880,10443,17271,23861,23428,12736,3916,412,105,928
Greece,2017,121620,327,379,52,27,29,77,333,843,2392,6175,13724,28793,49469,18442,143,190,305,538,859,1533,2491,3684,5576,8148,11605,17188,24759,24710,14202,4240,406,106,936
Greece,2018,117025,310,359,49,26,26,68,294,752,2196,5934,13149,27372,47222,18736,129,165,262,490,800,1396,2386,3548,5350,7799,11720,15652,23504,23718,14460,4276,385,94,890
Greece,2019,120923,295,344,49,28,27,64,279,709,2163,6082,13593,27970,48401,20362,124,155,244,465,794,1369,2447,3635,5452,8141,12300,15670,23909,24492,15669,4693,372,91,904
Greece,2020,125443,289,337,48,28,45,116,447,846,2444,6483,13179,27756,50680,22174,208,239,316,530,954,1490,2667,3816,5586,7593,11708,16048,24500,26180,17002,5172,365,161,907
Greece,2021,135773,276,321,45,27,44,113,445,830,2694,7348,15140,30715,52916,24217,206,239,322,508,1031,1663,2971,4377,6493,8647,12891,17824,24678,28238,18439,5778,348,157,968
Greenland,1950,399,117,161,44,20,10,18,42,37,30,30,25,19,7,0,22,20,20,17,15,15,15,15,15,10,10,9,5,2,0,0,181,28,0
Greenland,1951,444,113,155,42,22,11,18,24,31,30,39,38,42,27,2,18,6,15,16,15,15,19,20,15,23,20,22,17,10,2,0,177,29,0
Greenland,1952,430,116,158,42,20,11,18,34,30,30,36,34,32,20,2,22,12,13,17,15,15,16,20,16,18,17,15,13,7,2,0,178,29,0
Greenland,1953,437,121,163,42,18,13,17,40,32,30,37,34,31,17,1,24,16,13,19,15,15,17,20,17,17,17,14,12,5,1,0,181,30,0
Greenland,1954,408,119,160,41,17,10,15,37,27,30,33,33,25,14,2,20,17,12,15,15,15,15,18,18,15,15,10,9,5,2,0,177,25,0
Greenland,1955,384,117,156,39,16,10,13,36,30,30,31,34,22,8,0,18,18,15,15,15,15,15,16,19,15,14,8,5,3,0,0,172,23,0
Greenland,1956,348,114,150,36,13,8,11,30,27,30,30,28,18,0,0,15,15,13,14,15,15,15,15,15,13,10,8,0,0,0,0,163,19,0
Greenland,1957,322,115,148,33,11,5,10,23,20,20,30,28,18,1,0,10,13,10,10,10,10,15,15,15,13,10,8,1,0,0,0,159,15,0
Greenland,1958,312,114,144,30,10,5,9,20,20,20,28,29,19,2,0,10,10,10,10,10,10,13,15,15,14,10,9,2,0,0,0,154,14,0
Greenland,1959,299,109,138,29,9,5,8,20,20,20,27,29,19,3,0,10,10,10,10,10,10,12,15,15,14,10,9,3,0,0,0,147,13,0
Greenland,1960,296,110,139,29,9,5,7,20,20,20,26,30,20,4,0,10,10,10,10,10,10,11,15,15,15,10,10,4,0,0,0,148,12,0
Greenland,1961,310,114,145,31,9,5,7,20,20,20,28,30,21,4,0,10,10,10,10,10,10,13,15,15,15,11,10,4,0,0,0,154,12,0
Greenland,1962,324,115,146,31,9,5,8,20,20,20,30,31,22,6,0,10,10,10,10,10,10,15,15,15,16,12,10,6,0,0,0,155,13,0
Greenland,1963,334,116,148,32,11,5,8,20,20,22,30,38,23,8,0,10,10,10,10,10,12,15,15,18,20,13,10,7,1,0,0,159,13,0
Greenland,1964,330,114,147,33,10,5,7,20,20,21,30,38,25,9,0,10,10,10,10,10,11,15,15,18,20,15,10,7,2,0,0,157,12,0
Greenland,1965,325,112,144,32,10,5,6,20,20,20,30,37,26,10,0,10,10,10,10,10,10,15,15,17,20,17,9,8,2,0,0,154,11,0
Greenland,1966,315,102,131,29,10,5,5,20,20,20,29,39,28,10,0,10,10,10,10,10,10,14,15,19,20,18,10,7,3,0,0,141,10,0
Greenland,1967,326,97,127,30,11,5,6,20,20,20,30,40,32,8,0,10,10,10,10,10,10,15,15,20,20,20,12,6,2,0,0,138,11,0
Greenland,1968,305,83,108,25,10,5,6,20,20,20,30,40,34,8,0,10,10,10,10,10,10,15,15,20,20,20,14,5,3,0,0,118,11,0
Greenland,1969,297,71,94,23,10,5,6,20,20,20,31,40,35,9,0,10,10,10,10,10,10,15,16,20,20,20,15,6,3,0,0,104,11,0
Greenland,1970,292,57,75,18,10,5,6,20,20,25,32,41,40,11,0,10,10,10,10,14,11,15,17,20,21,23,17,7,4,0,0,85,11,0
Greenland,1971,293,47,63,16,10,5,7,24,26,30,35,42,43,12,0,10,14,13,13,15,15,15,20,20,22,25,18,8,4,0,0,73,12,0
Greenland,1972,297,41,54,13,9,5,9,24,30,30,36,48,45,11,0,10,14,15,15,15,15,16,20,23,25,25,20,9,2,0,0,63,14,0
Greenland,1973,314,36,48,12,10,6,10,24,30,30,37,49,47,14,0,10,14,15,15,15,15,17,20,24,25,25,22,11,3,0,0,58,16,0
Greenland,1974,331,35,46,11,10,10,12,28,32,37,40,51,51,17,0,13,15,17,15,17,20,19,21,25,26,28,23,14,3,0,0,56,22,0
Greenland,1975,351,36,46,10,10,10,13,30,35,40,42,54,56,18,0,15,15,20,15,20,20,20,22,25,29,30,26,14,4,0,0,56,23,0
Greenland,1976,352,35,44,9,9,8,13,30,35,39,42,55,57,21,0,15,15,19,16,19,20,20,22,25,30,30,27,16,5,0,0,53,21,0
Greenland,1977,360,33,41,8,6,7,13,30,39,40,44,58,59,23,0,15,15,19,20,20,20,20,24,28,30,30,29,16,7,0,0,47,20,0
Greenland,1978,367,30,37,7,5,7,13,30,38,44,50,58,61,26,0,15,15,18,20,20,24,25,25,28,30,31,30,19,7,0,0,42,20,0
Greenland,1979,373,30,36,6,5,6,13,30,37,44,50,58,62,25,0,15,15,17,20,20,24,25,25,28,30,32,30,19,6,0,0,41,19,0
Greenland,1980,383,32,38,6,5,6,13,30,36,43,52,58,67,30,0,15,15,16,20,20,23,27,25,28,30,35,32,21,9,0,0,43,19,0
Greenland,1981,392,33,40,7,5,6,13,31,36,43,56,58,67,32,0,16,15,16,20,20,23,29,27,28,30,34,33,23,9,0,0,45,19,0
Greenland,1982,405,34,41,7,5,6,15,34,37,46,58,58,68,34,1,19,15,16,21,23,23,29,29,28,30,34,34,24,10,1,0,46,21,0
Greenland,1983,421,33,40,7,5,6,16,40,41,50,60,63,70,36,2,20,20,20,21,25,25,30,30,30,33,35,35,26,10,2,0,45,22,0
Greenland,1984,431,32,39,7,5,5,15,40,41,50,66,63,70,37,2,20,20,20,21,25,25,31,35,30,33,35,35,26,11,2,0,44,20,0
Greenland,1985,436,30,37,7,5,5,14,40,41,51,67,64,68,39,3,20,20,20,21,26,25,32,35,31,33,35,33,28,11,3,0,42,19,0
Greenland,1986,436,30,37,7,5,5,12,40,40,56,66,66,68,41,1,20,20,20,20,27,29,31,35,33,33,35,33,28,13,1,0,42,17,0
Greenland,1987,445,32,39,7,5,5,11,40,40,57,67,69,69,41,1,20,20,20,20,27,30,31,36,36,33,35,34,28,13,1,0,44,16,0
Greenland,1988,444,32,39,7,5,5,9,39,40,55,68,71,69,43,2,19,20,20,20,25,30,31,37,38,33,35,34,29,14,2,0,44,14,0
Greenland,1989,445,32,39,7,5,5,7,38,40,54,67,74,69,43,2,18,20,20,20,24,30,30,37,40,34,35,34,27,16,2,0,44,12,0
Greenland,1990,478,38,47,9,5,5,7,41,43,59,73,80,72,44,2,18,23,20,23,26,33,35,38,43,37,36,36,28,16,2,0,52,12,0
Greenland,1991,466,36,44,8,5,5,7,36,41,57,72,81,70,45,2,16,20,20,21,25,32,35,37,43,38,35,35,28,17,2,0,49,12,0
Greenland,1992,406,19,23,4,5,4,5,31,40,51,66,78,62,40,3,12,19,20,20,22,29,33,33,40,38,30,32,24,16,3,0,28,9,0
Greenland,1993,438,25,30,5,5,5,6,31,40,53,71,86,69,42,5,12,19,20,20,24,29,35,36,43,43,35,34,26,16,5,0,35,11,0
Greenland,1994,450,28,35,7,5,5,5,29,40,54,73,88,71,43,5,11,18,20,20,25,29,37,36,43,45,36,35,27,16,5,0,40,10,0
Greenland,1995,451,26,33,7,5,5,6,27,42,53,75,89,73,42,3,10,17,20,22,25,28,38,37,43,46,38,35,26,16,3,0,38,11,0
Greenland,1996,452,23,28,5,5,5,7,26,46,53,78,89,74,41,4,10,16,21,25,25,28,38,40,42,47,40,34,26,15,4,0,33,12,0
Greenland,1997,458,22,26,4,5,5,8,24,47,55,81,92,74,41,5,10,14,22,25,25,30,38,43,42,50,42,32,27,14,5,0,31,13,0
Greenland,1998,465,22,26,4,5,5,8,22,47,56,83,92,78,40,4,10,12,22,25,26,30,38,45,42,50,46,32,26,14,4,0,31,13,0
Greenland,1999,447,17,21,4,5,5,7,21,45,56,81,90,79,37,5,10,11,20,25,26,30,36,45,42,48,46,33,23,14,5,0,26,12,0
Greenland,2000,436,13,17,4,5,5,7,20,43,56,82,89,78,37,2,10,10,18,25,26,30,36,46,42,47,45,33,23,14,2,0,22,12,0
Greenland,2001,428,12,16,4,5,5,7,20,40,56,80,89,80,35,3,10,10,16,24,26,30,35,45,44,45,46,34,22,13,3,0,21,12,0
Greenland,2002,418,11,15,4,5,5,7,20,37,55,78,88,79,35,4,10,10,14,23,25,30,34,44,46,42,45,34,21,14,4,0,20,12,0
Greenland,2003,406,9,9,0,0,3,6,13,32,54,74,87,81,34,5,8,5,12,20,25,29,33,41,46,41,45,36,21,13,5,0,9,9,0
Greenland,2004,420,10,11,1,0,3,7,18,31,56,76,92,87,34,6,10,8,11,20,26,30,35,41,49,43,47,40,22,12,6,0,11,10,0
Greenland,2005,438,11,15,4,2,3,6,20,29,58,78,97,93,38,6,10,10,10,19,27,31,36,42,51,46,49,44,25,13,6,0,17,9,0
Greenland,2006,429,10,12,2,0,2,6,14,24,57,76,98,92,36,6,9,5,8,16,26,31,35,41,51,47,47,45,25,11,6,0,12,8,0
Greenland,2007,444,11,15,4,0,2,6,15,21,57,77,102,95,42,6,10,5,7,14,25,32,36,41,51,51,47,48,30,12,5,1,15,8,0
Greenland,2008,433,8,8,0,0,1,6,13,19,56,78,102,93,45,6,8,5,7,12,24,32,37,41,49,53,45,48,32,13,5,1,8,7,0
Greenland,2009,443,8,8,0,0,1,6,20,22,57,82,103,93,47,5,10,10,10,12,24,33,39,43,49,54,46,47,34,13,4,1,8,7,0
Greenland,2010,453,8,8,0,0,1,6,20,21,58,87,107,93,49,3,10,10,10,11,23,35,42,45,50,57,48,45,34,15,3,0,8,7,0
Greenland,2011,447,8,8,0,0,1,5,18,20,53,86,105,95,55,3,9,9,10,10,20,33,41,45,49,56,50,45,37,18,3,0,8,6,0
Greenland,2012,440,8,8,0,0,0,5,10,14,48,84,101,97,58,4,5,5,5,9,17,31,39,45,47,54,53,44,39,19,4,0,8,5,0
Greenland,2013,434,8,8,0,0,0,5,10,12,43,82,99,98,60,6,5,5,5,7,14,29,38,44,48,51,56,42,39,21,6,0,8,5,0
Greenland,2014,445,8,8,0,0,0,5,10,12,40,87,101,102,63,8,5,5,5,7,12,28,40,47,50,51,59,43,42,21,7,1,8,5,0
Greenland,2015,449,8,8,0,0,0,4,10,14,37,88,104,105,60,10,5,5,5,9,11,26,40,48,53,51,59,46,39,21,8,2,8,4,0
Greenland,2016,456,8,8,0,0,0,4,10,15,35,90,107,109,65,11,5,5,5,10,11,24,41,49,55,52,59,50,40,25,8,3,8,4,0
Greenland,2017,458,5,5,0,0,0,4,10,17,31,93,108,110,61,12,5,5,7,10,10,21,41,52,55,53,56,54,36,25,9,3,5,4,0
Greenland,2018,476,8,8,0,0,0,4,10,17,29,92,116,117,67,12,5,5,7,10,10,19,39,53,59,57,58,59,38,29,9,3,8,4,0
Greenland,2019,484,8,8,0,0,0,4,10,18,27,93,120,119,65,12,5,5,8,10,10,17,39,54,61,59,57,62,38,27,10,2,8,4,0
Greenland,2020,487,7,7,0,0,0,4,10,19,25,91,126,120,65,14,5,5,9,10,10,15,35,56,64,62,57,63,41,24,12,2,7,4,0
Greenland,2021,498,7,7,0,0,0,4,10,19,25,90,135,121,70,15,5,5,9,10,10,15,34,56,68,67,58,63,46,24,12,3,7,4,0
Grenada,1950,1290,309,489,180,22,15,16,41,51,73,112,143,158,146,26,20,21,25,26,33,40,61,51,74,69,86,72,79,67,22,4,511,31,0
Grenada,1951,1197,277,446,169,22,15,15,40,49,68,106,136,144,127,27,20,20,24,25,30,38,57,49,70,66,78,66,69,58,23,4,468,30,0
Grenada,1952,1165,299,450,151,16,14,15,39,43,65,104,132,144,111,27,19,20,20,23,30,35,54,50,65,67,74,70,60,51,23,4,466,29,0
Grenada,1953,1174,314,458,144,23,13,15,39,43,64,104,133,144,104,27,19,20,20,23,30,34,52,52,64,69,72,72,58,46,23,4,481,28,0
Grenada,1954,1158,326,470,144,19,12,15,38,42,63,101,129,144,97,26,18,20,20,22,29,34,51,50,60,69,71,73,56,41,23,3,489,27,0
Grenada,1955,1138,335,478,143,18,10,15,38,41,61,97,126,139,92,25,18,20,20,21,28,33,47,50,58,68,69,70,56,36,21,4,496,25,0
Grenada,1956,1109,339,482,143,17,10,14,32,40,59,91,119,133,90,23,15,17,20,20,27,32,44,47,56,63,66,67,56,34,19,4,499,24,0
Grenada,1957,1111,340,482,142,17,10,14,31,40,58,90,120,135,91,24,15,16,20,20,26,32,44,46,58,62,69,66,59,32,19,5,499,24,0
Grenada,1958,1134,335,473,138,19,10,14,33,40,60,95,125,144,97,23,15,18,20,20,27,33,48,47,61,64,74,70,65,32,18,5,492,24,1
Grenada,1959,1113,323,456,133,17,10,13,31,40,59,94,126,144,99,21,15,16,20,20,26,33,47,47,62,64,74,70,67,32,16,5,473,23,1
Grenada,1960,1081,304,430,126,17,10,12,30,33,57,94,124,144,102,22,15,15,15,18,24,33,47,47,60,64,74,70,68,34,16,6,447,22,1
Grenada,1961,1032,279,393,114,17,10,10,30,32,53,94,120,143,103,20,15,15,15,17,24,29,47,47,58,62,73,70,67,36,14,6,410,20,1
Grenada,1962,972,248,347,99,17,10,10,29,32,51,91,119,139,104,20,14,15,15,17,23,28,45,46,58,61,69,70,67,37,14,6,364,20,1
Grenada,1963,908,221,308,87,17,10,10,28,31,46,87,113,135,100,19,13,15,15,16,20,26,41,46,56,57,68,67,62,38,14,5,325,20,1
Grenada,1964,867,195,270,75,15,10,10,27,30,45,86,114,137,105,19,12,15,15,15,20,25,40,46,57,57,67,70,64,41,14,5,285,20,1
Grenada,1965,870,174,240,66,16,10,13,28,31,46,88,121,143,112,22,13,15,15,16,20,26,40,48,60,61,70,73,68,44,16,6,256,23,1
Grenada,1966,875,157,216,59,15,15,15,30,31,46,89,129,149,122,26,15,15,15,16,20,26,40,49,64,65,72,77,74,48,20,6,231,30,1
Grenada,1967,875,144,198,54,15,15,15,27,31,46,90,136,152,127,26,15,12,15,16,20,26,40,50,69,67,74,78,78,49,20,6,213,30,1
Grenada,1968,832,133,182,49,14,15,15,24,28,44,83,133,144,126,26,14,10,13,15,20,24,37,46,67,66,70,74,78,48,20,6,196,30,1
Grenada,1969,815,124,169,45,11,15,15,24,24,43,79,138,142,125,27,14,10,10,14,20,23,36,43,69,69,70,72,78,47,21,6,180,30,1
Grenada,1970,799,117,157,40,11,14,15,24,23,41,76,138,139,127,28,14,10,10,13,19,22,36,40,68,70,70,69,78,49,22,6,168,29,1
Grenada,1971,796,115,153,38,11,13,15,25,22,41,73,140,141,129,32,15,10,10,12,19,22,34,39,67,73,74,67,78,51,25,7,164,28,1
Grenada,1972,790,113,147,34,10,13,15,26,22,40,71,139,143,129,32,15,11,10,12,18,22,33,38,64,75,75,68,76,53,25,7,157,28,1
Grenada,1973,781,110,143,33,9,12,15,26,21,38,69,135,148,127,32,15,11,10,11,17,21,32,37,60,75,78,70,73,54,25,7,152,27,1
Grenada,1974,774,107,138,31,8,11,15,27,21,37,68,134,151,126,32,15,12,10,11,16,21,31,37,58,76,79,72,70,56,25,7,146,26,1
Grenada,1975,764,103,133,30,6,11,15,29,20,36,66,129,157,125,33,16,13,10,10,15,21,29,37,55,74,83,74,70,55,25,8,139,26,1
Grenada,1976,763,98,126,28,6,9,15,33,20,35,64,129,161,125,35,19,14,10,10,15,20,29,35,54,75,85,76,70,55,26,9,132,24,1
Grenada,1977,808,92,119,27,6,9,16,35,21,37,71,136,181,137,40,20,15,11,10,15,22,33,38,59,77,95,86,78,59,31,9,125,25,2
Grenada,1978,804,87,111,24,6,9,16,36,21,35,70,135,187,137,41,20,16,11,10,15,20,33,37,59,76,98,89,79,58,32,9,117,25,2
Grenada,1979,799,84,107,23,6,8,14,36,22,35,68,132,190,139,41,20,16,12,10,15,20,32,36,57,75,98,92,83,56,32,9,113,22,2
Grenada,1980,790,79,99,20,6,8,14,37,22,33,68,127,191,141,40,20,17,12,10,14,19,32,36,55,72,97,94,86,55,31,9,105,22,2
Grenada,1981,774,69,89,20,5,7,13,36,23,32,67,124,192,143,39,19,17,13,10,14,18,31,36,54,70,97,95,87,56,30,9,94,20,2
Grenada,1982,774,69,88,19,5,7,13,38,24,31,67,123,191,147,39,19,19,14,10,14,17,31,36,53,70,94,97,89,58,30,9,93,20,2
Grenada,1983,960,71,89,18,5,8,33,120,59,50,78,130,199,152,40,66,54,35,24,24,26,36,42,58,72,97,102,92,60,30,10,94,41,2
Grenada,1984,768,67,83,16,5,6,12,39,28,32,64,117,190,152,39,19,20,17,11,15,17,28,36,51,66,90,100,92,60,29,10,88,18,2
Grenada,1985,769,69,84,15,5,6,11,38,33,31,62,116,189,155,39,18,20,18,15,15,16,27,35,51,65,89,100,94,61,29,10,89,17,2
Grenada,1986,770,69,84,15,5,6,11,38,34,31,60,114,187,160,39,18,20,19,15,15,16,26,34,51,63,88,99,97,63,30,9,89,17,2
Grenada,1987,769,67,82,15,5,6,10,37,35,31,60,114,185,163,40,17,20,20,15,15,16,26,34,52,62,86,99,99,64,31,9,87,16,2
Grenada,1988,756,58,72,14,5,5,10,35,35,31,58,114,181,166,40,15,20,20,15,15,16,25,33,52,62,84,97,101,65,31,9,77,15,2
Grenada,1989,747,55,68,13,5,5,10,33,36,30,56,114,178,170,41,13,20,20,16,15,15,23,33,52,62,83,95,103,67,32,9,73,15,2
Grenada,1990,735,51,63,12,5,5,9,30,40,32,52,112,172,171,41,12,18,20,20,17,15,23,29,51,61,79,93,104,67,32,9,68,14,2
Grenada,1991,724,48,59,11,5,5,8,28,40,33,52,110,171,172,41,11,17,20,20,18,15,23,29,49,61,79,92,102,70,32,9,64,13,2
Grenada,1992,719,43,54,11,5,5,8,27,40,34,52,110,168,174,41,11,16,20,20,19,15,23,29,49,61,78,90,103,71,32,9,59,13,2
Grenada,1993,716,39,50,11,5,5,7,25,40,36,52,110,169,173,43,10,15,20,20,20,16,23,29,49,61,79,90,101,72,33,10,55,12,2
Grenada,1994,719,36,44,8,5,5,7,24,41,41,52,113,169,175,43,10,14,20,21,22,19,23,29,49,64,78,91,101,74,33,10,49,12,2
Grenada,1995,716,34,42,8,5,5,6,23,41,44,52,113,169,172,44,10,13,19,22,24,20,23,29,49,64,79,90,99,73,34,10,47,11,2
Grenada,1996,720,32,40,8,4,5,5,22,40,45,52,116,171,175,45,10,12,18,22,25,20,23,29,50,66,79,92,101,74,35,10,44,10,2
Grenada,1997,724,31,38,7,3,5,5,20,39,47,53,117,171,176,46,9,11,17,22,25,22,24,29,50,67,80,91,102,74,36,10,41,10,2
Grenada,1998,726,27,34,7,2,5,5,20,38,51,53,119,175,177,48,9,11,16,22,26,25,25,28,50,69,84,91,103,74,37,11,36,10,2
Grenada,1999,739,25,32,7,1,5,5,18,36,53,54,121,179,181,50,8,10,15,21,28,25,26,28,51,70,89,90,106,75,39,11,33,10,2
Grenada,2000,768,25,32,7,1,5,5,18,35,56,57,127,189,189,51,8,10,15,20,29,27,29,28,52,75,96,93,111,78,39,12,33,10,2
Grenada,2001,767,24,31,7,0,5,5,18,32,59,58,126,194,188,51,8,10,13,19,29,30,32,26,51,75,101,93,109,79,39,12,31,10,2
Grenada,2002,776,23,29,6,0,4,5,18,32,59,61,123,202,191,52,8,10,13,19,29,30,34,27,48,75,104,98,110,81,40,12,29,9,2
Grenada,2003,792,23,28,5,0,4,5,19,29,61,70,123,207,193,53,9,10,12,17,29,32,39,31,48,75,104,103,108,85,41,12,28,9,2
Grenada,2004,871,26,37,11,6,5,10,20,34,68,79,126,227,202,55,10,10,15,19,31,37,43,36,49,77,112,115,112,90,43,12,43,15,2
Grenada,2005,799,23,27,4,0,3,5,19,27,63,80,114,217,190,54,9,10,11,16,28,35,43,37,44,70,104,113,106,84,42,12,27,8,2
Grenada,2006,805,23,27,4,0,2,5,19,26,61,83,111,217,194,54,9,10,10,16,26,35,45,38,44,67,102,115,108,86,42,12,27,7,2
Grenada,2007,784,24,28,4,0,1,5,19,24,58,85,105,210,190,54,9,10,10,14,24,34,45,40,43,62,98,112,108,82,42,12,28,6,2
Grenada,2008,785,24,29,5,0,1,5,18,23,56,89,103,206,193,57,8,10,10,13,22,34,47,42,45,58,94,112,112,81,45,12,29,6,2
Grenada,2009,781,25,30,5,0,0,5,18,22,53,93,103,201,197,57,8,10,10,12,21,32,48,45,48,55,91,110,116,81,45,12,30,5,2
Grenada,2010,807,25,30,5,0,0,5,18,22,52,97,106,204,206,63,8,10,10,12,20,32,50,47,52,54,92,112,123,83,48,15,30,5,2
Grenada,2011,808,26,31,5,0,0,4,17,22,49,101,109,198,212,64,7,10,10,12,18,31,51,50,56,53,87,111,126,86,49,15,31,4,2
Grenada,2012,845,26,31,5,0,0,4,17,22,50,107,119,197,225,67,7,10,10,12,19,31,52,55,63,56,85,112,133,92,51,16,31,4,3
Grenada,2013,859,27,34,7,0,0,4,16,22,45,108,126,195,235,68,6,10,10,12,18,27,52,56,67,59,82,113,136,99,51,17,34,4,3
Grenada,2014,886,27,34,7,0,0,4,16,22,45,113,138,194,244,73,6,10,10,12,18,27,52,61,72,66,80,114,137,107,54,19,34,4,3
Grenada,2015,902,28,35,7,0,0,4,15,21,44,114,148,191,252,76,5,10,10,11,18,26,51,63,77,71,79,112,139,113,56,20,35,4,3
Grenada,2016,939,28,35,7,0,0,4,15,21,44,116,161,193,261,82,5,10,10,11,18,26,50,66,83,78,81,112,142,119,61,21,35,4,4
Grenada,2017,956,28,35,7,0,0,3,14,21,42,114,172,190,269,85,5,9,10,11,18,24,48,66,88,84,83,107,145,124,64,21,35,3,4
Grenada,2018,970,28,35,7,0,0,3,13,22,42,111,184,191,271,90,5,8,10,12,18,24,45,66,93,91,88,103,145,126,69,21,35,3,4
Grenada,2019,983,28,35,7,0,0,2,13,24,41,111,192,194,272,94,5,8,10,14,17,24,45,66,97,95,94,100,144,128,73,21,35,2,4
Grenada,2020,997,27,34,7,0,0,2,12,26,40,108,200,201,269,100,5,7,11,15,16,24,42,66,100,100,103,98,141,128,77,23,34,2,5
Grenada,2021,1016,26,33,7,0,0,2,12,26,40,101,208,210,270,105,5,7,11,15,16,24,39,62,103,105,110,100,140,130,81,24,33,2,5
Guadeloupe,1950,4234,775,1319,544,58,37,61,208,266,330,402,469,596,411,79,93,115,122,144,153,177,188,214,219,250,297,299,252,159,64,15,1377,98,2
Guadeloupe,1951,4049,733,1258,525,62,35,58,201,257,323,389,452,558,379,72,89,112,118,139,149,174,181,208,217,235,279,279,234,145,59,13,1320,93,1
Guadeloupe,1952,3933,724,1211,487,55,34,58,200,257,326,386,454,530,356,68,89,111,118,139,151,175,181,205,223,231,267,263,221,135,56,12,1266,92,1
Guadeloupe,1953,3721,708,1166,458,73,33,55,189,241,314,366,435,475,314,62,85,104,112,129,145,169,173,193,216,219,244,231,194,120,51,11,1239,88,1
Guadeloupe,1954,3469,690,1120,430,62,31,51,173,224,295,340,413,429,271,56,77,96,104,120,136,159,162,178,204,209,224,205,167,104,45,11,1182,82,1
Guadeloupe,1955,3253,675,1079,404,59,30,46,159,206,274,316,382,398,249,52,71,88,95,111,125,149,152,164,189,193,208,190,153,96,41,11,1138,76,1
Guadeloupe,1956,3199,659,1042,383,54,30,45,154,203,273,317,383,398,247,52,69,85,94,109,124,149,155,162,187,196,208,190,153,94,42,10,1096,75,1
Guadeloupe,1957,3095,635,1000,365,53,30,40,144,196,267,311,374,388,238,49,64,80,90,106,118,149,153,158,182,192,203,185,148,90,39,10,1053,70,1
Guadeloupe,1958,2998,622,969,347,51,30,37,137,187,256,304,365,380,232,50,62,75,85,102,112,144,150,154,177,188,199,181,144,88,39,11,1020,67,1
Guadeloupe,1959,2905,607,935,328,48,30,36,126,179,244,297,353,373,231,49,57,69,81,98,106,138,145,152,170,183,195,178,143,88,38,11,983,66,1
Guadeloupe,1960,2891,603,913,310,47,30,37,122,174,243,300,354,382,240,52,54,68,77,97,107,136,146,154,170,184,198,184,146,94,39,13,960,67,1
Guadeloupe,1961,2922,584,876,292,46,31,38,119,174,247,311,364,401,254,57,51,68,76,98,109,138,150,161,172,192,206,195,153,101,43,14,922,69,2
Guadeloupe,1962,2923,575,852,277,45,32,41,119,173,250,320,369,407,258,59,51,68,75,98,111,139,155,165,175,194,208,199,156,102,45,14,897,73,2
Guadeloupe,1963,2936,545,806,261,45,33,44,118,171,252,330,379,420,271,61,51,67,73,98,113,139,160,170,180,199,214,206,164,107,49,12,851,77,2
Guadeloupe,1964,2999,512,760,248,49,36,49,120,174,260,349,401,445,288,64,53,67,74,100,117,143,169,180,194,207,226,219,175,113,51,13,809,85,3
Guadeloupe,1965,2905,485,712,227,45,32,48,115,166,253,343,396,436,289,66,53,62,72,94,113,140,164,179,194,202,221,215,177,112,53,13,757,80,2
Guadeloupe,1966,2954,466,679,213,48,37,52,116,162,259,350,410,457,306,72,56,60,72,90,115,144,165,185,203,207,232,225,187,119,57,15,727,89,2
Guadeloupe,1967,2850,437,628,191,41,34,49,112,154,250,339,405,449,311,73,55,57,69,85,110,140,157,182,202,203,227,222,190,121,57,16,669,83,2
Guadeloupe,1968,2821,412,587,175,37,34,50,114,149,247,339,411,454,320,75,59,55,66,83,106,141,155,184,204,207,229,225,195,125,59,16,624,84,3
Guadeloupe,1969,2703,387,547,160,37,33,47,108,140,234,326,405,436,315,73,57,51,62,78,99,135,148,178,200,205,219,217,190,125,57,16,584,80,3
Guadeloupe,1970,2696,363,510,147,35,33,47,109,135,232,327,418,443,325,80,57,52,59,76,97,135,148,179,205,213,222,221,195,130,62,18,545,80,3
Guadeloupe,1971,2650,337,470,133,34,32,46,108,132,225,323,423,442,331,84,56,52,56,76,93,132,148,175,206,217,222,220,196,135,64,20,504,78,3
Guadeloupe,1972,2593,312,433,121,29,31,46,107,123,216,316,426,443,333,86,55,52,51,72,88,128,147,169,207,219,223,220,196,137,66,20,462,77,4
Guadeloupe,1973,2555,289,397,108,29,29,45,103,117,212,311,431,449,334,90,52,51,48,69,86,126,147,164,210,221,228,221,194,140,69,21,426,74,4
Guadeloupe,1974,2539,268,365,97,26,29,45,103,117,208,312,439,457,339,93,51,52,48,69,84,124,147,165,213,226,236,221,196,143,72,21,391,74,4
Guadeloupe,1975,2441,248,336,88,23,27,43,101,108,195,300,427,448,333,94,50,51,47,61,81,114,142,158,205,222,232,216,192,141,72,22,359,70,5
Guadeloupe,1976,2383,224,303,79,22,24,42,99,104,185,294,417,452,337,101,49,50,45,59,77,108,137,157,197,220,236,216,193,144,77,24,325,66,5
Guadeloupe,1977,2408,201,272,71,21,24,43,101,106,183,297,424,472,352,110,50,51,50,56,77,106,137,160,196,228,246,226,201,151,83,27,293,67,6
Guadeloupe,1978,2389,180,244,64,18,22,40,102,104,177,293,421,483,357,115,51,51,50,54,75,102,133,160,191,230,250,233,203,154,87,28,262,62,6
Guadeloupe,1979,2374,166,222,56,17,22,40,101,108,171,287,420,494,364,121,51,50,52,56,71,100,128,159,189,231,253,241,207,157,91,30,239,62,7
Guadeloupe,1980,2352,157,206,49,16,20,36,100,107,166,279,415,500,369,129,50,50,52,55,70,96,122,157,187,228,254,246,210,159,95,34,222,56,8
Guadeloupe,1981,2356,150,193,43,15,19,35,102,111,162,278,418,512,375,132,50,52,54,57,66,96,121,157,190,228,259,253,215,160,96,36,208,54,8
Guadeloupe,1982,2329,144,182,38,13,18,33,101,111,156,267,412,517,376,133,49,52,53,58,62,94,115,152,191,221,260,257,217,159,96,37,195,51,9
Guadeloupe,1983,2314,141,178,37,12,17,32,104,113,154,260,403,521,381,133,51,53,53,60,61,93,111,149,189,214,263,258,222,159,95,38,190,49,9
Guadeloupe,1984,2310,138,171,33,11,17,31,106,112,152,255,403,524,388,134,51,55,52,60,61,91,110,145,188,215,264,260,227,161,94,40,182,48,9
Guadeloupe,1985,2322,136,168,32,10,15,31,103,117,150,252,404,527,400,135,48,55,53,64,63,87,109,143,188,216,264,263,236,164,94,41,178,46,10
Guadeloupe,1986,2339,131,162,31,10,15,29,102,120,150,251,408,531,411,137,47,55,55,65,65,85,111,140,188,220,264,267,243,168,96,41,172,44,11
Guadeloupe,1987,2372,126,156,30,10,13,29,102,127,155,252,416,537,427,142,46,56,59,68,70,85,113,139,189,227,264,273,251,176,100,42,166,42,11
Guadeloupe,1988,2402,122,149,27,10,13,27,102,128,158,251,420,548,444,142,44,58,60,68,73,85,113,138,189,231,267,281,259,185,100,42,159,40,12
Guadeloupe,1989,2438,119,145,26,10,12,26,101,131,164,249,422,557,461,147,44,57,62,69,77,87,110,139,187,235,270,287,267,194,105,42,155,38,12
Guadeloupe,1990,2456,115,138,23,8,11,26,96,133,168,249,420,566,474,153,41,55,62,71,79,89,109,140,185,235,276,290,271,203,111,42,146,37,12
Guadeloupe,1991,2482,111,133,22,8,11,23,95,136,175,247,416,576,492,160,41,54,64,72,82,93,107,140,180,236,282,294,279,213,116,44,141,34,13
Guadeloupe,1992,2504,107,128,21,8,11,22,93,137,178,243,413,584,509,168,41,52,63,74,82,96,103,140,179,234,288,296,288,221,122,46,136,33,13
Guadeloupe,1993,2515,101,120,19,7,10,21,89,135,181,242,408,590,523,178,39,50,62,73,82,99,103,139,177,231,293,297,296,227,130,48,127,31,13
Guadeloupe,1994,2540,96,114,18,7,10,20,87,137,183,237,404,597,538,189,38,49,62,75,81,102,102,135,176,228,294,303,303,235,136,53,121,30,14
Guadeloupe,1995,2557,92,110,18,7,10,17,85,134,186,240,401,605,548,199,36,49,59,75,82,104,107,133,176,225,295,310,307,241,144,55,117,27,15
Guadeloupe,1996,2584,88,104,16,6,10,17,81,131,189,240,401,616,564,211,33,48,56,75,82,107,110,130,179,222,297,319,314,250,152,59,110,27,16
Guadeloupe,1997,2604,85,100,15,6,10,16,78,129,191,241,396,623,576,220,32,46,55,74,84,107,114,127,177,219,296,327,317,259,158,62,106,26,17
Guadeloupe,1998,2624,82,95,13,5,9,15,73,127,193,244,395,629,590,232,29,44,53,74,85,108,119,125,177,218,295,334,322,268,165,67,100,24,18
Guadeloupe,1999,2652,79,91,12,6,10,15,68,124,193,251,396,632,605,244,27,41,52,72,86,107,122,129,178,218,294,338,328,277,173,71,97,25,19
Guadeloupe,2000,2671,74,85,11,5,8,13,61,121,193,260,401,630,618,255,22,39,51,70,86,107,127,133,177,224,291,339,337,281,179,76,90,21,21
Guadeloupe,2001,2681,70,81,11,5,8,13,54,115,192,264,397,628,637,266,20,34,49,66,84,108,128,136,172,225,288,340,349,288,186,80,86,21,22
Guadeloupe,2002,2689,64,74,10,5,7,12,49,109,192,265,391,629,652,277,18,31,45,64,84,108,125,140,167,224,287,342,359,293,193,84,79,19,24
Guadeloupe,2003,2705,59,67,8,5,7,12,44,102,193,270,391,630,667,293,17,27,42,60,85,108,126,144,168,223,287,343,367,300,202,91,72,19,26
Guadeloupe,2004,2704,54,61,7,5,6,13,40,95,190,271,385,628,679,304,16,24,37,58,81,109,124,147,167,218,287,341,372,307,209,95,66,19,29
Guadeloupe,2005,2789,50,57,7,5,6,13,37,90,192,282,392,649,715,323,16,21,35,55,81,111,128,154,173,219,299,350,388,327,220,103,62,19,32
Guadeloupe,2006,2801,46,51,5,5,5,13,34,82,189,280,392,648,732,335,15,19,32,50,77,112,126,154,176,216,299,349,392,340,227,108,56,18,35
Guadeloupe,2007,2771,43,48,5,3,5,12,33,75,181,278,385,637,736,343,15,18,28,47,72,109,125,153,177,208,293,344,389,347,230,113,51,17,37
Guadeloupe,2008,2768,40,45,5,3,5,12,31,70,174,276,381,627,746,355,15,16,25,45,67,107,124,152,179,202,285,342,389,357,237,118,48,17,40
Guadeloupe,2009,2829,37,41,4,2,5,10,31,67,172,282,397,637,767,377,15,16,24,43,66,106,128,154,190,207,287,350,397,370,251,126,43,15,43
Guadeloupe,2010,2806,35,39,4,2,5,9,30,62,163,282,398,622,763,390,15,15,23,39,61,102,129,153,190,208,277,345,391,372,260,130,41,14,46
Guadeloupe,2011,2785,34,38,4,1,5,8,27,56,152,280,402,611,757,399,12,15,20,36,56,96,128,152,193,209,269,342,385,372,267,132,39,13,49
Guadeloupe,2012,2748,32,35,3,1,5,8,26,51,144,276,401,594,747,409,11,15,18,33,52,92,125,151,192,209,262,332,378,369,275,134,36,13,51
Guadeloupe,2013,2885,30,32,2,0,5,8,26,48,142,287,425,619,789,445,11,15,17,31,52,90,129,158,201,224,273,346,398,391,297,148,32,13,58
Guadeloupe,2014,2894,28,30,2,0,4,7,25,43,135,284,430,614,795,464,10,15,16,27,50,85,126,158,199,231,275,339,401,394,307,157,30,11,62
Guadeloupe,2015,2968,26,28,2,0,3,7,23,39,126,285,443,622,820,496,10,13,15,24,45,81,124,161,201,242,280,342,414,406,324,172,28,10,68
Guadeloupe,2016,2899,24,26,2,0,2,6,20,35,114,272,436,606,807,503,10,10,14,21,40,74,115,157,195,241,277,329,407,400,323,180,26,8,71
Guadeloupe,2017,3006,22,24,2,0,2,6,21,33,109,273,451,632,835,535,10,11,13,20,38,71,113,160,202,249,293,339,419,416,340,195,24,8,77
Guadeloupe,2018,3114,20,22,2,0,1,6,24,31,104,273,467,661,866,573,11,13,12,19,35,69,110,163,208,259,309,352,430,436,362,211,22,7,84
Guadeloupe,2019,3137,20,22,2,0,1,6,23,29,97,265,466,679,873,588,10,13,11,18,31,66,105,160,210,256,323,356,428,445,370,218,22,7,90
Guadeloupe,2020,3346,19,20,1,0,0,5,24,28,89,261,516,746,935,623,10,14,11,17,28,61,99,162,231,285,363,383,453,482,392,231,20,5,97
Guadeloupe,2021,4091,19,20,1,0,0,5,25,27,100,308,632,949,1184,731,10,15,10,17,30,70,116,192,281,351,460,489,565,619,468,263,20,5,111
Guam,1950,513,74,86,12,6,5,23,74,51,63,70,64,60,9,0,47,27,23,28,30,33,35,35,30,34,39,21,9,0,0,0,92,28,0
Guam,1951,504,76,88,12,6,5,19,73,50,66,70,61,57,7,0,42,31,22,28,33,33,35,35,30,31,37,20,7,0,0,0,94,24,0
Guam,1952,497,78,92,14,7,5,15,69,49,65,72,61,53,8,0,36,33,21,28,33,32,37,35,31,30,34,19,7,1,0,0,99,20,0
Guam,1953,489,79,93,14,7,5,13,63,49,66,75,62,49,7,0,30,33,21,28,34,32,39,36,32,30,30,19,7,0,0,0,100,18,0
Guam,1954,483,79,93,14,8,5,11,59,49,67,75,65,47,7,0,25,34,21,28,35,32,39,36,34,31,28,19,7,0,0,0,101,16,0
Guam,1955,479,82,96,14,9,5,11,52,49,68,76,66,43,8,0,20,32,23,26,35,33,39,37,34,32,25,18,7,1,0,0,105,16,0
Guam,1956,476,82,96,14,9,5,10,45,50,70,76,68,42,8,0,17,28,24,26,35,35,38,38,34,34,24,18,7,1,0,0,105,15,0
Guam,1957,476,85,99,14,9,5,10,40,51,69,76,69,42,8,0,15,25,26,25,34,35,38,38,34,35,25,17,7,1,0,0,108,15,0
Guam,1958,471,81,95,14,8,5,10,36,54,68,77,68,43,8,0,15,21,28,26,33,35,38,39,33,35,28,15,7,1,0,0,103,15,0
Guam,1959,469,80,94,14,8,5,10,32,51,67,77,69,46,8,0,13,19,26,25,32,35,38,39,34,35,30,16,7,1,0,0,102,15,0
Guam,1960,468,80,94,14,9,6,10,26,49,65,78,70,45,8,0,10,16,24,25,30,35,39,39,35,35,31,14,7,1,0,0,103,16,0
Guam,1961,468,80,94,14,9,7,13,24,50,63,79,70,50,9,0,10,14,23,27,29,34,40,39,35,35,33,17,8,1,0,0,103,20,0
Guam,1962,475,81,97,16,10,8,15,23,51,63,78,70,53,9,0,10,13,21,30,30,33,40,38,35,35,34,19,8,1,0,0,107,23,0
Guam,1963,467,76,90,14,9,7,17,22,47,62,76,70,56,10,0,11,11,18,29,30,32,39,37,35,35,34,22,8,2,0,0,99,24,0
Guam,1964,465,75,89,14,9,7,19,22,43,59,76,70,58,11,0,12,10,15,28,28,31,39,37,35,35,34,24,9,2,0,0,98,26,0
Guam,1965,480,76,90,14,9,6,22,24,43,62,77,70,61,14,0,14,10,15,28,31,31,39,38,35,35,35,26,12,2,0,0,99,28,0
Guam,1966,503,82,96,14,10,6,23,28,41,64,81,71,64,17,0,17,11,15,26,33,31,40,41,35,36,35,29,15,2,0,0,106,29,0
Guam,1967,486,77,91,14,10,6,21,29,37,63,76,70,64,21,0,19,10,14,23,33,30,37,39,35,35,35,29,17,4,0,0,101,27,0
Guam,1968,478,76,90,14,10,6,20,31,33,61,72,67,59,25,0,21,10,13,20,31,30,34,38,32,35,31,28,19,6,0,0,100,26,0
Guam,1969,480,79,93,14,10,7,20,34,32,59,70,65,60,31,0,23,11,13,19,29,30,32,38,31,34,31,29,22,9,0,0,103,27,0
Guam,1970,481,80,94,14,10,7,17,37,31,58,66,62,59,37,1,25,12,13,18,28,30,31,35,31,31,29,30,26,11,1,0,104,24,0
Guam,1971,484,81,94,13,10,7,17,38,30,57,66,65,55,36,2,24,14,12,18,27,30,31,35,33,32,30,25,24,12,2,0,104,24,0
Guam,1972,495,83,98,15,9,7,18,40,30,57,70,70,58,36,2,24,16,12,18,27,30,35,35,35,35,33,25,24,12,2,0,107,25,0
Guam,1973,499,82,97,15,8,7,19,39,29,57,70,72,60,34,2,21,18,11,18,25,32,35,35,37,35,34,26,22,12,2,0,105,26,0
Guam,1974,511,83,98,15,8,7,22,41,29,57,73,77,60,32,3,22,19,12,17,24,33,37,36,40,37,34,26,21,11,3,0,106,29,0
Guam,1975,512,82,96,14,9,7,22,40,29,54,74,79,64,30,3,21,19,12,17,23,31,37,37,39,40,37,27,19,11,3,0,105,29,0
Guam,1976,518,81,97,16,10,7,22,42,31,52,78,81,65,31,3,22,20,14,17,22,30,40,38,39,42,37,28,19,12,3,0,107,29,0
Guam,1977,504,75,88,13,9,7,22,42,29,48,77,80,68,31,3,22,20,13,16,20,28,39,38,38,42,38,30,20,11,3,0,97,29,0
Guam,1978,494,67,80,13,8,6,20,42,31,45,78,81,70,32,3,22,20,15,16,20,25,39,39,37,44,39,31,22,10,3,0,88,26,0
Guam,1979,484,63,74,11,8,6,19,42,30,42,76,79,72,33,3,22,20,15,15,20,22,37,39,36,43,40,32,22,11,3,0,82,25,0
Guam,1980,497,63,74,11,8,6,18,43,32,42,76,83,77,39,4,23,20,16,16,20,22,36,40,37,46,43,34,25,14,4,0,82,24,0
Guam,1981,509,61,72,11,8,6,18,43,33,42,77,84,79,41,4,23,20,17,16,20,22,35,42,39,45,45,34,27,14,4,0,80,24,0
Guam,1982,520,59,70,11,8,6,18,44,34,42,79,86,82,44,5,24,20,18,16,20,22,34,45,40,46,48,34,30,14,5,0,78,24,0
Guam,1983,534,61,72,11,8,7,20,41,40,42,81,87,86,46,5,21,20,20,20,20,22,33,48,41,46,51,35,30,16,5,0,80,27,0
Guam,1984,544,58,69,11,7,7,20,42,40,43,79,91,92,47,6,22,20,20,20,20,23,32,47,43,48,54,38,30,17,6,0,76,27,0
Guam,1985,559,59,70,11,7,7,21,42,42,46,78,94,95,48,7,22,20,20,22,21,25,32,46,46,48,54,41,31,17,7,0,77,28,0
Guam,1986,574,59,69,10,7,6,22,43,45,46,78,98,97,51,7,23,20,20,25,21,25,33,45,48,50,54,43,32,19,7,0,76,28,0
Guam,1987,588,58,68,10,7,6,22,43,45,48,76,104,101,56,8,23,20,20,25,23,25,32,44,53,51,55,46,33,23,7,1,75,28,0
Guam,1988,599,56,66,10,7,6,21,45,48,50,76,108,105,57,9,25,20,20,28,24,26,33,43,55,53,57,48,32,25,8,1,73,27,0
Guam,1989,612,55,65,10,7,6,20,46,49,55,76,111,106,59,12,26,20,21,28,28,27,33,43,54,57,56,50,33,26,11,1,72,26,0
Guam,1990,622,52,62,10,7,6,19,48,50,56,76,116,105,63,16,27,21,21,29,30,26,34,42,55,61,57,48,36,27,14,2,69,25,0
Guam,1991,645,51,60,9,7,6,18,49,50,59,77,120,111,66,16,26,23,21,29,33,26,35,42,53,67,60,51,40,26,14,2,67,24,0
Guam,1992,657,50,59,9,7,6,17,48,51,66,81,123,114,68,18,25,23,21,30,36,30,37,44,52,71,62,52,43,25,16,2,66,23,0
Guam,1993,668,48,57,9,7,6,16,47,52,69,81,126,119,69,20,25,22,22,30,38,31,36,45,51,75,65,54,44,25,16,4,64,22,0
Guam,1994,686,47,56,9,7,6,16,44,52,74,83,125,128,72,20,22,22,22,30,39,35,38,45,50,75,72,56,46,26,16,4,63,22,0
Guam,1995,698,46,55,9,7,6,16,43,53,78,83,123,135,76,20,20,23,22,31,40,38,38,45,50,73,77,58,48,28,15,5,62,22,0
Guam,1996,732,45,54,9,7,6,16,44,54,83,91,127,147,82,22,20,24,23,31,41,42,41,50,53,74,86,61,50,32,16,6,61,22,1
Guam,1997,742,43,51,8,7,6,16,42,54,88,94,124,153,86,21,20,22,23,31,43,45,45,49,53,71,90,63,52,34,15,6,58,22,1
Guam,1998,750,42,50,8,7,6,16,40,53,91,96,126,158,85,22,20,20,22,31,43,48,46,50,56,70,92,66,52,33,15,7,57,22,1
Guam,1999,748,40,48,8,6,6,16,40,52,91,99,124,160,84,22,20,20,21,31,42,49,50,49,56,68,91,69,51,33,15,7,54,22,1
Guam,2000,751,39,47,8,6,6,16,40,52,90,104,126,160,84,21,20,20,21,31,41,49,54,50,57,69,88,72,52,32,15,6,53,22,1
Guam,2001,721,37,44,7,5,5,13,34,50,87,102,120,155,83,22,15,19,20,30,40,47,55,47,54,66,82,73,51,32,16,6,49,18,1
Guam,2002,721,33,40,7,5,5,13,31,49,85,106,117,154,87,23,15,16,20,29,39,46,56,50,52,65,79,75,53,34,17,6,45,18,2
Guam,2003,706,31,37,6,5,5,13,30,46,84,110,113,151,88,23,15,15,19,27,39,45,58,52,49,64,75,76,53,35,17,6,42,18,2
Guam,2004,706,31,38,7,5,5,13,30,44,82,114,112,147,93,25,15,15,18,26,38,44,59,55,48,64,73,74,56,37,18,7,43,18,2
Guam,2005,713,29,34,5,5,5,13,30,43,82,119,112,147,97,27,15,15,17,26,38,44,59,60,48,64,73,74,59,38,20,7,39,18,2
Guam,2006,737,32,37,5,5,5,13,29,43,84,126,116,148,103,30,15,14,17,26,38,46,61,65,51,65,75,73,63,40,22,8,42,18,2
Guam,2007,760,33,38,5,5,5,13,28,42,86,133,122,151,108,33,15,13,16,26,38,48,63,70,57,65,78,73,67,41,24,9,43,18,2
Guam,2008,773,32,37,5,5,5,11,26,42,87,138,125,151,109,36,15,11,16,26,38,49,64,74,61,64,79,72,69,40,27,9,42,16,3
Guam,2009,795,32,37,5,5,5,11,26,40,87,141,132,154,113,38,15,11,14,26,38,49,66,75,68,64,82,72,71,42,27,11,42,16,3
Guam,2010,821,40,45,5,5,4,11,28,39,88,148,142,155,112,39,15,13,14,25,38,50,68,80,75,67,82,73,71,41,27,12,50,15,3
Guam,2011,853,39,44,5,5,5,11,27,38,90,154,156,161,121,40,15,12,13,25,39,51,70,84,82,74,83,78,74,47,26,14,49,16,3
Guam,2012,899,41,47,6,5,5,11,28,36,91,158,173,171,132,41,15,13,13,23,39,52,73,85,89,84,86,85,78,54,26,15,52,16,4
Guam,2013,930,38,44,6,5,4,11,26,34,91,165,185,175,142,44,15,11,12,22,39,52,75,90,93,92,87,88,80,62,28,16,49,15,5
Guam,2014,962,38,45,7,5,4,11,22,34,90,165,200,184,150,45,12,10,12,22,38,52,75,90,97,103,91,93,83,67,29,16,50,15,5
Guam,2015,1006,38,45,7,5,4,10,22,31,90,172,215,193,162,50,12,10,11,20,37,53,78,94,101,114,98,95,89,73,33,17,50,14,6
Guam,2016,1023,38,44,6,5,4,9,21,30,86,172,221,200,166,54,11,10,11,19,35,51,77,95,102,119,105,95,92,74,37,17,49,13,7
Guam,2017,1038,36,42,6,5,5,9,20,27,82,171,229,208,170,58,10,10,10,17,32,50,76,95,103,126,114,94,94,76,43,15,47,14,8
Guam,2018,1053,33,39,6,5,4,8,20,27,80,169,233,218,175,65,10,10,10,17,30,50,75,94,104,129,124,94,99,76,48,17,44,12,8
Guam,2019,1069,32,38,6,5,5,8,20,25,72,168,238,232,181,70,10,10,10,15,27,45,74,94,106,132,136,96,101,80,52,18,43,13,9
Guam,2020,1216,31,36,5,5,5,8,20,25,70,168,297,273,215,85,10,10,10,15,25,45,73,95,122,175,169,104,110,105,64,21,41,13,9
Guam,2021,1252,31,36,5,5,5,8,20,25,68,184,287,307,216,85,10,10,10,15,24,44,77,107,126,161,180,127,117,99,61,24,41,13,9
Guatemala,1950,76248,26618,40069,13451,6401,2239,2487,4500,3640,3806,3993,4247,2549,1885,418,2397,2103,1801,1839,1791,2015,1986,2007,2659,1588,1319,1230,1074,811,340,78,46470,4726,15
Guatemala,1951,76018,27287,41116,13829,5973,2055,2324,4410,3561,3655,3891,4219,2507,1839,445,2336,2074,1773,1788,1723,1932,1952,1939,2563,1656,1319,1188,1045,794,358,87,47089,4379,18
Guatemala,1952,76813,27822,41855,14033,5968,2005,2255,4505,3652,3681,3912,4249,2528,1776,411,2354,2151,1837,1815,1752,1929,1953,1959,2520,1729,1363,1165,1016,760,328,83,47823,4260,16
Guatemala,1953,78239,28269,42462,14193,6213,2026,2239,4684,3837,3800,3994,4318,2584,1716,351,2401,2283,1953,1884,1832,1968,1971,2023,2515,1803,1429,1155,993,723,278,73,48675,4265,13
Guatemala,1954,79701,28613,42925,14312,6474,2066,2234,4873,4055,3944,4094,4400,2662,1660,305,2446,2427,2086,1969,1920,2024,1994,2100,2527,1873,1504,1158,971,689,238,67,49399,4300,11
Guatemala,1955,80441,28848,43277,14429,6512,2076,2194,4922,4195,4019,4146,4457,2741,1611,280,2426,2496,2170,2025,1964,2055,2003,2143,2536,1921,1571,1170,946,665,217,63,49789,4270,10
Guatemala,1956,80523,29038,43552,14514,6330,2048,2127,4865,4267,4020,4144,4501,2811,1571,275,2365,2500,2208,2059,1965,2055,2000,2144,2551,1950,1622,1189,922,649,213,62,49882,4175,9
Guatemala,1957,80154,29188,43735,14547,6046,1998,2053,4713,4291,3969,4101,4546,2877,1548,268,2267,2446,2211,2080,1935,2034,1988,2113,2572,1974,1661,1216,908,640,211,57,49781,4051,9
Guatemala,1958,79119,29023,43402,14379,5708,1951,1985,4512,4281,3888,4048,4602,2943,1536,262,2161,2351,2189,2092,1890,1998,1976,2072,2600,2002,1696,1247,904,632,211,51,49110,3936,9
Guatemala,1959,78174,28849,43038,14189,5458,1911,1936,4298,4249,3797,3998,4665,3033,1531,254,2060,2238,2154,2095,1841,1956,1964,2034,2628,2037,1736,1297,909,622,207,47,48496,3847,8
Guatemala,1960,77673,28746,42745,13999,5368,1889,1925,4138,4223,3727,3966,4743,3158,1541,241,1996,2142,2126,2097,1810,1917,1956,2010,2661,2082,1778,1380,931,610,200,41,48113,3814,7
Guatemala,1961,77650,28716,42528,13812,5429,1891,1947,4029,4213,3696,3957,4839,3323,1565,229,1964,2065,2110,2103,1805,1891,1952,2005,2696,2143,1831,1492,967,598,191,38,47957,3838,6
Guatemala,1962,77982,28666,42307,13641,5601,1911,1994,3968,4218,3707,3980,4949,3517,1605,218,1965,2003,2101,2117,1826,1881,1957,2023,2724,2225,1902,1615,1016,589,182,36,47908,3905,5
Guatemala,1963,78696,28690,42153,13463,5843,1942,2061,3960,4250,3767,4035,5083,3727,1662,208,1994,1966,2100,2150,1878,1889,1973,2062,2760,2323,1987,1740,1074,588,175,33,47996,4003,4
Guatemala,1964,79731,28741,42040,13299,6121,1983,2128,4015,4316,3870,4131,5241,3938,1743,201,2051,1964,2109,2207,1953,1917,2004,2127,2806,2435,2079,1859,1149,594,171,30,48161,4111,3
Guatemala,1965,81300,28777,41925,13148,6393,2034,2210,4251,4504,4059,4288,5436,4135,1864,197,2198,2053,2178,2326,2076,1983,2068,2220,2870,2566,2178,1957,1250,614,169,28,48318,4244,3
Guatemala,1966,83499,28991,42117,13126,6688,2104,2288,4543,4728,4300,4497,5666,4340,2021,200,2367,2176,2257,2471,2220,2080,2162,2335,2955,2711,2296,2044,1376,645,172,28,48805,4392,3
Guatemala,1967,84803,29027,42010,12983,6868,2143,2306,4745,4860,4498,4663,5831,4497,2176,203,2483,2262,2283,2577,2334,2164,2239,2424,3017,2814,2402,2095,1495,681,174,29,48878,4449,3
Guatemala,1968,85700,28922,41659,12737,6928,2155,2318,5050,4998,4704,4800,5940,4624,2319,206,2651,2399,2326,2672,2448,2256,2307,2493,3060,2880,2495,2129,1601,718,178,28,48587,4473,3
Guatemala,1969,86840,28895,41534,12639,6977,2195,2360,5396,5120,4911,4912,6022,4746,2454,212,2842,2554,2377,2743,2551,2360,2367,2545,3097,2925,2588,2158,1687,767,184,28,48511,4555,2
Guatemala,1970,85904,28703,41094,12391,6789,2160,2299,5332,4941,4887,4853,5957,4812,2562,219,2804,2528,2287,2654,2522,2365,2344,2509,3062,2895,2644,2168,1730,832,191,28,47883,4459,2
Guatemala,1971,84545,28553,40737,12184,6537,2132,2235,5177,4679,4779,4723,5818,4851,2648,227,2713,2464,2175,2504,2445,2334,2290,2433,2988,2830,2672,2179,1740,908,200,27,47274,4367,2
Guatemala,1972,82770,28353,40302,11949,6208,2088,2170,4974,4390,4616,4562,5642,4869,2703,238,2594,2380,2065,2325,2336,2280,2223,2339,2890,2752,2670,2199,1730,973,211,27,46510,4258,2
Guatemala,1973,80414,28141,39841,11700,5835,2028,2058,4570,4020,4368,4373,5454,4873,2740,250,2357,2213,1913,2107,2179,2189,2146,2227,2779,2675,2651,2222,1714,1026,223,27,45676,4086,2
Guatemala,1974,79001,27977,39419,11442,5455,1966,2029,4481,3883,4240,4267,5336,4891,2763,266,2294,2187,1884,1999,2088,2152,2111,2156,2693,2643,2639,2252,1703,1060,237,29,44874,3995,2
Guatemala,1975,78433,27784,39000,11216,5069,1888,2044,4560,3929,4210,4239,5270,4922,2869,426,2325,2235,1943,1986,2056,2154,2112,2127,2635,2635,2624,2298,1728,1141,343,83,44069,3932,11
Guatemala,1976,100524,29287,43818,14531,7639,4093,3870,7411,5907,5941,5785,6488,5778,3175,596,3891,3520,3038,2869,2896,3045,2952,2833,3257,3231,3103,2675,1921,1254,457,139,51457,7963,21
Guatemala,1977,78257,27176,37840,10664,4413,1704,2135,5045,4401,4293,4350,5292,4970,3065,714,2556,2489,2247,2154,2084,2209,2181,2169,2604,2688,2603,2367,1824,1241,531,183,42253,3839,32
Guatemala,1978,79320,26886,37269,10383,4167,1613,2239,5620,4872,4429,4527,5402,5077,3214,841,2850,2770,2524,2348,2160,2269,2268,2259,2644,2758,2651,2426,1918,1296,614,227,41436,3852,44
Guatemala,1979,80233,26630,36813,10183,4009,1534,2283,6003,5232,4492,4704,5524,5246,3394,945,3039,2964,2724,2508,2204,2288,2344,2360,2694,2830,2737,2509,2037,1357,680,265,40822,3817,53
Guatemala,1980,82419,26462,36468,10006,3912,1470,2419,6829,5748,4677,4984,5704,5511,3614,1023,3479,3350,3000,2748,2318,2359,2472,2512,2785,2919,2883,2628,2186,1428,727,296,40380,3889,60
Guatemala,1981,84059,26016,35573,9557,3742,1374,2559,7820,6266,4861,5242,5842,5780,3853,1078,4023,3797,3273,2993,2444,2417,2591,2651,2865,2977,3033,2747,2338,1515,760,318,39315,3933,65
Guatemala,1982,109383,28196,41693,13497,5350,2059,4066,12769,9089,6774,7228,7495,7202,4433,1150,6686,6083,4829,4260,3447,3327,3573,3655,3737,3758,3839,3363,2735,1698,810,340,47043,6125,70
Guatemala,1983,78944,24991,33920,8929,3577,1218,1927,5727,5071,4100,4984,5838,6306,4639,1542,2920,2807,2490,2581,2084,2016,2392,2592,2870,2968,3290,3016,2710,1929,1046,496,37497,3145,96
Guatemala,1984,78145,24286,32906,8620,3491,1179,1788,5325,4849,3987,4978,5961,6658,5099,1801,2710,2615,2332,2517,2043,1944,2355,2623,2940,3021,3449,3209,2925,2174,1211,590,36397,2967,118
Guatemala,1985,77490,23544,31823,8279,3378,1163,1725,5144,4796,4001,5011,6114,6933,5374,1895,2607,2537,2291,2505,2062,1939,2342,2669,3025,3089,3570,3363,3053,2321,1278,617,35201,2888,131
Guatemala,1986,77129,23032,30932,7900,3236,1162,1702,5025,4829,4100,5049,6285,7137,5569,1970,2525,2500,2315,2514,2121,1979,2334,2715,3111,3174,3658,3479,3138,2431,1335,635,34168,2864,140
Guatemala,1987,76631,22725,30301,7576,3081,1173,1650,4731,4798,4205,5035,6459,7281,5728,2042,2341,2390,2303,2495,2173,2032,2305,2730,3188,3271,3717,3564,3204,2524,1392,650,33382,2823,147
Guatemala,1988,76370,22425,29658,7233,2900,1179,1629,4527,4839,4380,5019,6659,7407,5892,2124,2201,2326,2335,2504,2260,2120,2288,2731,3266,3393,3771,3636,3277,2615,1454,670,32558,2808,154
Guatemala,1989,76895,22045,29004,6959,2722,1184,1678,4581,5052,4665,5056,6913,7551,6106,2223,2202,2379,2458,2594,2403,2262,2314,2742,3365,3548,3836,3715,3387,2719,1527,696,31726,2862,161
Guatemala,1990,78226,21563,28394,6831,2599,1206,1783,4799,5389,5018,5161,7222,7757,6393,2334,2299,2500,2639,2750,2574,2444,2383,2778,3488,3734,3939,3818,3549,2844,1609,725,30993,2989,168
Guatemala,1991,78875,20933,27387,6454,2386,1166,1865,5045,5720,5335,5227,7451,7958,6718,2441,2423,2622,2806,2914,2722,2613,2448,2779,3570,3881,4034,3924,3737,2981,1687,754,29773,3031,174
Guatemala,1992,79982,20497,26710,6213,2249,1141,1940,5244,6010,5634,5308,7668,8239,7098,2562,2530,2714,2942,3068,2855,2779,2536,2772,3638,4030,4169,4070,3962,3136,1772,790,28959,3081,182
Guatemala,1993,80230,20056,26032,5976,2138,1110,1934,5158,6087,5804,5333,7771,8526,7481,2668,2490,2668,2956,3131,2911,2893,2602,2731,3636,4135,4300,4226,4191,3290,1847,821,28170,3044,189
Guatemala,1994,80663,19620,25310,5690,2010,1061,1970,5303,6226,5971,5390,7781,8831,7855,2763,2586,2717,3016,3210,2974,2997,2684,2706,3585,4196,4428,4403,4414,3441,1911,852,27320,3031,196
Guatemala,1995,79743,19158,24619,5461,1918,1038,2002,5396,6240,6039,5438,7686,9029,7778,2384,2657,2739,3014,3226,3001,3038,2760,2678,3490,4196,4499,4530,4460,3318,1684,700,26537,3040,174
Guatemala,1996,78106,18619,23841,5222,1822,1011,1986,5324,6080,5969,5454,7466,9208,7709,2088,2638,2686,2922,3158,2965,3004,2810,2644,3341,4125,4529,4679,4493,3216,1508,580,25663,2997,148
Guatemala,1997,76562,18106,23106,5000,1741,997,1982,5290,5901,5862,5491,7193,9396,7630,1849,2637,2653,2829,3072,2916,2946,2859,2632,3174,4019,4543,4853,4512,3118,1367,482,24847,2979,123
Guatemala,1998,75620,17706,22605,4899,1762,1032,2008,5298,5743,5768,5576,6941,9606,7527,1656,2656,2642,2749,2994,2877,2891,2920,2656,3039,3902,4560,5046,4514,3013,1252,404,24367,3040,100
Guatemala,1999,73744,17055,21648,4593,1610,977,1991,5261,5546,5649,5648,6707,9764,7362,1499,2647,2614,2651,2895,2823,2826,2955,2693,2936,3771,4557,5207,4475,2887,1159,340,23258,2968,80
Guatemala,2000,72863,16608,21004,4396,1556,971,2024,5332,5445,5641,5774,6612,9909,7154,1375,2695,2637,2606,2839,2821,2820,2990,2784,2917,3695,4582,5327,4409,2745,1083,292,22560,2995,65
Guatemala,2001,72397,16200,20399,4199,1509,963,2082,5462,5403,5704,5946,6637,10017,6938,1282,2779,2683,2596,2807,2854,2850,3022,2924,2977,3660,4622,5395,4333,2605,1023,259,21908,3045,54
Guatemala,2002,72168,15585,19602,4017,1460,953,2165,5657,5430,5819,6158,6753,10099,6798,1230,2895,2762,2630,2800,2914,2905,3060,3098,3104,3649,4658,5441,4297,2501,991,239,21062,3118,47
Guatemala,2003,72144,14913,18738,3825,1402,934,2248,5874,5485,5944,6383,6919,10161,6783,1223,3017,2857,2684,2801,2977,2967,3094,3289,3266,3653,4668,5493,4326,2457,989,234,20140,3182,43
Guatemala,2004,72426,14301,17929,3628,1348,921,2334,6088,5551,6048,6603,7125,10233,6931,1268,3130,2958,2754,2797,3023,3025,3138,3465,3445,3680,4658,5575,4440,2491,1023,245,19277,3255,43
Guatemala,2005,74541,13844,17632,3788,1603,1076,2495,6387,5722,6193,6869,7404,10404,7325,1385,3267,3120,2885,2837,3078,3115,3246,3623,3649,3755,4667,5737,4681,2644,1113,272,19235,3571,46
Guatemala,2006,73464,13098,16344,3246,1230,911,2442,6372,5659,6077,6901,7525,10464,7915,1571,3224,3148,2896,2763,2986,3091,3270,3631,3756,3769,4583,5881,5006,2909,1251,320,17574,3353,52
Guatemala,2007,74335,12669,15731,3062,1171,913,2450,6428,5688,6015,6980,7726,10605,8741,1817,3215,3213,2951,2737,2917,3098,3337,3643,3884,3842,4522,6083,5446,3295,1438,379,16902,3363,61
Guatemala,2008,75279,12156,15068,2912,1119,920,2441,6438,5719,5944,7048,7958,10753,9689,2109,3189,3249,2995,2724,2843,3101,3404,3644,4014,3944,4484,6269,5936,3753,1657,452,16187,3361,73
Guatemala,2009,76104,11701,14440,2739,1052,915,2408,6363,5726,5864,7113,8212,10903,10616,2404,3138,3225,3009,2717,2772,3092,3458,3655,4140,4072,4491,6412,6394,4222,1879,525,15492,3323,85
Guatemala,2010,77115,11324,13952,2628,1031,926,2393,6256,5751,5828,7257,8517,11090,11357,2667,3098,3158,3013,2738,2740,3088,3522,3735,4266,4251,4572,6518,6741,4616,2077,590,14983,3319,97
Guatemala,2011,77720,10973,13451,2478,951,894,2367,6088,5757,5810,7442,8876,11268,11825,2881,3047,3041,2988,2769,2735,3075,3578,3864,4393,4483,4717,6551,6936,4889,2239,642,14402,3261,108
Guatemala,2012,78328,10630,12972,2342,904,877,2357,5921,5766,5835,7668,9284,11450,12099,3072,3002,2919,2952,2814,2763,3072,3639,4029,4531,4753,4922,6528,7015,5084,2384,688,13876,3234,119
Guatemala,2013,78929,10211,12440,2229,875,855,2354,5789,5777,5889,7910,9733,11654,12252,3269,2974,2815,2913,2864,2814,3075,3704,4206,4672,5061,5164,6490,7007,5245,2535,734,13315,3209,131
Guatemala,2014,79799,9905,12033,2128,860,837,2361,5718,5780,5967,8145,10194,11895,12367,3490,2972,2746,2868,2912,2881,3086,3771,4374,4828,5366,5416,6479,6968,5399,2698,792,12893,3198,145
Guatemala,2015,81279,9653,11727,2074,900,855,2405,5794,5808,6095,8375,10652,12191,12550,3760,3038,2756,2843,2965,2966,3129,3849,4526,5028,5624,5663,6528,6971,5579,2893,867,12627,3260,164
Guatemala,2016,82176,9362,11314,1952,878,805,2388,5833,5749,6176,8505,11003,12490,12766,4084,3074,2759,2780,2969,3013,3163,3889,4616,5207,5796,5876,6614,6986,5780,3119,965,12192,3193,188
Guatemala,2017,83252,8963,10845,1882,883,786,2370,5903,5737,6312,8637,11334,12882,12929,4419,3108,2795,2757,2980,3080,3232,3930,4707,5394,5940,6131,6751,6978,5951,3345,1074,11728,3156,215
Guatemala,2018,84289,8515,10359,1844,900,803,2322,5909,5780,6505,8793,11654,13414,12916,4698,3084,2825,2777,3003,3173,3332,3962,4831,5584,6070,6484,6930,6910,6006,3523,1175,11259,3125,241
Guatemala,2019,83814,7972,9682,1710,790,737,2118,5576,5740,6653,8891,11902,14016,12617,4830,2851,2725,2766,2974,3244,3409,3926,4965,5728,6174,6926,7090,6736,5881,3584,1246,10472,2855,263
Guatemala,2020,92707,7468,9083,1615,539,718,1692,5123,5676,7832,11091,15929,16903,13111,4743,2594,2529,2612,3064,3677,4155,4838,6253,7720,8209,8759,8144,7256,5855,3522,1221,9622,2410,259
Guatemala,2021,114597,7102,8623,1521,610,734,1810,6074,7375,10088,13486,19097,20972,18080,7213,2921,3153,3449,3926,4796,5292,6047,7439,9232,9865,10357,10615,9875,8205,5260,1953,9233,2544,434
Guernsey,1950,536,22,27,5,0,0,3,10,11,24,46,92,148,141,32,5,5,5,6,10,14,19,27,39,53,69,79,82,59,26,6,27,3,0
Guernsey,1951,528,21,26,5,1,0,3,10,11,24,46,92,148,137,31,5,5,5,6,10,14,19,27,39,53,71,77,79,58,25,6,27,3,0
Guernsey,1952,679,13,16,3,0,0,0,4,10,19,55,110,183,218,62,0,4,5,5,6,13,22,33,49,61,80,103,121,97,47,15,16,0,0
Guernsey,1953,667,12,16,4,0,0,0,3,10,19,53,111,178,215,59,0,3,5,5,6,13,21,32,49,62,78,100,115,100,42,17,16,0,1
Guernsey,1954,672,12,16,4,0,0,0,3,10,19,54,114,181,214,55,0,3,5,5,6,13,22,32,49,65,80,101,114,100,40,15,16,0,1
Guernsey,1955,612,10,14,4,0,0,0,1,10,16,47,104,167,196,55,0,1,5,5,5,11,18,29,44,60,74,93,104,92,41,14,14,0,1
Guernsey,1956,643,12,16,4,1,0,1,2,10,19,50,110,177,198,56,0,2,5,5,7,12,20,30,46,64,79,98,108,90,43,13,17,1,2
Guernsey,1957,644,13,17,4,0,0,2,3,10,19,51,110,178,192,58,1,2,5,5,7,12,20,31,45,65,81,97,107,85,47,11,17,2,2
Guernsey,1958,610,13,16,3,0,0,1,3,10,18,48,104,171,179,53,2,1,5,5,7,11,19,29,42,62,78,93,101,78,44,9,16,1,2
Guernsey,1959,602,14,17,3,0,0,1,6,10,18,48,101,172,174,53,4,2,5,5,6,12,19,29,41,60,78,94,99,75,42,11,17,1,2
Guernsey,1960,568,13,16,3,0,0,0,6,10,18,47,95,165,165,44,4,2,5,5,6,12,18,29,39,56,74,91,94,71,35,9,16,0,2
Guernsey,1961,610,17,21,4,1,0,1,10,10,21,53,104,175,173,38,5,5,5,5,8,13,22,31,44,60,78,97,100,73,30,8,22,1,2
Guernsey,1962,602,17,21,4,1,0,4,10,10,22,53,104,173,171,37,5,5,5,5,9,13,22,31,44,60,78,95,98,73,28,9,22,4,1
Guernsey,1963,593,16,20,4,1,0,4,10,10,20,52,101,170,169,37,5,5,5,5,8,12,21,31,44,57,77,93,97,72,28,9,21,4,1
Guernsey,1964,563,15,19,4,0,0,3,10,10,18,49,95,161,163,35,5,5,5,5,7,11,19,30,41,54,73,88,94,69,28,7,19,3,1
Guernsey,1965,569,15,19,4,0,0,3,10,10,18,50,99,162,165,37,5,5,5,5,7,11,19,31,44,55,74,88,96,69,30,7,19,3,1
Guernsey,1966,585,15,19,4,0,0,3,10,10,18,50,104,165,170,39,5,5,5,5,7,11,19,31,45,59,75,90,98,72,32,7,19,3,1
Guernsey,1967,550,13,16,3,0,0,2,7,10,16,46,97,153,164,40,4,3,5,5,6,10,17,29,42,55,69,84,93,71,33,7,16,2,1
Guernsey,1968,634,17,21,4,1,0,3,10,10,21,53,115,173,185,44,5,5,5,5,8,13,19,34,49,66,78,95,105,80,36,8,22,3,1
Guernsey,1969,635,16,20,4,1,0,3,10,10,20,52,116,173,183,46,5,5,5,5,7,13,19,33,49,67,79,94,100,83,38,8,21,3,1
Guernsey,1970,616,15,19,4,0,0,2,10,10,18,48,115,168,178,48,5,5,5,5,6,12,17,31,47,68,77,91,96,82,38,10,19,2,1
Guernsey,1971,632,15,19,4,0,0,2,10,10,19,50,118,172,179,52,5,5,5,5,7,12,18,32,48,70,81,91,95,84,41,11,19,2,1
Guernsey,1972,596,13,16,3,0,0,1,10,10,16,44,110,167,171,52,5,5,5,5,5,11,16,28,45,65,80,87,92,79,41,11,16,1,1
Guernsey,1973,601,13,16,3,0,0,1,10,10,16,42,110,172,169,52,5,5,5,5,5,11,16,26,45,65,83,89,93,76,41,11,16,1,1
Guernsey,1974,605,13,16,3,0,0,1,10,10,16,41,110,177,170,54,5,5,5,5,5,11,15,26,45,65,85,92,95,75,43,11,16,1,1
Guernsey,1975,613,14,17,3,0,0,2,10,10,16,40,109,180,176,52,5,5,5,5,5,11,17,23,44,65,87,93,99,77,41,11,17,2,1
Guernsey,1976,594,13,16,3,0,0,2,10,10,15,38,104,176,171,50,5,5,5,5,5,10,17,21,42,62,84,92,96,75,39,11,16,2,1
Guernsey,1977,594,12,14,2,0,0,2,10,10,15,37,100,180,172,50,5,5,5,5,5,10,17,20,38,62,85,95,95,77,39,11,14,2,2
Guernsey,1978,571,11,12,1,0,0,1,10,10,14,35,93,175,171,50,5,5,5,5,5,9,15,20,34,59,80,95,94,77,39,11,12,1,2
Guernsey,1979,598,11,12,1,0,0,2,10,10,15,39,94,185,178,53,5,5,5,5,5,10,15,24,34,60,85,100,97,81,41,12,12,2,2
Guernsey,1980,582,10,11,1,0,0,1,10,10,14,37,91,179,175,54,5,5,5,5,5,9,14,23,33,58,80,99,95,80,42,12,11,1,2
Guernsey,1981,598,10,11,1,0,0,1,10,10,14,38,92,182,180,62,5,5,5,5,5,9,14,24,35,57,80,102,98,82,47,15,11,1,2
Guernsey,1982,609,10,11,1,0,0,2,10,10,15,38,92,187,184,64,5,5,5,5,5,10,14,24,36,56,83,104,103,81,48,16,11,2,2
Guernsey,1983,620,10,11,1,0,0,2,10,10,15,39,91,194,189,64,5,5,5,5,5,10,15,24,36,55,85,109,109,80,48,16,11,2,2
Guernsey,1984,574,9,9,0,0,0,0,5,10,14,35,84,178,180,59,5,0,5,5,5,9,13,22,34,50,78,100,104,76,44,15,9,0,2
Guernsey,1985,606,9,9,0,0,0,1,10,10,14,35,87,184,194,61,5,5,5,5,5,9,13,22,36,51,80,104,114,80,46,15,9,1,2
Guernsey,1986,597,9,9,0,0,0,0,10,10,14,35,85,178,198,58,5,5,5,5,5,9,13,22,34,51,78,100,115,83,43,15,9,0,2
Guernsey,1987,552,8,8,0,0,0,0,0,7,13,31,77,163,187,57,0,0,2,5,5,8,12,19,31,46,70,93,107,80,41,16,8,0,2
Guernsey,1988,562,8,8,0,0,0,0,0,7,12,31,78,163,196,58,0,0,2,5,5,7,12,19,31,47,68,95,109,87,42,16,8,0,2
Guernsey,1989,551,8,8,0,0,0,0,0,6,12,30,74,159,197,58,0,0,1,5,5,7,12,18,29,45,66,93,108,89,43,15,8,0,3
Guernsey,1990,562,8,8,0,0,0,0,0,8,11,30,75,159,202,59,0,0,3,5,5,6,12,18,29,46,65,94,109,93,44,15,8,0,3
Guernsey,1991,640,10,11,1,0,0,0,10,10,17,36,85,180,229,66,5,5,5,5,7,10,14,22,33,52,75,105,122,107,51,15,11,0,2
Guernsey,1992,537,7,7,0,0,0,0,0,6,11,28,68,149,197,64,0,0,1,5,5,6,11,17,26,42,62,87,104,93,49,15,7,0,2
Guernsey,1993,607,9,9,0,0,0,0,6,10,15,32,75,163,220,74,1,5,5,5,5,10,12,20,29,46,69,94,116,104,58,16,9,0,3
Guernsey,1994,559,7,7,0,0,0,0,0,7,14,29,67,147,204,75,0,0,2,5,5,9,11,18,26,41,64,83,108,96,59,16,7,0,3
Guernsey,1995,569,7,7,0,0,0,0,0,8,14,29,69,148,207,78,0,0,3,5,5,9,11,18,27,42,65,83,110,97,61,17,7,0,3
Guernsey,1996,564,7,7,0,0,0,0,0,8,13,28,66,147,203,86,0,0,3,5,5,8,10,18,26,40,64,83,107,96,64,22,7,0,2
Guernsey,1997,583,7,7,0,0,0,0,0,9,13,32,69,151,207,90,0,0,4,5,5,8,14,18,27,42,64,87,107,100,66,24,7,0,3
Guernsey,1998,535,6,6,0,0,0,0,0,6,12,27,63,138,190,84,0,0,1,5,5,7,10,17,25,38,57,81,94,96,60,24,6,0,3
Guernsey,1999,524,6,6,0,0,0,0,0,5,12,29,60,137,186,85,0,0,0,5,5,7,13,16,24,36,56,81,90,96,60,25,6,0,4
Guernsey,2000,528,6,6,0,0,0,0,0,5,11,28,60,136,187,85,0,0,0,5,5,6,13,15,24,36,55,81,90,97,59,26,6,0,4
Guernsey,2001,528,5,5,0,0,0,0,0,5,11,27,60,134,188,85,0,0,0,5,5,6,12,15,24,36,55,79,92,96,60,25,5,0,5
Guernsey,2002,532,5,5,0,0,0,0,0,4,11,30,60,133,189,88,0,0,0,4,5,6,12,18,24,36,55,78,97,92,63,25,5,0,6
Guernsey,2003,543,5,5,0,0,0,0,0,4,11,31,60,134,191,91,0,0,0,4,5,6,12,19,23,37,56,78,101,90,66,25,5,0,7
Guernsey,2004,518,5,5,0,0,0,0,0,3,10,29,57,127,183,92,0,0,0,3,5,5,11,18,21,36,53,74,99,84,66,26,5,0,7
Guernsey,2005,511,5,5,0,0,0,0,0,2,10,28,56,122,183,92,0,0,0,2,5,5,10,18,21,35,50,72,97,86,66,26,5,0,7
Guernsey,2006,482,4,4,0,0,0,0,0,1,10,25,52,115,174,89,0,0,0,1,5,5,9,16,20,32,47,68,91,83,63,26,4,0,7
Guernsey,2007,498,4,4,0,0,0,0,0,1,10,26,53,118,182,92,0,0,0,1,5,5,10,16,22,31,48,70,93,89,64,28,4,0,7
Guernsey,2008,462,4,4,0,0,0,0,0,0,10,21,47,109,170,86,0,0,0,0,5,5,8,13,20,27,44,65,84,86,58,28,4,0,7
Guernsey,2009,505,4,4,0,0,0,0,0,1,10,25,52,120,186,93,0,0,0,1,5,5,10,15,24,28,49,71,91,95,63,30,4,0,8
Guernsey,2010,496,4,4,0,0,0,0,0,0,10,22,52,114,186,95,0,0,0,0,5,5,9,13,23,29,48,66,92,94,64,31,4,0,8
Guernsey,2011,484,4,4,0,0,0,0,0,0,9,22,51,110,179,97,0,0,0,0,4,5,9,13,22,29,45,65,89,90,65,32,4,0,8
Guernsey,2012,515,4,4,0,0,0,0,0,0,10,24,57,114,191,103,0,0,0,0,5,5,10,14,23,34,47,67,93,98,69,34,4,0,9
Guernsey,2013,526,4,4,0,0,0,0,0,0,9,24,57,118,194,104,0,0,0,0,4,5,10,14,22,35,46,72,95,99,70,34,4,0,10
Guernsey,2014,510,4,4,0,0,0,0,0,0,8,24,56,112,189,100,0,0,0,0,3,5,10,14,20,36,44,68,92,97,67,33,4,0,10
Guernsey,2015,542,4,4,0,0,0,0,0,0,9,24,61,120,199,105,0,0,0,0,4,5,10,14,22,39,46,74,94,105,70,35,4,0,11
Guernsey,2016,536,4,4,0,0,0,0,0,0,8,24,58,120,196,108,0,0,0,0,3,5,10,14,21,37,48,72,93,103,73,35,4,0,12
Guernsey,2017,588,4,4,0,0,0,0,0,0,8,28,64,132,215,121,0,0,0,0,3,5,11,17,24,40,57,75,103,112,85,36,4,0,12
Guernsey,2018,570,4,4,0,0,0,0,0,0,8,25,59,131,206,116,0,0,0,0,3,5,9,16,22,37,59,72,100,106,81,35,4,0,12
Guernsey,2019,540,4,4,0,0,0,0,0,0,8,25,55,124,196,109,0,0,0,0,3,5,10,15,21,34,58,66,97,99,73,36,4,0,12
Guernsey,2020,517,4,4,0,0,0,0,0,0,9,25,52,122,185,103,0,0,0,0,4,5,10,15,21,31,58,64,95,90,65,38,4,0,12
Guernsey,2021,506,4,4,0,0,0,0,0,0,9,25,50,123,179,96,0,0,0,0,4,5,10,15,20,30,56,67,91,88,59,37,4,0,12
Guinea,1950,85452,25841,44580,18739,4075,1841,1811,4205,4087,3901,4310,6587,7649,2346,56,2110,2095,2055,2032,1970,1931,2026,2284,2824,3763,4331,3318,1917,429,54,2,48655,3652,0
Guinea,1951,88138,27636,46638,19002,4151,1868,1836,4261,4162,3978,4357,6468,7802,2565,53,2136,2125,2088,2074,2014,1964,2055,2302,2785,3683,4346,3456,2014,551,50,3,50789,3704,0
Guinea,1952,90125,28117,48096,19979,4191,1894,1855,4310,4222,4052,4412,6353,7937,2747,56,2158,2152,2116,2106,2058,1994,2090,2322,2768,3585,4326,3611,2083,664,52,4,52287,3749,0
Guinea,1953,91698,28588,49284,20696,4201,1917,1875,4346,4272,4121,4457,6235,8020,2899,72,2174,2172,2139,2133,2102,2019,2122,2335,2759,3476,4269,3751,2141,758,66,6,53485,3792,0
Guinea,1954,93223,29060,50424,21364,4156,1950,1899,4393,4331,4200,4518,6156,8055,3048,97,2197,2196,2168,2163,2148,2052,2157,2361,2763,3393,4206,3849,2219,829,91,6,54580,3849,0
Guinea,1955,94244,29512,51258,21746,4170,1976,1911,4412,4367,4251,4550,6066,7975,3176,130,2206,2206,2184,2183,2177,2074,2177,2373,2757,3309,4105,3870,2297,879,124,6,55428,3887,0
Guinea,1956,95610,29947,52011,22064,4325,2013,1938,4468,4434,4340,4627,6050,7914,3329,163,2235,2233,2216,2218,2220,2120,2216,2411,2781,3269,4024,3890,2403,926,157,6,56336,3951,0
Guinea,1957,96855,30383,52729,22346,4459,2041,1968,4521,4494,4428,4703,6056,7794,3467,193,2264,2257,2245,2249,2258,2170,2251,2452,2806,3250,3919,3875,2512,955,187,6,57188,4009,0
Guinea,1958,97747,30787,53401,22614,4546,2040,1984,4544,4521,4486,4753,6051,7619,3587,219,2278,2266,2256,2265,2278,2208,2272,2481,2817,3234,3794,3825,2604,983,210,9,57947,4024,0
Guinea,1959,98930,31167,54068,22901,4692,2034,2019,4603,4582,4570,4838,6096,7488,3701,242,2311,2292,2285,2297,2313,2257,2312,2526,2852,3244,3711,3777,2676,1025,230,12,58760,4053,0
Guinea,1960,99852,31556,54679,23123,4786,2034,2049,4636,4616,4634,4912,6130,7344,3773,262,2329,2307,2299,2317,2338,2296,2350,2562,2880,3250,3637,3707,2705,1068,244,18,59465,4083,0
Guinea,1961,100729,31929,55243,23314,4850,2072,2079,4675,4653,4694,4982,6180,7202,3823,276,2351,2324,2315,2338,2363,2331,2390,2592,2914,3266,3581,3621,2707,1116,255,21,60093,4151,0
Guinea,1962,101764,32285,55818,23533,4929,2121,2106,4735,4704,4763,5077,6257,7093,3872,290,2383,2352,2338,2366,2396,2367,2443,2634,2962,3295,3563,3530,2702,1170,264,26,60747,4227,0
Guinea,1963,102492,32626,56373,23747,4968,2160,2108,4768,4717,4799,5142,6303,6969,3886,299,2402,2366,2343,2374,2411,2388,2486,2656,2995,3308,3547,3422,2673,1213,271,28,61341,4268,1
Guinea,1964,103493,32960,56893,23933,5053,2238,2104,4838,4766,4862,5238,6392,6906,3888,315,2444,2394,2365,2401,2443,2419,2540,2698,3047,3345,3556,3350,2643,1245,284,31,61946,4342,1
Guinea,1965,104229,33278,57399,24121,5099,2287,2096,4877,4782,4895,5308,6459,6843,3854,331,2473,2404,2374,2408,2456,2439,2576,2732,3083,3376,3560,3283,2596,1258,299,32,62498,4383,1
Guinea,1966,105060,33590,57854,24264,5165,2315,2127,4929,4813,4939,5391,6541,6825,3805,347,2505,2424,2390,2423,2476,2463,2613,2778,3124,3417,3582,3243,2541,1264,313,34,63019,4442,1
Guinea,1967,105785,33905,58313,24408,5209,2335,2157,4961,4828,4970,5468,6612,6821,3737,364,2520,2441,2400,2428,2489,2481,2643,2825,3154,3458,3601,3220,2474,1263,329,35,63522,4492,2
Guinea,1968,106024,34269,58722,24453,5196,2330,2175,4934,4794,4948,5490,6630,6782,3642,378,2499,2435,2387,2407,2476,2472,2642,2848,3159,3471,3592,3190,2392,1250,341,37,63918,4505,2
Guinea,1969,107350,34651,59321,24670,5298,2374,2264,4979,4856,5015,5604,6766,6869,3609,391,2499,2480,2420,2436,2506,2509,2687,2917,3220,3546,3651,3218,2361,1248,352,39,64619,4638,2
Guinea,1970,108263,35073,59929,24856,5341,2395,2319,4990,4866,5035,5667,6853,6916,3557,396,2486,2504,2426,2440,2515,2520,2708,2959,3262,3591,3687,3229,2327,1230,357,39,65270,4714,2
Guinea,1971,109110,35449,60437,24988,5392,2418,2341,5026,4873,5050,5724,6949,6986,3515,393,2507,2519,2430,2443,2517,2533,2729,2995,3313,3636,3732,3254,2305,1210,356,37,65829,4759,2
Guinea,1972,109657,35767,60917,25150,5404,2427,2347,5026,4848,5030,5743,7014,7035,3467,390,2521,2505,2418,2430,2501,2529,2734,3009,3353,3661,3767,3268,2289,1178,353,37,66321,4774,1
Guinea,1973,110725,36045,61404,25359,5487,2467,2381,5070,4875,5062,5816,7149,7159,3465,387,2570,2500,2433,2442,2513,2549,2765,3051,3430,3719,3843,3316,2309,1156,353,34,66891,4848,1
Guinea,1974,111597,36248,61722,25474,5575,2508,2416,5112,4895,5083,5877,7284,7279,3464,380,2650,2462,2447,2448,2521,2562,2791,3086,3503,3781,3915,3364,2326,1138,347,33,67297,4924,1
Guinea,1975,111625,36393,61897,25504,5564,2504,2413,5071,4833,5024,5858,7329,7321,3445,368,2671,2400,2422,2411,2489,2535,2778,3080,3524,3805,3939,3382,2327,1118,337,31,67461,4917,1
Guinea,1976,111697,36502,61903,25401,5592,2514,2424,5048,4786,4983,5856,7399,7392,3447,354,2662,2386,2402,2384,2466,2517,2773,3083,3550,3849,3975,3417,2342,1105,324,30,67495,4938,1
Guinea,1977,112012,36633,61977,25344,5635,2532,2444,5054,4737,4956,5874,7495,7491,3474,343,2667,2387,2372,2365,2451,2505,2776,3098,3581,3914,4020,3471,2368,1106,314,29,67612,4976,1
Guinea,1978,112007,36802,61995,25193,5628,2534,2449,5046,4650,4899,5854,7556,7569,3498,330,2660,2386,2319,2331,2422,2477,2762,3092,3589,3967,4051,3518,2389,1109,302,28,67623,4983,1
Guinea,1979,112216,37105,62212,25107,5610,2533,2455,5067,4536,4834,5827,7614,7658,3540,326,2655,2412,2235,2301,2389,2445,2744,3083,3597,4017,4090,3568,2420,1120,300,26,67822,4988,1
Guinea,1980,112407,37259,62309,25050,5589,2535,2466,5098,4453,4778,5810,7680,7771,3599,326,2663,2435,2173,2280,2357,2421,2730,3080,3611,4069,4146,3625,2462,1137,298,28,67898,5001,1
Guinea,1981,112833,37384,62424,25040,5593,2548,2486,5122,4428,4739,5808,7758,7915,3679,330,2687,2435,2165,2263,2335,2404,2723,3085,3634,4124,4224,3691,2518,1161,303,27,68017,5034,1
Guinea,1982,112863,37674,62638,24964,5503,2524,2477,5100,4359,4654,5743,7766,8010,3750,340,2684,2416,2146,2213,2291,2363,2685,3058,3625,4141,4281,3729,2565,1185,311,29,68141,5001,1
Guinea,1983,113557,37998,63014,25016,5474,2535,2495,5143,4334,4623,5736,7828,8169,3850,352,2713,2430,2161,2173,2273,2350,2675,3061,3646,4182,4374,3795,2633,1217,323,29,68488,5030,1
Guinea,1984,113919,38284,63268,24984,5428,2502,2485,5152,4299,4568,5697,7867,8324,3957,369,2720,2432,2201,2098,2249,2319,2652,3045,3654,4213,4456,3868,2701,1256,338,31,68696,4987,1
Guinea,1985,114369,38633,63664,25031,5349,2469,2476,5161,4255,4508,5657,7898,8474,4068,391,2724,2437,2219,2036,2223,2285,2627,3030,3657,4241,4528,3946,2771,1297,356,35,69013,4945,1
Guinea,1986,115625,39076,64161,25085,5397,2487,2512,5259,4308,4518,5673,7997,8690,4203,412,2772,2487,2252,2056,2233,2285,2633,3040,3694,4303,4628,4062,2853,1350,374,38,69558,4999,1
Guinea,1987,116621,39585,64622,25037,5428,2494,2534,5344,4355,4496,5665,8056,8865,4324,440,2809,2535,2280,2075,2220,2276,2628,3037,3711,4345,4698,4167,2924,1400,395,45,70050,5028,1
Guinea,1988,118921,40014,65200,25186,5642,2579,2622,5561,4540,4575,5771,8254,9187,4511,472,2913,2648,2375,2165,2252,2323,2679,3092,3794,4460,4841,4346,3040,1471,421,51,70842,5201,2
Guinea,1989,120763,40300,65505,25205,5843,2658,2705,5764,4753,4612,5854,8418,9464,4681,500,3010,2754,2468,2285,2246,2366,2717,3137,3861,4557,4963,4501,3147,1534,443,57,71348,5363,2
Guinea,1990,122840,40462,65564,25102,6156,2784,2818,6022,5014,4714,5974,8624,9770,4866,523,3135,2887,2594,2420,2280,2434,2772,3202,3949,4675,5103,4667,3269,1597,463,60,71720,5602,3
Guinea,1991,125596,41346,66699,25353,6291,2846,2884,6216,5172,4818,6083,8825,10104,5094,558,3229,2987,2687,2485,2334,2484,2822,3261,4029,4796,5260,4844,3420,1674,492,66,72990,5730,4
Guinea,1992,126282,41821,67126,25305,6211,2817,2868,6232,5201,4805,6066,8854,10257,5256,585,3231,3001,2711,2490,2342,2463,2814,3252,4029,4825,5320,4937,3529,1727,514,71,73337,5685,4
Guinea,1993,126399,41603,66618,25015,6242,2826,2882,6288,5279,4823,6076,8902,10423,5428,611,3255,3033,2756,2523,2381,2442,2818,3258,4038,4864,5393,5030,3646,1782,537,74,72860,5708,4
Guinea,1994,128682,41396,66279,24883,6601,2981,3030,6614,5595,5033,6269,9163,10787,5682,645,3418,3196,2924,2671,2554,2479,2915,3354,4152,5011,5573,5214,3816,1866,566,79,72880,6011,5
Guinea,1995,127618,40623,64873,24250,6615,2980,3037,6621,5652,5037,6252,9164,10896,5824,661,3416,3205,2952,2700,2606,2431,2916,3336,4141,5023,5614,5282,3906,1918,583,78,71488,6017,5
Guinea,1996,127227,40192,63687,23495,6687,2999,3064,6676,5748,5084,6270,9217,11080,6015,693,3441,3235,2997,2751,2638,2446,2929,3341,4159,5058,5691,5389,4019,1996,608,85,70374,6063,5
Guinea,1997,125850,39676,62465,22789,6579,2961,3040,6615,5738,5074,6203,9168,11140,6145,716,3405,3210,2984,2754,2633,2441,2895,3308,4131,5037,5703,5437,4088,2057,628,88,69044,6001,5
Guinea,1998,123226,38338,60366,22028,6554,2958,3016,6419,5637,5036,6096,9107,11184,6208,642,3308,3111,2915,2722,2606,2430,2830,3266,4096,5011,5709,5475,4128,2080,589,53,66920,5974,3
Guinea,1999,123212,37282,58425,21143,6776,3069,3153,6708,5877,5274,6151,9250,11430,6413,678,3467,3241,3034,2843,2712,2562,2821,3330,4161,5089,5820,5610,4248,2165,619,59,65201,6222,2
Guinea,2000,124005,36317,56507,20190,7255,3298,3330,6956,6135,5567,6306,9500,11791,6660,703,3608,3348,3152,2983,2849,2718,2863,3443,4272,5228,5994,5797,4401,2259,643,60,63762,6628,2
Guinea,2001,123960,35180,54459,19279,7535,3453,3498,7239,6349,5776,6442,9653,12025,6824,707,3780,3459,3253,3096,2967,2809,2927,3515,4339,5314,6102,5923,4509,2315,649,58,61994,6951,1
Guinea,2002,121135,33878,52179,18301,7640,3537,3490,6874,6098,5707,6383,9622,12071,6871,663,3616,3258,3097,3001,2927,2780,2911,3472,4317,5305,6109,5962,4549,2322,617,46,59819,7027,1
Guinea,2003,120737,33026,50474,17448,7755,3643,3616,7040,6185,5847,6463,9714,12230,7047,719,3730,3310,3134,3051,3002,2845,2989,3474,4354,5360,6172,6058,4651,2396,666,53,58229,7259,1
Guinea,2004,120381,32508,49261,16753,7756,3706,3720,7183,6219,5954,6514,9767,12336,7194,767,3830,3353,3148,3071,3055,2899,3103,3411,4382,5385,6210,6126,4735,2459,707,60,57017,7426,1
Guinea,2005,119644,32167,48296,16129,7675,3719,3783,7246,6167,5998,6526,9761,12376,7302,796,3886,3360,3116,3051,3070,2928,3178,3348,4391,5370,6215,6161,4795,2507,730,66,55971,7502,1
Guinea,2006,118978,31872,47530,15658,7590,3729,3841,7302,6094,6026,6536,9739,12395,7387,809,3939,3363,3075,3019,3072,2954,3194,3342,4386,5353,6213,6182,4843,2544,744,65,55120,7570,2
Guinea,2007,118872,31763,47149,15386,7448,3724,3901,7420,6046,6063,6587,9721,12449,7513,849,4022,3398,3052,2994,3075,2988,3224,3363,4367,5354,6231,6218,4911,2602,775,74,54597,7625,2
Guinea,2008,118751,31731,46810,15079,7302,3692,3943,7544,6003,6082,6661,9672,12501,7647,892,4101,3443,3036,2967,3066,3016,3254,3407,4320,5352,6246,6255,4980,2667,812,80,54112,7635,2
Guinea,2009,119657,31848,46803,14955,7286,3697,4028,7782,6055,6159,6858,9643,12609,7800,937,4240,3542,3077,2978,3090,3069,3318,3540,4248,5395,6293,6316,5063,2737,848,89,54089,7725,2
Guinea,2010,120051,31783,46607,14824,7232,3689,4075,7970,6074,6200,7016,9617,12673,7938,957,4346,3624,3107,2967,3095,3105,3375,3641,4185,5432,6310,6363,5134,2804,860,97,53839,7764,3
Guinea,2011,120734,31633,46368,14735,7245,3690,4133,8201,6145,6256,7141,9690,12774,8083,1005,4466,3735,3167,2978,3110,3146,3447,3694,4215,5475,6348,6426,5212,2871,901,104,53613,7823,2
Guinea,2012,120951,31509,46158,14649,7172,3643,4148,8393,6178,6263,7231,9703,12819,8190,1050,4562,3831,3214,2964,3099,3164,3501,3730,4246,5457,6357,6462,5264,2926,937,113,53330,7791,3
Guinea,2013,121200,31462,45929,14467,7126,3585,4150,8581,6248,6260,7322,9729,12880,8297,1094,4647,3934,3279,2969,3090,3170,3549,3773,4315,5414,6376,6504,5318,2979,971,123,53055,7735,3
Guinea,2014,123181,31618,46251,14633,7247,3644,4227,8900,6443,6370,7536,9880,13064,8472,1142,4795,4105,3407,3036,3138,3232,3656,3880,4522,5358,6469,6595,5414,3058,1011,131,53498,7871,4
Guinea,2015,124525,31872,46371,14499,7323,3656,4266,9142,6634,6422,7693,9998,13209,8614,1193,4892,4250,3529,3105,3160,3262,3725,3968,4685,5313,6553,6656,5491,3123,1048,145,53694,7922,4
Guinea,2016,123598,31717,45880,14163,7088,3511,4148,9067,6632,6299,7702,10020,13256,8743,1247,4817,4250,3545,3087,3097,3202,3713,3989,4702,5318,6572,6684,5556,3187,1088,159,52968,7659,6
Guinea,2017,123963,31403,45477,14074,7009,3496,4122,9234,6801,6320,7821,10156,13332,8887,1297,4873,4361,3653,3148,3108,3212,3755,4066,4770,5386,6588,6744,5635,3252,1125,172,52486,7618,7
Guinea,2018,124847,31013,44913,13900,7054,3538,4144,9437,7069,6405,7985,10425,13452,9062,1350,4938,4499,3808,3261,3159,3246,3814,4171,4885,5540,6609,6843,5736,3326,1165,185,51967,7682,8
Guinea,2019,125096,30693,44338,13645,6961,3536,4124,9545,7267,6451,8091,10738,13424,9208,1401,4958,4587,3924,3343,3195,3256,3847,4244,4978,5760,6500,6924,5813,3395,1203,198,51299,7660,10
Guinea,2020,130060,30370,43675,13305,6905,3517,3957,9201,7347,6835,9154,12779,14933,10208,1540,4755,4446,3917,3430,3359,3476,4263,4891,5885,6894,7302,7631,6395,3813,1320,220,50580,7474,12
Guinea,2021,135224,29939,42875,12936,6881,3544,4118,9719,8007,7420,10009,14085,16075,10858,1624,4968,4751,4251,3756,3642,3778,4639,5370,6531,7554,7857,8218,6809,4049,1389,235,49756,7662,14
Guinea-Bissau,1950,15250,4693,8631,3938,859,373,349,882,864,689,651,830,826,274,28,429,453,438,426,381,308,334,317,383,447,457,369,185,89,24,4,9490,722,0
Guinea-Bissau,1951,15410,4731,8687,3956,875,377,348,876,871,712,663,834,849,290,29,426,450,441,430,394,318,337,326,384,450,467,382,200,90,27,2,9562,725,0
Guinea-Bissau,1952,15476,4723,8657,3934,872,374,343,879,876,729,671,839,875,323,35,428,451,444,432,401,328,333,338,385,454,478,397,227,96,32,3,9529,717,0
Guinea-Bissau,1953,15521,4714,8625,3911,869,372,336,880,879,750,674,840,898,351,42,429,451,446,433,408,342,325,349,384,456,488,410,249,102,38,4,9494,708,0
Guinea-Bissau,1954,15572,4708,8601,3893,859,373,331,880,882,769,680,845,920,384,47,428,452,448,434,412,357,321,359,387,458,497,423,269,115,43,4,9460,704,0
Guinea-Bissau,1955,15606,4703,8580,3877,847,374,326,880,883,777,682,851,937,414,53,427,453,451,432,413,364,321,361,392,459,503,434,287,127,47,6,9427,700,0
Guinea-Bissau,1956,15642,4702,8560,3858,839,374,322,878,881,788,687,861,954,440,57,424,454,449,432,415,373,326,361,401,460,509,445,299,141,50,7,9399,696,0
Guinea-Bissau,1957,15683,4702,8546,3844,833,370,318,874,884,796,692,872,969,465,61,418,456,450,434,416,380,337,355,413,459,513,456,311,154,53,8,9379,688,0
Guinea-Bissau,1958,15702,4706,8537,3831,826,369,316,868,884,795,691,883,979,488,65,410,458,449,435,412,383,349,342,426,457,514,465,321,167,55,10,9363,685,0
Guinea-Bissau,1959,15735,4710,8528,3818,821,362,314,861,886,796,701,895,991,511,69,403,458,449,437,411,385,363,338,435,460,516,475,332,179,59,10,9349,676,0
Guinea-Bissau,1960,15771,4716,8526,3810,816,355,315,853,890,799,708,906,999,529,77,397,456,451,439,412,387,372,336,440,466,517,482,342,187,65,12,9342,670,1
Guinea-Bissau,1961,15793,4720,8516,3796,810,351,314,843,890,797,722,915,1006,547,81,391,452,452,438,410,387,381,341,439,476,519,487,352,195,69,12,9326,665,1
Guinea-Bissau,1962,15821,4694,8529,3835,830,358,314,814,892,812,747,918,999,530,77,376,438,451,441,417,395,392,355,428,490,515,484,345,185,65,12,9359,672,1
Guinea-Bissau,1963,17117,4649,8482,3833,847,371,405,1190,1251,1060,905,986,1023,530,71,562,628,645,606,556,504,478,427,451,535,529,494,350,180,62,9,9329,776,1
Guinea-Bissau,1964,16931,4572,8372,3800,860,380,403,1129,1215,1058,931,984,1015,517,64,543,586,621,594,554,504,486,445,442,542,528,487,345,172,58,6,9232,783,1
Guinea-Bissau,1965,16167,4286,7983,3697,867,389,389,985,1113,1024,931,961,990,487,46,487,498,557,556,533,491,481,450,429,532,520,470,330,157,43,3,8850,778,1
Guinea-Bissau,1966,15476,3985,7533,3548,870,395,387,878,1027,1000,941,957,983,468,38,449,429,501,526,515,485,480,461,432,525,524,459,320,148,36,2,8403,782,1
Guinea-Bissau,1967,15002,3803,7168,3365,870,405,398,827,960,986,953,952,989,460,35,441,386,455,505,503,483,483,470,445,507,536,453,315,145,34,1,8038,803,0
Guinea-Bissau,1968,14910,3797,7005,3208,869,414,419,849,926,986,970,960,1008,464,41,469,380,429,497,499,487,487,483,469,491,556,452,315,149,39,2,7874,833,0
Guinea-Bissau,1969,14932,3860,6962,3102,863,422,439,883,890,982,982,974,1019,471,46,497,386,406,484,494,488,490,492,491,483,566,453,317,154,43,3,7825,861,0
Guinea-Bissau,1970,14715,3792,6831,3039,844,429,449,864,820,964,993,991,1025,465,42,496,368,365,455,481,483,492,501,510,481,567,458,314,151,39,3,7675,878,0
Guinea-Bissau,1971,14766,3819,6837,3018,816,436,466,908,780,957,1002,1018,1031,465,44,528,380,346,434,475,482,494,508,529,489,562,469,313,152,40,4,7653,902,0
Guinea-Bissau,1972,14511,3747,6726,2979,781,438,471,898,703,927,1002,1044,1026,454,39,530,368,308,395,457,470,493,509,539,505,546,480,307,147,37,2,7507,909,0
Guinea-Bissau,1973,14526,3757,6717,2960,754,439,485,943,660,908,1008,1082,1026,457,43,557,386,295,365,445,463,495,513,552,530,528,498,307,150,40,3,7471,924,0
Guinea-Bissau,1974,13573,3815,6747,2932,734,431,389,641,478,721,884,1047,997,457,47,372,269,213,265,345,376,428,456,520,527,501,496,306,151,43,4,7481,820,0
Guinea-Bissau,1975,14674,4250,7481,3231,766,424,398,717,516,700,862,1103,1117,530,59,406,311,248,268,336,364,414,448,530,573,564,553,355,175,53,6,8247,822,0
Guinea-Bissau,1976,15909,4713,8324,3611,818,417,401,784,567,682,830,1131,1252,624,79,431,353,284,283,329,353,395,435,528,603,633,619,416,208,69,10,9142,818,0
Guinea-Bissau,1977,17228,5153,9163,4010,888,419,401,841,631,678,803,1144,1404,749,106,448,393,324,307,331,347,382,421,523,621,707,697,492,257,90,16,10051,820,0
Guinea-Bissau,1978,18478,5540,9887,4347,973,433,399,887,705,684,771,1133,1559,900,149,458,429,367,338,340,344,369,402,508,625,770,789,583,317,121,28,10860,832,0
Guinea-Bissau,1979,19497,5820,10343,4523,1066,460,399,915,781,705,735,1103,1703,1083,206,460,455,406,375,360,345,357,378,488,615,809,894,687,396,161,45,11409,859,1
Guinea-Bissau,1980,19359,5878,10257,4379,1052,458,399,932,784,688,728,1084,1667,1107,207,467,465,411,373,352,336,352,376,479,605,784,883,704,403,164,43,11309,857,3
Guinea-Bissau,1981,19583,5927,10301,4374,1060,467,396,923,788,687,737,1103,1703,1186,227,460,463,416,372,350,337,356,381,485,618,794,909,753,433,181,46,11361,863,5
Guinea-Bissau,1982,19789,5951,10339,4388,1065,476,393,912,794,681,750,1123,1739,1263,247,453,459,421,373,347,334,359,391,492,631,807,932,800,463,197,50,11404,869,6
Guinea-Bissau,1983,19989,5962,10374,4412,1066,485,396,901,802,678,762,1143,1772,1335,268,446,455,425,377,344,334,363,399,499,644,819,953,840,495,212,56,11440,881,7
Guinea-Bissau,1984,20201,5959,10384,4425,1069,496,400,895,811,679,775,1170,1818,1410,288,442,453,431,380,345,334,367,408,510,660,840,978,880,530,226,62,11453,896,8
Guinea-Bissau,1985,20324,5944,10366,4422,1071,505,407,882,813,674,783,1188,1851,1473,305,437,445,430,383,343,331,368,415,519,669,858,993,910,563,240,65,11437,912,9
Guinea-Bissau,1986,20351,5879,10249,4370,1073,512,417,872,818,673,788,1208,1884,1524,323,433,439,429,389,343,330,367,421,529,679,877,1007,933,591,253,70,11322,929,9
Guinea-Bissau,1987,20363,5812,10114,4302,1070,515,428,865,825,673,795,1234,1920,1576,337,432,433,430,395,345,328,368,427,544,690,897,1023,957,619,263,74,11184,943,10
Guinea-Bissau,1988,20236,5746,9959,4213,1060,510,432,847,812,663,789,1243,1941,1611,352,427,420,418,394,342,321,362,427,549,694,907,1034,970,641,275,77,11019,942,11
Guinea-Bissau,1989,20208,5695,9830,4135,1057,508,442,844,812,669,791,1264,1970,1643,368,431,413,414,398,348,321,361,430,559,705,921,1049,984,659,288,80,10887,950,11
Guinea-Bissau,1990,20107,5576,9638,4062,1046,508,450,846,807,673,791,1286,1997,1670,380,439,407,408,399,353,320,360,431,569,717,931,1066,995,675,297,83,10684,958,12
Guinea-Bissau,1991,20029,5498,9469,3971,1036,508,459,855,802,680,789,1305,2023,1694,392,450,405,402,400,358,322,358,431,575,730,940,1083,1006,688,307,85,10505,967,13
Guinea-Bissau,1992,19857,5528,9408,3880,1028,514,472,877,807,704,783,1293,1961,1622,374,469,408,401,406,373,331,357,426,570,723,914,1047,964,658,292,82,10436,986,12
Guinea-Bissau,1993,19950,5599,9434,3835,1021,526,489,922,832,745,797,1307,1930,1577,358,498,424,411,421,396,349,366,431,575,732,904,1026,939,638,282,76,10455,1015,12
Guinea-Bissau,1994,20354,5700,9581,3881,1047,558,523,998,876,806,828,1334,1916,1534,343,541,457,431,445,429,377,384,444,588,746,905,1011,916,618,271,72,10628,1081,12
Guinea-Bissau,1995,20056,5684,9472,3788,996,542,517,1015,867,822,827,1315,1865,1478,330,551,464,426,441,433,389,389,438,578,737,889,976,885,593,260,70,10468,1059,11
Guinea-Bissau,1996,20111,5662,9414,3752,979,546,535,1081,901,878,853,1325,1843,1431,317,583,498,443,458,459,419,406,447,583,742,889,954,861,570,250,67,10393,1081,11
Guinea-Bissau,1997,20991,5718,9584,3866,1044,600,604,1245,1016,1000,936,1386,1862,1397,305,665,580,503,513,520,480,455,481,614,772,912,950,845,552,241,64,10628,1204,10
Guinea-Bissau,1998,21128,5565,9157,3592,928,540,677,1643,1185,1113,998,1391,1842,1353,293,883,760,606,579,576,537,496,502,619,772,911,931,822,531,232,61,10085,1217,10
Guinea-Bissau,1999,21072,5544,9151,3607,954,555,678,1608,1186,1136,1025,1384,1817,1296,277,851,757,609,577,581,555,515,510,616,768,906,911,789,507,218,59,10105,1233,9
Guinea-Bissau,2000,19698,5439,8871,3432,893,509,570,1278,1024,1033,976,1310,1738,1225,261,660,618,523,501,518,515,494,482,582,728,868,870,745,480,206,55,9764,1079,9
Guinea-Bissau,2001,19607,5368,8714,3346,879,498,573,1323,1068,1061,1018,1306,1725,1183,248,676,647,555,513,528,533,521,497,583,723,863,862,721,462,195,53,9593,1071,8
Guinea-Bissau,2002,19423,5332,8584,3252,863,483,566,1343,1091,1070,1048,1292,1698,1140,235,681,662,574,517,528,542,540,508,580,712,850,848,695,445,186,49,9447,1049,8
Guinea-Bissau,2003,19333,5275,8431,3156,842,470,561,1372,1137,1090,1098,1295,1691,1111,227,692,680,604,533,534,556,567,531,586,709,846,845,681,430,180,47,9273,1031,7
Guinea-Bissau,2004,19001,5183,8243,3060,819,457,546,1365,1151,1075,1118,1276,1657,1072,216,688,677,614,537,525,550,576,542,583,693,827,830,661,411,171,45,9062,1003,7
Guinea-Bissau,2005,19172,5128,8168,3040,839,473,557,1424,1223,1107,1175,1292,1648,1051,210,714,710,654,569,541,566,603,572,598,694,822,826,653,398,166,44,9007,1030,7
Guinea-Bissau,2006,18544,4988,7833,2845,774,438,522,1387,1223,1076,1178,1272,1608,1023,200,690,697,652,571,525,551,598,580,597,675,798,810,640,383,160,40,8607,960,6
Guinea-Bissau,2007,18231,4902,7635,2733,749,427,502,1352,1236,1065,1200,1274,1581,1007,194,666,686,652,584,521,544,601,599,605,669,784,797,634,373,155,39,8384,929,6
Guinea-Bissau,2008,18106,4780,7452,2672,749,431,502,1358,1270,1072,1229,1296,1561,993,189,663,695,665,605,530,542,608,621,626,670,774,787,628,365,151,38,8201,933,6
Guinea-Bissau,2009,17611,4581,7084,2503,703,407,477,1319,1275,1073,1242,1318,1541,985,182,634,685,659,616,536,537,606,636,645,673,764,777,624,361,145,37,7787,884,6
Guinea-Bissau,2010,17309,4428,6802,2374,679,396,469,1297,1293,1086,1257,1347,1522,980,178,617,680,663,630,550,536,606,651,667,680,754,768,622,358,143,35,7481,865,5
Guinea-Bissau,2011,17035,4333,6588,2255,657,387,461,1262,1299,1093,1259,1377,1502,973,173,597,665,660,639,562,531,601,658,689,688,746,756,617,356,139,34,7245,848,5
Guinea-Bissau,2012,16794,4251,6404,2153,640,377,455,1222,1293,1104,1253,1412,1487,968,171,575,647,653,640,575,529,593,660,710,702,741,746,612,356,137,34,7044,832,5
Guinea-Bissau,2013,16679,4156,6219,2063,622,371,451,1203,1313,1138,1266,1464,1490,970,169,565,638,660,653,598,540,595,671,738,726,747,743,612,358,136,33,6841,822,5
Guinea-Bissau,2014,16654,4028,6015,1987,605,367,453,1198,1346,1189,1289,1534,1508,977,169,564,634,675,671,628,561,604,685,772,762,762,746,615,362,136,33,6620,820,5
Guinea-Bissau,2015,16505,3898,5810,1912,587,361,449,1176,1352,1228,1293,1586,1516,975,168,556,620,672,680,649,579,605,688,793,793,774,742,612,363,136,32,6397,810,5
Guinea-Bissau,2016,16329,3764,5601,1837,572,357,444,1153,1346,1261,1292,1631,1530,973,168,552,601,663,683,662,599,605,687,807,824,790,740,609,364,136,32,6173,801,4
Guinea-Bissau,2017,16250,3612,5368,1756,557,353,443,1147,1355,1313,1309,1688,1562,976,171,553,594,662,693,685,628,617,692,825,863,817,745,610,366,139,32,5925,796,4
Guinea-Bissau,2018,16179,3510,5182,1672,545,351,442,1135,1358,1356,1323,1737,1599,975,171,551,584,654,704,700,656,629,694,838,899,847,752,609,366,139,32,5727,793,4
Guinea-Bissau,2019,16175,3422,5011,1589,533,345,443,1132,1365,1401,1352,1784,1651,980,173,552,580,650,715,714,687,650,702,850,934,885,766,610,370,141,32,5544,788,4
Guinea-Bissau,2020,17290,3345,4862,1517,516,338,428,1094,1390,1592,1613,2184,1962,1110,191,531,563,639,751,792,800,776,837,1028,1156,1082,880,686,424,157,34,5378,766,4
Guinea-Bissau,2021,17969,3269,4725,1456,502,334,452,1162,1465,1739,1761,2360,2126,1144,192,562,600,668,797,856,883,865,896,1107,1253,1183,943,712,432,158,34,5227,786,4
Guyana,1950,7511,1905,2709,804,98,54,110,340,429,624,832,1010,791,349,161,169,171,201,228,276,348,398,434,476,534,463,328,197,152,97,64,2807,164,4
Guyana,1951,7198,1835,2613,778,96,54,105,333,408,602,812,959,768,313,125,166,167,189,219,267,335,395,417,455,504,447,321,186,127,79,46,2709,159,9
Guyana,1952,7030,1866,2606,740,92,54,101,330,390,577,805,915,756,291,101,163,167,179,211,257,320,399,406,441,474,436,320,181,110,67,34,2698,155,11
Guyana,1953,6846,1867,2586,719,95,53,94,324,371,547,793,873,738,276,85,157,167,169,202,249,298,400,393,429,444,422,316,181,95,59,26,2681,147,10
Guyana,1954,6669,1860,2559,699,96,52,91,315,352,522,776,835,717,270,73,149,166,161,191,241,281,392,384,417,418,406,311,182,88,51,22,2655,143,9
Guyana,1955,6587,1839,2518,679,94,54,89,311,344,512,777,825,711,278,66,145,166,160,184,239,273,388,389,415,410,397,314,189,89,48,18,2612,143,8
Guyana,1956,6414,1810,2467,657,91,54,87,299,329,491,753,799,690,284,60,138,161,156,173,228,263,368,385,402,397,380,310,194,90,43,17,2558,141,7
Guyana,1957,6289,1774,2409,635,91,56,87,291,320,478,739,790,674,293,57,133,158,153,167,219,259,351,388,398,392,365,309,199,94,41,16,2500,143,6
Guyana,1958,6305,1735,2345,610,95,57,90,288,325,482,752,811,681,313,59,131,157,158,167,216,266,349,403,409,402,368,313,210,103,43,16,2440,147,6
Guyana,1959,6272,1694,2277,583,93,61,93,287,328,479,748,824,684,331,63,130,157,160,168,211,268,342,406,416,408,368,316,218,113,47,16,2370,154,5
Guyana,1960,6252,1647,2206,559,93,63,96,284,331,475,746,843,692,347,69,130,154,161,170,205,270,343,403,429,414,374,318,225,122,53,16,2299,159,5
Guyana,1961,6272,1608,2147,539,94,66,100,284,334,470,749,869,705,372,80,131,153,163,171,204,266,347,402,443,426,380,325,237,135,60,20,2241,166,5
Guyana,1962,6243,1573,2093,520,92,69,104,283,336,463,751,883,707,376,79,133,150,164,172,204,259,354,397,452,431,384,323,239,137,59,20,2185,173,5
Guyana,1963,6232,1542,2048,506,92,72,109,284,335,457,753,902,713,382,80,137,147,163,172,204,253,361,392,462,440,389,324,241,141,60,20,2140,181,5
Guyana,1964,6235,1517,2011,494,91,74,114,289,337,452,755,919,721,389,83,142,147,162,175,205,247,365,390,467,452,396,325,244,145,63,20,2102,188,5
Guyana,1965,6250,1496,1980,484,90,76,119,293,335,449,759,934,730,395,86,147,146,159,176,207,242,367,392,469,465,403,327,246,149,66,20,2070,195,5
Guyana,1966,6278,1479,1955,476,90,78,124,297,334,447,762,950,744,402,88,151,146,157,177,207,240,362,400,470,480,413,331,247,155,68,20,2045,202,6
Guyana,1967,6305,1462,1933,471,88,78,128,304,332,449,765,959,758,410,93,156,148,154,178,209,240,356,409,464,495,420,338,250,160,72,21,2021,206,6
Guyana,1968,6335,1444,1911,467,90,78,133,312,328,451,762,973,775,417,98,162,150,151,177,210,241,345,417,463,510,431,344,253,164,76,22,2001,211,6
Guyana,1969,6370,1432,1895,463,90,79,137,318,323,451,760,983,794,428,105,166,152,148,175,210,241,337,423,462,521,445,349,257,171,81,24,1985,216,6
Guyana,1970,6415,1423,1883,460,90,80,139,328,318,454,755,995,819,436,111,172,156,146,172,210,244,331,424,467,528,461,358,262,174,86,25,1973,219,6
Guyana,1971,6450,1406,1862,456,90,81,143,340,316,456,748,1004,844,446,117,180,160,146,170,212,244,329,419,476,528,479,365,267,179,89,28,1952,224,6
Guyana,1972,6469,1397,1847,450,90,82,145,352,313,457,738,1005,870,445,119,187,165,147,166,213,244,328,410,482,523,496,374,269,176,91,28,1937,227,6
Guyana,1973,6506,1391,1834,443,88,82,148,367,313,458,731,1012,898,447,120,196,171,149,164,212,246,330,401,493,519,511,387,273,174,91,29,1922,230,7
Guyana,1974,6526,1377,1816,439,88,83,148,380,315,460,725,1015,923,450,120,202,178,153,162,213,247,334,391,499,516,522,401,277,173,90,30,1904,231,7
Guyana,1975,6553,1359,1793,434,86,84,152,394,316,461,722,1018,944,454,121,208,186,157,159,211,250,335,387,500,518,528,416,283,171,90,31,1879,236,8
Guyana,1976,6580,1344,1773,429,86,84,153,411,322,459,723,1020,961,461,122,214,197,161,161,207,252,337,386,496,524,528,433,289,172,90,32,1859,237,8
Guyana,1977,6615,1330,1752,422,85,84,156,427,329,458,726,1023,975,470,119,220,207,168,161,204,254,338,388,488,535,524,451,297,173,87,32,1837,240,8
Guyana,1978,6640,1319,1734,415,85,82,156,440,340,456,732,1023,987,482,118,223,217,176,164,200,256,341,391,476,547,521,466,306,176,86,32,1819,238,8
Guyana,1979,6670,1307,1716,409,84,82,158,453,351,453,739,1021,994,495,116,227,226,183,168,199,254,344,395,466,555,518,476,316,179,85,31,1800,240,8
Guyana,1980,6680,1288,1689,401,81,82,159,463,366,450,743,1016,998,510,116,230,233,194,172,198,252,346,397,459,557,519,479,328,182,86,30,1770,241,8
Guyana,1981,6706,1288,1682,394,80,81,158,469,380,443,745,1008,1008,528,115,231,238,203,177,196,247,348,397,458,550,527,481,342,186,86,29,1762,239,8
Guyana,1982,6723,1281,1662,381,79,77,156,476,396,441,747,998,1019,547,114,233,243,213,183,198,243,347,400,462,536,539,480,356,191,86,28,1741,233,8
Guyana,1983,6726,1261,1630,369,77,77,155,482,413,438,747,992,1028,566,115,235,247,222,191,201,237,346,401,468,524,550,478,370,196,87,28,1707,232,8
Guyana,1984,6708,1234,1589,355,74,74,152,485,430,436,743,985,1033,580,116,234,251,229,201,204,232,343,400,474,511,555,478,378,202,88,28,1663,226,8
Guyana,1985,6689,1201,1541,340,71,74,150,490,446,440,737,985,1036,593,120,236,254,235,211,210,230,337,400,480,505,554,482,383,210,92,28,1612,224,7
Guyana,1986,6636,1166,1492,326,69,71,145,485,460,446,723,983,1028,600,122,231,254,240,220,217,229,329,394,479,504,541,487,382,218,94,28,1561,216,7
Guyana,1987,6573,1131,1443,312,66,69,141,484,472,454,711,983,1013,607,125,229,255,243,229,224,230,321,390,476,507,524,489,381,226,97,28,1509,210,7
Guyana,1988,6513,1097,1396,299,62,67,137,479,481,466,698,980,996,608,129,225,254,244,237,233,233,313,385,468,512,506,490,377,231,99,30,1458,204,7
Guyana,1989,6435,1060,1349,289,59,66,136,471,487,481,684,976,976,608,136,220,251,247,240,243,238,305,379,457,519,491,485,374,234,104,32,1408,202,7
Guyana,1990,6337,1020,1299,279,58,64,132,460,489,498,669,963,953,602,139,214,246,246,243,254,244,300,369,442,521,482,471,369,233,106,33,1357,196,7
Guyana,1991,6217,979,1249,270,55,61,129,449,487,514,656,940,927,591,146,208,241,244,243,261,253,298,358,427,513,478,449,362,229,108,38,1304,190,7
Guyana,1992,6178,961,1225,264,54,59,126,445,493,532,653,929,921,586,145,206,239,245,248,270,262,302,351,425,504,485,436,360,226,108,37,1279,185,7
Guyana,1993,6053,935,1194,259,53,57,122,434,489,541,642,907,906,562,139,200,234,241,248,273,268,302,340,418,489,491,415,347,215,104,35,1247,179,8
Guyana,1994,5986,908,1162,254,50,53,118,429,491,553,643,895,904,546,135,197,232,240,251,275,278,309,334,417,478,501,403,336,210,101,34,1212,171,9
Guyana,1995,6084,881,1126,245,52,54,118,437,510,585,668,914,937,546,133,199,238,248,262,289,296,327,341,429,485,526,411,336,210,99,34,1178,172,9
Guyana,1996,6064,851,1087,236,53,53,115,433,515,603,683,908,945,528,128,197,236,249,266,295,308,339,344,426,482,529,416,323,205,96,32,1140,168,9
Guyana,1997,6015,821,1050,229,52,51,112,427,516,619,698,900,952,507,123,193,234,248,268,301,318,351,347,421,479,524,428,307,200,92,31,1102,163,9
Guyana,1998,5830,791,1009,218,52,50,105,407,501,612,697,866,929,475,115,183,224,240,261,297,315,355,342,402,464,498,431,286,189,86,29,1061,155,8
Guyana,1999,5753,759,967,208,49,49,100,397,494,619,713,856,928,463,113,178,219,236,258,300,319,366,347,395,461,483,445,279,184,85,28,1016,149,8
Guyana,2000,5664,726,924,198,48,47,96,383,485,620,729,842,919,452,110,170,213,231,254,300,320,376,353,387,455,466,453,276,176,82,28,972,143,8
Guyana,2001,5583,693,882,189,46,47,93,367,477,622,746,831,905,450,108,162,205,226,251,301,321,386,360,383,448,454,451,282,168,81,27,928,140,8
Guyana,2002,5635,662,840,178,46,48,92,364,480,639,784,843,914,467,108,159,205,227,253,306,333,403,381,392,451,460,454,303,164,81,27,886,140,8
Guyana,2003,5714,632,802,170,45,50,92,360,484,661,828,864,922,491,108,156,204,227,257,314,347,423,405,408,456,469,453,329,162,81,27,847,142,8
Guyana,2004,5675,606,766,160,42,50,90,347,474,656,847,858,907,512,112,149,198,222,252,309,347,425,422,412,446,466,441,349,163,84,28,808,140,8
Guyana,2005,5680,592,752,160,44,51,90,335,466,656,866,863,895,539,115,144,191,217,249,306,350,429,437,420,443,465,430,367,172,85,30,796,141,8
Guyana,2006,5582,562,706,144,40,46,86,314,448,643,876,862,878,557,117,135,179,208,240,298,345,429,447,427,435,458,420,373,184,85,32,746,132,9
Guyana,2007,5465,543,679,136,34,44,86,296,429,623,872,859,854,563,118,129,167,199,230,287,336,425,447,433,426,445,409,365,198,85,33,713,130,9
Guyana,2008,5547,526,660,134,34,42,88,294,425,626,898,896,864,587,124,130,164,196,229,287,339,436,462,458,438,446,418,366,221,88,36,694,130,10
Guyana,2009,5551,508,633,125,30,41,87,280,412,617,914,925,867,603,131,125,155,189,223,282,335,444,470,478,447,445,422,361,242,93,38,663,128,10
Guyana,2010,5587,494,614,120,28,38,86,275,402,613,929,963,876,616,139,125,150,183,219,278,335,450,479,502,461,446,430,356,260,100,39,642,124,11
Guyana,2011,5602,480,595,115,28,36,84,269,390,603,937,999,880,622,149,125,144,175,215,273,330,452,485,521,478,447,433,353,269,110,39,623,120,12
Guyana,2012,5616,466,576,110,25,34,78,265,377,594,946,1033,885,625,163,126,139,167,210,269,325,451,495,536,497,450,435,353,272,123,40,601,112,13
Guyana,2013,5660,456,562,106,24,31,76,267,367,589,962,1070,894,627,179,128,139,161,206,264,325,454,508,550,520,457,437,357,270,139,40,586,107,13
Guyana,2014,5628,446,549,103,24,30,72,262,349,579,961,1093,896,618,184,127,135,152,197,259,320,448,513,554,539,463,433,361,257,147,37,573,102,12
Guyana,2015,5635,434,533,99,24,28,70,261,334,569,966,1125,911,614,189,126,135,145,189,254,315,445,521,563,562,477,434,365,249,153,36,557,98,11
Guyana,2016,5698,421,517,96,23,26,68,259,324,570,978,1166,939,619,198,123,136,141,183,254,316,447,531,580,586,498,441,374,245,158,40,540,94,10
Guyana,2017,5726,408,500,92,22,26,66,258,314,560,982,1198,965,624,201,120,138,138,176,247,313,445,537,595,603,520,445,379,245,156,45,522,92,10
Guyana,2018,5778,395,483,88,22,26,62,254,304,553,986,1234,1001,636,205,115,139,136,168,243,310,445,541,613,621,546,455,387,249,152,53,505,88,10
Guyana,2019,6039,403,489,86,22,26,63,280,324,568,1010,1283,1061,668,233,123,157,150,174,249,319,457,553,639,644,585,476,401,267,160,73,511,89,14
Guyana,2020,6394,381,464,83,22,25,57,260,303,558,1073,1448,1198,736,237,113,147,142,161,238,320,478,595,722,726,679,519,433,303,161,76,486,82,16
Guyana,2021,8057,370,450,80,19,26,66,310,376,720,1373,1847,1551,1011,281,132,178,173,203,309,411,617,756,935,912,907,644,608,403,188,93,469,92,20
Haiti,1950,87321,37150,54219,17069,2006,1354,1569,3600,3748,3942,3881,4397,5231,2878,477,1810,1790,1838,1910,1965,1977,2005,1876,2148,2249,2634,2597,1879,999,380,97,56225,2923,20
Haiti,1951,87397,36982,54147,17165,2018,1369,1600,3615,3750,3992,4017,4432,5158,2854,427,1827,1788,1836,1914,1980,2012,2077,1940,2171,2261,2584,2574,1876,978,353,74,56165,2969,15
Haiti,1952,85919,36032,52915,16883,1973,1343,1601,3575,3684,3972,4120,4439,5055,2838,389,1817,1758,1802,1882,1962,2010,2121,1999,2162,2277,2514,2541,1879,959,326,63,54888,2944,12
Haiti,1953,84657,35199,51806,16607,1919,1322,1605,3556,3632,3964,4244,4467,4953,2820,362,1822,1734,1775,1857,1952,2012,2166,2078,2156,2311,2446,2507,1880,940,308,54,53725,2927,8
Haiti,1954,84188,34502,50961,16459,1978,1360,1651,3601,3636,4000,4403,4541,4887,2811,347,1858,1743,1777,1859,1966,2034,2227,2176,2187,2354,2412,2475,1879,932,299,48,52939,3011,5
Haiti,1955,82767,33842,49936,16094,1872,1289,1620,3561,3549,3944,4474,4581,4806,2793,337,1846,1715,1734,1815,1931,2013,2240,2234,2216,2365,2384,2422,1863,930,293,44,51808,2909,3
Haiti,1956,82152,33352,49243,15891,1870,1275,1622,3577,3515,3933,4571,4665,4768,2783,328,1862,1715,1718,1797,1918,2015,2266,2305,2281,2384,2393,2375,1849,934,289,39,51113,2897,3
Haiti,1957,82310,33157,49103,15946,1887,1274,1627,3629,3501,3949,4686,4781,4765,2783,321,1897,1732,1710,1791,1917,2032,2297,2389,2381,2400,2435,2330,1842,941,284,37,50990,2901,2
Haiti,1958,82510,33051,48968,15917,1919,1265,1632,3682,3490,3963,4791,4917,4780,2785,317,1929,1753,1704,1786,1916,2047,2324,2467,2497,2420,2493,2287,1835,950,281,36,50887,2897,2
Haiti,1959,82910,33028,48930,15902,1959,1262,1642,3750,3496,3982,4892,5084,4817,2777,314,1965,1785,1710,1786,1917,2065,2352,2540,2621,2463,2548,2269,1820,957,281,33,50889,2904,1
Haiti,1960,83104,32843,48719,15876,1986,1262,1650,3803,3500,3991,4986,5270,4863,2754,313,1989,1814,1717,1783,1915,2076,2379,2607,2736,2534,2593,2270,1799,955,282,31,50705,2912,1
Haiti,1961,83190,32669,48509,15840,2003,1261,1649,3828,3486,3977,5050,5469,4915,2725,314,1995,1833,1720,1766,1901,2076,2395,2655,2843,2626,2625,2290,1772,953,284,30,50512,2910,1
Haiti,1962,83402,32535,48359,15824,2019,1271,1649,3853,3483,3967,5112,5694,4989,2693,316,1996,1857,1728,1755,1892,2075,2415,2697,2947,2747,2651,2338,1742,951,287,29,50378,2920,1
Haiti,1963,89250,33193,50243,17050,2994,1748,1886,4220,3819,4309,5526,6231,5245,2708,322,2174,2046,1907,1912,2058,2251,2614,2912,3212,3019,2775,2470,1748,960,293,29,53237,3634,1
Haiti,1964,83858,32199,47896,15697,2075,1330,1641,3924,3520,3954,5221,6173,5170,2635,319,2008,1916,1772,1748,1881,2073,2454,2767,3142,3031,2723,2447,1699,936,290,29,49971,2971,1
Haiti,1965,83958,31929,47529,15600,2078,1346,1644,3954,3547,3946,5270,6394,5299,2631,316,2019,1935,1797,1750,1876,2070,2470,2800,3226,3168,2806,2493,1705,926,288,28,49607,2990,1
Haiti,1966,84410,31645,47267,15622,2167,1402,1666,3982,3598,3956,5331,6619,5462,2645,318,2030,1952,1830,1768,1878,2078,2490,2841,3308,3311,2926,2536,1730,915,288,30,49434,3068,1
Haiti,1967,84004,31265,46627,15362,2097,1379,1667,3968,3620,3918,5341,6788,5617,2669,314,2021,1947,1849,1771,1857,2061,2481,2860,3356,3432,3060,2557,1770,899,285,29,48724,3046,1
Haiti,1968,84063,30937,46142,15205,2108,1395,1700,3963,3670,3909,5375,6962,5815,2709,315,2013,1950,1879,1791,1851,2058,2484,2891,3405,3557,3225,2590,1822,887,285,30,48250,3095,1
Haiti,1969,84106,30609,45644,15035,2117,1406,1736,3952,3717,3899,5401,7126,6041,2751,312,2001,1951,1902,1815,1847,2052,2484,2917,3451,3675,3393,2648,1866,885,282,30,47761,3142,1
Haiti,1970,84102,30276,45106,14830,2123,1417,1763,3956,3756,3898,5417,7274,6290,2795,307,2000,1956,1919,1837,1851,2047,2482,2935,3495,3779,3554,2736,1903,892,278,29,47229,3180,1
Haiti,1971,84210,29886,44535,14649,2133,1429,1793,3986,3808,3915,5447,7427,6584,2850,304,2018,1968,1937,1871,1867,2048,2488,2959,3547,3880,3721,2863,1941,909,275,29,46668,3222,1
Haiti,1972,84791,29513,43968,14455,2194,1473,1859,4099,3927,3991,5523,7615,6929,2913,300,2087,2012,1984,1943,1920,2071,2520,3003,3627,3988,3903,3026,1974,939,271,29,46162,3332,1
Haiti,1973,85227,29022,43225,14203,2248,1518,1925,4227,4052,4085,5595,7790,7289,2978,297,2179,2048,2032,2020,1983,2102,2551,3044,3705,4085,4078,3211,2009,969,269,28,45473,3443,1
Haiti,1974,86161,28887,42823,13936,2321,1571,2002,4383,4196,4201,5679,7972,7652,3068,296,2289,2094,2093,2103,2059,2142,2590,3089,3786,4186,4250,3402,2070,998,268,28,45144,3573,1
Haiti,1975,87161,28925,42638,13713,2376,1614,2065,4521,4312,4311,5743,8126,7984,3172,300,2377,2144,2144,2168,2129,2182,2620,3123,3850,4276,4400,3584,2153,1019,274,26,45014,3679,1
Haiti,1976,88206,28930,42542,13612,2430,1651,2120,4655,4408,4421,5799,8271,8301,3298,307,2458,2197,2190,2218,2195,2226,2644,3155,3906,4365,4537,3764,2260,1038,280,27,44972,3771,1
Haiti,1977,89343,28954,42481,13527,2488,1692,2180,4814,4504,4559,5860,8413,8598,3441,315,2543,2271,2236,2268,2275,2284,2671,3189,3960,4453,4657,3941,2387,1054,290,25,44969,3872,1
Haiti,1978,90518,28900,42346,13446,2556,1739,2249,5010,4600,4721,5933,8554,8881,3600,323,2635,2375,2276,2324,2365,2356,2706,3227,4010,4544,4768,4113,2528,1072,300,23,44902,3988,1
Haiti,1979,91571,28865,42213,13348,2626,1779,2309,5195,4676,4864,5996,8672,9135,3772,331,2718,2477,2307,2369,2439,2425,2740,3256,4051,4621,4867,4268,2669,1103,307,24,44839,4088,1
Haiti,1980,92650,28835,42112,13277,2729,1829,2368,5343,4758,4988,6064,8783,9381,3957,338,2787,2556,2347,2411,2496,2492,2780,3284,4091,4692,4966,4415,2809,1148,314,24,44841,4197,0
Haiti,1981,93208,28769,41847,13078,2757,1834,2397,5449,4820,5086,6112,8845,9576,4141,342,2832,2617,2381,2439,2534,2552,2817,3295,4110,4735,5045,4531,2936,1205,317,25,44604,4231,0
Haiti,1982,94065,28741,41669,12928,2841,1866,2439,5575,4914,5203,6190,8918,9767,4336,347,2889,2686,2442,2472,2574,2629,2876,3314,4138,4780,5130,4637,3065,1271,320,27,44510,4305,0
Haiti,1983,94551,28492,41253,12761,2918,1887,2473,5677,4994,5298,6263,8971,9934,4531,353,2934,2743,2517,2477,2597,2701,2936,3327,4158,4813,5209,4725,3188,1343,325,28,44171,4360,0
Haiti,1984,95202,28243,40807,12564,3018,1927,2518,5803,5105,5412,6374,9043,10110,4723,362,2993,2810,2610,2495,2637,2775,3014,3360,4188,4855,5291,4819,3305,1418,333,29,43825,4445,0
Haiti,1985,95342,28068,40413,12345,3055,1932,2521,5851,5158,5468,6448,9037,10207,4874,375,3012,2839,2656,2502,2652,2816,3070,3378,4181,4856,5326,4881,3393,1481,346,29,43468,4453,0
Haiti,1986,95674,27925,40117,12192,3102,1952,2525,5886,5218,5521,6552,9053,10321,5029,395,3027,2859,2697,2521,2671,2850,3137,3415,4184,4869,5368,4953,3480,1549,365,30,43219,4477,1
Haiti,1987,95896,27655,39660,12005,3149,1981,2540,5930,5293,5547,6678,9075,10439,5179,418,3046,2884,2738,2555,2678,2869,3210,3468,4188,4887,5407,5032,3560,1619,389,29,42809,4521,1
Haiti,1988,95886,27350,39160,11810,3188,2011,2543,5945,5372,5533,6801,9075,10515,5303,444,3050,2895,2764,2608,2657,2876,3278,3523,4186,4889,5424,5091,3621,1682,414,30,42348,4554,1
Haiti,1989,96837,27009,38581,11572,3305,2101,2626,6144,5615,5650,7035,9190,10675,5449,468,3148,2996,2874,2741,2706,2944,3396,3639,4247,4943,5489,5186,3702,1747,437,31,41886,4727,1
Haiti,1990,97347,26611,37958,11347,3402,2176,2690,6259,5769,5733,7213,9284,10791,5578,494,3202,3057,2941,2828,2744,2989,3475,3738,4307,4977,5534,5257,3774,1804,461,33,41360,4866,1
Haiti,1991,96652,25795,36903,11108,3369,2174,2698,6292,5826,5768,7315,9297,10815,5675,519,3217,3075,2959,2867,2761,3007,3506,3809,4333,4964,5530,5285,3825,1850,483,36,40272,4872,1
Haiti,1992,95857,24990,35792,10802,3391,2202,2709,6205,5820,5776,7409,9358,10871,5780,546,3170,3035,2940,2880,2775,3001,3518,3891,4392,4966,5547,5324,3887,1893,507,39,39183,4911,1
Haiti,1993,94796,24259,34652,10393,3361,2198,2719,6143,5796,5770,7463,9389,10874,5861,570,3138,3005,2917,2879,2810,2960,3508,3955,4442,4947,5539,5335,3934,1927,528,42,38013,4917,1
Haiti,1994,94634,23670,33894,10224,3516,2276,2764,6101,5798,5805,7545,9484,10907,5949,594,3121,2980,2907,2891,2866,2939,3516,4029,4522,4962,5548,5359,3985,1964,549,45,37410,5040,1
Haiti,1995,92009,22802,32349,9547,3210,2130,2681,5902,5627,5699,7479,9474,10840,6002,614,3028,2874,2813,2814,2827,2872,3460,4019,4539,4935,5501,5339,4009,1993,566,48,35559,4811,1
Haiti,1996,90673,22125,31300,9175,3117,2091,2652,5786,5518,5665,7464,9555,10821,6068,633,2982,2804,2751,2767,2817,2848,3439,4025,4598,4957,5480,5341,4039,2029,582,51,34417,4743,1
Haiti,1997,90362,21460,30224,8764,3096,2109,2701,5857,5570,5773,7536,9776,10896,6165,653,3036,2821,2772,2798,2873,2900,3465,4071,4725,5051,5509,5387,4092,2073,599,54,33320,4810,1
Haiti,1998,89005,20837,29251,8414,2986,2064,2657,5739,5436,5762,7447,9893,10876,6221,671,2997,2742,2697,2739,2843,2919,3401,4046,4787,5106,5489,5387,4114,2107,614,57,32237,4721,1
Haiti,1999,86871,20223,28251,8028,2749,1946,2544,5510,5190,5668,7282,9939,10827,6271,690,2899,2611,2564,2626,2764,2904,3297,3985,4798,5141,5459,5368,4131,2140,630,60,31000,4490,1
Haiti,2000,86605,19787,27480,7693,2685,1937,2553,5545,5181,5743,7329,10148,10932,6361,711,2930,2615,2552,2629,2783,2960,3309,4020,4883,5265,5523,5409,4179,2182,647,64,30165,4490,1
Haiti,2001,87286,19111,26525,7414,2727,1993,2645,5774,5339,5953,7509,10468,11138,6473,733,3057,2717,2628,2711,2875,3078,3395,4114,5014,5454,5657,5481,4247,2226,667,66,29252,4638,1
Haiti,2002,86950,18478,25618,7140,2676,1972,2653,5835,5339,6024,7585,10664,11281,6553,755,3090,2745,2625,2714,2893,3131,3447,4138,5062,5602,5764,5517,4290,2263,685,70,28294,4625,1
Haiti,2003,85514,18049,24927,6878,2519,1867,2555,5679,5138,5919,7523,10695,11331,6589,773,3003,2676,2519,2619,2820,3099,3463,4060,5017,5678,5828,5503,4305,2284,700,73,27446,4422,1
Haiti,2004,91396,18690,26576,7886,3222,2230,2842,6193,5508,6330,7939,11213,11799,6745,797,3270,2923,2708,2800,3015,3315,3727,4212,5227,5986,6123,5676,4407,2338,721,76,29798,5072,1
Haiti,2005,84307,17257,23593,6336,2355,1745,2490,5635,5008,5905,7592,10885,11615,6672,803,2961,2674,2461,2547,2785,3120,3579,4013,5031,5854,6046,5569,4342,2330,725,78,25948,4235,2
Haiti,2006,84301,16925,23033,6108,2291,1699,2467,5660,5009,5937,7699,11022,11889,6765,827,2965,2695,2471,2538,2791,3146,3648,4051,5079,5943,6213,5676,4394,2371,745,82,25324,4166,2
Haiti,2007,84319,16626,22577,5951,2233,1659,2430,5654,4998,5945,7812,11110,12195,6854,846,2951,2703,2478,2520,2783,3162,3704,4108,5105,6005,6391,5804,4443,2411,762,84,24810,4089,2
Haiti,2008,84896,16368,22290,5922,2247,1655,2394,5653,5012,5982,8009,11197,12592,6988,876,2942,2711,2500,2512,2787,3195,3771,4238,5114,6083,6609,5983,4523,2465,787,89,24537,4049,2
Haiti,2009,84738,16094,21722,5628,2088,1568,2333,5652,5028,5985,8181,11250,12937,7095,894,2934,2718,2525,2503,2778,3207,3818,4363,5107,6143,6784,6153,4591,2504,802,92,23810,3901,2
Haiti,2010,174845,20596,36122,15526,11281,9833,9513,18011,14436,13950,15883,18033,18343,8461,980,9545,8466,7618,6818,6800,7150,7751,8132,8509,9524,10014,8329,5603,2858,880,100,47403,19346,2
Haiti,2011,87351,15776,21480,5704,2231,1679,2415,6051,5455,6310,8672,11551,13401,7197,904,3116,2935,2764,2691,2927,3383,4021,4651,5248,6303,6993,6408,4682,2515,812,92,23711,4094,2
Haiti,2012,85904,15284,20544,5260,2039,1548,2270,5793,5314,6174,8685,11612,13656,7342,924,2969,2824,2685,2629,2848,3326,3997,4688,5294,6318,7060,6596,4796,2546,826,98,22583,3818,2
Haiti,2013,86069,14846,19890,5044,1969,1501,2226,5761,5382,6206,8841,11818,13996,7533,939,2933,2828,2710,2672,2855,3351,4052,4789,5473,6345,7168,6828,4944,2589,841,98,21859,3727,2
Haiti,2014,85969,14519,19344,4825,1886,1446,2161,5649,5388,6195,8938,11984,14281,7733,958,2851,2798,2698,2690,2847,3348,4076,4862,5638,6346,7255,7026,5098,2635,857,101,21230,3607,2
Haiti,2015,86560,14243,18879,4636,1860,1419,2138,5625,5473,6261,9096,12241,14613,7978,975,2813,2812,2727,2746,2882,3379,4135,4961,5809,6432,7390,7223,5277,2701,873,102,20739,3557,2
Haiti,2016,87574,14033,18610,4577,1915,1437,2133,5600,5571,6365,9257,12528,14917,8245,996,2782,2818,2763,2808,2941,3424,4200,5057,5978,6550,7525,7392,5468,2777,890,106,20525,3570,2
Haiti,2017,87199,13624,17845,4221,1772,1348,2060,5473,5561,6383,9329,12782,15119,8515,1007,2711,2762,2742,2819,2962,3421,4218,5111,6101,6681,7609,7510,5658,2857,902,105,19617,3408,2
Haiti,2018,88213,13261,17312,4051,1762,1345,2061,5496,5698,6544,9523,13234,15354,8851,1029,2718,2778,2800,2898,3062,3482,4296,5227,6278,6956,7686,7668,5891,2960,921,108,19074,3406,2
Haiti,2019,88896,12987,16910,3923,1719,1316,2026,5446,5750,6656,9648,13639,15555,9171,1054,2697,2749,2815,2935,3135,3521,4340,5308,6418,7221,7738,7817,6099,3072,945,109,18629,3342,3
Haiti,2020,92580,12647,16367,3720,1658,1274,1968,5305,5725,6783,10330,15315,16801,9930,1121,2633,2672,2791,2934,3179,3604,4570,5760,7144,8171,8486,8315,6556,3374,1006,115,18025,3242,2
Haiti,2021,99459,12402,16205,3803,1921,1514,2194,5797,6284,7625,11328,16779,18027,10614,1168,2890,2907,3062,3222,3586,4039,5079,6249,7861,8918,9172,8855,7017,3597,1051,117,18126,3708,3
High-income countries,1950,8266222,1056616,1441728,385112,112128,63876,127461,413335,386177,554923,855979,1346406,1733277,1062892,163073,203220,210115,177248,208929,251785,303138,384182,471797,602940,743466,872388,860889,680724,382168,134292,28781,1553856,191337,4966
High-income countries,1951,8137635,988443,1343254,354811,100092,59581,110113,339270,337814,527527,858477,1369012,1811956,1110577,165670,166092,173178,155207,182607,234914,292613,383358,475119,607619,761393,897023,914933,709983,400594,138783,26887,1443346,169694,4290
High-income countries,1952,7626525,923871,1228279,304408,90357,53784,88283,250782,269115,477557,828339,1329491,1764778,1082807,159185,123642,127140,122690,146425,206533,271024,368913,459426,587862,741629,869242,895536,692740,390067,133938,25247,1318636,142067,3768
High-income countries,1953,7612574,871533,1144086,272553,91182,50330,79819,221622,245564,461661,831303,1347322,1826606,1142584,166878,109432,112190,115857,129707,196432,265229,366395,464908,589656,757666,893789,932817,732560,410024,140543,26335,1235268,130149,3617
High-income countries,1954,7381628,825866,1068183,242317,86211,46557,72656,202184,228907,444381,817565,1323985,1792258,1128748,166514,98612,103572,111035,117872,185939,258442,359097,458468,575212,748773,877888,914370,726325,402423,139763,26751,1154394,119213,3479
High-income countries,1955,7402525,799367,1022496,223129,81538,44826,71707,195361,223630,436977,820400,1334028,1825196,1170070,172817,94871,100490,108303,115327,179863,257114,356291,464109,580304,753724,891892,933304,749221,420849,144279,28538,1104034,116533,3479
High-income countries,1956,7569904,767599,975012,207413,77293,42870,70162,190441,224698,434649,841134,1373939,1901725,1248455,185921,92511,97930,107282,117416,174888,259761,359664,481470,599377,774562,926038,975687,802822,445633,154870,31051,1052305,113032,3605
High-income countries,1957,7692510,763238,967205,203967,77363,45052,72397,191774,232429,432430,864068,1422970,1933461,1260702,188994,93230,98544,109037,123392,169495,262935,366231,497837,624369,798601,950642,982819,809348,451354,157109,31885,1044568,117449,3665
High-income countries,1958,7419207,723869,911326,187457,72423,42782,67494,179260,224700,404258,833320,1360662,1871311,1258030,189902,87426,91834,102478,122222,154640,249618,353788,479532,605449,755213,914555,956756,805837,452193,157356,32546,983749,110276,3739
High-income countries,1959,7540614,709026,892769,183743,71660,45069,68229,177660,230875,399114,848459,1387450,1916403,1300284,198674,87241,90419,103459,127416,149196,249918,358363,490096,622650,764800,936488,979915,828369,471915,164511,34163,964429,113298,3968
High-income countries,1960,7624668,666860,836412,169552,67359,43638,65877,172058,226753,396171,852578,1420387,1965692,1360524,212924,84674,87384,100220,126533,148378,247793,360630,491948,641086,779301,955256,1010436,860741,499783,176691,36233,903771,109515,4295
High-income countries,1961,7557536,646220,810297,164077,65606,43973,64948,168717,224545,387369,845052,1421913,1943767,1362286,214594,83982,84735,99658,124887,150731,236638,358022,487030,643348,778565,942200,1001567,853264,509022,177853,36741,875903,108921,4468
High-income countries,1962,7840116,624447,780044,155597,64222,43786,64711,166425,227646,390429,868476,1487203,2042541,1465539,234258,82648,83777,99891,127755,158359,232070,366892,501584,671593,815610,983619,1058922,909651,555888,194310,39948,844266,108497,4833
High-income countries,1963,7894984,598371,747154,148783,62760,42532,66307,164597,225610,392102,874992,1520141,2061138,1488742,243881,81490,83107,97893,127717,168246,223856,366581,508411,684252,835889,988709,1072429,920970,567772,202656,41225,809914,108839,5028
High-income countries,1964,7711616,570187,708685,138498,60325,41414,67821,161500,220836,384881,862710,1506068,2008997,1443801,239572,80337,81163,95149,125687,172868,212013,359535,503175,678296,827772,963945,1045052,895964,547837,198924,40648,769010,109235,5006
High-income countries,1965,7901873,532298,663396,131098,58296,40634,68812,156731,220005,387642,868945,1555735,2084324,1529001,262993,77220,79511,93113,126892,174248,213394,357645,511300,692644,863091,994965,1089359,944011,584990,218239,44754,721692,109446,5358
High-income countries,1966,7884001,500791,622605,121814,56847,40157,72671,156909,217429,391878,859388,1562392,2086379,1537568,274116,77846,79063,91377,126052,173520,218358,346981,512407,689981,872411,1000550,1085829,947846,589722,226848,47268,679452,112828,5661
High-income countries,1967,7925448,491613,604385,112772,54339,39453,71894,157018,214084,400929,845496,1577635,2107051,1561166,285980,78835,78183,89604,124480,174254,226675,330905,514591,690736,886899,1016087,1090964,960301,600865,236221,49759,658724,111347,6017
High-income countries,1968,8206104,470455,577690,107235,53728,39501,73512,160649,214428,419457,845388,1634237,2206698,1664026,310229,82189,78460,89420,125008,176564,242893,321516,523872,711697,922540,1069155,1137543,1019028,644998,255373,54856,631418,113013,6560
High-income countries,1969,8328339,452944,555770,102826,52395,39529,76315,166191,216611,437989,840738,1692011,2263211,1669786,311026,86247,79944,90870,125741,180318,257671,312917,527821,733289,958722,1113188,1150023,1024002,645784,255160,55866,608165,115844,6767
High-income countries,1970,8273944,439667,536896,97229,50394,39322,77109,167626,212311,434987,822177,1666452,2253192,1686446,319835,88895,78731,90371,121940,179548,255439,310141,512036,723714,942738,1107787,1145405,1031396,655050,261586,58249,587290,116431,7195
High-income countries,1971,8289690,411971,504332,92361,49026,38562,78099,170063,209321,434395,808589,1654614,2274001,1726281,334612,91665,78398,89369,119952,179922,254473,317511,491078,720497,934117,1117236,1156765,1048732,677549,272252,62360,553358,116661,7793
High-income countries,1972,8304346,381080,468748,87668,46746,37894,78263,173814,207597,434626,800554,1653902,2304675,1742471,346721,93824,79990,89373,118224,178515,256111,331148,469406,718563,935339,1132558,1172117,1054449,688022,281148,65573,515494,116157,8335
High-income countries,1973,8416959,362039,445882,83843,45127,37175,78632,175203,205232,431128,793848,1654250,2360852,1811133,369440,93431,81772,88362,116870,176076,255052,347534,446314,713815,940435,1152381,1208471,1086164,724969,299425,70015,491009,115807,9057
High-income countries,1974,8356262,346795,424764,77969,41528,35278,75981,170847,199818,423052,780152,1639104,2363559,1813050,379652,89710,81137,86371,113447,170972,252080,359369,420783,700721,938383,1154027,1209532,1078362,734688,307632,72020,466292,111259,9476
High-income countries,1975,8395587,324412,398250,73838,39993,34226,74620,173408,196831,420439,779624,1629871,2402487,1845370,390614,90563,82845,84155,112676,167081,253358,359470,420154,687102,942769,1162417,1240070,1097869,747501,316298,74316,438243,108846,9854
High-income countries,1976,8444847,305151,373676,68525,38539,32681,73189,172516,193439,416296,792084,1609695,2429764,1887741,414427,88775,83741,82684,110755,163261,253035,359046,433038,665036,944659,1166411,1263353,1115473,772268,333937,80490,412215,105870,10799
High-income countries,1977,8329990,287944,352738,64794,37632,32121,73935,175566,193861,410928,803651,1557982,2405355,1861962,413188,90035,85531,84199,109662,160866,250062,356798,446853,627208,930774,1149566,1255789,1106109,755853,331716,81472,390370,106056,11070
High-income countries,1978,8441894,271663,333539,61876,35771,31247,73421,175220,195982,406698,828728,1527929,2457423,1926365,437685,90200,85020,86763,109219,159183,247515,355395,473333,596315,931614,1166348,1291075,1149530,776835,350563,87122,369310,104668,11886
High-income countries,1979,8400477,261260,318933,57673,33178,29463,72153,175348,195188,396047,842193,1477430,2455985,1943723,448489,89786,85562,87946,107242,155432,240615,353062,489131,563706,913724,1162205,1293780,1163490,780233,358219,90270,352111,101616,12346
High-income countries,1980,8628961,252030,307627,55597,32678,28950,71272,178237,199415,395416,857323,1488015,2530884,2041398,483910,90785,87452,91990,107425,157437,237979,359598,497725,571840,916175,1192741,1338143,1219290,822108,384752,99158,340305,100222,13835
High-income countries,1981,8557053,236938,288972,52034,29104,27456,66813,170836,195783,381577,842774,1454635,2512134,2079067,493332,85722,85114,92090,103693,151928,229649,353456,489318,581821,872814,1182294,1329840,1238098,840969,390822,102510,318076,94269,14570
High-income countries,1982,8533271,226111,274948,48837,27393,26194,63882,166573,197232,372589,834374,1433883,2512236,2106562,501885,83142,83431,92554,104678,148930,223659,347747,486627,605434,828449,1178602,1333634,1254805,851757,395874,106011,302341,90076,15518
High-income countries,1983,8740347,211144,258009,46865,26575,25490,61888,166654,201896,373772,840103,1439556,2569630,2219903,539540,82520,84134,93390,108506,150206,223566,348194,491909,647866,791690,1196956,1372674,1313571,906332,423186,116354,284584,87378,17329
High-income countries,1984,8660873,201314,244829,43515,24083,23928,58264,162478,204424,369089,823861,1418706,2538725,2224513,549575,80285,82193,92942,111482,149132,219957,337028,486833,671077,747629,1171887,1366838,1310868,913645,428350,121225,268912,82192,18396
High-income countries,1985,8864007,193261,234730,41469,23652,23307,57022,160833,210377,367635,825476,1431445,2579863,2336232,593151,78753,82080,94411,115966,147399,220236,332271,493205,676533,754912,1170916,1408947,1364465,971767,460711,132440,258382,80329,20281
High-income countries,1986,8841457,183825,223120,39295,22377,22091,57746,160851,217457,364660,809821,1444221,2528329,2359143,610336,78157,82694,96844,120613,147545,217115,323336,486485,668928,775293,1124658,1403671,1369767,989376,473090,137246,245497,79837,21304
High-income countries,1987,8797227,178808,216118,37310,21719,20886,56795,159445,221152,363145,800066,1468313,2452062,2367901,626831,76399,83046,98023,123129,149148,213997,318795,481271,665395,802918,1057246,1394816,1364400,1003501,484222,142609,237837,77681,22792
High-income countries,1988,8910072,173747,209840,36093,21183,20298,55901,160406,224555,368326,787144,1513267,2404855,2451678,667741,76688,83718,99880,124675,154818,213508,313476,473668,663843,849424,1001068,1403787,1402111,1049567,516046,151695,231023,76199,24876
High-income countries,1989,8932523,168631,203374,34743,20393,19913,55169,160724,230062,374134,775008,1538170,2340140,2495612,693211,75546,85178,102872,127190,160897,213237,310562,464446,657685,880485,948838,1391302,1421249,1074363,535007,158204,223767,75082,26612
High-income countries,1990,9000136,159773,193003,33230,19367,19258,54079,160089,234430,378677,760975,1543366,2326289,2555999,726283,74951,85138,103508,130922,167327,211350,307801,453174,662605,880761,949521,1376768,1449061,1106938,559806,166477,212370,73337,28321
High-income countries,1991,9061671,148715,180559,31844,18406,18815,52507,159670,239019,389678,753409,1542747,2312855,2605620,758518,74885,84785,105349,133670,175461,214217,307577,445832,663375,879372,980806,1332049,1473351,1132269,583305,175213,198965,71322,29866
High-income countries,1992,9050576,139762,169475,29713,17094,18129,49423,153418,239257,397698,742434,1530970,2287284,2627368,786934,71673,81745,104827,134430,179221,218477,303847,438587,654719,876251,1022595,1264689,1478729,1148639,603973,182961,186569,67552,31091
High-income countries,1993,9270476,129839,158670,28831,16758,18091,48497,149222,242240,406977,742507,1534593,2318210,2747421,853360,69287,79935,105461,136779,181049,225928,305772,436735,650884,883709,1097036,1221174,1529995,1217426,652281,201079,175428,66588,33929
High-income countries,1994,9206564,122752,149725,26973,15855,17419,47321,145320,244227,416431,734302,1503687,2280193,2746055,870807,67196,78124,105916,138311,182877,233554,305249,429053,631954,871733,1129311,1150882,1513497,1232558,664103,206704,165580,64740,35221
High-income countries,1995,9366060,113546,139097,25551,15603,17239,46764,142764,244322,429999,734146,1505889,2316898,2811516,923760,65915,76849,105140,139182,186364,243635,303706,430440,622252,883637,1143654,1173244,1523089,1288427,702756,221004,154700,64003,38062
High-income countries,1996,9348374,108749,132587,23838,14659,16037,44734,134378,229975,428102,724660,1484009,2345792,2797428,956018,61805,72573,97614,132361,181286,246816,301040,423620,608357,875652,1136616,1209176,1480671,1316757,725378,230640,147246,60771,39993
High-income countries,1997,9312407,103058,125567,22509,14100,15138,43960,127891,212815,421594,720491,1451036,2382435,2757624,996953,59341,68550,88743,124072,176102,245492,304462,416029,591987,859049,1124924,1257511,1411910,1345714,751926,245027,139667,59098,42803
High-income countries,1998,9374970,99914,121174,21260,13375,14629,42263,124067,205371,419126,725022,1429796,2459270,2730103,1045319,58349,65718,84477,120894,175651,243475,311810,413212,584396,845400,1123900,1335370,1350645,1379458,786167,259152,134549,56892,45454
High-income countries,1999,9506219,95373,115537,20164,12865,14140,41229,121210,200394,420497,734980,1408110,2526195,2748603,1113621,57039,64171,81886,118508,175107,245390,320574,414406,578244,829866,1121971,1404224,1323309,1425294,837172,276449,128402,55369,48837
High-income countries,2000,9390364,93039,111861,18822,11856,13446,39299,118231,194326,418336,733681,1363733,2489972,2710301,1135155,56312,61919,79095,115231,172587,245749,329026,404655,567124,796609,1106488,1383484,1312371,1397930,852388,282767,123717,52745,50167
High-income countries,2001,9376097,88136,106772,18636,11235,12888,37853,115345,192167,417059,741003,1331144,2463317,2718597,1175766,55175,60170,78072,114095,170101,246958,337402,403601,556932,774212,1091885,1371432,1356362,1362235,879491,296275,118007,50741,52951
High-income countries,2002,9497910,85458,103236,17778,10928,12689,36910,113466,187006,416815,755953,1317246,2467623,2777651,1241076,54714,58752,76776,110230,169578,247237,342888,413065,553196,764050,1084688,1382935,1442619,1335032,926122,314954,114164,49599,57308
High-income countries,2003,9678847,83349,100615,17266,10389,12418,35622,111429,183663,418449,775580,1320549,2473940,2862123,1312265,53774,57655,75144,108519,168232,250217,345351,430229,557978,762571,1078020,1395920,1555252,1306871,975052,337213,111004,48040,61803
High-income countries,2004,9461479,81624,97866,16242,9698,11527,34789,108235,176344,410088,777020,1291598,2390794,2801096,1289882,51792,56443,71846,104498,162935,247153,343073,433947,548298,743300,1034077,1356717,1577153,1223943,951085,338797,107564,46316,62541
High-income countries,2005,9650329,79901,95596,15695,9634,11116,33944,107629,172888,406966,797735,1282332,2394130,2908705,1361482,51529,56100,70942,101946,160612,246354,346410,451325,543908,738424,1018092,1376038,1619144,1289561,993082,368400,105230,45060,68170
High-income countries,2006,9552779,79065,94026,14961,9101,10497,33583,106639,168885,397579,806203,1259782,2330086,2923896,1341453,50672,55967,68578,100307,155962,241617,345679,460524,537938,721844,981503,1348583,1592137,1331759,961143,380310,103127,44080,71049
High-income countries,2007,9650733,78772,93423,14651,8639,10221,32499,105472,164763,388395,806622,1268519,2306397,3038313,1351166,49846,55626,66689,98074,151022,237373,342184,464438,550679,717840,968860,1337537,1609320,1428993,946969,404197,102062,42720,76304
High-income countries,2008,9776292,76740,90989,14249,8191,9431,31186,103027,160426,379978,801723,1281943,2287657,3161413,1376412,48210,54817,65740,94686,146736,233242,342101,459622,568194,713749,961368,1326289,1620922,1540491,942719,433693,99180,40617,83915
High-income countries,2009,9760054,73667,87429,13762,8084,9329,29294,100704,157484,371885,800543,1288856,2236954,3215029,1365986,46662,54042,64629,92855,143509,228376,341184,459359,578748,710108,945168,1291786,1610792,1604237,922542,443444,95513,38623,88475
High-income countries,2010,9884632,69737,83127,13390,7383,8748,27388,96909,151968,358102,796718,1300553,2224212,3281057,1451977,45026,51883,63178,88790,136959,221143,335641,461077,595943,704610,946657,1277555,1636603,1644454,989849,462128,90510,36136,96489
High-income countries,2011,9993260,67149,80403,13254,7694,8789,26684,96346,150589,351225,796504,1319132,2206134,3312606,1533755,45141,51205,63795,86794,135411,215814,333549,462955,613080,706052,942800,1263334,1642891,1669715,1067241,466514,88097,35473,103398
High-income countries,2012,10198018,65725,78485,12760,7154,8259,24915,92934,145823,341875,790767,1349247,2208148,3395092,1643087,42940,49994,62148,83675,132166,209709,328442,462325,620386,728861,942571,1265577,1663577,1731515,1169130,473957,85639,33174,112232
High-income countries,2013,10265115,63485,75876,12391,7121,7992,23459,90232,144323,334813,790095,1373377,2203154,3390063,1707051,41490,48742,61591,82732,128715,206098,324812,465283,620385,752992,945499,1257655,1649796,1740267,1240638,466413,82997,31451,117556
High-income countries,2014,10275465,62470,74186,11716,6995,7857,22988,90088,145102,327810,785246,1391790,2192696,3347814,1759895,40966,49122,62146,82956,127051,200759,320480,464766,621136,770654,945286,1247410,1619766,1728048,1287814,472081,81181,30845,122997
High-income countries,2015,10677503,61315,73131,11816,6944,7961,23629,92258,147997,326124,790550,1448154,2242365,3487785,1899749,41506,50752,63532,84465,125963,200161,320150,470400,638647,809507,960648,1281717,1662167,1825618,1379208,520541,80075,31590,130856
High-income countries,2016,10654915,60282,71809,11527,6934,7766,23544,95672,153826,324808,784212,1474172,2226964,3431939,1922420,42451,53221,66195,87631,125333,199475,314271,469941,640607,833565,957642,1269322,1626202,1805737,1371241,551179,78743,31310,130848
High-income countries,2017,10897022,58298,69473,11175,6777,8078,23641,95595,156185,321569,773607,1485108,2274780,3510314,2036310,41523,54072,67175,89010,123405,198164,308034,465573,641853,843255,992314,1282466,1654372,1855942,1433023,603287,76250,31719,135584
High-income countries,2018,10960331,56003,66990,10987,6619,7990,23194,93500,156251,318705,769563,1500009,2323141,3502512,2056094,40225,53275,66525,89726,123548,195157,303830,465733,651673,848336,1028133,1295008,1658646,1843866,1423772,632322,73609,31184,135763
High-income countries,2019,10939457,54111,64780,10669,6528,7888,22933,92564,156861,314396,755356,1494970,2343294,3477747,2063273,40149,52415,66877,89984,122711,191685,297059,458297,649790,845180,1052959,1290335,1653768,1823979,1413506,649767,71308,30821,138865
High-income countries,2020,12095508,51753,61721,9968,6192,7875,24021,99583,175629,343570,810396,1632625,2619137,3899542,2261591,43041,56542,75069,100560,137115,206455,321211,489185,703275,929350,1204236,1414901,1839336,2060206,1563102,698489,67913,31896,153626
High-income countries,2021,12299926,50358,60126,9768,6076,7453,24012,102621,176861,342169,861082,1713990,2726694,3839891,2272540,44587,58034,77226,99635,136151,206018,338327,522755,741263,972727,1291730,1434964,1842955,1996936,1559675,712865,66202,31465,166411
Honduras,1950,38103,13950,21161,7211,1444,708,809,1807,1517,1551,1775,2147,2547,2265,352,940,867,727,790,777,774,885,890,1121,1026,1195,1352,1460,805,285,67,22605,1517,12
Honduras,1951,38900,14351,21857,7506,1492,717,828,1855,1546,1587,1818,2225,2459,2167,338,963,892,752,794,799,788,903,915,1147,1078,1179,1280,1364,803,278,60,23349,1545,11
Honduras,1952,39181,14520,22180,7660,1526,715,833,1866,1551,1605,1847,2289,2378,2058,322,974,892,776,775,812,793,902,945,1143,1146,1154,1224,1252,806,265,57,23706,1548,10
Honduras,1953,39428,14666,22406,7740,1569,715,834,1874,1564,1628,1880,2360,2327,1950,310,987,887,808,756,827,801,900,980,1134,1226,1143,1184,1148,802,255,55,23975,1549,9
Honduras,1954,39594,14784,22549,7765,1613,716,833,1881,1574,1643,1909,2422,2303,1837,306,998,883,831,743,833,810,898,1011,1133,1289,1153,1150,1061,776,253,53,24162,1549,8
Honduras,1955,39718,14867,22609,7742,1656,722,831,1891,1592,1655,1935,2477,2310,1724,307,1006,885,848,744,834,821,902,1033,1144,1333,1187,1123,993,731,255,52,24265,1553,6
Honduras,1956,39731,14913,22605,7692,1690,731,828,1886,1601,1647,1946,2518,2347,1620,307,1003,883,850,751,819,828,904,1042,1165,1353,1243,1104,939,681,256,51,24295,1559,5
Honduras,1957,39463,14772,22253,7481,1705,739,825,1891,1624,1649,1962,2564,2411,1525,308,1000,891,850,774,802,847,913,1049,1207,1357,1326,1085,900,625,260,48,23958,1564,5
Honduras,1958,39045,14625,21907,7282,1689,744,811,1863,1620,1623,1956,2589,2487,1444,303,981,882,828,792,770,853,916,1040,1247,1342,1413,1074,871,573,258,45,23596,1555,5
Honduras,1959,38758,14482,21595,7113,1681,758,806,1842,1620,1609,1961,2629,2577,1381,296,966,876,813,807,752,857,924,1037,1286,1343,1488,1089,848,533,250,46,23276,1564,5
Honduras,1960,38395,14349,21265,6916,1657,765,801,1808,1611,1594,1964,2657,2654,1327,283,944,864,799,812,743,851,930,1034,1306,1351,1533,1121,829,498,235,48,22922,1566,5
Honduras,1961,38519,14262,21062,6800,1710,812,829,1820,1638,1616,2006,2720,2748,1290,265,948,872,809,829,763,853,954,1052,1331,1389,1565,1183,816,474,217,48,22772,1641,5
Honduras,1962,37912,14092,20645,6553,1631,795,822,1764,1597,1588,2004,2745,2810,1254,248,918,846,791,806,769,819,956,1048,1319,1426,1555,1255,799,455,199,49,22276,1617,5
Honduras,1963,37800,13972,20354,6382,1624,807,845,1754,1598,1600,2042,2806,2894,1239,233,914,840,797,801,800,800,979,1063,1321,1485,1546,1348,797,442,184,49,21978,1652,4
Honduras,1964,37749,13866,20110,6244,1611,814,869,1741,1591,1617,2077,2866,2981,1247,219,912,829,798,793,826,791,993,1084,1325,1541,1556,1425,813,434,170,49,21721,1683,5
Honduras,1965,37582,13769,19842,6073,1593,815,893,1726,1573,1624,2093,2900,3045,1270,206,911,815,789,784,837,787,994,1099,1328,1572,1573,1472,843,427,160,46,21435,1708,5
Honduras,1966,37395,13618,19519,5901,1572,815,919,1717,1561,1640,2101,2929,3107,1312,195,916,801,782,779,842,798,984,1117,1337,1592,1611,1496,891,421,153,42,21091,1734,5
Honduras,1967,37298,13450,19183,5733,1560,819,949,1735,1567,1674,2117,2957,3175,1370,185,938,797,780,787,844,830,970,1147,1354,1603,1674,1501,955,415,148,37,20743,1768,5
Honduras,1968,37017,13332,18900,5568,1523,808,953,1715,1535,1676,2099,2958,3230,1436,178,942,773,758,777,823,853,936,1163,1364,1594,1737,1493,1022,414,144,34,20423,1761,5
Honduras,1969,36970,13220,18617,5397,1507,808,971,1743,1533,1710,2112,2991,3299,1500,173,971,772,751,782,822,888,929,1183,1390,1601,1798,1501,1076,424,141,32,20124,1779,5
Honduras,1970,36924,13110,18339,5229,1490,808,988,1782,1528,1733,2129,3028,3369,1554,170,1005,777,743,785,821,912,934,1195,1416,1612,1841,1528,1111,443,139,31,19829,1796,4
Honduras,1971,36933,13030,18098,5068,1475,808,1001,1829,1522,1755,2151,3079,3443,1602,166,1039,790,737,785,826,929,955,1196,1448,1631,1870,1573,1131,471,138,28,19573,1809,4
Honduras,1972,36795,12953,17870,4917,1442,798,999,1847,1492,1749,2155,3124,3510,1640,162,1053,794,721,771,825,924,986,1169,1476,1648,1876,1634,1132,508,135,27,19312,1797,4
Honduras,1973,39577,13072,18320,5248,1807,1101,1241,2203,1694,1942,2351,3349,3699,1701,163,1256,947,825,869,928,1014,1122,1229,1599,1750,1948,1751,1151,550,136,27,20127,2342,3
Honduras,1974,44820,13848,20598,6750,3086,1580,1409,2362,1832,2116,2528,3541,3842,1755,168,1333,1029,889,943,1023,1093,1241,1287,1699,1842,1995,1847,1172,583,141,27,23684,2989,3
Honduras,1975,35966,12503,16943,4440,1340,759,987,1887,1407,1700,2187,3218,3636,1730,173,1059,828,686,721,809,891,1073,1114,1517,1701,1860,1776,1146,584,146,27,18283,1746,3
Honduras,1976,36255,12393,16696,4303,1309,743,973,1890,1394,1695,2228,3274,3798,1987,261,1048,842,686,708,803,892,1088,1140,1517,1757,1916,1882,1292,695,219,42,18005,1716,5
Honduras,1977,36432,12184,16342,4158,1284,729,963,1897,1391,1697,2282,3318,3941,2232,348,1043,854,694,697,797,900,1093,1189,1500,1818,1977,1964,1441,791,289,59,17626,1692,7
Honduras,1978,36551,11966,15982,4016,1258,716,948,1888,1391,1697,2334,3358,4074,2466,428,1030,858,704,687,789,908,1087,1247,1477,1881,2041,2033,1588,878,353,75,17240,1664,9
Honduras,1979,36644,11754,15618,3864,1231,700,936,1876,1403,1697,2388,3397,4207,2683,500,1018,858,720,683,779,918,1086,1302,1469,1928,2109,2098,1718,965,409,91,16849,1636,11
Honduras,1980,36655,11506,15208,3702,1202,686,922,1859,1419,1693,2429,3436,4339,2882,565,1004,855,735,684,772,921,1088,1341,1481,1955,2174,2165,1827,1055,457,108,16410,1608,13
Honduras,1981,36686,11231,14784,3553,1178,676,913,1844,1445,1688,2467,3489,4487,3074,627,992,852,754,691,765,923,1097,1370,1524,1965,2249,2238,1924,1150,502,125,15962,1589,15
Honduras,1982,36720,10949,14384,3435,1171,671,897,1813,1465,1682,2493,3543,4647,3255,684,973,840,764,701,758,924,1112,1381,1593,1950,2332,2315,2005,1250,542,142,15555,1568,17
Honduras,1983,36526,10633,13883,3250,1109,647,876,1774,1474,1664,2502,3597,4807,3432,742,950,824,765,709,747,917,1125,1377,1671,1926,2412,2395,2080,1352,584,158,14992,1523,19
Honduras,1984,36463,10308,13400,3092,1081,639,869,1754,1499,1662,2524,3668,4951,3593,798,937,817,770,729,747,915,1142,1382,1745,1923,2473,2478,2153,1440,627,171,14481,1508,21
Honduras,1985,36651,9999,12934,2935,1069,644,882,1775,1554,1691,2573,3779,5106,3764,856,947,828,788,766,766,925,1167,1406,1816,1963,2530,2576,2238,1526,672,184,14003,1526,23
Honduras,1986,36442,9714,12499,2785,1025,627,861,1720,1549,1678,2573,3852,5199,3917,916,919,801,773,776,767,911,1163,1410,1843,2009,2537,2662,2315,1602,719,197,13524,1488,26
Honduras,1987,36491,9434,12081,2647,992,616,855,1699,1566,1698,2614,3975,5307,4080,979,907,792,770,796,786,912,1174,1440,1867,2108,2534,2773,2405,1675,769,210,13073,1471,28
Honduras,1988,36785,9172,11701,2529,977,619,873,1710,1602,1744,2675,4128,5426,4255,1045,914,796,779,823,820,924,1190,1485,1891,2237,2534,2892,2507,1748,821,224,12678,1492,30
Honduras,1989,36076,8936,11334,2398,936,609,868,1678,1587,1758,2675,4176,5336,4106,985,901,777,764,823,838,920,1180,1495,1877,2299,2478,2858,2444,1662,772,213,12270,1477,29
Honduras,1990,35658,8724,11008,2284,906,601,877,1679,1588,1804,2696,4239,5298,3999,928,906,773,759,829,870,934,1182,1514,1885,2354,2475,2823,2404,1595,727,201,11914,1478,28
Honduras,1991,35069,8523,10702,2179,865,588,873,1650,1555,1828,2681,4255,5256,3908,879,895,755,740,815,887,941,1170,1511,1884,2371,2497,2759,2370,1538,691,188,11567,1461,27
Honduras,1992,35049,8344,10436,2092,850,590,897,1692,1585,1913,2725,4332,5295,3870,836,923,769,753,832,930,983,1187,1538,1930,2402,2594,2701,2371,1499,658,178,11286,1487,26
Honduras,1993,35172,8334,10503,2169,864,597,910,1700,1572,1959,2723,4350,5328,3840,799,934,766,744,828,946,1013,1186,1537,1957,2393,2696,2632,2372,1468,630,169,11367,1507,25
Honduras,1994,34968,8050,10055,2005,827,587,928,1745,1597,2042,2768,4410,5403,3812,765,962,783,755,842,976,1066,1210,1558,2003,2407,2800,2603,2365,1447,606,159,10882,1515,23
Honduras,1995,34334,7788,9673,1885,780,558,905,1706,1547,2048,2746,4392,5445,3772,739,944,762,730,817,962,1086,1209,1537,1999,2393,2847,2598,2339,1433,587,152,10453,1463,22
Honduras,1996,34282,7579,9371,1792,753,545,912,1739,1554,2116,2799,4453,5558,3741,718,964,775,733,821,976,1140,1247,1552,2027,2426,2900,2658,2309,1432,572,146,10124,1457,21
Honduras,1997,34202,7376,9094,1718,736,536,912,1760,1552,2155,2838,4504,5682,3710,705,975,785,733,819,979,1176,1282,1556,2040,2464,2919,2763,2267,1443,564,141,9830,1448,20
Honduras,1998,49163,9052,14197,5145,3702,2004,1707,2754,2418,2981,3498,5134,6236,3806,705,1511,1243,1171,1247,1397,1584,1645,1853,2343,2791,3164,3072,2313,1493,568,137,17899,3711,19
Honduras,1999,34111,7018,8603,1585,701,512,899,1795,1551,2216,2965,4603,5902,3661,685,990,805,737,814,984,1232,1385,1580,2054,2549,2916,2986,2203,1458,554,131,9304,1411,18
Honduras,2000,34252,6765,8272,1507,686,507,904,1844,1584,2266,3093,4676,6026,3689,685,1012,832,757,827,1001,1265,1465,1628,2079,2597,2949,3077,2234,1455,556,129,8958,1411,18
Honduras,2001,34161,6493,7938,1445,664,492,886,1848,1588,2281,3198,4709,6111,3741,688,1008,840,762,826,1001,1280,1528,1670,2087,2622,2981,3130,2296,1445,560,128,8602,1378,17
Honduras,2002,34052,6200,7577,1377,644,485,875,1846,1594,2279,3298,4726,6184,3826,698,1001,845,769,825,996,1283,1578,1720,2087,2639,3026,3158,2401,1425,571,127,8221,1360,16
Honduras,2003,34453,5906,7217,1311,639,488,887,1918,1667,2350,3485,4822,6303,3951,710,1032,886,810,857,1025,1325,1660,1825,2134,2688,3116,3187,2536,1415,583,127,7856,1375,16
Honduras,2004,34524,5618,6855,1237,615,475,872,1915,1688,2372,3630,4892,6396,4078,720,1022,893,823,865,1032,1340,1711,1919,2176,2716,3182,3214,2651,1427,592,128,7470,1347,16
Honduras,2005,34602,5354,6528,1174,609,476,867,1914,1716,2383,3744,4942,6476,4203,726,1014,900,840,876,1036,1347,1737,2007,2216,2726,3226,3250,2739,1464,596,130,7137,1343,16
Honduras,2006,35059,5092,6185,1093,590,473,879,1964,1802,2457,3932,5084,6607,4340,729,1032,932,884,918,1070,1387,1796,2136,2311,2773,3289,3318,2814,1526,597,132,6775,1352,16
Honduras,2007,35670,4846,5878,1032,584,476,899,2020,1895,2540,4120,5252,6767,4488,732,1053,967,929,966,1111,1429,1856,2264,2429,2823,3356,3411,2869,1619,596,136,6462,1375,16
Honduras,2008,36468,4631,5624,993,581,482,923,2086,2003,2640,4315,5473,6946,4639,740,1082,1004,980,1023,1161,1479,1924,2391,2582,2891,3422,3524,2916,1723,599,141,6205,1405,16
Honduras,2009,36188,4388,5305,917,538,458,889,2001,1975,2603,4324,5576,7003,4748,755,1035,966,961,1014,1145,1458,1909,2415,2670,2906,3422,3581,2941,1807,610,145,5843,1347,16
Honduras,2010,36758,4223,5143,920,537,459,891,2013,2034,2660,4424,5806,7114,4882,783,1040,973,984,1050,1176,1484,1941,2483,2818,2988,3459,3655,3001,1881,636,147,5680,1350,17
Honduras,2011,36840,3999,4828,829,488,432,863,1960,2031,2678,4469,6034,7199,5019,822,1013,947,973,1058,1188,1490,1952,2517,2954,3080,3487,3712,3076,1943,674,148,5316,1295,17
Honduras,2012,37120,3822,4601,779,460,416,846,1925,2039,2714,4515,6273,7287,5156,871,997,928,968,1071,1211,1503,1965,2550,3076,3197,3518,3769,3166,1990,722,149,5061,1262,18
Honduras,2013,37633,3675,4417,742,440,405,837,1914,2067,2778,4580,6548,7398,5301,927,993,921,973,1094,1247,1531,1988,2592,3194,3354,3571,3827,3270,2031,776,151,4857,1242,19
Honduras,2014,37987,3542,4249,707,419,394,826,1884,2061,2812,4600,6775,7506,5456,983,980,904,960,1101,1266,1546,1993,2607,3268,3507,3630,3876,3371,2085,825,158,4668,1220,19
Honduras,2015,38560,3423,4094,671,400,379,817,1876,2082,2893,4672,7055,7660,5593,1024,977,899,960,1122,1308,1585,2025,2647,3355,3700,3734,3926,3451,2142,861,163,4494,1196,19
Honduras,2016,39587,3326,3972,646,391,374,826,1917,2145,3032,4802,7382,7889,5768,1072,997,920,981,1164,1375,1657,2089,2713,3456,3926,3891,3998,3548,2220,898,174,4363,1200,18
Honduras,2017,40652,3235,3859,624,381,368,832,1946,2195,3176,4936,7699,8168,5958,1117,1011,935,997,1198,1439,1737,2154,2782,3553,4146,4086,4082,3644,2314,929,188,4240,1200,17
Honduras,2018,41704,3139,3738,599,370,359,833,1978,2242,3320,5075,7980,8487,6144,1163,1023,955,1012,1230,1499,1821,2226,2849,3644,4336,4316,4171,3731,2413,959,204,4108,1192,17
Honduras,2019,42992,3060,3655,595,370,359,841,2034,2313,3493,5248,8257,8867,6326,1212,1049,985,1042,1271,1573,1920,2319,2929,3743,4514,4575,4292,3817,2509,995,217,4025,1200,17
Honduras,2020,50064,2976,3559,583,373,358,839,2065,2413,4058,6397,10351,10839,7417,1379,1062,1003,1062,1351,1789,2269,2806,3591,4666,5685,5785,5054,4428,2989,1135,244,3932,1197,19
Honduras,2021,57654,2903,3497,594,369,360,920,2390,2890,4912,7605,12102,12739,8340,1507,1212,1178,1271,1619,2143,2769,3376,4229,5467,6635,6863,5876,4988,3352,1245,262,3866,1280,21
Hong Kong,1950,19475,6240,7893,1653,256,169,352,1234,1550,1739,1802,1642,1756,901,175,577,657,728,822,877,862,937,865,769,873,951,805,558,343,141,34,8149,521,6
Hong Kong,1951,19446,5619,7668,2049,288,155,331,1213,1562,1822,1915,1688,1760,880,156,561,652,727,835,917,905,983,932,821,867,940,820,559,321,129,27,7956,486,5
Hong Kong,1952,19506,5478,7635,2157,352,141,303,1169,1546,1886,1999,1729,1739,862,144,535,634,716,830,946,940,1013,986,877,852,914,825,559,303,121,23,7987,444,4
Hong Kong,1953,19250,5339,7537,2198,371,126,271,1099,1486,1904,2030,1756,1687,839,137,497,602,686,800,952,952,1019,1011,923,833,877,810,555,284,115,22,7908,397,3
Hong Kong,1954,19167,5216,7368,2152,498,117,242,1035,1440,1920,2075,1824,1659,848,136,462,573,664,776,953,967,1036,1039,976,848,859,800,566,282,115,21,7866,359,3
Hong Kong,1955,19349,5061,7142,2081,562,119,224,1004,1441,2000,2191,1965,1680,877,138,440,564,659,782,980,1020,1086,1105,1052,913,878,802,585,292,116,22,7704,343,2
Hong Kong,1956,19519,4951,6977,2026,568,126,206,963,1434,2060,2300,2118,1707,911,145,412,551,650,784,989,1071,1128,1172,1124,994,905,802,604,307,120,25,7545,332,2
Hong Kong,1957,19886,4871,6829,1958,565,145,192,939,1445,2146,2442,2306,1775,951,150,390,549,648,797,1006,1140,1191,1251,1208,1098,953,822,624,327,123,27,7394,337,3
Hong Kong,1958,20170,4745,6611,1866,556,169,179,902,1444,2215,2580,2491,1879,982,158,363,539,641,803,1011,1204,1255,1325,1288,1203,1022,857,636,346,128,30,7167,348,3
Hong Kong,1959,20190,4599,6350,1751,541,196,167,848,1420,2230,2661,2622,1992,988,168,334,514,623,797,996,1234,1291,1370,1343,1279,1101,891,630,358,135,33,6891,363,3
Hong Kong,1960,19887,4381,5975,1594,512,219,158,774,1360,2192,2693,2722,2130,970,177,300,474,595,765,972,1220,1314,1379,1393,1329,1191,939,612,358,141,36,6487,377,3
Hong Kong,1961,19859,4164,5550,1386,478,235,163,718,1330,2199,2794,2891,2345,970,187,276,442,585,745,977,1222,1381,1413,1487,1404,1319,1026,620,350,148,39,6028,398,4
Hong Kong,1962,19974,3878,5122,1244,490,260,188,667,1312,2210,2931,3048,2508,1037,196,255,412,579,733,989,1221,1468,1463,1584,1464,1407,1101,686,351,156,40,5612,448,5
Hong Kong,1963,19651,3513,4556,1043,430,246,205,602,1260,2188,3044,3167,2628,1118,204,230,372,554,706,979,1209,1531,1513,1649,1518,1457,1171,757,361,164,40,4986,451,6
Hong Kong,1964,19285,3202,4136,934,418,249,227,547,1189,2123,3077,3218,2699,1187,210,214,333,516,673,946,1177,1537,1540,1658,1560,1469,1230,811,376,168,42,4554,476,6
Hong Kong,1965,18867,2911,3738,827,380,236,242,495,1102,2040,3080,3266,2780,1284,221,203,292,465,637,894,1146,1502,1578,1638,1628,1481,1299,878,406,175,46,4118,478,7
Hong Kong,1966,19076,2519,3302,783,377,251,271,491,1071,2044,3207,3440,2953,1425,240,216,275,438,633,879,1165,1519,1688,1684,1756,1551,1402,967,458,190,50,3679,522,7
Hong Kong,1967,19219,2156,2839,683,340,244,276,484,1018,2027,3311,3630,3161,1611,273,231,253,403,615,858,1169,1526,1785,1756,1874,1653,1508,1078,533,217,56,3179,520,8
Hong Kong,1968,19431,1898,2509,611,324,246,286,495,965,2001,3382,3783,3337,1786,310,254,241,371,594,839,1162,1529,1853,1842,1941,1761,1576,1186,600,248,62,2833,532,11
Hong Kong,1969,20125,1754,2286,532,304,247,297,522,926,2009,3509,4021,3614,2014,366,282,240,349,577,841,1168,1573,1936,1997,2024,1947,1667,1333,681,292,74,2590,544,12
Hong Kong,1970,20396,1560,2008,448,278,241,300,546,865,1971,3544,4177,3824,2198,432,307,239,322,543,828,1143,1588,1956,2133,2044,2107,1717,1441,757,336,96,2286,541,11
Hong Kong,1971,20474,1464,1850,386,268,242,303,567,799,1891,3493,4257,3961,2339,494,322,245,298,501,798,1093,1567,1926,2215,2042,2205,1756,1506,833,373,121,2118,545,12
Hong Kong,1972,20763,1422,1774,352,241,239,312,608,756,1845,3484,4403,4113,2457,515,349,259,286,470,777,1068,1554,1930,2295,2108,2263,1850,1552,905,379,136,2015,551,15
Hong Kong,1973,20986,1336,1621,285,195,215,301,628,705,1793,3482,4602,4298,2594,535,357,271,272,433,747,1046,1539,1943,2374,2228,2308,1990,1600,994,389,146,1816,516,19
Hong Kong,1974,21122,1274,1539,265,173,202,296,657,660,1728,3419,4730,4427,2699,563,366,291,262,398,708,1020,1494,1925,2398,2332,2310,2117,1628,1071,412,151,1712,498,24
Hong Kong,1975,21871,1178,1430,252,158,196,301,708,650,1712,3468,5013,4696,2885,623,380,328,264,386,686,1026,1492,1976,2489,2524,2393,2303,1718,1167,466,157,1588,497,30
Hong Kong,1976,22767,1122,1368,246,154,192,305,759,652,1696,3521,5297,4999,3093,695,394,365,276,376,661,1035,1488,2033,2559,2738,2512,2487,1843,1250,536,159,1522,497,35
Hong Kong,1977,24640,1088,1317,229,145,187,314,839,694,1753,3743,5833,5541,3431,803,426,413,308,386,668,1085,1559,2184,2741,3092,2788,2753,2068,1363,636,167,1462,501,41
Hong Kong,1978,25274,1042,1261,219,142,173,306,869,711,1702,3748,6020,5812,3605,884,433,436,337,374,634,1068,1555,2193,2762,3258,2948,2864,2209,1396,710,174,1403,479,46
Hong Kong,1979,25658,904,1109,205,134,158,293,881,732,1640,3719,6150,6069,3757,972,433,448,370,362,603,1037,1543,2176,2765,3385,3101,2968,2332,1425,774,198,1243,451,44
Hong Kong,1980,25087,867,1058,191,127,136,265,843,732,1498,3502,5979,6087,3806,1020,410,433,392,340,555,943,1464,2038,2668,3311,3146,2941,2384,1422,788,232,1185,401,38
Hong Kong,1981,25168,889,1069,180,114,125,243,820,753,1398,3365,5909,6295,3969,1070,392,428,417,336,525,873,1422,1943,2658,3251,3321,2974,2502,1467,789,281,1183,368,35
Hong Kong,1982,25927,846,1020,174,110,121,230,825,804,1354,3356,5972,6671,4294,1128,386,439,444,360,507,847,1416,1940,2709,3263,3560,3111,2697,1597,817,311,1130,351,41
Hong Kong,1983,26686,783,948,165,104,115,213,823,859,1304,3374,6055,7016,4614,1210,375,448,462,397,485,819,1412,1962,2753,3302,3765,3251,2894,1720,883,327,1052,328,53
Hong Kong,1984,27266,696,846,150,95,109,194,810,904,1257,3370,6121,7297,4887,1315,360,450,471,433,470,787,1399,1971,2772,3349,3931,3366,3067,1820,974,341,941,303,60
Hong Kong,1985,27140,644,783,139,93,102,174,766,929,1191,3237,6009,7360,5020,1416,330,436,464,465,450,741,1320,1917,2683,3326,3942,3418,3126,1894,1049,367,876,276,60
Hong Kong,1986,27766,581,707,126,87,99,164,741,976,1175,3199,6073,7657,5277,1546,310,431,474,502,462,713,1288,1911,2699,3374,4041,3616,3241,2036,1116,430,794,263,59
Hong Kong,1987,28642,542,654,112,83,94,158,714,1017,1178,3164,6125,8064,5708,1618,292,422,487,530,499,679,1257,1907,2717,3408,4097,3967,3397,2311,1142,476,737,252,66
Hong Kong,1988,30054,545,649,104,78,89,155,695,1070,1215,3179,6291,8542,6280,1730,280,415,507,563,551,664,1219,1960,2762,3529,4150,4392,3632,2648,1218,512,727,244,78
Hong Kong,1989,31163,497,597,100,78,84,151,668,1100,1258,3141,6379,8859,6854,1905,264,404,516,584,605,653,1168,1973,2784,3595,4147,4712,3896,2958,1358,547,675,235,92
Hong Kong,1990,32120,463,557,94,70,79,144,636,1110,1320,3057,6446,9028,7434,2135,249,387,516,594,670,650,1133,1924,2803,3643,4133,4895,4200,3234,1554,581,627,223,104
Hong Kong,1991,33150,441,533,92,67,77,136,607,1122,1392,2937,6496,9068,8099,2499,237,370,511,611,722,670,1084,1853,2806,3690,4126,4942,4583,3516,1853,646,600,213,116
Hong Kong,1992,33971,430,519,89,59,73,126,571,1118,1467,2809,6478,9017,8672,2920,224,347,496,622,752,715,1022,1787,2787,3691,4184,4833,4932,3740,2180,740,578,199,138
Hong Kong,1993,34792,400,489,89,57,70,117,537,1112,1549,2683,6483,8956,9170,3380,212,325,481,631,777,772,976,1707,2792,3691,4302,4654,5202,3968,2506,874,546,187,185
Hong Kong,1994,35344,373,461,88,55,65,106,498,1089,1616,2554,6406,8823,9530,3912,198,300,460,629,785,831,940,1614,2737,3669,4386,4437,5314,4216,2824,1088,516,171,227
Hong Kong,1995,35839,332,418,86,53,61,99,459,1056,1682,2466,6261,8755,9734,4509,182,277,437,619,783,899,925,1541,2611,3650,4490,4265,5252,4482,3133,1376,471,160,280
Hong Kong,1996,36690,286,370,84,50,56,93,430,1024,1753,2414,6142,8880,9870,5233,170,260,416,608,797,956,949,1465,2489,3653,4606,4274,5070,4800,3485,1748,420,149,372
Hong Kong,1997,36816,264,360,96,53,52,93,409,994,1813,2395,6061,9261,9639,5235,162,247,396,598,818,995,1010,1385,2421,3640,4624,4637,4854,4785,3453,1782,413,145,445
Hong Kong,1998,36490,217,303,86,49,46,89,384,941,1840,2388,5936,9612,9403,5006,151,233,365,576,826,1014,1079,1309,2320,3616,4614,4998,4755,4648,3318,1688,352,135,493
Hong Kong,1999,36757,192,273,81,47,45,86,371,908,1890,2461,5878,10030,9451,4806,145,226,343,565,842,1048,1174,1287,2247,3631,4688,5342,4911,4540,3216,1590,320,131,512
Hong Kong,2000,36403,183,257,74,47,43,79,351,855,1885,2530,5651,10170,9556,4494,137,214,318,537,835,1050,1267,1263,2136,3515,4692,5478,5184,4372,3040,1454,304,122,490
Hong Kong,2001,36210,157,220,63,43,41,73,332,809,1887,2630,5422,10231,9930,4148,130,202,301,508,821,1066,1345,1285,2021,3401,4713,5518,5597,4333,2835,1313,263,114,443
Hong Kong,2002,37246,146,207,61,41,40,70,318,773,1917,2800,5292,10469,10610,4273,127,191,289,484,811,1106,1419,1381,1949,3343,4786,5683,5995,4615,2910,1363,248,110,434
Hong Kong,2003,38815,138,211,73,48,46,76,332,780,1995,3030,5182,10781,11330,4547,136,196,298,482,826,1169,1508,1522,1910,3272,4904,5877,6380,4950,3094,1453,259,122,458
Hong Kong,2004,40035,123,182,59,34,36,63,292,705,1958,3216,5070,11053,12070,4880,120,172,271,434,785,1173,1559,1657,1881,3189,4997,6056,6724,5346,3322,1558,216,99,475
Hong Kong,2005,40358,118,173,55,33,34,60,271,654,1900,3349,4882,10930,12439,5153,109,162,254,400,743,1157,1560,1789,1827,3055,4847,6083,6803,5636,3506,1647,206,94,478
Hong Kong,2006,41137,114,164,50,31,32,58,256,619,1845,3519,4810,10906,12886,5517,102,154,241,378,707,1138,1596,1923,1856,2954,4724,6182,6916,5970,3752,1765,195,90,493
Hong Kong,2007,42057,115,163,48,31,29,55,244,590,1778,3654,4797,10920,13368,5901,96,148,227,363,668,1110,1640,2014,1979,2818,4631,6289,7059,6309,4027,1874,194,84,529
Hong Kong,2008,43362,115,167,52,26,27,53,237,566,1720,3788,4894,11061,13932,6299,92,145,215,351,631,1089,1686,2102,2175,2719,4567,6494,7278,6654,4329,1970,193,80,589
Hong Kong,2009,44286,111,166,55,25,25,49,226,539,1640,3856,5004,11039,14354,6730,88,138,202,337,586,1054,1694,2162,2356,2648,4447,6592,7460,6894,4612,2118,191,74,634
Hong Kong,2010,44420,114,169,55,22,22,46,212,505,1530,3819,5112,10715,14529,7074,81,131,190,315,538,992,1657,2162,2526,2586,4269,6446,7568,6961,4789,2285,191,68,661
Hong Kong,2011,45330,112,164,52,21,19,42,200,482,1456,3837,5348,10493,14987,7565,78,122,183,299,510,946,1622,2215,2701,2647,4141,6352,7811,7176,5027,2538,185,61,714
Hong Kong,2012,45832,118,170,52,20,18,40,187,456,1371,3814,5583,10120,15278,7984,73,114,176,280,483,888,1565,2249,2799,2784,3927,6193,7929,7349,5257,2727,190,58,784
Hong Kong,2013,46654,122,178,56,19,16,36,178,435,1297,3811,5909,9785,15650,8459,71,107,169,266,464,833,1525,2286,2907,3002,3749,6036,8098,7552,5554,2905,197,52,882
Hong Kong,2014,47357,112,168,56,20,14,33,165,411,1219,3770,6227,9462,15953,8932,66,99,161,250,448,771,1479,2291,2989,3238,3619,5843,8201,7752,5800,3132,188,47,977
Hong Kong,2015,48357,110,162,52,17,12,31,158,394,1153,3726,6609,9302,16243,9459,62,96,155,239,430,723,1430,2296,3039,3570,3577,5725,8188,8055,6047,3412,179,43,1086
Hong Kong,2016,49121,105,153,48,17,11,27,151,375,1099,3639,6961,9223,16361,9889,59,92,145,230,411,688,1368,2271,3093,3868,3657,5566,8049,8312,6236,3653,170,38,1212
Hong Kong,2017,49078,98,148,50,17,11,24,140,353,1042,3483,7118,9143,16329,9979,54,86,134,219,384,658,1280,2203,3145,3973,3871,5272,7870,8459,6396,3583,165,35,1291
Hong Kong,2018,49180,88,139,51,18,10,21,129,334,989,3319,7217,9166,16308,10167,49,80,123,211,358,631,1187,2132,3193,4024,4166,5000,7668,8640,6599,3568,157,31,1365
Hong Kong,2019,51005,80,131,51,17,10,20,120,325,966,3241,7486,9556,16773,10872,46,74,119,206,344,622,1129,2112,3298,4188,4603,4953,7688,9085,7097,3775,148,30,1492
Hong Kong,2020,53408,66,117,51,17,10,17,113,307,925,3099,7584,10433,17614,11597,42,71,113,194,330,595,1062,2037,3320,4264,5293,5140,7995,9619,7624,3973,134,27,1579
Hong Kong,2021,53764,53,99,46,18,10,16,101,288,887,2961,7674,10868,17056,12125,36,65,105,183,318,569,1014,1947,3295,4379,5611,5257,7695,9361,7923,4202,117,26,1662
Hungary,1950,106591,16503,18987,2484,948,769,1385,4310,3916,7567,12070,19252,23094,12936,1342,2094,2216,1407,2509,3287,4280,5633,6437,8599,10653,11816,11278,8604,4332,1166,176,19935,2154,13
Hungary,1951,109701,15813,18374,2561,781,697,1285,3940,3667,7220,12084,19932,25168,14874,1659,1911,2029,1531,2136,3100,4120,5576,6508,8526,11406,12832,12336,9719,5155,1453,206,19155,1982,15
Hungary,1952,107606,13155,14961,1806,601,551,1054,3414,3391,6828,12644,20288,26541,15546,1778,1663,1751,1602,1789,2843,3985,5770,6874,8626,11662,13208,13333,10306,5240,1559,219,15562,1605,12
Hungary,1953,112269,14799,16949,2150,638,541,867,2657,2905,6412,12548,20743,29051,17045,1902,1280,1377,1513,1392,2697,3715,5572,6976,8719,12024,14293,14758,11327,5718,1677,225,17587,1408,13
Hungary,1954,106885,13638,15312,1674,505,450,743,2407,2601,6257,12213,20198,28842,15781,1565,1121,1286,1470,1131,2631,3626,5180,7033,8379,11819,14330,14512,10613,5168,1380,185,15817,1193,10
Hungary,1955,97477,12264,13855,1591,538,439,700,2221,2437,5635,11402,18725,25790,14248,1472,983,1238,1349,1088,2261,3374,4749,6653,8203,10522,12959,12831,9516,4732,1282,190,14393,1139,9
Hungary,1956,104326,11210,12884,1674,520,500,1165,3082,2990,6037,12182,19731,27962,15577,1682,1556,1526,1599,1391,2380,3657,5056,7126,8802,10929,14006,13956,10392,5185,1476,206,13404,1665,13
Hungary,1957,103398,10189,11805,1616,502,422,750,2192,2917,5530,12129,20553,28830,16017,1739,1015,1177,1430,1487,1983,3547,4910,7219,9307,11246,14592,14238,10667,5350,1516,223,12307,1172,17
Hungary,1958,97581,8851,10251,1400,468,398,600,1871,2771,4923,11557,19382,27855,15891,1606,831,1040,1273,1498,1620,3303,4735,6822,8798,10584,13849,14006,10763,5128,1397,209,10719,998,14
Hungary,1959,103729,7705,8888,1183,472,392,685,1796,2896,4848,12486,21517,30210,17610,1912,837,959,1251,1645,1438,3410,4901,7585,9829,11688,14642,15568,11893,5717,1665,247,9360,1077,18
Hungary,1960,101504,6874,7915,1041,435,354,670,1694,2830,4550,11824,21014,30234,17967,1995,774,920,1200,1630,1341,3209,4790,7034,9567,11447,14364,15870,12076,5891,1734,261,8350,1024,21
Hungary,1961,96321,6083,6925,842,453,406,645,1628,2756,4274,11300,20505,28163,17294,1952,792,836,1166,1590,1480,2794,4708,6592,9385,11120,13288,14875,11600,5694,1707,245,7378,1051,18
Hungary,1962,108236,6090,7074,984,431,398,643,1627,2784,4409,12147,23075,32151,21026,2443,781,846,1146,1638,1800,2609,4997,7150,10384,12691,14854,17297,13831,7195,2139,304,7505,1041,20
Hungary,1963,99942,5703,6498,795,365,385,684,1629,2692,4314,11547,22291,29163,18382,1975,808,821,1130,1562,2018,2296,4773,6774,9992,12299,13702,15461,12085,6297,1724,251,6863,1069,14
Hungary,1964,100851,5244,5907,663,350,293,587,1610,2543,3991,11457,22829,29625,19555,2084,813,797,1038,1505,2029,1962,4661,6796,10000,12829,14202,15423,12904,6651,1813,271,6257,880,15
Hungary,1965,108136,5150,5839,689,338,339,564,1463,2575,4158,11823,23855,32586,22160,2414,721,742,1047,1528,2176,1982,4599,7224,10192,13663,15629,16957,14683,7477,2091,323,6177,903,17
Hungary,1966,102000,5359,5928,569,268,326,591,1458,2425,4257,11184,23108,30088,20061,2289,719,739,942,1483,2126,2131,4234,6950,9710,13398,14934,15154,13255,6806,1988,301,6196,917,18
Hungary,1967,109652,5617,6210,593,281,344,624,1561,2399,4885,11014,24618,33017,22211,2472,782,779,1006,1393,2200,2685,3770,7244,10278,14340,16664,16353,14672,7539,2158,314,6491,968,17
Hungary,1968,115404,5449,6008,559,272,381,666,1620,2563,5310,10983,25789,35013,23967,2819,788,832,1006,1557,2313,2997,3429,7554,10634,15155,17669,17344,15519,8448,2446,373,6280,1047,20
Hungary,1969,116616,5472,5984,512,249,330,641,1613,2451,5784,10906,26488,36180,23233,2735,762,851,1016,1435,2355,3429,3231,7675,10861,15627,18548,17632,14849,8384,2400,335,6233,971,22
Hungary,1970,120139,5364,5955,591,258,294,726,1694,2493,5963,10758,27116,37575,24267,3011,799,895,966,1527,2392,3571,3283,7475,11456,15660,19060,18515,15256,9011,2632,379,6213,1020,26
Hungary,1971,122838,5296,5806,510,280,275,755,1804,2546,6340,11025,27484,39759,23695,3041,933,871,1047,1499,2538,3802,3833,7192,11789,15695,20201,19558,15011,8684,2657,384,6086,1030,25
Hungary,1972,118997,5115,5581,466,248,242,671,1722,2565,6121,10607,26276,38140,23591,3207,877,845,1040,1525,2434,3687,4367,6240,11406,14870,19104,19036,14725,8866,2790,417,5829,913,26
Hungary,1973,123338,5308,5808,500,216,242,651,1683,2467,6121,10579,27098,40168,24797,3485,824,859,1053,1414,2393,3728,4953,5626,11531,15567,19876,20292,15614,9183,3029,456,6024,893,27
Hungary,1974,126194,6861,7338,477,264,246,645,1724,2613,6336,10599,27330,40459,25019,3595,892,832,1154,1459,2511,3825,5604,4995,11783,15547,20016,20443,15735,9284,3121,474,7602,891,29
Hungary,1975,131022,6252,6706,454,244,226,601,1771,2601,6545,10979,28113,42622,26762,3826,926,845,1162,1439,2477,4068,5894,5085,11777,16336,20447,22175,17127,9635,3313,513,6950,827,32
Hungary,1976,132122,5413,5879,466,221,198,549,1751,2705,6446,11950,27806,43278,27403,3901,850,901,1119,1586,2391,4055,5990,5960,10977,16829,20749,22529,17672,9731,3345,556,6100,747,36
Hungary,1977,131904,4560,4993,433,259,218,522,1783,2739,6499,12950,26895,43725,27457,3822,878,905,1141,1598,2412,4087,6064,6886,9644,17251,20659,23066,17907,9550,3276,546,5252,740,42
Hungary,1978,140024,3971,4422,451,248,237,523,1793,3077,6934,14786,27048,46401,30161,4340,835,958,1251,1826,2568,4366,6432,8354,9053,17995,21763,24638,19828,10333,3705,635,4670,760,48
Hungary,1979,136711,3729,4149,420,247,226,504,1824,3086,6887,16022,25543,44912,29227,4041,786,1038,1258,1828,2650,4237,6627,9395,7916,17627,21514,23398,19194,10033,3432,609,4396,730,45
Hungary,1980,145342,3313,3732,419,261,245,472,1968,3284,7433,17057,26625,47589,32169,4455,844,1124,1271,2013,2893,4540,7006,10051,8772,17853,23088,24501,20865,11304,3783,672,3993,717,53
Hungary,1981,144812,2905,3258,353,246,237,475,1961,3574,7569,17501,26267,47511,31934,4229,792,1169,1538,2036,3011,4558,7416,10085,9516,16751,23319,24192,20633,11301,3584,645,3504,712,52
Hungary,1982,144371,2605,2963,358,258,227,480,1722,3518,7451,17110,25793,47287,33046,4459,661,1061,1476,2042,3002,4449,7057,10053,11195,14598,23516,23771,21273,11773,3753,706,3221,707,58
Hungary,1983,148711,2366,2708,342,266,240,472,1856,3951,8145,17683,25888,48449,34271,4722,704,1152,1652,2299,3316,4829,7245,10438,13048,12840,23915,24534,21702,12569,4006,716,2974,712,61
Hungary,1984,146779,2527,2813,286,209,211,481,1782,4019,8046,17710,25336,47875,33401,4828,673,1109,1725,2294,3389,4657,7207,10503,14236,11100,23276,24599,21141,12260,4084,744,3022,692,65
Hungary,1985,147770,2662,2949,287,226,195,494,1699,4205,8214,17436,25117,47625,34351,5190,649,1050,1816,2389,3440,4774,7043,10393,13875,11242,22517,25108,21234,13117,4412,778,3175,689,68
Hungary,1986,147141,2380,2649,269,222,212,497,1546,4298,8102,17098,27013,45913,34140,5383,560,986,1861,2437,3360,4742,6805,10293,14070,12943,20637,25276,21135,13005,4616,767,2871,709,70
Hungary,1987,142644,2136,2431,295,188,221,512,1469,4222,7857,16512,27895,42473,33462,5335,585,884,1795,2427,3212,4645,6660,9852,13635,14260,17762,24711,20570,12892,4558,777,2619,733,72
Hungary,1988,139996,1922,2172,250,165,236,475,1396,4155,7850,15959,29482,39301,33256,5475,589,807,1719,2436,3253,4597,6461,9498,13421,16061,14665,24636,20639,12617,4646,829,2337,711,73
Hungary,1989,144672,1917,2190,273,194,237,507,1513,4556,8704,16770,31336,37893,34864,5827,663,850,1791,2765,3539,5165,6803,9967,13682,17654,13303,24590,21520,13344,4942,885,2384,744,79
Hungary,1990,145500,1881,2127,246,191,224,583,1568,4612,8974,16630,30975,37643,35653,6235,736,832,1689,2923,3689,5285,6756,9874,13563,17412,13501,24142,22250,13403,5270,965,2318,807,89
Hungary,1991,144637,1958,2207,249,178,187,519,1533,4530,9372,16492,30754,36603,35866,6300,692,841,1508,3022,4023,5349,7007,9485,13394,17360,15011,21592,22298,13568,5308,992,2385,706,93
Hungary,1992,148542,1682,1909,227,145,183,563,1502,4838,10323,17434,31234,36841,36902,6569,710,792,1559,3279,4610,5713,7612,9822,13386,17848,17551,19290,23111,13791,5510,1059,2054,746,94
Hungary,1993,150096,1443,1695,252,135,177,466,1407,4928,10884,17615,31282,36701,37582,7114,619,788,1431,3497,4913,5971,7966,9649,13795,17487,19873,16828,23411,14171,5938,1176,1830,643,111
Hungary,1994,146726,1316,1541,225,115,151,480,1339,4481,11029,17379,29868,35861,37388,6986,640,699,1309,3172,4974,6055,7884,9495,13067,16801,21360,14501,23089,14299,5809,1177,1656,631,110
Hungary,1995,145155,1196,1401,205,136,168,441,1280,3973,10985,17117,29117,35425,38021,6976,563,717,1244,2729,4875,6110,7699,9418,12547,16570,20675,14750,22798,15223,5746,1230,1537,609,111
Hungary,1996,142939,1105,1295,190,132,147,373,1220,3246,10369,16015,27733,37753,37138,7400,539,681,978,2268,4465,5904,7026,8989,11710,16023,20810,16943,21067,16071,6081,1319,1427,520,119
Hungary,1997,139208,971,1168,197,122,102,350,1188,2954,10429,15921,26969,38706,33722,7448,551,637,977,1977,4611,5818,7054,8867,11411,15558,19801,18905,17739,15983,6113,1335,1290,452,125
Hungary,1998,140693,933,1136,203,115,136,325,1232,2990,10661,16447,26622,40850,32103,7937,589,643,994,1996,4582,6079,7558,8889,11310,15312,19497,21353,15422,16681,6512,1425,1251,461,141
Hungary,1999,143026,796,963,167,110,147,295,1192,2763,10702,16630,26293,43355,31875,8547,562,630,928,1835,4300,6402,7401,9229,11077,15216,19763,23592,14485,17390,7044,1503,1073,442,154
Hungary,2000,135541,908,1066,158,96,131,281,1141,2529,9782,15791,24881,40726,30351,8613,540,601,942,1587,3596,6186,7085,8706,10660,14221,18358,22368,14265,16086,7172,1441,1162,412,154
Hungary,2001,132141,784,905,121,87,123,262,1061,2173,9280,15632,23447,39625,30574,8810,471,590,836,1337,3248,6032,7307,8325,10187,13260,17823,21802,16103,14471,7253,1557,992,385,157
Hungary,2002,132827,703,841,138,95,127,259,1099,2236,9015,15708,23194,39049,31661,9380,479,620,789,1447,3026,5989,7399,8309,10244,12950,17765,21284,18497,13164,7711,1669,936,386,166
Hungary,2003,135804,689,809,120,92,116,238,1017,2089,8571,16303,23561,39405,33210,10201,421,596,828,1261,2724,5847,7471,8832,10624,12937,17909,21496,21681,11529,8391,1810,901,354,196
Hungary,2004,132529,641,750,109,81,102,258,1017,2094,7881,16415,23335,37527,32511,10343,391,626,790,1304,2513,5368,7814,8601,10798,12537,16826,20701,22353,10158,8408,1935,831,360,213
Hungary,2005,135656,611,734,123,80,75,254,989,2086,7558,17181,23188,37987,34825,10492,370,619,739,1347,2382,5176,8200,8981,10660,12528,16767,21220,23014,11811,8485,2007,814,329,213
Hungary,2006,131519,578,702,124,49,118,259,886,2031,6750,17483,23046,35401,35188,9382,334,552,804,1227,2179,4571,8182,9301,10538,12508,15505,19896,22131,13057,7327,2055,751,377,221
Hungary,2007,132789,577,685,108,62,108,244,819,2023,6605,17642,22919,35388,37099,8947,342,477,798,1225,2245,4360,8037,9605,10509,12410,15319,20069,22077,15022,6664,2283,747,352,246
Hungary,2008,129960,558,649,91,63,87,263,748,1833,5793,17082,22925,34067,38027,8164,305,443,745,1088,1984,3809,7757,9325,10698,12227,14763,19304,21241,16786,5828,2336,712,350,257
Hungary,2009,130315,492,576,84,61,85,209,734,1812,5416,16966,23437,33527,39177,8032,336,398,706,1106,1905,3511,7259,9707,10776,12661,14493,19034,21096,18081,5556,2476,637,294,283
Hungary,2010,130270,473,552,79,49,67,200,634,1686,5070,16241,23030,33265,39976,9193,255,379,634,1052,1814,3256,6409,9832,10785,12245,14694,18571,21503,18473,6723,2470,601,267,310
Hungary,2011,128178,439,529,90,47,60,196,639,1506,4655,15430,23070,32555,39292,9856,292,347,576,930,1697,2958,5732,9698,11091,11979,14368,18187,21003,18289,7633,2223,576,256,342
Hungary,2012,129387,440,512,72,48,78,160,619,1440,4485,14874,23692,32113,39881,11113,285,334,533,907,1649,2836,5251,9623,11372,12320,14524,17589,21395,18486,9071,2042,560,238,373
Hungary,2013,126580,457,524,67,41,63,162,546,1384,4150,13751,23426,31407,39329,11420,241,305,439,945,1436,2714,4727,9024,11309,12117,14141,17266,20922,18407,9716,1704,565,225,372
Hungary,2014,126363,426,500,74,47,60,139,553,1346,4059,13121,24106,31337,38636,12040,255,298,446,900,1503,2556,4523,8598,11739,12367,14656,16681,20591,18045,10224,1816,547,199,418
Hungary,2015,131660,379,473,94,62,50,152,605,1334,4023,12564,25378,32609,40724,13275,261,344,432,902,1435,2588,4401,8163,12372,13006,15062,17547,21379,19345,11001,2274,535,202,411
Hungary,2016,127004,375,451,76,39,62,150,526,1226,3935,11566,25862,31620,38143,13073,233,293,405,821,1413,2522,4083,7483,12308,13554,14611,17009,19864,18279,10546,2527,490,212,355
Hungary,2017,131642,328,401,73,58,69,130,515,1273,3919,11060,26912,32989,40020,13996,211,304,472,801,1337,2582,4083,6977,12602,14310,15058,17931,20430,19590,11087,2909,459,199,302
Hungary,2018,130864,302,373,71,28,40,134,553,1185,3937,10749,26868,33064,39529,14135,249,304,446,739,1510,2427,4054,6695,12419,14449,15220,17844,20127,19402,10940,3195,401,174,270
Hungary,2019,129283,335,405,70,57,62,123,517,1108,3791,10326,26197,33287,39068,14058,214,303,407,701,1449,2342,3960,6366,11440,14757,15110,18177,19664,19404,10866,3192,462,185,288
Hungary,2020,140677,315,373,58,41,37,119,568,1177,4004,10730,28145,37457,42488,15166,233,335,442,735,1463,2541,4292,6438,11497,16648,17191,20266,21673,20815,11809,3357,414,156,367
Hungary,2021,154245,313,379,66,53,45,128,594,1230,4710,12531,31001,43534,43537,16046,218,376,462,768,1561,3149,5321,7210,11520,19481,21334,22200,23641,19896,12403,3643,432,173,459
Iceland,1950,1122,77,97,20,10,6,19,44,47,64,115,166,264,241,50,23,21,22,25,28,36,49,66,76,90,126,138,134,107,41,9,107,25,2
Iceland,1951,1146,77,97,20,10,6,17,43,46,64,117,172,267,244,62,23,20,21,25,27,37,49,68,76,96,122,145,133,111,50,12,107,23,2
Iceland,1952,1092,75,92,17,10,5,16,41,42,63,108,166,254,231,62,21,20,20,22,27,36,44,64,73,93,110,144,125,106,50,12,102,21,2
Iceland,1953,1124,66,85,19,11,5,15,40,43,64,112,177,263,247,65,20,20,20,23,27,37,47,65,78,99,111,152,134,113,52,13,96,20,2
Iceland,1954,1065,66,82,16,9,5,13,39,41,62,105,169,247,230,65,19,20,20,21,27,35,44,61,76,93,106,141,130,100,52,13,91,18,1
Iceland,1955,1105,73,91,18,10,5,14,38,42,62,108,172,250,237,74,18,20,20,22,27,35,46,62,78,94,111,139,140,97,59,15,101,19,2
Iceland,1956,1158,71,89,18,11,6,13,37,43,63,112,185,262,256,78,17,20,20,23,27,36,48,64,85,100,119,143,151,105,62,16,100,19,2
Iceland,1957,1163,70,87,17,11,6,13,35,43,65,113,185,260,263,80,16,19,20,23,28,37,49,64,84,101,123,137,157,106,62,18,98,19,3
Iceland,1958,1171,73,91,18,9,6,13,35,43,67,115,188,261,260,79,16,19,20,23,29,38,50,65,84,104,127,134,156,104,62,17,100,19,4
Iceland,1959,1246,75,95,20,11,6,15,34,45,71,123,204,277,280,79,16,18,20,25,31,40,53,70,90,114,135,142,164,116,61,18,106,21,4
Iceland,1960,1174,66,83,17,10,6,13,31,41,67,115,190,266,269,76,15,16,19,22,28,39,50,65,81,109,128,138,154,115,58,18,93,19,3
Iceland,1961,1250,73,92,19,11,6,16,31,43,73,127,207,287,279,81,15,16,20,23,32,41,54,73,88,119,136,151,155,124,59,22,103,22,2
Iceland,1962,1242,72,91,19,10,6,15,31,41,69,125,202,291,280,78,15,16,19,22,30,39,54,71,84,118,138,153,151,129,57,21,101,21,3
Iceland,1963,1326,68,89,21,11,7,17,32,42,75,136,218,319,297,82,17,15,19,23,32,43,58,78,92,126,152,167,161,136,60,22,100,24,3
Iceland,1964,1323,71,90,19,11,7,17,34,41,73,134,217,321,296,82,18,16,19,22,31,42,58,76,93,124,153,168,162,134,62,20,101,24,4
Iceland,1965,1294,65,84,19,11,6,16,33,40,70,130,211,321,287,83,18,15,18,22,29,41,55,75,91,120,155,166,159,128,66,17,95,22,3
Iceland,1966,1395,67,85,18,11,7,18,34,44,77,142,230,352,304,89,18,16,19,25,32,45,60,82,101,129,170,182,170,134,74,15,96,25,2
Iceland,1967,1386,58,76,18,11,7,17,33,41,75,144,227,358,304,91,18,15,18,23,31,44,61,83,102,125,170,188,172,132,75,16,87,24,2
Iceland,1968,1389,53,70,17,11,6,17,33,39,74,143,227,360,311,94,18,15,16,23,31,43,60,83,102,125,168,192,179,132,75,19,81,23,2
Iceland,1969,1457,53,70,17,11,7,18,35,40,76,150,241,382,328,98,19,16,18,22,32,44,64,86,108,133,174,208,191,137,76,22,81,25,3
Iceland,1970,1460,53,67,14,11,7,19,35,39,76,150,245,387,331,93,19,16,17,22,31,45,62,88,108,137,173,214,196,135,69,24,78,26,3
Iceland,1971,1510,57,71,14,11,8,17,37,37,78,156,252,394,351,93,21,16,16,21,32,46,65,91,110,142,175,219,213,138,66,27,82,25,3
Iceland,1972,1454,56,70,14,10,6,17,33,33,73,148,245,376,348,89,18,15,15,18,30,43,61,87,108,137,166,210,213,135,65,24,80,23,2
Iceland,1973,1476,53,67,14,10,7,19,36,34,72,148,251,379,363,86,19,17,15,19,29,43,61,87,109,142,170,209,220,143,63,23,77,26,2
Iceland,1974,1492,53,67,14,9,8,18,36,33,69,148,252,382,378,86,20,16,15,18,28,41,61,87,110,142,172,210,225,153,63,23,76,26,3
Iceland,1975,1415,50,62,12,6,6,17,33,32,64,139,234,360,369,85,18,15,15,17,26,38,58,81,102,132,164,196,216,153,64,21,68,23,3
Iceland,1976,1347,39,51,12,6,6,17,33,30,58,129,223,342,364,86,18,15,15,15,23,35,53,76,98,125,158,184,208,156,65,21,57,23,4
Iceland,1977,1433,43,54,11,6,6,17,33,30,59,134,235,358,399,96,18,15,15,15,22,37,54,80,102,133,168,190,223,176,74,22,60,23,4
Iceland,1978,1419,46,56,10,6,6,16,33,30,55,128,230,352,399,105,18,15,15,15,21,34,52,76,100,130,164,188,219,180,81,24,62,22,4
Iceland,1979,1481,43,55,12,6,6,16,33,30,55,130,235,368,421,121,18,15,15,15,20,35,52,78,101,134,170,198,229,192,95,26,61,22,5
Iceland,1980,1537,39,50,11,6,6,16,34,30,54,135,245,386,439,131,18,16,15,15,20,34,54,81,105,140,177,209,233,206,102,29,56,22,4
Iceland,1981,1661,41,53,12,6,5,17,37,34,55,139,262,415,476,155,20,17,16,18,21,34,55,84,112,150,189,226,251,225,122,33,59,22,5
Iceland,1982,1589,39,49,10,6,5,14,33,32,52,131,248,400,453,159,18,15,15,17,21,31,53,78,106,142,182,218,236,217,125,34,55,19,5
Iceland,1983,1654,41,51,10,6,5,16,36,37,51,134,260,420,472,163,19,17,18,19,20,31,53,81,111,149,191,229,247,225,129,34,57,21,4
Iceland,1984,1584,31,41,10,6,5,13,32,32,48,123,244,399,459,174,17,15,15,17,20,28,48,75,104,140,182,217,243,216,134,40,47,18,6
Iceland,1985,1654,31,40,9,6,5,13,32,34,47,125,253,415,486,186,17,15,16,18,20,27,48,77,108,145,189,226,258,228,147,39,46,18,10
Iceland,1986,1591,19,28,9,5,5,11,31,32,47,117,243,402,475,184,16,15,15,17,21,26,43,74,102,141,183,219,252,223,143,41,33,16,8
Iceland,1987,1723,35,43,8,6,5,13,32,36,49,120,259,434,513,204,16,16,16,20,22,27,44,76,107,152,196,238,272,241,155,49,49,18,8
Iceland,1988,1826,38,47,9,6,5,13,33,38,53,124,270,458,545,227,16,17,19,19,24,29,45,79,112,158,207,251,288,257,166,61,53,18,8
Iceland,1989,1721,29,38,9,5,5,13,30,36,50,111,254,432,523,214,15,15,17,19,22,28,40,71,103,151,195,237,273,250,156,58,43,18,10
Iceland,1990,1712,31,39,8,5,5,12,31,34,52,108,251,435,519,216,15,16,16,18,23,29,39,69,102,149,195,240,268,251,157,59,44,17,11
Iceland,1991,1795,32,41,9,5,5,12,31,37,56,109,260,459,546,225,15,16,17,20,24,32,40,69,107,153,208,251,282,264,166,59,46,17,11
Iceland,1992,1724,29,37,8,5,5,11,28,34,53,100,242,441,535,225,13,15,16,18,22,31,37,63,99,143,199,242,276,259,165,60,42,16,13
Iceland,1993,1753,27,35,8,4,5,11,26,33,54,96,240,452,548,236,13,13,15,18,24,30,36,60,98,142,202,250,283,265,173,63,39,16,13
Iceland,1994,1720,21,30,9,4,5,10,25,34,54,96,233,445,541,231,13,12,16,18,23,31,39,57,93,140,199,246,279,262,172,59,34,15,12
Iceland,1995,1917,26,34,8,5,5,11,26,38,60,106,255,496,606,265,13,13,18,20,26,34,44,62,100,155,222,274,317,289,199,66,39,16,15
Iceland,1996,1889,21,28,7,5,4,11,23,36,59,103,247,491,599,265,12,11,16,20,25,34,45,58,93,154,215,276,314,285,196,69,33,15,14
Iceland,1997,1845,23,29,6,5,4,11,24,34,58,100,235,482,588,258,13,11,14,20,24,34,44,56,88,147,209,273,308,280,187,71,34,15,12
Iceland,1998,1830,15,20,5,5,4,10,22,33,56,102,228,475,596,261,12,10,14,19,24,32,45,57,84,144,203,272,310,286,190,71,25,14,13
Iceland,1999,1914,16,21,5,5,4,10,26,33,60,111,229,500,630,276,14,12,14,19,25,35,48,63,84,145,213,287,327,303,198,78,26,14,13
Iceland,2000,1828,16,21,5,5,4,8,22,29,58,108,208,481,608,262,12,10,12,17,24,34,46,62,77,131,203,278,316,292,186,76,26,12,13
Iceland,2001,1727,14,19,5,5,4,8,20,27,53,105,192,453,587,241,10,10,11,16,22,31,43,62,72,120,193,260,307,280,171,70,24,12,12
Iceland,2002,1822,11,15,4,5,4,8,20,28,57,113,196,470,634,262,10,10,11,17,24,33,48,65,75,121,199,271,331,303,189,73,20,12,14
Iceland,2003,1836,12,16,4,4,3,7,21,27,59,111,190,463,647,277,10,11,10,17,24,35,46,65,75,115,195,268,338,309,200,77,20,10,14
Iceland,2004,1833,12,16,4,3,3,7,21,25,58,112,192,458,650,270,10,11,10,15,24,34,47,65,79,113,190,268,341,309,197,73,19,10,15
Iceland,2005,1843,13,17,4,2,3,7,20,26,56,115,190,451,666,274,10,10,11,15,23,33,48,67,81,109,184,267,346,320,199,75,19,10,18
Iceland,2006,1906,11,15,4,3,2,8,19,29,59,118,196,456,694,289,9,10,14,15,24,35,49,69,86,110,179,277,351,343,213,76,18,10,18
Iceland,2007,1946,10,14,4,0,2,8,20,28,62,122,199,457,716,299,9,11,13,15,25,37,50,72,90,109,176,281,360,356,219,80,14,10,17
Iceland,2008,1997,14,18,4,0,1,8,20,29,61,127,207,451,736,319,9,11,14,15,23,38,54,73,94,113,172,279,361,375,231,88,18,9,18
Iceland,2009,2017,11,15,4,1,2,8,20,29,60,129,215,443,748,326,9,11,14,15,22,38,54,75,95,120,170,273,370,378,238,88,16,10,20
Iceland,2010,2030,10,14,4,1,1,8,19,28,58,129,222,437,764,327,9,10,13,15,21,37,53,76,96,126,167,270,378,386,244,83,15,9,20
Iceland,2011,1996,5,8,3,0,1,7,19,27,52,125,225,412,760,338,10,9,13,14,18,34,51,74,97,128,159,253,375,385,252,86,8,8,19
Iceland,2012,1964,9,13,4,0,0,6,18,25,48,121,224,395,752,342,9,9,11,14,17,31,50,71,96,128,155,240,365,387,256,86,13,6,19
Iceland,2013,2148,11,14,3,1,0,6,19,27,53,134,247,429,818,381,10,9,12,15,19,34,55,79,104,143,174,255,395,423,286,95,15,6,19
Iceland,2014,2057,9,12,3,0,0,4,18,25,49,129,237,412,771,383,9,9,10,15,19,30,52,77,100,137,174,238,367,404,286,97,12,4,16
Iceland,2015,2183,8,11,3,0,0,6,19,27,52,133,253,435,817,416,10,9,12,15,21,31,53,80,107,146,189,246,380,437,311,105,11,6,17
Iceland,2016,2313,5,9,4,0,0,6,19,28,52,144,275,471,856,440,9,10,11,17,21,31,56,88,115,160,212,259,389,467,331,109,9,6,17
Iceland,2017,2227,11,13,2,0,0,4,18,26,50,137,266,453,808,433,8,10,10,16,21,29,51,86,110,156,207,246,363,445,318,115,13,4,19
Iceland,2018,2248,7,8,1,0,0,4,17,26,53,135,269,467,801,442,7,10,10,16,22,31,52,83,115,154,213,254,353,448,324,118,8,4,21
Iceland,2019,2413,5,7,2,0,0,5,18,29,59,143,293,510,834,488,7,11,13,16,25,34,52,91,124,169,229,281,370,464,361,127,7,5,24
Iceland,2020,2456,5,7,2,0,0,4,15,23,57,136,297,543,837,507,6,9,10,13,23,34,49,87,123,174,240,303,377,460,377,130,7,4,24
Iceland,2021,2512,5,7,2,0,0,4,13,22,54,131,303,578,833,536,6,7,10,12,21,33,45,86,126,177,252,326,380,453,394,142,7,4,21
India,1950,7942496,2817464,4231012,1413548,217451,144597,198482,453608,455211,457898,492693,530892,497373,229976,33175,224546,229062,224107,231104,232657,225241,253549,239144,293456,237436,268138,229235,154178,75798,25629,7546,4448463,343079,125
India,1951,8171043,2870708,4362131,1491423,230246,146158,200804,459689,462136,470113,513670,559860,503405,231924,30497,227631,232058,227607,234529,237820,232293,262426,251244,303243,256617,267180,236225,156163,75761,24424,6073,4592377,346962,410
India,1952,8293344,2901373,4423309,1521936,234846,146391,203617,466494,468692,480294,529115,579590,499565,232325,28477,230921,235573,230587,238105,240797,239497,264127,264988,299664,279926,257048,242517,156918,75407,23281,5196,4658155,350008,633
India,1953,8442216,2935490,4488790,1553300,240652,148817,209420,480288,481461,494853,545903,596670,494595,232879,27191,237576,242712,236551,244910,245429,249424,264552,281351,291844,304826,247107,247488,157748,75131,22662,4529,4729442,358237,695
India,1954,8413993,2950974,4496033,1545059,236656,142659,205323,473013,473822,490625,546930,600413,488280,233215,26400,233745,239268,232226,241596,240774,249851,258645,288285,282071,318342,241445,246835,158339,74876,22438,3962,4732689,347982,624
India,1955,8468267,2964450,4513411,1548961,245200,141491,204148,472946,474058,493786,555859,612324,492905,235601,26050,233466,239480,232113,241945,240629,253157,259710,296149,283560,328764,247480,245425,160297,75304,22385,3665,4758611,345639,492
India,1956,8533395,2971993,4524258,1552265,255662,141171,201919,471720,473840,497076,567233,628567,505613,240089,25840,232671,239049,231951,241889,241022,256054,264644,302589,293882,334685,264316,241297,164079,76010,22334,3506,4779920,343090,405
India,1957,8617802,2977740,4532506,1554766,269152,142524,199819,471626,475006,501452,580174,647240,525720,246508,25708,232570,239056,232662,242344,242765,258687,273536,306638,312978,334262,291677,234043,169730,76778,22325,3383,4801658,342343,366
India,1958,8673317,2977771,4528779,1551008,280103,142997,196426,468394,473186,502459,589798,663683,549181,252275,25705,230909,237485,231952,241234,243427,259032,282481,307317,334570,329113,321436,227745,174586,77689,22374,3331,4808882,339423,331
India,1959,8687830,2971540,4509674,1538134,284826,143639,192749,462254,468812,500415,595535,677259,571178,255305,25883,227587,234667,229857,238955,242623,257792,288480,307055,351108,326151,343431,227747,176352,78953,22549,3334,4794500,336388,293
India,1960,8756300,2983520,4513617,1530097,288695,148674,193997,465187,473112,504576,603581,691372,590929,256038,26247,228507,236680,232090,241022,245111,259465,293942,309639,362018,329354,355569,235360,175566,80472,22881,3366,4802312,342671,271
India,1961,8874247,3004257,4536423,1532166,293033,157263,200088,477034,485918,514827,613854,705717,608652,254509,26666,233500,243534,238562,247356,250913,263914,298959,314895,367233,338484,358178,250474,171794,82715,23266,3400,4829456,357351,263
India,1962,8969316,3022841,4554445,1531604,292960,165382,206385,487541,497551,523397,621895,718258,623164,251038,27042,237391,250150,244323,253228,255673,267724,300657,321238,365076,353182,350490,272674,165352,85686,23613,3429,4847405,371767,257
India,1963,9064358,3043777,4575637,1531860,292207,173501,212396,495710,507419,530955,630157,732366,637241,249021,27493,240120,255590,249086,258333,259547,271408,301095,329062,360767,371599,340052,297189,160710,88311,24036,3457,4867844,385897,255
India,1964,9176669,3068033,4604679,1536646,294242,179764,219388,500283,514675,537882,640570,750446,654482,251862,28145,241752,258531,252466,262209,262729,275153,302827,337743,360868,389578,337113,317369,162278,89584,24641,3504,4898921,399152,254
India,1965,9823825,3229055,4924208,1695153,348500,207356,236283,515907,535993,566942,684341,808012,701540,265358,29132,249910,265997,262306,273687,275635,291307,320995,363346,384365,423647,358635,342905,174394,90964,25552,3580,5272708,443639,255
India,1966,9885962,3227017,4916007,1688990,357908,206430,237612,502098,527186,565504,698597,837696,728612,278107,29954,244342,257756,257511,269675,273180,292324,325393,373204,398212,439484,377553,351059,188810,89297,26341,3613,5273915,444042,254
India,1967,9962698,3234421,4917028,1682607,372329,204270,236782,483506,513881,562014,714743,871913,759770,295316,30895,237094,246412,250587,263294,269285,292729,331501,383242,419264,452649,407863,351907,209018,86298,27267,3628,5289357,441052,252
India,1968,9486463,3096345,4620987,1524642,339524,174890,222661,444770,476404,530971,698824,872122,766185,307679,31200,219964,224806,232075,244329,252190,278781,322952,375872,426103,446019,427810,338375,224796,82883,27572,3628,4960511,397551,250
India,1969,9550627,3101637,4624047,1522410,355854,171159,219272,430232,459378,524843,712316,904347,795662,322135,31128,215980,214252,223168,236210,247001,277842,328281,384035,447756,456591,456663,338999,238602,83533,27436,3692,4979901,390431,252
India,1970,9606005,3110193,4630041,1519848,370809,168966,217103,425058,444844,519912,722370,929354,817002,329836,30456,217522,207536,215433,229411,242861,277051,331936,390434,463229,466125,473471,343531,243192,86644,26689,3767,5000850,386069,259
India,1971,9657680,3129243,4645818,1516575,384046,169750,219348,429275,434758,517125,727405,943172,826532,330846,29339,223834,205441,209790,224968,240510,276615,333520,393885,470632,472540,476125,350407,239318,91528,25442,3897,5029864,389098,268
India,1972,9701774,3149286,4669274,1519988,393793,171709,223534,438625,426207,514947,728574,949650,829189,327754,28235,232883,205742,204595,221612,238878,276069,333194,395380,471213,478437,467523,361666,229408,98346,24124,4111,5063067,395243,283
India,1973,9700688,3152321,4662052,1509731,399098,173197,228553,451546,418983,512651,726203,949465,826765,323922,27941,243722,207824,200154,218829,237587,275064,331151,395052,466838,482627,453247,373518,218649,105273,23579,4362,5061150,401750,310
India,1974,9627602,3128980,4607425,1478445,396640,171728,231264,462262,409633,507520,720269,944537,822920,323907,29142,250935,211327,195210,214423,235082,272438,327493,392776,461001,483536,441403,381517,213613,110294,24527,4615,5004065,402992,353
India,1975,9592460,3090288,4549078,1458790,397860,172186,233324,472354,402263,505058,719896,947387,828870,331725,32037,255167,217187,191762,210501,233741,271317,326455,393441,460551,486836,439628,389242,217407,114318,27102,4935,4946938,405510,415
India,1976,9571887,3058099,4486561,1428462,398379,170852,231898,476067,393387,502073,723378,958370,845749,347997,36672,255206,220861,187997,205390,231895,270178,326916,396462,465063,493307,447786,397963,229750,118247,31354,5318,4884940,402750,505
India,1977,9555203,3002950,4399463,1396513,401761,169634,228262,474764,384177,499824,731138,977421,872965,372119,43053,251905,222859,184387,199790,230247,269577,329280,401858,474786,502635,465908,407057,250410,121709,37290,5763,4801224,397896,626
India,1978,9520383,2943454,4297507,1354053,400233,165203,221734,468392,373792,495939,739489,999806,906350,400831,50343,245462,222930,180385,193407,227506,268433,331904,407585,486801,513005,489506,416844,275282,125549,43954,6389,4697740,386937,761
India,1979,9514537,2908125,4215751,1307626,400823,161072,214818,457882,366414,491536,748285,1024985,944242,430676,57164,237639,220243,178626,187788,224076,267460,334771,413514,499640,525345,513828,430414,298624,132052,49803,7361,4616574,375890,888
India,1980,9529884,2888969,4157376,1268407,401780,156979,208058,445285,362300,486348,755669,1050156,983477,458734,62721,229844,215441,179053,183247,219875,266473,337176,418493,511479,538677,535743,447734,317348,141386,54068,8653,4559156,365037,1001
India,1981,9532282,2865362,4101611,1236249,403089,152975,201869,433395,359464,479986,759219,1071061,1019547,482366,66612,222951,210444,179888,179576,214743,265243,338240,420979,520455,550606,553086,466461,329828,152538,56474,10138,4504700,354844,1084
India,1982,9512344,2829065,4038930,1209865,404507,149247,196784,422584,357910,472875,759291,1087505,1051527,501210,68830,217123,205461,181277,176633,208895,263980,337986,421305,526388,561117,564981,486546,335843,165367,57064,11766,4443437,346031,1141
India,1983,9487429,2796732,3982132,1185400,404697,145880,192839,413056,357794,465607,757442,1100538,1079147,516788,70300,212336,200720,183315,174479,203091,262516,336892,420550,530134,570404,572905,506242,338707,178081,57051,13249,4386829,338719,1211
India,1984,9470538,2775292,3936810,1161518,403956,143128,189986,405144,359306,458830,755248,1111201,1102200,531078,72320,208623,196521,184443,174863,198263,260567,335522,419726,532933,578268,579699,522501,343072,188006,58074,14246,4340766,333114,1334
India,1985,9443755,2741328,3880379,1139051,402023,141081,188179,398334,362085,452912,754032,1120805,1121477,545627,75314,205343,192991,184502,177583,194792,258120,334186,419846,535704,585101,586724,534753,350845,194782,60538,14776,4282402,329260,1508
India,1986,9433597,2719515,3833386,1113871,397093,139753,187635,393589,366564,448274,755683,1130781,1138357,561461,79301,202734,190855,185277,181287,192904,255370,333591,422092,539111,591670,594221,544136,362260,199201,64298,15003,4230479,327388,1719
India,1987,9400433,2666310,3754775,1088465,388408,139065,187973,390843,372631,444883,760829,1142015,1153785,579031,84236,200862,189981,186622,186009,192454,252429,334232,426597,543678,598337,602858,550927,377430,201601,69265,14971,4143183,327038,1959
India,1988,9368817,2610162,3670083,1059921,377171,138586,188807,390331,380096,443336,768297,1154532,1168590,597427,89378,199948,190383,188434,191662,193323,250013,335765,432532,549271,605261,612382,556208,393958,203469,74422,14956,4047254,327393,2184
India,1989,9335200,2553676,3580179,1026503,365103,137895,189506,390883,386080,445812,776237,1168207,1183874,615329,93761,199387,191496,190160,195920,196947,248865,337376,438861,555443,612764,621879,561995,408406,206923,78440,15321,3945282,327401,2330
India,1990,9305873,2489416,3483673,994257,354091,137385,190204,394713,392191,453647,784268,1183694,1200566,631903,97134,200533,194180,192843,199348,203691,249956,339352,444916,562455,621239,631458,569108,419438,212465,81055,16079,3837764,327589,2401
India,1991,9295002,2442364,3403195,960831,345026,136313,189734,399429,398393,464200,791047,1200553,1218467,646600,99618,202297,197132,195662,202731,211247,252953,341311,449736,570183,630370,641332,577135,426999,219601,82510,17108,3748221,326047,2424
India,1992,9285086,2396484,3325047,928563,337902,134450,187751,404299,404002,476901,795965,1218308,1237299,659316,101422,204156,200143,198249,205753,219536,257365,342814,453151,578265,640043,651295,586004,431105,228211,83043,18379,3662949,322201,2417
India,1993,9282709,2342103,3242582,900479,332687,133526,185852,411399,411023,492848,801259,1237484,1257319,671029,103273,207113,204286,201640,209383,229433,263415,345006,456253,586715,650769,661756,595563,433726,237303,83600,19673,3575269,319378,2429
India,1994,9269679,2292049,3160754,868705,325269,130914,182749,417586,416793,509067,805290,1254910,1275868,682034,105918,209646,207940,204418,212375,237298,271769,347440,457850,593713,661197,671812,604056,436867,245167,85226,20692,3486023,313663,2522
India,1995,9269376,2242215,3079805,837590,317577,129377,181512,425826,424540,527424,811442,1272035,1293925,693523,109688,213184,212642,207919,216621,244435,282989,351516,459926,599606,672429,682149,611776,441923,251600,88213,21475,3397382,310889,2698
India,1996,9261931,2182429,2988740,806311,308220,128422,181775,434331,433354,546223,819093,1288014,1310315,705974,114526,216675,217656,211377,221977,252534,293689,356299,462794,603696,684318,691774,618541,448960,257014,92377,22149,3296960,310197,2940
India,1997,9251005,2120257,2892893,772636,296951,128090,183572,442158,443218,564864,827741,1302824,1324959,719969,120515,219718,222440,214877,228341,261284,303580,361232,466509,606126,696698,700446,624513,458299,261670,97702,22813,3189844,311662,3249
India,1998,9244646,2058441,2797368,738927,285402,128609,186788,448877,454064,583138,837110,1316083,1339858,736364,127401,222128,226749,218654,235410,269785,313353,366431,470679,607205,708878,708892,630966,469659,266705,103723,23678,3082770,315397,3581
India,1999,9235338,1992304,2697311,705007,273776,129393,190438,454244,464891,596999,849988,1326553,1357046,755977,134830,223967,230277,222472,242419,276651,320348,375066,474922,606663,719890,717699,639347,482420,273557,109789,25041,2971087,319831,3891
India,2000,9220819,1936554,2604937,668383,260217,128357,192515,456209,472904,604853,863820,1332816,1377874,779345,142787,224679,231530,225473,247431,280075,324778,386301,477519,604692,728124,727439,650435,496484,282861,115827,26960,2865154,320872,4185
India,2001,9234705,1885362,2522254,636892,251049,129127,195082,457918,481103,613434,876521,1338089,1406303,807804,151537,226008,231910,229687,251416,280979,332455,398618,477903,603615,734474,740553,665750,512744,295060,122206,29331,2773303,324209,4478
India,2002,9185917,1812588,2416781,604193,239059,125427,192653,450100,481144,615944,881056,1337529,1439642,840737,161061,223112,226988,230795,250349,275226,340718,409176,471880,601122,736407,755592,684050,530643,310094,128927,32134,2655840,318080,4782
India,2003,9149752,1731142,2304343,573201,229921,122686,190156,442842,481326,619951,885314,1338071,1480313,878565,171157,221158,221684,232554,248772,268152,351799,420885,464429,600714,737357,774325,705988,551205,327360,136132,35025,2534264,312842,5103
India,2004,9135916,1652709,2195519,542810,222954,120557,187478,436314,481741,625711,891825,1341404,1525479,919865,181587,219649,216665,234484,247257,261832,363879,429384,462441,603523,737881,795599,729880,574473,345392,143890,37697,2418473,308035,5482
India,2005,9095710,1565840,2073424,507584,212399,115626,182149,427810,478819,629249,899166,1346551,1570303,962598,191734,216522,211288,234139,244680,255854,373395,433099,466067,608274,738277,816714,753589,599643,362955,151811,39923,2285823,297775,5882
India,2006,9080132,1480555,1953532,472977,203200,111278,177303,422367,477265,634888,913961,1357903,1615403,1005683,201086,214350,208017,233168,244097,254022,380866,438151,475810,615867,742036,838425,776978,626244,379439,159347,41739,2156732,288581,6264
India,2007,9094629,1406414,1844807,438393,193148,106781,173084,420622,477098,642225,939182,1375480,1659171,1047291,209144,213477,207145,231249,245849,257893,384332,444473,494709,625119,750361,859940,799231,653182,394109,166043,43101,2037955,279865,6594
India,2008,9123063,1337834,1743132,405298,181656,102182,169033,420446,477140,650499,974133,1398222,1698876,1085374,215535,212669,207777,227969,249171,266443,384056,451721,522412,635775,762447,879148,819728,678480,406894,171450,44085,1924788,271215,6830
India,2009,9154384,1274295,1649022,374727,169334,97593,164592,419283,476937,659111,1010712,1431214,1731569,1117949,220114,210718,208565,223717,253220,277584,381527,459779,550933,653932,777282,893397,838172,699915,418034,175229,44885,1818356,262185,6952
India,2010,9162368,1204668,1550899,346231,156327,92966,159434,414525,475682,666617,1046439,1471836,1754955,1142783,222928,206513,208012,219094,256588,289041,377576,468946,577493,679248,792588,901219,853736,715518,427265,177417,45511,1707226,252400,6982
India,2011,9139211,1134563,1454108,319545,143127,88583,153023,404237,471972,671714,1084421,1510495,1768487,1157849,224219,199132,205105,214067,257905,298301,373413,479567,604854,705776,804719,902046,866441,723899,433950,178318,45901,1597235,241606,6973
India,2012,9072346,1064942,1359000,294058,130475,84365,144934,387081,464137,672700,1121321,1543219,1771858,1161828,224450,188198,198883,208383,255754,302160,370540,491245,630076,733451,809768,895640,876218,724262,437566,178300,46150,1489475,229299,6978
India,2013,8986805,999915,1271132,271217,119434,80573,136279,365614,453662,670713,1156231,1572043,1769439,1159391,225225,175341,190273,202891,250771,301029,369684,503996,652235,762295,809748,886006,883433,719833,439558,178700,46525,1390566,216852,7071
India,2014,8876169,918478,1165468,246990,108876,76629,127428,342337,441933,666677,1187232,1599999,1766080,1157663,228513,161933,180404,197506,244427,297046,369631,516521,670711,783463,816536,878206,887874,715379,442284,181122,47391,1274344,204057,7334
India,2015,8825601,862300,1086813,224513,100166,73262,119926,322079,432891,664131,1215413,1633175,1769927,1164055,235934,150543,171536,193289,239602,293205,370926,528024,687389,798043,835132,877584,892343,715680,448375,186752,49182,1186979,193188,7827
India,2016,8838896,814169,1018066,203897,92736,70182,114378,306818,428326,664512,1239311,1675730,1785952,1185590,248709,141987,164831,190880,237446,291433,373079,536537,702774,813153,862577,886720,899232,725311,460279,196489,52220,1110802,184560,8584
India,2017,8927865,756067,942957,186890,86752,67799,111332,299212,430747,669518,1258316,1734232,1819512,1229524,268302,137320,161892,191341,239406,294075,375443,541301,717015,829414,904818,908154,911358,748862,480662,211358,56944,1029709,179131,9663
India,2018,9098071,710682,881398,170716,81531,65859,109953,297951,438854,677954,1272481,1805996,1869563,1291660,293833,135922,162029,193835,245019,300307,377647,542816,729665,845705,960291,940468,929095,783216,508444,230531,63302,962929,175812,11036
India,2019,9280916,660518,817738,157220,76907,64120,109048,298941,448454,688212,1284656,1867837,1936407,1354982,321079,135828,163113,196617,251837,307307,380905,544036,740620,859554,1008283,986800,949607,817255,537727,250610,70469,894645,173168,12534
India,2020,10262275,617178,762626,145448,72441,61349,97591,265838,438801,731942,1427541,2183725,2243507,1583011,379159,119577,146261,185382,253419,322591,409351,597808,829733,993092,1190633,1181780,1061727,936795,646216,296137,83022,835067,158940,14745
India,2021,13299618,589231,724163,134932,68301,61048,125348,366977,588863,973480,1886413,2883130,2988974,2134463,480638,166667,200310,251239,337624,420534,552946,801560,1084853,1317940,1565190,1586034,1402940,1257028,877435,377934,102704,792464,186396,17818
Indonesia,1950,1504880,532713,852379,319666,80448,43568,49404,106446,90932,84402,72647,65534,44717,13374,1021,57579,48867,44994,45938,44360,40042,37715,34932,34595,30939,26626,18091,9734,3640,890,131,932827,92972,9
Indonesia,1951,1522031,541281,856611,315330,79102,43282,49685,107991,90649,86433,75885,69207,47663,14324,1178,58227,49764,44911,45738,45194,41239,39242,36643,36452,32755,28293,19370,10410,3914,988,190,935713,92967,25
Indonesia,1952,1517167,546624,851567,304943,75403,41560,48698,107017,88583,86784,78224,72340,50389,15252,1305,57387,49630,44074,44509,45090,41694,40307,37917,37977,34363,29796,20593,11071,4181,1074,231,926970,90258,41
Indonesia,1953,1526178,552168,851394,299226,72788,40521,48645,107987,88173,87948,81339,76127,53490,16287,1422,57549,50438,44222,43951,45389,42559,41822,39517,39848,36279,31526,21964,11818,4469,1158,264,924182,89166,55
Indonesia,1954,1533493,557202,854087,296885,70042,39061,47800,107254,87089,88373,84183,79938,56736,17385,1483,56804,50450,44039,43050,45195,43178,43194,40989,41706,38232,33337,23399,12624,4761,1222,261,924129,86861,57
Indonesia,1955,1542415,560475,855114,294639,68048,37931,47307,107258,86847,88792,87032,83902,60055,18524,1554,56536,50722,44336,42511,44931,43861,44503,42529,43654,40248,35210,24845,13465,5059,1288,266,923162,85238,57
Indonesia,1956,1544495,564295,856807,292512,65836,36266,45754,105111,85566,88007,89020,87431,63298,19713,1632,55222,49889,44028,41538,43938,44069,45254,43766,45340,42091,37031,26267,14337,5376,1361,271,922643,82020,56
Indonesia,1957,1555754,568106,858565,290459,65061,35116,44834,104683,86002,88174,91881,91639,66988,21032,1724,54858,49825,44563,41439,43462,44712,46377,45504,47373,44266,39138,27850,15305,5727,1443,281,923626,79950,56
Indonesia,1958,1574678,571159,859527,288368,64364,33712,44421,108094,88822,89303,95288,95974,70862,22432,1823,56555,51539,46418,42404,43609,45694,47754,47534,49441,46533,41348,29514,16321,6111,1531,292,923891,78133,57
Indonesia,1959,1577821,574014,860290,286276,64474,32647,42666,104300,87724,87937,97365,99871,74701,23860,1926,54400,49900,45814,41910,42523,45414,48349,49016,51194,48677,43518,31183,17345,6515,1621,305,924764,75313,58
Indonesia,1960,1592968,577383,861689,284306,65155,31997,41843,103893,88961,88006,100364,104515,79019,25428,2043,53957,49936,46396,42565,42382,45624,49501,50863,53330,51185,45962,33057,18460,6968,1723,320,926844,73840,59
Indonesia,1961,1601965,579283,861817,282534,65524,31350,40720,102197,89214,87233,102481,108832,83330,27042,2168,52781,49416,46309,42905,42004,45229,50263,52218,55270,53562,48355,34975,19594,7448,1832,336,927341,72070,60
Indonesia,1962,1603495,579394,859312,279918,65852,30956,39122,98035,88137,85998,104095,113159,87755,28712,2300,50257,47778,45319,42818,41509,44489,50759,53336,57274,55885,50789,36966,20762,7950,1947,353,925164,70078,61
Indonesia,1963,1614322,578600,855981,277381,66450,31123,38307,96796,89027,86234,106436,118212,92699,30545,2451,49250,47546,45405,43622,41904,44330,51588,54848,59752,58460,53516,39183,22047,8498,2079,372,922431,69430,63
Indonesia,1964,1609041,576513,849402,272889,65506,30632,36529,92918,87694,85182,107030,122031,97133,32313,2603,46944,45974,44307,43387,41686,43496,51451,55579,61570,60461,55901,41232,23282,9031,2212,391,914908,67161,65
Indonesia,1965,2120931,623570,975998,352428,98263,44585,60532,178632,151211,131673,151400,163584,123823,38206,2951,89734,88898,78234,72977,66297,65376,73341,78059,83465,80119,72061,51762,27774,10432,2511,440,1074261,105117,73
Indonesia,1966,1739828,570061,847441,277380,80362,43974,45960,111309,108971,99677,118745,135728,108659,36140,2810,55171,56138,54785,54186,50429,49248,56584,62161,68526,67202,62482,46177,26044,10096,2443,367,927803,89934,53
Indonesia,1967,1596310,555606,811286,255680,64777,31489,34668,85248,86369,86323,109748,134604,111238,37658,2866,42590,42658,42871,43498,43169,43154,50946,58802,67037,67567,63680,47558,27107,10551,2532,334,876063,66157,33
Indonesia,1968,1593623,545483,794982,249499,64399,31821,34912,83332,86175,87693,110730,139649,116993,39928,2991,41617,41715,42595,43580,44007,43686,50832,59898,69000,70649,66733,50260,28740,11188,2668,323,859381,66733,22
Indonesia,1969,1582204,535662,776782,241120,63089,31732,34900,80071,84661,88301,110676,143878,122447,42347,3289,40060,40011,41603,43058,44306,43995,50373,60303,70488,73390,69514,52933,30433,11914,2888,401,839871,66632,29
Indonesia,1970,1575549,525571,759103,233532,61979,31744,35258,77660,83537,89434,111002,148551,128571,45053,3610,39010,38650,40771,42766,44720,44714,50305,60697,72265,76286,72627,55944,32320,12733,3129,481,821082,67002,45
Indonesia,1971,1570440,514668,740589,225921,61068,31865,35867,76070,82742,90914,111537,153130,134877,47814,3903,38449,37621,40059,42683,45175,45739,50586,60951,74129,79001,75871,59006,34247,13567,3362,541,801657,67732,61
Indonesia,1972,1560202,504384,722856,218472,59742,31736,36113,73931,80752,91290,111191,156584,141057,50685,4189,37772,36159,38726,42026,44951,46339,50633,60558,75381,81203,79085,61972,36236,14449,3596,593,782598,67849,73
Indonesia,1973,1554297,495191,705243,210052,58431,31571,36486,72808,79312,92306,111756,160364,147729,53738,4473,37769,35039,37653,41659,45001,47305,51277,60479,76728,83636,82704,65025,38361,15377,3837,636,763674,68057,83
Indonesia,1974,1547052,483295,685541,202246,56875,31322,36889,72278,77956,93336,112679,163841,154525,56957,4761,38119,34159,36663,41293,45071,48265,52183,60496,77792,86049,86405,68120,40602,16355,4087,674,742416,68211,89
Indonesia,1975,1544272,473920,668834,194914,55511,31080,37276,72112,76564,94398,114222,167235,161476,60402,5066,38664,33448,35705,40859,45196,49202,53423,60799,78636,88599,90081,71395,43002,17400,4354,712,724345,68356,94
Indonesia,1976,1540090,464796,652478,187682,53867,30697,37648,72608,75106,95003,115781,169682,167899,63844,5379,39506,33102,34859,40247,45188,49815,54643,61138,78841,90841,93238,74661,45382,18462,4630,749,706345,68345,97
Indonesia,1977,1534312,455379,636035,180656,52023,30073,37614,72459,73069,95256,117814,171972,174693,67490,5718,39795,32664,33753,39316,45025,50231,55997,61817,78932,93040,96399,78294,47868,19622,4930,788,688058,67687,99
Indonesia,1978,1535393,448208,622143,173935,50862,29863,38028,73404,71741,95867,120520,174105,181597,71094,6069,40478,32926,33067,38674,45093,50774,57551,62969,79089,95016,99515,82082,50282,20812,5240,829,673005,67891,99
Indonesia,1979,1529697,440923,609848,168925,49254,29250,37450,72111,68643,94813,122401,175385,188792,75159,6489,39794,32317,31542,37101,44248,50565,58476,63925,78975,96410,102639,86153,52960,22199,5610,879,659102,66700,101
Indonesia,1980,1520812,432115,595366,163251,47262,28359,36827,71576,65978,93605,124204,176074,195369,79179,6909,39448,32128,30340,35638,43305,50300,59161,65043,78927,97147,105498,89871,55586,23593,5978,931,642628,65186,104
Indonesia,1981,1525962,422476,580612,158136,46355,28153,37202,73313,65509,94215,127868,178470,203021,83762,7376,40271,33042,30275,35234,43229,50986,60589,67279,80099,98371,109133,93888,58638,25124,6387,989,626967,65355,107
Indonesia,1982,1514470,413400,565787,152387,44463,27182,36307,72093,63057,92294,129290,178898,208908,88225,7854,39482,32611,29350,33707,41835,50459,60703,68587,80615,98283,111666,97242,61636,26589,6802,1052,610250,63489,110
Indonesia,1983,1507421,401405,547830,146425,42774,26322,35681,71823,61843,91421,131972,180904,215271,93085,8377,39192,32631,29155,32688,40926,50495,61376,70596,82173,98731,114355,100916,64987,28098,7256,1121,590604,62003,115
Indonesia,1984,1502365,387590,527627,140037,41692,25910,35626,72505,61744,90875,134744,183488,221124,97985,8919,39381,33124,29589,32155,40268,50607,62091,72653,84158,99330,116595,104529,68360,29625,7726,1193,569319,61536,120
Indonesia,1985,1481346,367348,500721,133373,40004,25004,34705,71229,60503,88837,136072,185741,225992,102899,9510,38513,32716,29438,31065,38927,49910,62146,73926,85988,99753,117980,108012,71636,31263,8242,1268,540725,59709,126
Indonesia,1986,1472140,347535,473581,126046,38812,24461,34372,71654,60929,88429,139194,190652,231677,108114,10136,38537,33117,30068,30861,38453,49976,63191,76003,89142,101510,119670,112007,75020,33094,8788,1348,512393,58833,131
Indonesia,1987,1481144,333880,451660,117780,38356,24517,34958,74062,63387,89666,144031,198007,237917,113675,10774,39581,34481,31608,31779,38867,50799,65149,78882,93441,104566,121692,116225,78563,35112,9343,1431,490016,59475,136
Indonesia,1988,1494558,322709,432783,110074,37591,24325,35321,76270,66148,91008,149285,206737,244059,119465,11422,40522,35748,33119,33029,39335,51673,67326,81959,98271,108466,123824,120235,82201,37264,9900,1522,470374,59646,140
Indonesia,1989,1487026,309615,412757,103142,35870,23557,34529,75346,66603,89508,150860,212790,247955,124991,12112,39846,35500,33296,33307,38580,50928,67654,83206,101345,111445,124904,123051,85554,39437,10490,1622,448627,58086,145
Indonesia,1990,1477380,294530,390784,96254,34009,22848,33927,75016,67676,88378,152210,218748,250853,129981,12801,39487,35529,33721,33955,38117,50261,67813,84397,104061,114687,125981,124872,88612,41369,11077,1724,424793,56775,150
Indonesia,1991,1484318,284247,374360,90113,32488,22524,33866,75467,69748,88590,154957,226899,255795,135841,13626,39504,35963,34590,35158,38344,50246,68479,86478,107478,119421,128628,127167,92282,43559,11790,1836,406848,56390,156
Indonesia,1992,1468017,270972,355449,84477,30366,21696,32651,72685,68974,86536,154125,231714,258541,140665,14449,37894,34791,33955,35019,37664,48872,67357,86768,108855,122859,130494,128047,95137,45528,12508,1941,385815,54347,161
Indonesia,1993,1464235,259049,338053,79004,28267,20633,31656,71151,69202,86213,155005,238814,263699,145990,15382,36971,34180,33807,35395,37962,48251,66999,88006,111232,127582,134023,129676,98242,47748,13327,2055,366320,52289,168
Indonesia,1994,1480775,249281,323086,73805,27352,20525,32085,72463,72044,88483,158018,247957,270951,151283,16350,37473,34990,35010,37034,39643,48840,67679,90339,114679,133278,138993,131958,101229,50054,14176,2174,350438,52610,176
Indonesia,1995,1487222,240336,309565,69229,25907,19755,31640,71804,73028,89663,158954,255175,278273,155932,17334,37013,34791,35221,37807,40824,48839,67481,91473,117225,137950,144039,134234,103591,52341,15023,2311,335472,51395,186
Indonesia,1996,1518695,232321,297277,64956,25404,19606,32502,74548,77420,94453,163535,265999,288870,160564,18317,38279,36269,37125,40295,43755,50698,69163,94372,121867,144132,151033,137837,105890,54674,15852,2465,322681,52108,198
Indonesia,1997,1526135,224355,285938,61583,24207,18671,31863,73323,77745,96040,163438,272136,298513,164662,19386,37610,35713,36989,40756,44860,51180,68801,94637,124164,147972,157109,141404,107705,56957,16745,2641,310145,50534,211
Indonesia,1998,1544482,213224,271460,58236,23502,18230,32113,74296,80197,100063,165198,279904,310088,168726,20480,38013,36283,37926,42271,46957,53106,69431,95767,127381,152523,164046,146042,109636,59090,17658,2822,294962,50343,223
Indonesia,1999,1559353,201643,256513,54870,22491,17392,31734,74617,81808,104282,166762,287229,322171,172539,21579,38145,36472,38421,43387,48871,55411,70155,96607,130331,156898,170850,151321,111602,60937,18569,3010,279004,49126,235
Indonesia,2000,1580688,192699,244274,51575,22024,17078,31787,75374,83828,108876,168332,293958,335107,177026,22770,38485,36889,39157,44671,50870,58006,71017,97315,132731,161227,177484,157623,114252,62774,19570,3200,266298,48865,248
Indonesia,2001,1591456,184707,233032,48325,21082,16320,30734,74328,83846,112279,168928,298625,346926,181196,23901,37929,36399,38868,44978,52104,60175,71639,97289,133906,164719,182890,164036,116998,64198,20517,3384,254114,47054,261
Indonesia,2002,1595707,176571,221701,45130,20341,15810,29781,73118,83414,114533,168664,300563,357130,185411,24972,37276,35842,38419,44995,52809,61724,72154,96510,133541,167022,186881,170249,120006,65405,21407,3565,242042,45591,272
Indonesia,2003,1611652,169204,211666,42462,19504,15123,28651,72239,83413,118019,171047,304719,369650,191222,26114,36786,35453,38170,45243,53994,64025,74331,96716,134191,170528,191915,177735,124297,66925,22343,3771,231170,43774,285
Indonesia,2004,1806890,172518,232380,59862,36485,26760,38811,92910,105344,141136,190425,323291,391933,199833,27290,47118,45792,48932,56412,65426,75710,85366,105059,142347,180944,203238,188695,130770,69063,23301,3989,268865,65571,297
Indonesia,2005,1679144,158553,196370,37817,18819,15018,28518,74495,87881,128981,182223,315333,396755,206204,28228,37522,36973,39923,47958,58315,70666,82181,100042,136918,178415,203375,193380,135524,70680,24024,4204,215189,43536,311
Indonesia,2006,1697947,155109,191610,36501,18327,14794,27760,72933,87269,131628,186268,316451,407092,214335,29153,36456,36477,39495,47774,58976,72652,85375,100893,136707,179744,207585,199507,141525,72810,24719,4434,209937,42554,328
Indonesia,2007,1718514,151969,186308,34339,17276,14199,27196,71661,87094,134299,191332,317358,417486,223831,30130,35449,36212,39309,47785,59704,74595,88552,102780,136654,180704,211961,205525,148309,75522,25457,4673,203584,41395,350
Indonesia,2008,1763465,146641,179490,32849,16954,14266,27554,73122,90136,140830,201755,322331,430663,234822,31165,35793,37329,40639,49497,62259,78571,93935,107820,138850,183481,218060,212603,155978,78844,26258,4907,196444,41820,375
Indonesia,2009,1780272,140872,172555,31683,16254,13810,26749,71280,89413,142874,208618,322200,438962,244952,32206,34633,36647,40214,49199,62641,80233,97137,111481,138948,183252,221217,217745,162626,82326,27078,5128,188809,40559,402
Indonesia,2010,1807440,135751,166182,30431,15914,13644,26697,70598,89971,145611,216915,323541,448183,256281,33472,34150,36448,40454,49517,63448,82163,100663,116252,140001,183540,224509,223674,169664,86617,28117,5355,182096,40341,433
Indonesia,2011,1842810,133150,162080,28930,15553,13383,26691,70306,91112,149218,226969,326970,457352,267823,34889,34039,36267,40928,50184,64606,84612,104902,122067,142412,184558,227483,229869,176454,91369,29308,5581,177633,40074,469
Indonesia,2012,1875355,128582,156263,27681,15290,13078,26635,69732,91939,152330,236783,331443,465440,279394,36518,33892,35840,41252,50687,65512,86818,108922,127861,145981,185462,229577,235863,182909,96485,30699,5819,171553,39713,510
Indonesia,2013,1888518,121478,148078,26600,14698,12380,25761,66984,90042,152255,243341,334775,470685,290568,38398,32698,34286,40254,49788,64954,87301,111242,132099,149736,185039,229909,240776,188821,101747,32314,6084,162776,38141,554
Indonesia,2014,1903725,115327,140667,25340,14368,12081,25439,65283,89014,152205,249087,338867,474254,301394,40468,32015,33268,39645,49369,64567,87638,113080,136007,154157,184710,229458,244796,194471,106923,34115,6353,155035,37520,595
Indonesia,2015,1932676,109331,133321,23990,14062,11859,25254,64789,89301,154336,257612,347178,478767,312719,42845,31915,32874,39521,49780,65181,89155,116208,141404,160901,186277,229900,248867,200587,112132,36184,6661,147383,37113,635
Indonesia,2016,1971512,103942,126650,22708,13872,11762,25194,65070,90056,157384,267534,358601,484281,324830,45605,32132,32938,39505,50551,66293,91091,119920,147614,168990,189611,231380,252901,207351,117479,38581,7024,140522,36956,673
Indonesia,2017,2004491,98494,119845,21351,13621,11665,24949,65123,90175,159466,276039,370636,487733,336032,48495,32236,32887,39135,51040,67042,92424,122945,153094,176601,194035,232233,255500,213566,122466,41074,7421,133466,36614,710
Indonesia,2018,2001885,94281,114948,20667,13235,11369,23582,61656,85422,154750,275520,377163,485928,345937,51626,30684,30972,36613,48809,64685,90065,121612,153908,180141,197022,230344,255584,218607,127330,43727,7899,128183,34951,751
Indonesia,2019,2032338,90376,109467,19091,12465,11009,23120,61065,84673,155979,282150,391832,488472,356489,54823,30414,30651,35945,48728,65081,90898,123755,158395,187228,204604,231470,257002,224122,132367,46398,8425,121932,34129,794
Indonesia,2020,2436950,86812,104897,18085,12136,10976,22989,60797,89459,180607,349355,510986,592767,435675,65417,30131,30666,36821,52638,74206,106401,150355,199000,243016,267970,287861,304906,270427,165248,55621,9796,117033,33965,887
Indonesia,2021,2755190,83508,100731,17223,11801,11196,25618,68209,100369,206792,403577,600338,667734,486561,71321,33544,34665,41363,59006,84322,122470,173384,230193,285222,315116,326194,341540,302286,184275,60685,10636,112532,36814,938
Iran,1950,468811,175349,262525,87176,9257,6812,8931,21779,18196,20526,24739,37934,40254,16225,1623,10747,11032,9211,8985,10000,10526,11468,13271,18055,19879,21250,19004,11183,5042,1405,218,271782,15743,5
Iran,1951,480932,177879,272609,94730,9508,6753,8986,22081,18721,20689,24875,37866,40489,16742,1596,10823,11258,9665,9056,9983,10706,11687,13188,17852,20014,21267,19222,11666,5076,1399,197,282117,15739,14
Iran,1952,485338,178769,276034,97265,9754,6618,8961,22106,19259,20635,25025,37588,40482,17264,1595,10874,11232,10173,9086,9854,10781,11898,13127,17428,20160,21186,19296,12206,5058,1387,208,285788,15579,18
Iran,1953,490122,180081,278771,98690,10205,6598,9003,22225,20021,20640,25389,37352,40507,17788,1605,11038,11187,10794,9227,9767,10873,12194,13195,16999,20353,21161,19346,12716,5072,1394,211,288976,15601,18
Iran,1954,490379,181211,280262,99051,10630,6377,8739,21759,20290,20226,25392,36634,40254,18185,1613,10889,10870,11033,9257,9508,10718,12261,13131,16431,20203,21012,19242,13013,5172,1412,201,290892,15116,14
Iran,1955,490819,181262,279306,98044,11332,6346,8612,21715,20887,20148,25690,36208,40297,18632,1634,10896,10819,11336,9551,9474,10674,12435,13255,16151,20057,21046,19251,13247,5385,1438,196,290638,14958,11
Iran,1956,493607,182242,280447,98205,12005,6440,8489,21696,21422,20087,26043,35807,40463,19048,1645,10884,10812,11479,9943,9483,10604,12584,13459,16004,19803,21187,19276,13406,5642,1449,196,292452,14929,11
Iran,1957,497280,183540,281655,98115,12804,6813,8484,21893,22041,20102,26493,35332,40622,19384,1641,10955,10938,11523,10518,9560,10542,12732,13761,15956,19376,21390,19232,13472,5912,1445,196,294459,15297,12
Iran,1958,494016,184135,280938,96803,12698,6608,8026,21307,21960,19679,26441,34503,40523,19659,1659,10583,10724,11116,10844,9458,10221,12579,13862,15808,18695,21409,19114,13497,6162,1458,201,293636,14634,13
Iran,1959,494463,184665,281033,96368,12936,6866,7879,21051,22107,19660,26612,34117,40575,19902,1715,10383,10668,10900,11207,9590,10070,12527,14085,15873,18244,21428,19147,13547,6355,1511,204,293969,14745,12
Iran,1960,492822,182387,278360,95973,13089,7261,7851,20790,22204,19837,26752,34033,40660,20162,1809,10190,10600,10768,11436,9837,10000,12460,14292,16039,17994,21359,19301,13650,6512,1599,210,291449,15112,11
Iran,1961,489062,179119,273902,94783,13187,7592,7883,20492,22212,20170,26772,34074,40550,20318,1901,9972,10520,10693,11519,10195,9975,12336,14436,16248,17826,21084,19466,13704,6614,1688,213,287089,15475,12
Iran,1962,500209,178190,272899,94709,14961,9122,8814,21734,23623,21861,27892,35390,41237,20662,2004,10516,11218,11443,12180,11330,10531,12759,15133,17106,18284,21156,20081,13918,6744,1790,214,287860,17936,12
Iran,1963,485069,175640,266537,90897,13604,8327,8257,20168,22255,21528,26789,34823,40153,20544,2075,9678,10490,10854,11401,11364,10164,12115,14674,16953,17870,20188,19965,13799,6745,1858,217,280141,16584,12
Iran,1964,483138,174056,263081,89025,13763,8525,8607,19973,22160,22189,26699,35341,39907,20735,2144,9584,10389,10895,11265,11819,10370,12003,14696,17301,18040,19814,20093,13925,6810,1919,225,276844,17132,12
Iran,1965,482459,173144,260316,87172,13918,8623,9129,19968,22205,22895,26693,35900,39656,20942,2201,9644,10324,10956,11249,12171,10724,11998,14695,17607,18293,19601,20055,14077,6865,1961,240,274234,17752,13
Iran,1966,480455,172503,257843,85340,13699,8534,9488,19801,22032,23373,26563,36346,39314,21195,2252,9685,10116,10869,11163,12252,11121,11983,14580,17782,18564,19466,19848,14271,6924,1997,255,271542,18022,13
Iran,1967,479832,171979,255492,83513,13663,8597,9924,19787,22026,23917,26517,36988,39067,21542,2301,9851,9936,10830,11196,12212,11705,12042,14475,17980,19008,19519,19548,14554,6988,2031,270,269155,18521,13
Iran,1968,487289,171272,254500,83228,14705,9583,10992,20640,22788,25170,27154,38177,39243,21973,2350,10499,10141,11153,11635,12451,12719,12489,14665,18410,19767,19901,19342,14890,7083,2066,284,269205,20575,13
Iran,1969,473898,168377,247895,79518,13265,8586,10418,19758,21602,24603,26571,37979,38721,22107,2383,10285,9473,10463,11139,11820,12783,12368,14203,18093,19886,19855,18866,14943,7164,2091,292,261160,19004,14
Iran,1970,468344,164421,241454,77033,13039,8563,10397,20046,21227,24790,26899,38316,38907,22263,2426,10714,9332,10196,11031,11686,13104,12725,14174,18063,20253,20169,18738,14967,7296,2124,302,254493,18960,15
Iran,1971,459449,159386,233320,73934,12656,8366,10247,20141,20551,24597,27235,38360,39199,22302,2459,10977,9164,9781,10770,11470,13127,13116,14119,17882,20478,20512,18687,14859,7443,2153,306,245976,18613,16
Iran,1972,455608,153216,224269,71053,13169,8811,10662,21097,20583,24945,28319,38811,40070,22358,2492,11666,9431,9718,10865,11656,13289,13970,14349,17913,20898,21180,18890,14723,7635,2181,311,237438,19473,16
Iran,1973,439920,147958,213927,65969,12186,8030,10114,20646,19403,24065,28552,38140,40241,22090,2512,11512,9134,9074,10329,11302,12763,14356,14196,17421,20719,21408,18833,14359,7731,2198,314,226113,18144,17
Iran,1974,433176,145000,207043,62043,11907,7792,10035,20919,18853,23732,29292,37980,40987,22053,2566,11589,9330,8799,10054,11201,12531,14863,14429,17233,20747,21887,19100,14221,7832,2246,320,218950,17827,18
Iran,1975,428029,142810,201855,59045,11534,7514,9842,20900,18209,23343,30001,37966,41967,22229,2649,11361,9539,8526,9683,11004,12339,15177,14824,17180,20786,22397,19570,14303,7926,2319,330,213389,17356,18
Iran,1976,424517,142352,198147,55795,11181,7292,9672,20987,17720,23034,30670,37906,42842,22328,2723,11224,9763,8385,9335,10818,12216,15294,15376,17189,20717,22785,20057,14408,7920,2386,337,209328,16964,19
Iran,1977,420922,140627,193655,53028,10944,7214,9555,21106,17324,22857,31396,37868,43736,22448,2800,11144,9962,8320,9004,10659,12198,15234,16162,17268,20600,23114,20622,14581,7867,2459,341,204599,16769,19
Iran,1978,446189,140983,195645,54662,13835,9583,11544,25015,19463,25041,34369,39714,46068,22994,2895,13125,11890,9606,9857,11659,13382,16217,18152,18361,21353,24237,21831,15094,7900,2545,350,209480,21127,19
Iran,1979,410943,137306,184576,47270,9953,6703,9088,21397,16833,22179,32147,37661,44785,22699,2899,11146,10251,8452,8381,10135,12044,14627,17520,17557,20104,23225,21560,14972,7727,2545,354,194529,15791,19
Iran,1980,421590,134123,179144,45021,9403,6449,10212,27468,20022,23772,33756,38903,46006,23464,2974,14441,13027,10581,9441,10919,12853,15152,18604,18454,20449,23631,22375,15568,7896,2603,371,188547,16661,20
Iran,1981,463148,129414,172492,43078,9478,6767,14362,45803,29972,29366,37979,41856,47701,24342,3011,24296,21507,16797,13175,13844,15522,17206,20773,20395,21461,24346,23355,16256,8086,2625,386,181970,21129,20
Iran,1982,467174,128547,168965,40418,8760,6148,14317,48478,32234,29583,38320,43474,48695,25156,3022,25501,22977,18336,13898,13904,15679,17414,20906,21638,21836,24548,24147,16924,8232,2622,400,177725,20465,21
Iran,1983,458383,125069,163599,38530,8446,5785,13654,46521,31848,28505,37711,44563,48708,25985,3038,24302,22219,18210,13638,13256,15249,17240,20471,22599,21964,24324,24384,17567,8418,2626,412,172045,19439,21
Iran,1984,420303,120435,157324,36889,8417,5428,10495,32441,24631,23998,34905,44602,48235,26747,3066,16722,15719,13624,11007,10822,13176,15837,19068,22686,21916,23879,24356,18106,8641,2646,420,165741,15923,22
Iran,1985,414661,114877,149992,35115,8397,5261,10284,31854,24894,23666,34863,46075,48579,27654,3121,16308,15546,13506,11388,10696,12970,15840,19023,23385,22690,24016,24563,18712,8942,2697,424,158389,15545,22
Iran,1986,409061,108471,141796,33325,8376,5156,10095,31285,25154,23442,34973,47694,49160,28698,3206,15961,15324,13410,11744,10678,12764,15856,19117,23879,23815,24359,24801,19332,9366,2778,428,150172,15251,23
Iran,1987,407466,101323,132736,31413,8814,5359,10206,31450,26080,23816,35747,49925,50133,29865,3305,16026,15424,13688,12392,11015,12801,16147,19600,24368,25557,24994,25139,19979,9886,2873,432,141550,15565,24
Iran,1988,399265,93860,122669,28809,8667,5293,9932,30703,26165,23633,35856,51374,50716,30821,3411,15674,15029,13539,12626,11094,12539,16060,19796,24259,27115,25504,25212,20452,10369,2975,436,131336,15225,25
Iran,1989,358371,87101,113594,26493,8489,5137,6861,17061,17679,19603,33166,50914,50834,31479,3532,8639,8422,8560,9119,9004,10599,14477,18689,23217,27697,25823,25011,20691,10788,3088,444,122083,11998,25
Iran,1990,395366,83669,113678,30009,13871,9162,9607,21687,21890,23117,36419,55164,54235,32803,3709,11111,10576,10768,11122,11062,12055,15957,20462,24877,30287,28110,26125,21435,11368,3250,459,127549,18769,26
Iran,1991,359309,77365,99676,22311,8357,5351,6994,17753,18649,21437,34329,54225,55402,33231,3877,9036,8717,9003,9646,10269,11168,14782,19547,24103,30122,29000,26402,21549,11682,3405,472,108033,12345,26
Iran,1992,357543,70838,91519,20681,8170,5484,7059,17733,18865,22297,34653,55336,58249,34139,4009,9010,8723,9046,9819,10801,11496,14798,19855,24647,30689,31108,27141,22001,12138,3527,482,99689,12543,25
Iran,1993,352295,63690,82934,19244,7838,5536,7053,17175,18559,22758,34516,55814,61014,34811,4261,8701,8474,8814,9745,11081,11677,14612,19904,25049,30765,33176,27838,22289,12522,3752,509,90772,12589,27
Iran,1994,339797,53464,70562,17098,7439,5585,7022,15993,17719,22863,33957,55733,63074,35326,4498,8103,7890,8268,9451,11024,11839,14291,19666,25166,30567,34638,28436,22482,12844,3960,538,78001,12607,28
Iran,1995,335330,46493,61678,15185,7033,5572,7197,15662,17446,23450,33986,56392,66082,36067,4729,7942,7720,8057,9389,11046,12404,14341,19645,25507,30885,36180,29902,22890,13177,4158,571,68711,12769,30
Iran,1996,333355,41086,54254,13168,6734,5840,7988,16803,18347,24347,32952,56430,70156,34867,4606,8530,8273,8535,9812,11341,13006,14224,18728,24626,31804,38315,31841,22237,12630,4029,577,60988,13828,30
Iran,1997,334060,37175,48797,11622,6717,6198,8692,17429,18432,24944,32740,56739,71936,36423,4979,9011,8418,8587,9845,11425,13519,14366,18374,24554,32185,38248,33688,23200,13223,4343,636,55514,14890,33
Iran,1998,336247,34725,44574,9849,6005,5825,8936,17587,17994,25077,32279,56900,77519,38232,5284,9288,8299,8402,9592,11279,13798,14414,17865,24241,32659,39819,37700,24536,13696,4579,705,50579,14761,38
Iran,1999,333233,33096,41715,8619,5520,5701,9352,18207,17843,25235,32340,56615,76932,38314,5415,9837,8370,8390,9453,11255,13980,14788,17552,23934,32681,38411,38521,24786,13528,4667,748,47235,15053,41
Iran,2000,336549,31616,39314,7698,4982,5528,9670,18872,17650,25112,32660,56290,79394,41228,5803,10411,8461,8361,9289,11172,13940,15308,17352,23523,32767,38877,40517,27084,14144,4977,826,44296,15198,48
Iran,2001,343560,30344,37506,7162,4535,5422,10079,19938,17763,25300,33500,56594,83394,43336,6133,11154,8784,8467,9296,11206,14094,15998,17502,23320,33274,41359,42035,28725,14611,5226,907,42041,15501,55
Iran,2002,344807,28720,35200,6480,3991,5175,10113,20553,17433,24860,33699,56282,85185,45974,6284,11593,8960,8341,9092,10933,13927,16291,17408,22607,33675,42269,42916,30957,15017,5321,963,39191,15288,61
Iran,2003,369960,27725,35540,7815,5632,7654,12745,25145,20089,27419,36753,57635,85900,48873,6505,14285,10860,9718,10371,12127,15292,18067,18686,23242,34393,43053,42847,33281,15592,5478,1027,41172,20399,69
Iran,2004,344897,25799,31286,5487,3265,4685,10018,22050,16977,24326,34939,54832,84341,51202,6895,12485,9565,8140,8837,10461,13865,16902,18037,21848,32984,42319,42022,34748,16454,5766,1129,34551,14703,80
Iran,2005,348018,24833,29909,5076,2926,4541,10287,21477,16514,23264,33755,54036,88255,56073,6903,11849,9628,8159,8355,10002,13262,16289,17466,20649,33387,44037,44218,37688,18385,5799,1104,32835,14828,78
Iran,2006,349464,24092,28810,4718,2638,3398,9346,22436,16953,24186,35453,54274,87898,56687,7292,12242,10194,8430,8523,10256,13930,16728,18725,21580,32694,44189,43709,37560,19127,6087,1205,31448,12744,95
Iran,2007,349607,23548,27989,4441,2442,2978,8564,23004,17108,23475,36942,54457,87596,57311,7621,12456,10548,8529,8579,9780,13695,16835,20107,22133,32324,43946,43650,37444,19867,6300,1321,30431,11542,115
Iran,2008,369469,22939,27178,4239,2783,3017,9514,26760,18870,24320,39805,55661,91189,61864,8380,14490,12270,9415,9455,10240,14080,17798,22007,23251,32410,44993,46196,39442,22422,6952,1428,29961,12531,127
Iran,2009,380850,22291,26285,3994,3063,4240,8821,29585,21981,26682,40462,55079,91425,63958,9133,14854,14731,11163,10818,11630,15052,18492,21970,23387,31692,45004,46421,39458,24500,7627,1506,29348,13061,134
Iran,2010,384716,21680,25656,3976,2794,2771,8115,29716,22078,25079,43101,58677,91652,65591,9353,14470,15246,11952,10126,10738,14341,19139,23962,25724,32953,44522,47130,40539,25052,7855,1498,28450,10886,131
Iran,2011,380507,21394,25233,3839,2548,2419,7010,25556,21129,24002,42881,59956,92708,66636,10289,11976,13580,11566,9563,10633,13369,18992,23889,26851,33105,44847,47861,40721,25915,8704,1585,27781,9429,139
Iran,2012,378385,21504,25272,3768,2726,2352,6290,23048,20634,23227,41695,61733,92355,67498,11403,10770,12278,11121,9513,10466,12761,18382,23313,27552,34181,44239,48116,40663,26835,9674,1729,27998,8642,151
Iran,2013,385336,21533,25233,3700,2621,2323,5509,21375,20725,23775,43057,65220,92796,70279,12269,9699,11676,11142,9583,10906,12869,19008,24049,29737,35483,43867,48929,42612,27667,10473,1796,27854,7832,150
Iran,2014,390733,21440,25069,3629,2736,2370,4848,19306,20475,22221,41767,66053,95194,76508,14021,8640,10666,10759,9716,10325,11896,17926,23841,29803,36250,45002,50192,46462,30046,11959,2062,27805,7218,166
Iran,2015,394524,20756,24373,3617,2502,2310,4932,17691,20256,22934,41873,68616,96142,78008,14717,7932,9759,10550,9706,10387,12547,17665,24208,30485,38131,45563,50579,47425,30583,12506,2211,26875,7242,170
Iran,2016,393654,20015,23611,3596,2604,2428,4929,16443,20651,22674,40613,69518,95799,78668,15521,7127,9316,10482,10169,10149,12525,16681,23932,30070,39448,45436,50363,47473,31195,13018,2503,26215,7357,192
Iran,2017,396425,19200,22607,3407,2635,2401,4830,15255,19983,22842,39554,71104,97118,81107,16780,6532,8723,10143,9840,10059,12783,15747,23807,29681,41423,46613,50505,48874,32233,13922,2858,25242,7231,212
Iran,2018,403553,17541,20930,3389,2755,2345,4905,14464,20029,23479,39746,74155,98355,83819,18319,6201,8263,9796,10233,10274,13205,15701,24045,30334,43821,47957,50398,49633,34186,14931,3388,23685,7250,252
Iran,2019,421485,15148,18425,3277,2975,2604,5153,14598,21457,25674,42205,79569,100843,87921,19768,6303,8295,10313,11144,11407,14267,16948,25257,33051,46518,49898,50945,51297,36624,15877,3891,21400,7757,294
Iran,2020,486271,13811,16936,3125,3947,3197,5887,16347,25844,33705,56716,103257,107664,91979,20490,7069,9278,11738,14106,14954,18751,23164,33552,46206,57051,53921,53743,53457,38522,16539,3951,20883,9084,300
Iran,2021,565768,12912,15715,2803,3043,2748,5518,13775,23776,33051,57286,112536,143511,126825,27564,6196,7579,10536,13240,14833,18218,23185,34101,47581,64955,73599,69912,71472,55353,22351,5213,18758,8266,417
Iraq,1950,141877,57323,91036,33713,2935,1846,2232,5421,6491,7684,8080,6344,6511,2987,310,2670,2751,3108,3383,3749,3935,4091,3989,3100,3244,3425,3086,2051,936,269,41,93971,4078,1
Iraq,1951,137421,55935,87032,31097,2861,1801,2181,5232,6227,7528,8236,6502,6478,3036,308,2601,2631,2966,3261,3635,3893,4113,4123,3302,3200,3395,3083,2081,955,271,37,89893,3982,3
Iraq,1952,136180,56737,85981,29244,2778,1770,2138,5096,6000,7391,8376,6758,6481,3099,311,2557,2539,2831,3169,3536,3855,4160,4216,3608,3150,3384,3097,2123,976,270,41,88759,3908,4
Iraq,1953,134013,55703,83964,28261,2714,1728,2096,4979,5773,7222,8464,7083,6503,3164,318,2516,2463,2696,3077,3426,3796,4197,4267,3961,3122,3385,3118,2168,996,276,42,86678,3824,4
Iraq,1954,130180,53022,80397,27375,2646,1674,2042,4842,5518,7025,8514,7449,6508,3229,330,2461,2381,2557,2961,3308,3717,4208,4306,4270,3179,3377,3131,2208,1021,288,42,83043,3716,4
Iraq,1955,122645,46822,72809,25987,2590,1640,2009,4750,5312,6874,8600,7884,6530,3302,342,2425,2325,2454,2858,3218,3656,4223,4377,4534,3350,3382,3148,2248,1054,301,41,75399,3649,3
Iraq,1956,116878,43160,66827,23667,2567,1614,1981,4672,5122,6738,8695,8372,6555,3372,357,2390,2282,2366,2756,3141,3597,4232,4463,4747,3625,3387,3168,2283,1089,313,44,69394,3595,3
Iraq,1957,107117,35956,57109,21153,2574,1565,1942,4552,4883,6549,8727,8858,6545,3444,367,2328,2224,2267,2616,3046,3503,4195,4532,4870,3988,3357,3188,2321,1123,323,44,59683,3507,3
Iraq,1958,100631,31966,50320,18354,2606,1532,1918,4481,4700,6405,8787,9391,6580,3526,377,2289,2192,2201,2499,2975,3430,4167,4620,4968,4423,3359,3221,2365,1161,332,45,52926,3450,4
Iraq,1959,101179,33042,48655,15613,2606,1512,2049,5066,4948,6559,9023,9998,6751,3614,395,2600,2466,2371,2577,3060,3499,4238,4785,5131,4867,3484,3267,2413,1201,346,49,51261,3561,3
Iraq,1960,98435,33068,47411,14343,2565,1485,1878,4346,4393,6111,8838,10355,6967,3673,410,2219,2127,2092,2301,2812,3299,4088,4750,5188,5167,3684,3283,2443,1230,360,50,49976,3363,3
Iraq,1961,100156,34221,47995,13774,2428,1448,1921,4612,4456,6074,8901,10788,7345,3751,431,2368,2244,2157,2299,2782,3292,4078,4823,5329,5459,4027,3318,2484,1267,378,53,50423,3369,4
Iraq,1962,105060,38765,52339,13574,2270,1463,1895,4567,4372,5946,8900,11164,7838,3850,451,2353,2214,2131,2241,2691,3255,4039,4861,5484,5680,4499,3339,2542,1308,396,55,54609,3358,4
Iraq,1963,108641,40169,54481,14312,2126,1512,1937,4723,4437,5936,8993,11591,8467,3961,472,2446,2277,2185,2252,2657,3279,4055,4938,5691,5900,5072,3395,2610,1351,414,58,56607,3449,4
Iraq,1964,110104,39704,55033,15329,2119,1577,1919,4549,4302,5795,9019,12022,9206,4067,493,2361,2188,2117,2185,2558,3237,4036,4983,5885,6137,5638,3568,2676,1391,432,61,57152,3496,4
Iraq,1965,109235,38845,53926,15081,1953,1525,1884,4552,4247,5614,8881,12194,9823,4126,509,2370,2182,2104,2143,2467,3147,3953,4928,5934,6260,6018,3805,2708,1418,446,63,55879,3409,4
Iraq,1966,109332,38265,53122,14857,1943,1510,1882,4528,4208,5498,8846,12487,10573,4201,528,2361,2167,2085,2123,2411,3087,3924,4922,6025,6462,6382,4191,2750,1451,461,67,55065,3392,4
Iraq,1967,108193,37755,52171,14416,2027,1429,1817,4110,3933,5204,8665,12686,11335,4264,547,2131,1979,1928,2005,2275,2929,3828,4837,6043,6643,6642,4693,2774,1490,478,69,54198,3246,5
Iraq,1968,109641,37554,51649,14095,2255,1367,1917,4259,4020,5193,8734,13072,12233,4373,566,2206,2053,1969,2051,2291,2902,3863,4871,6149,6923,6924,5309,2837,1536,494,72,53904,3284,5
Iraq,1969,110331,37258,50750,13492,2320,1270,2002,4481,4134,5171,8725,13315,13014,4559,585,2326,2155,2033,2101,2307,2864,3854,4871,6190,7125,7155,5859,2985,1574,511,74,53070,3272,5
Iraq,1970,109637,36847,49960,13113,2387,1203,1932,4105,3896,4959,8564,13447,13721,4850,603,2124,1981,1896,2000,2215,2744,3756,4808,6176,7271,7394,6327,3242,1608,524,79,52347,3135,5
Iraq,1971,109191,36217,48804,12587,2394,1159,1889,3982,3808,4857,8454,13574,14391,5253,618,2067,1915,1848,1960,2181,2676,3679,4775,6172,7402,7658,6733,3609,1644,538,80,51198,3048,6
Iraq,1972,109654,35593,47826,12233,2445,1219,1855,4051,3827,4852,8406,13720,15041,5762,642,2133,1918,1861,1966,2194,2658,3619,4787,6186,7534,7967,7074,4091,1671,558,84,50271,3074,6
Iraq,1973,109242,34942,46729,11787,2389,1271,1709,4048,3758,4788,8270,13741,15557,6313,662,2163,1885,1831,1927,2175,2613,3513,4757,6150,7591,8231,7326,4604,1709,575,87,49118,2980,6
Iraq,1974,116596,34448,46063,11615,2453,1397,2167,6569,5140,5615,8804,14280,16419,6990,688,3589,2980,2634,2506,2641,2974,3756,5048,6394,7886,8685,7734,5158,1832,598,90,48516,3564,6
Iraq,1975,116382,33708,44931,11223,2452,1467,2049,6522,5082,5579,8685,14325,16966,7610,708,3589,2933,2603,2479,2626,2953,3685,5000,6384,7941,8923,8043,5593,2017,613,95,47383,3516,7
Iraq,1976,108325,32707,43171,10464,2277,1422,1446,3935,3592,4676,7916,13832,17159,8167,723,2134,1801,1746,1846,2125,2551,3303,4613,6101,7731,8922,8237,5913,2254,627,96,45448,2868,7
Iraq,1977,108018,31930,41968,10038,2233,1427,1476,3860,3542,4658,7789,13855,17671,8798,738,2040,1820,1713,1829,2107,2551,3261,4528,6103,7752,9085,8586,6229,2569,639,99,44201,2903,7
Iraq,1978,109574,31306,40949,9643,2333,1504,1668,3960,3696,4832,7872,14121,18377,9489,768,2003,1957,1785,1911,2183,2649,3332,4540,6230,7891,9338,9039,6559,2930,664,104,43282,3172,7
Iraq,1979,110055,30775,40074,9299,2317,1511,1788,3900,3714,4875,7836,14194,18889,10129,827,1895,2005,1791,1923,2192,2683,3346,4490,6248,7946,9488,9401,6869,3260,719,108,42391,3299,8
Iraq,1980,128039,30283,39246,8963,2315,1643,3615,10315,7567,7128,9204,15237,19957,10882,919,4999,5316,3997,3570,3441,3687,4092,5112,6782,8455,9982,9975,7306,3576,807,112,41561,5258,8
Iraq,1981,142600,30003,38687,8684,2352,1782,5309,15243,10642,8932,10289,15993,20770,11559,1033,7388,7855,5764,4878,4444,4488,4701,5588,7151,8842,10348,10422,7716,3843,919,114,41039,7091,8
Iraq,1982,143300,29697,38127,8430,2322,1790,5494,15265,10751,8965,10300,15946,21049,12113,1169,7694,7571,5896,4855,4465,4500,4741,5559,7059,8887,10414,10635,8066,4047,1052,117,40449,7284,9
Iraq,1983,144468,29479,37705,8226,2348,1836,5605,15517,10984,9067,10383,15883,21234,12626,1271,8393,7124,6099,4885,4529,4538,4815,5568,6957,8926,10451,10783,8398,4228,1150,121,40053,7441,9
Iraq,1984,147492,29607,37681,8074,2429,1916,5814,16052,11381,9315,10628,16000,21631,13211,1420,9189,6863,6374,5007,4663,4652,4958,5670,6958,9042,10610,11021,8771,4440,1285,135,40110,7730,9
Iraq,1985,148131,29459,37423,7964,2367,1888,5874,16364,11400,9329,10659,15848,21750,13670,1553,9744,6620,6418,4982,4669,4660,4985,5674,6861,8987,10629,11121,9031,4639,1400,153,39790,7762,9
Iraq,1986,148598,28956,36716,7760,2417,1929,5975,16783,11412,9408,10755,15716,21802,14017,1657,10234,6549,6387,5025,4703,4705,5034,5721,6811,8905,10637,11165,9202,4815,1482,175,39133,7904,10
Iraq,1987,150516,28975,36657,7682,2425,1938,6099,17489,11387,9503,10930,15703,22091,14512,1772,10583,6906,6201,5186,4726,4777,5102,5828,6840,8863,10775,11316,9448,5064,1569,203,39082,8037,10
Iraq,1988,184381,32349,45330,12981,4766,3061,8310,23762,14317,11982,13157,17814,24426,15541,1905,13961,9801,7467,6850,5989,5993,6199,6958,7907,9907,12052,12374,10098,5443,1670,235,50096,11371,10
Iraq,1989,187217,36170,54848,18678,7310,4046,6908,16827,10620,10654,13202,18655,25848,16268,2021,9574,7253,5090,5530,5109,5545,6104,7098,8300,10355,12794,13054,10533,5735,1759,262,62158,10954,11
Iraq,1990,189809,36738,55415,18677,7423,4103,7041,17681,10718,10885,13483,18706,25805,16432,2102,9868,7813,5012,5706,5209,5676,6232,7251,8409,10297,12750,13055,10576,5856,1823,279,62838,11144,13
Iraq,1991,152901,32467,44790,12323,4782,2864,4865,12320,7648,8444,11202,15986,22618,15240,2124,6749,5571,3502,4146,3974,4470,5104,6098,7194,8792,11021,11597,9692,5548,1845,279,49572,7729,14
Iraq,1992,123289,29520,36826,7306,2753,1923,2844,6469,4775,6347,9457,14245,20726,14757,2154,3478,2991,2160,2615,2915,3432,4223,5234,6397,7848,9912,10814,9286,5471,1866,288,39579,4767,16
Iraq,1993,125045,29877,37245,7368,2799,1960,2860,6552,4858,6554,9672,14509,20842,14994,2175,3514,3038,2370,2488,3051,3503,4334,5338,6563,7946,9865,10977,9405,5589,1876,299,40044,4820,19
Iraq,1994,132979,30975,38725,7750,3085,2149,3121,7295,5370,7203,10417,15504,21863,15807,2418,3891,3404,2791,2579,3399,3804,4688,5729,7059,8445,10289,11574,9904,5903,2098,320,41810,5270,21
Iraq,1995,138275,31053,38935,7882,3374,2331,3381,8072,5950,7769,11030,16246,22401,16250,2506,4273,3799,3247,2703,3713,4056,4984,6046,7439,8807,10532,11869,10182,6068,2171,335,42309,5712,23
Iraq,1996,141926,30999,38767,7768,3588,2460,3544,8528,6432,8182,11517,16888,22786,16626,2583,4476,4052,3614,2818,3905,4277,5210,6307,7751,9137,10738,12048,10421,6205,2233,350,42355,6004,24
Iraq,1997,150019,31485,39520,8035,4155,2785,3988,9722,7491,8953,12343,17887,23405,17084,2654,5059,4663,4201,3290,4181,4772,5593,6750,8224,9663,11125,12280,10739,6345,2290,364,43675,6773,25
Iraq,1998,156178,31401,38962,7561,4681,3138,4392,10627,8664,9598,13178,18850,23905,17450,2707,5479,5148,4716,3948,4302,5296,5988,7190,8673,10177,11497,12408,10999,6451,2330,377,43643,7530,26
Iraq,1999,153708,31571,39168,7597,4315,2901,4074,9943,8470,9172,13038,18777,23607,17462,2755,5107,4836,4473,3997,3894,5278,5899,7139,8593,10184,11434,12173,10978,6484,2366,389,43483,6975,28
Iraq,2000,151769,31620,39173,7553,4016,2718,3828,9350,8327,8856,12934,18785,23477,17477,2797,4788,4562,4284,4043,3618,5238,5821,7113,8565,10220,11443,12034,10942,6535,2398,399,43189,6546,29
Iraq,2001,153581,31541,39055,7514,4004,2740,3840,9365,8685,8948,13257,19254,23881,17671,2853,4783,4582,4378,4307,3614,5334,5976,7281,8774,10480,11727,12154,11016,6655,2444,409,43059,6580,30
Iraq,2002,156488,31306,38774,7468,4108,2854,3954,9633,9166,9234,13793,19824,24406,17814,2898,4915,4718,4583,4583,3890,5344,6318,7475,9055,10769,12080,12326,11033,6781,2480,418,42882,6808,31
Iraq,2003,175362,31369,38768,7399,4306,3120,5474,15912,13222,11218,15499,21145,25537,18165,2965,8218,7694,6921,6301,5303,5915,7304,8195,9750,11395,12754,12783,11186,6979,2536,429,43074,8594,33
Iraq,2004,186147,31576,38867,7291,4450,3308,6268,19062,15467,12389,16628,22032,26322,18307,3013,9890,9172,8164,7303,6331,6058,7967,8661,10215,11817,13227,13095,11234,7073,2576,437,43317,9576,34
Iraq,2005,193047,31423,38646,7223,4709,3540,6666,20184,16592,13293,17546,22971,27250,18545,3069,10497,9687,8703,7889,7136,6157,8489,9057,10682,12289,13749,13501,11380,7165,2625,444,43355,10206,35
Iraq,2006,212919,31414,38548,7134,4967,3823,8301,26491,20910,15797,19246,24370,28456,18844,3128,13856,12635,11085,9825,8884,6913,9365,9881,11394,12976,14404,14052,11606,7238,2678,450,43515,12124,35
Iraq,2007,209829,30015,36755,6740,5144,3961,8285,25566,20673,16326,19191,24297,28268,18275,3055,13374,12192,10822,9851,9120,7206,9072,10119,11335,12962,14302,13966,11326,6949,2616,439,41899,12246,35
Iraq,2008,193004,29110,35552,6442,5441,4094,6797,18172,16390,15201,18136,24065,28195,17919,3009,9437,8735,8238,8152,8050,7151,8082,10054,11157,12908,14219,13976,11186,6733,2579,430,40993,10891,35
Iraq,2009,183569,29758,36277,6519,5334,3936,5610,13043,13131,14293,17461,24304,28851,18226,3070,6719,6324,6331,6800,7201,7092,7350,10111,11199,13105,14493,14358,11439,6787,2628,442,41611,9546,35
Iraq,2010,182689,30408,36948,6540,4980,3683,5325,12315,12419,14449,17257,24479,29278,18428,3093,6366,5949,5931,6488,7057,7392,7016,10241,11233,13246,14673,14605,11616,6812,2642,451,41928,9008,36
Iraq,2011,182119,31138,37554,6416,4606,3411,5032,11667,11740,14541,17093,24776,29802,18758,3107,6063,5604,5567,6173,6901,7640,6849,10244,11375,13401,14913,14889,11877,6881,2649,458,42160,8443,36
Iraq,2012,184352,31071,37512,6441,4456,3295,4936,11539,11537,14880,17369,25619,30697,19332,3143,6036,5503,5452,6085,6962,7918,7239,10130,11933,13686,15370,15327,12299,7033,2671,472,41968,8231,37
Iraq,2013,190740,31258,38179,6921,4459,3251,5023,12053,11758,15439,18002,26980,32086,20248,3224,6352,5701,5571,6187,7184,8255,8111,9891,12735,14245,16089,15997,12934,7314,2732,492,42638,8274,38
Iraq,2014,189590,30629,37067,6438,4103,3026,4701,11270,11116,15287,18118,27776,32948,20949,3190,5958,5312,5243,5873,7010,8277,8694,9424,13212,14564,16520,16428,13408,7541,2686,504,41170,7727,39
Iraq,2015,187339,29333,35832,6499,3820,2749,4400,10664,10486,14888,18124,28104,33514,21463,3255,5625,5039,4967,5519,6714,8174,9104,9020,13422,14682,16778,16736,13747,7716,2745,510,39652,7149,40
Iraq,2016,198653,27760,33860,6100,3039,2305,5763,18245,14361,16634,18668,27747,33161,21542,3287,9734,8511,7319,7042,7740,8894,9779,8889,13197,14550,16552,16609,13763,7779,2776,511,36899,8068,41
Iraq,2017,183696,26401,32217,5816,2771,2031,4559,13724,11330,14548,18020,26817,32690,21635,3313,7253,6471,5667,5663,6537,8011,9289,8731,12295,14522,16198,16492,13764,7871,2800,513,34988,6590,41
Iraq,2018,173818,25792,31449,5657,2889,2005,3297,8154,8078,12837,18416,26920,33737,22545,3444,4222,3932,3800,4278,5467,7370,9057,9359,11682,15238,16640,17097,14294,8251,2912,532,34338,5302,43
Iraq,2019,178861,25369,30883,5514,2934,2022,3431,8850,8495,13227,19728,27349,34910,23416,3572,4561,4289,4035,4460,5614,7613,9420,10308,11310,16039,17202,17708,14810,8606,3022,550,33817,5453,44
Iraq,2020,222816,24768,29931,5163,2909,2061,3668,9452,9932,17151,28138,38417,46389,30414,4305,4831,4621,4575,5357,7078,10073,12975,15163,15521,22896,23368,23021,19031,11383,3676,629,32840,5729,48
Iraq,2021,207099,24230,29199,4969,2731,1979,3261,8474,8873,15385,26476,35333,43344,28020,3979,4314,4160,4116,4757,6287,9098,11945,14531,14059,21274,21831,21513,17753,10267,3389,590,31930,5240,45
Ireland,1950,37791,2926,3506,580,242,184,316,1030,1280,1794,3422,6549,11834,6728,892,500,530,580,700,806,988,1543,1879,2766,3783,5790,6044,4620,2108,731,161,3748,500,17
Ireland,1951,42663,2949,3578,629,233,166,307,892,1252,1820,3771,7315,13801,8344,1163,407,485,514,738,808,1012,1763,2008,3092,4223,6577,7224,5733,2611,943,220,3811,473,19
Ireland,1952,35336,2762,3276,514,228,153,264,635,1008,1717,3212,6002,11208,6735,890,285,350,439,569,748,969,1515,1697,2552,3450,5457,5751,4541,2194,725,165,3504,417,12
Ireland,1953,34784,2539,3011,472,210,127,189,547,886,1623,3235,5792,11098,7067,983,246,301,409,477,697,926,1484,1751,2491,3301,5350,5748,4736,2331,807,176,3221,316,16
Ireland,1954,35784,2413,2850,437,165,126,174,439,849,1591,3292,6087,11465,7706,1021,196,243,391,458,697,894,1501,1791,2634,3453,5452,6013,5129,2577,846,175,3015,300,18
Ireland,1955,36973,2265,2643,378,175,130,153,452,778,1489,3290,6305,11825,8534,1176,203,249,362,416,615,874,1416,1874,2734,3571,5700,6125,5585,2949,972,204,2818,283,22
Ireland,1956,34087,2163,2544,381,163,113,108,407,730,1412,3164,5794,10566,7962,1101,204,203,287,443,603,809,1299,1865,2467,3327,4794,5772,5189,2773,912,189,2707,221,21
Ireland,1957,34387,2043,2368,325,157,112,135,371,687,1536,3233,5906,10637,8086,1134,166,205,268,419,614,922,1263,1970,2486,3420,4794,5843,5145,2941,937,197,2525,247,20
Ireland,1958,34327,2104,2400,296,118,99,132,316,615,1398,3157,5849,10489,8507,1226,153,163,239,376,583,815,1241,1916,2493,3356,4664,5825,5301,3206,1008,218,2518,231,20
Ireland,1959,34248,1933,2237,304,134,94,143,342,606,1425,3079,5934,10573,8393,1262,163,179,237,369,534,891,1230,1849,2458,3476,4726,5847,5276,3117,1033,229,2371,237,22
Ireland,1960,32676,1752,2056,304,145,100,135,274,554,1304,3004,5753,9814,8258,1254,125,149,226,328,503,801,1315,1689,2563,3190,4518,5296,5077,3181,1045,209,2201,235,20
Ireland,1961,34724,1750,2059,309,133,114,115,284,569,1308,2940,6122,10464,9129,1461,132,152,221,348,492,816,1309,1631,2709,3413,5003,5461,5640,3489,1232,229,2192,229,25
Ireland,1962,33708,1755,2012,257,143,88,133,273,544,1297,2974,5986,9981,8831,1416,139,134,197,347,478,819,1338,1636,2694,3292,4776,5205,5432,3399,1189,227,2155,221,27
Ireland,1963,33677,1641,1866,225,118,92,127,288,494,1274,3011,6080,10048,8756,1497,136,152,167,327,530,744,1305,1706,2766,3314,4831,5217,5474,3282,1267,230,1984,219,27
Ireland,1964,32593,1663,1905,242,124,98,155,286,475,1329,3038,5995,9434,8268,1461,123,163,205,270,523,806,1333,1705,2832,3163,4431,5003,5107,3161,1233,228,2029,253,24
Ireland,1965,32982,1543,1767,224,133,72,138,274,440,1250,3022,6089,9877,8389,1515,150,124,168,272,503,747,1287,1735,2608,3481,4721,5156,5023,3366,1264,251,1900,210,19
Ireland,1966,35027,1483,1717,234,118,96,154,271,432,1188,3233,6509,10616,8983,1690,136,135,157,275,456,732,1394,1839,2614,3895,4994,5622,5232,3751,1403,287,1835,250,20
Ireland,1967,31273,1445,1643,198,117,101,128,294,377,1153,3057,6007,9272,7548,1559,160,134,163,214,409,744,1251,1806,2403,3604,4475,4797,4351,3197,1292,267,1760,229,17
Ireland,1968,33029,1251,1447,196,129,87,154,333,399,1324,3004,6360,9842,8198,1734,197,136,170,229,483,841,1182,1822,2675,3685,4698,5144,4714,3484,1423,311,1576,241,18
Ireland,1969,33571,1285,1494,209,111,91,163,299,423,1178,3232,6579,10034,8291,1656,159,140,171,252,414,764,1268,1964,2742,3837,4831,5203,4807,3484,1351,305,1605,254,19
Ireland,1970,33550,1245,1452,207,118,106,170,325,387,1248,3207,6576,10192,8073,1674,178,147,152,235,462,786,1262,1945,2852,3724,5054,5138,4750,3323,1360,314,1570,276,23
Ireland,1971,31767,1216,1415,199,120,87,160,340,356,1100,3076,6064,9643,7717,1667,186,154,169,187,371,729,1234,1842,2676,3388,4720,4923,4624,3093,1353,314,1535,247,23
Ireland,1972,34144,1220,1423,203,156,99,199,396,365,1174,3113,6398,10544,8362,1888,213,183,139,226,451,723,1294,1819,2899,3499,5197,5347,5106,3256,1534,354,1579,298,27
Ireland,1973,33943,1217,1431,214,89,75,174,385,421,1170,3132,6408,10542,8254,1834,207,178,164,257,410,760,1296,1836,2832,3576,5205,5337,5002,3252,1492,342,1520,249,28
Ireland,1974,34743,1213,1418,205,112,88,174,380,420,1117,3090,6739,10677,8649,1849,205,175,165,255,427,690,1258,1832,2943,3796,5485,5192,5164,3485,1504,345,1530,262,28
Ireland,1975,33103,1153,1373,220,105,105,149,402,402,1046,2983,6476,10178,8132,1725,219,183,163,239,362,684,1217,1766,2760,3716,4830,5348,4848,3284,1385,340,1478,254,29
Ireland,1976,33906,1047,1224,177,111,89,192,379,397,991,2934,6554,10528,8611,1867,193,186,170,227,390,601,1167,1767,2732,3822,4729,5799,5143,3468,1481,386,1335,281,35
Ireland,1977,33447,1069,1255,186,141,106,170,389,413,962,2899,6614,10308,8367,1789,218,171,181,232,350,612,1135,1764,2709,3905,4776,5532,4909,3458,1406,383,1396,276,35
Ireland,1978,33625,1037,1231,194,107,104,194,435,457,999,3024,6500,10333,8465,1750,207,228,216,241,375,624,1136,1888,2641,3859,4766,5567,5063,3402,1395,355,1338,298,31
Ireland,1979,33551,927,1116,189,110,86,189,439,456,1010,2959,6666,10439,8331,1722,231,208,216,240,402,608,1113,1846,2632,4034,4903,5536,4991,3340,1375,347,1226,275,32
Ireland,1980,33260,818,1002,184,115,97,181,378,430,959,2911,6603,10366,8475,1714,203,175,192,238,394,565,1107,1804,2681,3922,5027,5339,5121,3354,1388,326,1117,278,33
Ireland,1981,32694,731,900,169,105,99,229,411,442,934,2691,6358,10237,8466,1788,237,174,206,236,365,569,1022,1669,2526,3832,4978,5259,5072,3394,1454,334,1005,328,37
Ireland,1982,32268,733,908,175,103,71,188,420,496,895,2564,6239,10106,8364,1876,233,187,220,276,338,557,969,1595,2535,3704,5048,5058,5223,3141,1522,354,1011,259,43
Ireland,1983,32748,657,818,161,85,68,207,442,441,905,2608,6239,10340,8623,1937,248,194,184,257,351,554,962,1646,2634,3605,5178,5162,5311,3312,1569,368,903,275,42
Ireland,1984,31927,607,717,110,88,91,196,379,460,921,2427,6059,10202,8471,1882,200,179,191,269,350,571,942,1485,2584,3475,5109,5093,5263,3208,1514,368,805,287,38
Ireland,1985,33010,541,663,122,82,88,159,382,479,876,2367,6217,10818,8837,2006,211,171,224,255,354,522,841,1526,2580,3637,5308,5510,5202,3635,1602,404,745,247,39
Ireland,1986,33375,542,643,101,84,91,181,346,440,884,2323,6181,10992,9118,2048,186,160,189,251,351,533,856,1467,2520,3661,5187,5805,5196,3922,1633,415,727,272,45
Ireland,1987,31209,456,555,99,68,72,169,329,455,843,2225,5812,10272,8402,1963,191,138,206,249,359,484,864,1361,2296,3516,4656,5616,4791,3611,1555,408,623,241,46
Ireland,1988,31384,469,582,113,66,73,197,371,401,876,2129,5815,10276,8594,1953,183,188,187,214,364,512,792,1337,2270,3545,4720,5556,4898,3696,1530,423,648,270,51
Ireland,1989,31896,412,520,108,71,73,162,373,438,910,2116,5722,10504,8906,2050,226,147,194,244,408,502,841,1275,2142,3580,4672,5832,5193,3713,1612,438,591,235,53
Ireland,1990,31140,431,519,88,57,61,167,385,429,935,2010,5409,10042,8937,2134,192,193,181,248,397,538,761,1249,2108,3301,4413,5629,5308,3629,1700,434,576,228,54
Ireland,1991,31046,392,468,76,58,72,181,388,479,944,1927,5236,10105,8862,2273,202,186,211,268,378,566,722,1205,2049,3187,4518,5587,5192,3670,1800,473,526,253,57
Ireland,1992,30674,320,389,69,51,57,166,406,444,990,1937,4951,9895,9050,2274,196,210,183,261,354,636,738,1199,1836,3115,4495,5400,5525,3525,1823,451,440,223,60
Ireland,1993,31899,295,360,65,53,74,155,381,448,963,2008,5019,10103,9814,2457,190,191,201,247,376,587,768,1240,1918,3101,4691,5412,5897,3917,1976,481,413,229,66
Ireland,1994,30713,272,338,66,41,54,139,404,454,966,1945,4812,9590,9535,2370,232,172,208,246,371,595,784,1161,1869,2943,4443,5147,5630,3905,1883,487,379,193,65
Ireland,1995,31992,304,366,62,43,68,167,426,512,978,2019,4805,10027,9962,2550,239,187,241,271,388,590,834,1185,1841,2964,4541,5486,5881,4081,1980,570,409,235,71
Ireland,1996,31464,306,367,61,36,63,173,479,490,960,1963,4637,9499,10095,2625,248,231,226,264,379,581,854,1109,1791,2846,4209,5290,5796,4299,2033,592,403,236,75
Ireland,1997,31245,320,379,59,30,61,201,485,505,981,2050,4468,9515,10001,2503,278,207,214,291,385,596,899,1151,1788,2680,4215,5300,5620,4381,1940,563,409,262,71
Ireland,1998,31280,316,373,57,32,59,200,471,513,1011,2091,4423,9385,10000,2641,269,202,233,280,431,580,912,1179,1774,2649,3980,5405,5561,4439,2056,585,405,259,78
Ireland,1999,32345,313,385,72,47,61,193,487,491,1060,2161,4364,9608,10521,2887,250,237,222,269,403,657,945,1216,1719,2645,3966,5642,5665,4856,2250,637,432,254,83
Ireland,2000,31096,335,380,45,39,44,207,485,553,1067,2205,4142,8961,10141,2790,267,218,241,312,459,608,993,1212,1678,2464,3843,5118,5468,4673,2179,611,419,251,83
Ireland,2001,29891,339,417,78,36,43,169,477,566,1023,2151,4085,8248,9785,2808,245,232,233,333,421,602,952,1199,1614,2471,3378,4870,5301,4484,2217,591,453,212,87
Ireland,2002,29439,314,373,59,28,50,164,484,542,1013,2213,3827,7931,9733,2985,238,246,264,278,416,597,926,1287,1517,2310,3329,4602,5291,4442,2354,631,401,214,96
Ireland,2003,28806,324,373,49,29,42,121,440,499,916,2238,3864,7592,9522,3070,233,207,205,294,375,541,880,1358,1618,2246,3054,4538,5302,4220,2406,664,402,163,99
Ireland,2004,28340,284,330,46,40,33,137,415,534,992,2214,3709,7336,9362,3137,206,209,239,295,429,563,866,1348,1562,2147,3121,4215,5186,4176,2450,687,370,170,100
Ireland,2005,27991,233,285,52,27,38,157,473,518,974,2087,3757,7005,9401,3167,254,219,253,265,393,581,868,1219,1607,2150,2972,4033,5116,4285,2456,711,312,195,100
Ireland,2006,28226,257,295,38,32,35,147,443,493,1031,2103,3603,6981,9457,3484,221,222,231,262,405,626,873,1230,1623,1980,2896,4085,4966,4491,2677,807,327,182,117
Ireland,2007,27790,234,288,54,17,50,146,436,535,990,2038,3685,6839,9346,3305,192,244,245,290,394,596,798,1240,1735,1950,2924,3915,4869,4477,2491,814,305,196,111
Ireland,2008,27986,288,340,52,28,40,129,414,580,1054,2037,3844,6535,9405,3454,182,232,246,334,425,629,836,1201,1787,2057,2801,3734,4820,4585,2575,879,368,169,127
Ireland,2009,28043,250,309,59,24,31,114,438,648,1051,2081,3823,6510,9491,3398,178,260,283,365,413,638,873,1208,1800,2023,2785,3725,4817,4674,2536,862,333,145,127
Ireland,2010,27707,275,321,46,30,22,101,374,556,1023,1991,3890,6237,9244,3775,176,198,239,317,434,589,840,1151,1696,2194,2644,3593,4613,4631,2813,962,351,123,146
Ireland,2011,28136,263,294,31,25,22,107,389,578,1045,1983,3976,6353,9258,3943,175,214,266,312,443,602,811,1172,1764,2212,2629,3724,4517,4741,2927,1016,319,129,166
Ireland,2012,28837,237,279,42,27,32,81,336,572,1000,2032,4039,6316,9666,4276,155,181,255,317,416,584,872,1160,1716,2323,2602,3714,4706,4960,3211,1065,306,113,179
Ireland,2013,29186,247,293,46,34,26,61,296,508,956,2039,4043,6410,9717,4615,137,159,250,258,385,571,864,1175,1623,2420,2714,3696,4682,5035,3486,1129,327,87,194
Ireland,2014,28889,226,266,40,31,27,59,314,489,905,1996,4035,6510,9621,4457,147,167,228,261,383,522,813,1183,1598,2437,2807,3703,4630,4991,3357,1100,297,86,188
Ireland,2015,29845,228,260,32,20,18,67,259,472,889,2025,3904,6762,9932,5027,108,151,204,268,364,525,834,1191,1567,2337,2959,3803,4759,5173,3759,1268,280,85,212
Ireland,2016,30359,193,224,31,16,30,86,219,448,916,1941,3967,7025,10151,5119,99,120,182,266,374,542,775,1166,1633,2334,3177,3848,4989,5162,3776,1343,240,116,218
Ireland,2017,30119,170,199,29,24,22,76,224,462,911,1877,3789,7058,10092,5169,98,126,176,286,387,524,773,1104,1602,2187,3243,3815,4994,5098,3763,1406,223,98,223
Ireland,2018,30601,167,195,28,23,22,76,223,453,921,1872,3733,7246,10262,5344,100,123,169,284,391,530,770,1102,1596,2137,3350,3896,5047,5215,3853,1491,218,98,230
Ireland,2019,31457,159,185,26,21,22,75,223,443,935,1872,3731,7387,10384,5936,101,122,164,279,398,537,771,1101,1596,2135,3373,4014,5080,5304,4145,1791,206,97,249
Ireland,2020,32911,152,177,25,19,18,69,122,370,817,1701,3793,7842,10966,6629,48,74,122,248,372,445,692,1009,1659,2134,3427,4415,5445,5521,4288,2341,196,87,390
Ireland,2021,35151,146,169,23,17,22,70,198,396,946,1901,3985,8511,11774,6689,90,108,142,254,404,542,783,1118,1659,2326,3588,4923,5546,6228,4436,2253,186,92,469
Isle of Man,1950,858,53,81,28,11,5,9,26,33,55,83,145,230,152,31,11,15,15,18,24,31,38,45,60,85,113,117,102,50,24,7,92,14,1
Isle of Man,1951,839,48,73,25,10,5,8,24,32,51,83,139,229,156,29,10,14,15,17,23,28,38,45,58,81,111,118,103,53,23,6,83,13,1
Isle of Man,1952,798,41,62,21,9,5,7,20,24,48,77,134,222,158,26,10,10,10,14,21,27,35,42,57,77,105,117,101,57,21,5,71,12,1
Isle of Man,1953,780,36,55,19,8,5,6,20,23,45,76,131,222,165,27,10,10,10,13,19,26,34,42,56,75,104,118,103,62,20,7,63,11,1
Isle of Man,1954,793,35,54,19,8,5,6,20,22,44,78,133,225,170,26,10,10,10,12,19,25,36,42,57,76,104,121,105,65,20,6,62,11,1
Isle of Man,1955,781,31,49,18,8,5,5,20,21,41,76,132,223,176,27,10,10,10,11,18,23,34,42,57,75,102,121,107,69,21,6,57,10,1
Isle of Man,1956,800,33,51,18,8,5,5,19,20,42,77,136,225,179,29,9,10,10,10,18,24,35,42,58,78,102,123,109,70,23,6,59,10,1
Isle of Man,1957,803,33,49,16,8,5,5,18,20,40,77,139,226,184,32,8,10,10,10,17,23,34,43,59,80,101,125,111,73,26,6,57,10,1
Isle of Man,1958,808,34,49,15,7,5,5,17,20,37,77,140,226,186,34,7,10,10,10,15,22,34,43,60,80,102,124,113,73,28,6,56,10,1
Isle of Man,1959,800,33,47,14,7,5,5,12,21,35,78,141,227,188,33,5,7,10,11,13,22,34,44,60,81,103,124,114,74,28,5,54,10,1
Isle of Man,1960,832,37,53,16,7,5,5,14,22,37,79,147,235,191,34,5,9,10,12,15,22,34,45,61,86,107,128,119,72,29,5,60,10,1
Isle of Man,1961,850,36,54,18,7,5,5,14,21,36,80,152,242,196,33,5,9,10,11,15,21,34,46,64,88,113,129,125,71,28,5,61,10,1
Isle of Man,1962,843,34,50,16,7,5,5,10,19,36,79,152,239,199,35,5,5,9,10,15,21,33,46,64,88,113,126,126,73,30,5,57,10,1
Isle of Man,1963,880,37,56,19,7,5,5,12,21,35,81,161,243,208,38,5,7,10,11,15,20,34,47,69,92,114,129,130,78,32,6,63,10,1
Isle of Man,1964,860,34,50,16,7,5,5,10,19,33,78,157,241,209,43,5,5,9,10,15,18,32,46,67,90,114,127,127,82,35,8,57,10,1
Isle of Man,1965,873,34,51,17,7,5,7,11,19,32,77,162,244,214,44,6,5,9,10,15,17,31,46,70,92,117,127,127,87,37,7,58,12,1
Isle of Man,1966,881,32,48,16,7,5,7,12,18,31,75,165,244,216,52,7,5,8,10,14,17,30,45,70,95,119,125,126,90,41,11,55,12,1
Isle of Man,1967,877,31,46,15,7,5,7,13,17,30,72,164,249,213,52,8,5,7,10,14,16,28,44,69,95,119,130,123,90,42,10,53,12,1
Isle of Man,1968,906,32,48,16,7,5,7,18,20,32,75,172,260,218,53,10,8,10,10,14,18,29,46,72,100,125,135,127,91,42,11,55,12,1
Isle of Man,1969,940,34,52,18,8,5,7,20,20,32,73,181,270,223,54,10,10,10,10,14,18,27,46,74,107,130,140,130,93,43,11,60,12,1
Isle of Man,1970,955,41,58,17,7,5,7,20,20,32,73,184,274,223,55,10,10,10,10,13,19,28,45,74,110,132,142,133,90,44,11,65,12,1
Isle of Man,1971,971,41,57,16,7,5,7,20,20,32,69,184,282,228,56,10,10,10,10,13,19,26,43,74,110,137,145,136,92,44,12,64,12,1
Isle of Man,1972,1010,44,63,19,8,5,7,20,20,32,74,191,298,236,54,10,10,10,10,14,18,29,45,76,115,146,152,140,96,43,11,71,12,1
Isle of Man,1973,985,38,54,16,7,5,6,20,20,30,68,184,297,236,55,10,10,10,10,13,17,28,40,72,112,145,152,138,98,43,12,61,11,1
Isle of Man,1974,1017,37,55,18,8,5,6,20,20,31,70,189,309,244,58,10,10,10,10,13,18,29,41,74,115,151,158,144,100,46,12,63,11,2
Isle of Man,1975,1000,31,46,15,7,5,6,20,20,30,66,185,310,247,59,10,10,10,10,13,17,28,38,72,113,150,160,145,102,46,13,53,11,2
Isle of Man,1976,1008,30,44,14,7,5,6,20,20,30,66,183,315,250,62,10,10,10,10,13,17,28,38,70,113,152,163,149,101,47,15,51,11,2
Isle of Man,1977,1020,30,42,12,7,5,7,20,20,30,65,180,322,254,65,10,10,10,10,13,17,28,37,66,114,154,168,151,103,50,15,49,12,2
Isle of Man,1978,1030,30,42,12,7,5,7,20,20,30,65,176,331,261,64,10,10,10,10,14,16,27,38,65,111,157,174,154,107,50,14,49,12,2
Isle of Man,1979,1034,29,40,11,7,5,8,20,20,30,65,170,335,262,68,10,10,10,10,14,16,26,39,60,110,156,179,155,107,54,14,47,13,2
Isle of Man,1980,1034,29,40,11,6,5,8,20,20,30,64,162,336,268,71,10,10,10,10,14,16,26,38,57,105,153,183,161,107,55,16,46,13,2
Isle of Man,1981,1021,27,38,11,5,5,8,20,20,30,62,157,330,270,74,10,10,10,10,14,16,25,37,56,101,148,182,164,106,57,17,43,13,2
Isle of Man,1982,1037,27,38,11,5,5,8,20,21,29,60,154,335,285,77,10,10,10,11,14,15,24,36,57,97,149,186,173,112,57,20,43,13,2
Isle of Man,1983,1023,26,36,10,5,5,7,20,20,28,58,147,329,291,79,10,10,10,10,13,15,23,35,58,89,145,184,176,115,59,20,41,12,3
Isle of Man,1984,1029,25,35,10,5,5,7,20,21,31,56,143,328,301,85,10,10,10,11,15,16,23,33,59,84,142,186,184,117,64,21,40,12,3
Isle of Man,1985,1061,26,36,10,5,5,7,20,23,31,56,143,332,313,93,10,10,10,13,15,16,23,33,58,85,143,189,192,121,70,23,41,12,3
Isle of Man,1986,1038,24,32,8,5,5,6,20,22,31,52,137,319,314,98,10,10,10,12,15,16,22,30,55,82,136,183,191,123,72,26,37,11,3
Isle of Man,1987,1033,24,32,8,5,5,6,20,21,31,53,136,309,323,93,10,10,10,11,15,16,23,30,53,83,129,180,193,130,67,26,37,11,3
Isle of Man,1988,1020,24,32,8,5,5,6,20,21,31,52,134,297,333,89,10,10,10,11,15,16,23,29,49,85,120,177,195,138,64,25,37,11,4
Isle of Man,1989,1050,25,33,8,5,5,7,20,21,31,52,137,298,350,90,10,10,10,11,15,16,23,29,51,86,118,180,202,148,66,24,38,12,4
Isle of Man,1990,1007,24,31,7,5,5,6,20,20,31,51,127,280,343,90,10,10,10,10,15,16,23,28,46,81,109,171,194,149,68,22,36,11,4
Isle of Man,1991,1008,24,31,7,5,5,6,20,20,33,51,123,275,346,95,10,10,10,10,16,17,23,28,45,78,108,167,193,153,74,21,36,11,3
Isle of Man,1992,979,22,28,6,4,2,5,20,20,31,51,119,264,343,99,10,10,10,10,14,17,23,28,45,74,108,156,189,154,76,23,32,7,3
Isle of Man,1993,1049,23,29,6,4,3,5,20,20,34,56,120,277,375,110,10,10,10,10,14,20,25,31,45,75,120,157,203,172,85,25,33,8,3
Isle of Man,1994,1000,21,27,6,3,2,5,18,20,32,53,112,258,365,109,8,10,10,10,13,19,24,29,43,69,116,142,194,171,85,24,30,7,3
Isle of Man,1995,1016,21,27,6,4,1,5,17,20,31,54,112,257,374,114,7,10,10,10,13,18,24,30,43,69,115,142,197,177,89,25,31,6,3
Isle of Man,1996,990,19,24,5,3,1,5,12,20,31,55,108,248,365,117,5,7,10,10,12,19,25,30,42,66,108,140,190,175,94,23,27,6,3
Isle of Man,1997,996,20,25,5,4,1,5,14,20,31,58,109,250,353,123,5,9,10,10,12,19,27,31,44,65,105,145,180,173,100,23,29,6,4
Isle of Man,1998,976,19,23,4,3,0,5,10,20,28,53,106,248,340,136,5,5,10,10,11,17,25,28,43,63,100,148,166,174,107,29,26,5,4
Isle of Man,1999,1027,20,25,5,4,1,5,13,20,31,60,113,258,344,146,5,8,10,10,14,17,29,31,46,67,101,157,165,179,112,34,29,6,5
Isle of Man,2000,967,17,22,5,3,0,5,11,20,29,58,106,238,323,145,5,6,10,10,13,16,28,30,44,62,93,145,156,167,106,39,25,5,6
Isle of Man,2001,930,16,20,4,2,0,5,10,19,28,56,102,224,311,146,5,5,9,10,12,16,26,30,42,60,88,136,154,157,101,45,22,5,7
Isle of Man,2002,939,17,21,4,2,0,5,10,19,28,59,105,222,315,145,5,5,9,10,12,16,26,33,43,62,89,133,162,153,103,42,23,5,8
Isle of Man,2003,920,15,19,4,1,0,5,10,17,26,56,103,213,311,147,5,5,7,10,11,15,24,32,42,61,87,126,168,143,104,43,20,5,10
Isle of Man,2004,871,14,18,4,1,0,5,10,15,24,54,97,197,295,144,5,5,5,10,10,14,22,32,39,58,81,116,163,132,102,42,19,5,10
Isle of Man,2005,848,13,17,4,0,0,4,10,14,23,52,95,190,287,144,5,5,5,9,10,13,21,31,39,56,77,113,155,132,100,44,17,4,10
Isle of Man,2006,839,13,17,4,0,0,4,10,12,23,49,94,184,286,148,5,5,5,7,10,13,20,29,39,55,74,110,148,138,102,46,17,4,11
Isle of Man,2007,848,13,17,4,0,0,4,10,12,23,47,98,184,293,148,5,5,5,7,10,13,19,28,42,56,76,108,146,147,98,50,17,4,12
Isle of Man,2008,843,14,18,4,0,0,4,10,12,24,49,101,185,289,141,5,5,5,7,10,14,21,28,45,56,78,107,139,150,91,50,18,4,12
Isle of Man,2009,840,14,18,4,0,0,4,10,12,25,46,102,185,288,137,5,5,5,7,10,15,19,27,45,57,79,106,137,151,89,48,18,4,13
Isle of Man,2010,833,14,18,4,0,0,4,10,12,24,44,103,181,283,138,5,5,5,7,10,14,19,25,45,58,78,103,135,148,90,48,18,4,14
Isle of Man,2011,830,12,16,4,0,0,4,10,11,24,46,104,184,280,138,5,5,5,6,10,14,21,25,45,59,80,104,136,144,91,47,16,4,15
Isle of Man,2012,836,12,16,4,0,0,3,10,10,23,47,104,187,276,143,5,5,5,5,10,13,21,26,42,62,80,107,135,141,99,44,16,3,16
Isle of Man,2013,842,11,15,4,0,0,3,10,10,23,47,105,187,274,150,5,5,5,5,10,13,21,26,40,65,80,107,135,139,105,45,15,3,16
Isle of Man,2014,822,10,14,4,0,0,3,10,10,21,43,103,188,267,151,5,5,5,5,9,12,19,24,38,65,81,107,130,137,105,46,14,3,17
Isle of Man,2015,913,11,15,4,0,0,4,10,10,23,50,112,211,292,166,5,5,5,5,9,14,23,27,40,72,92,119,142,150,112,54,15,4,18
Isle of Man,2016,832,9,12,3,0,0,3,10,10,20,45,99,194,267,157,5,5,5,5,8,12,20,25,36,63,85,109,129,138,102,55,12,3,18
Isle of Man,2017,836,9,12,3,0,0,2,10,10,19,45,97,198,270,159,5,5,5,5,7,12,20,25,36,61,88,110,132,138,104,55,12,2,19
Isle of Man,2018,841,8,11,3,0,0,2,10,10,17,45,93,203,273,157,5,5,5,5,6,11,20,25,35,58,91,112,136,137,104,53,11,2,20
Isle of Man,2019,846,8,10,2,0,0,2,10,10,17,43,92,208,274,158,5,5,5,5,6,11,18,25,36,56,94,114,138,136,106,52,10,2,20
Isle of Man,2020,874,8,10,2,0,0,2,10,10,16,46,94,218,286,159,5,5,5,5,5,11,19,27,38,56,97,121,145,141,106,53,10,2,20
Isle of Man,2021,891,8,10,2,0,0,2,10,10,17,48,96,227,292,159,5,5,5,5,6,11,20,28,40,56,98,129,149,143,105,54,10,2,20
Israel,1950,8240,1648,1930,282,80,63,133,350,414,685,933,1331,1631,558,127,175,175,161,253,323,362,456,477,612,719,883,748,339,219,103,24,2010,196,3
Israel,1951,8835,1677,1986,309,86,64,134,356,420,739,1025,1441,1774,663,146,177,179,168,252,346,393,497,528,656,785,924,850,429,234,121,25,2072,198,3
Israel,1952,9384,1725,2042,317,95,64,134,356,421,792,1114,1540,1886,772,166,176,180,177,244,367,425,527,587,684,856,946,940,527,245,139,27,2137,198,4
Israel,1953,9859,1707,2032,325,105,65,134,354,421,838,1210,1640,1983,890,186,175,179,185,236,375,463,551,659,711,929,968,1015,629,261,156,30,2137,199,3
Israel,1954,10168,1569,1899,330,114,66,132,348,421,877,1294,1733,2066,1016,202,173,175,192,229,377,500,575,719,739,994,996,1070,724,292,169,33,2013,198,3
Israel,1955,10401,1559,1873,314,119,67,127,336,412,885,1345,1790,2104,1132,209,167,169,188,224,360,525,577,768,765,1025,1020,1084,797,335,174,35,1992,194,3
Israel,1956,11004,1586,1900,314,126,73,126,339,424,915,1443,1915,2225,1300,219,169,170,193,231,356,559,619,824,836,1079,1102,1123,895,405,181,38,2026,199,3
Israel,1957,11387,1538,1848,310,129,78,126,330,428,918,1514,2011,2322,1452,224,164,166,191,237,339,579,656,858,912,1099,1187,1135,974,478,182,42,1977,204,3
Israel,1958,11613,1547,1847,300,130,83,123,320,425,889,1549,2074,2377,1563,228,160,160,187,238,320,569,689,860,983,1091,1250,1127,1020,543,184,44,1977,206,3
Israel,1959,11939,1521,1818,297,127,87,124,312,424,872,1608,2162,2471,1682,248,155,157,182,242,309,563,730,878,1056,1106,1321,1150,1067,615,200,48,1945,211,3
Israel,1960,12198,1511,1801,290,125,93,127,303,417,837,1648,2261,2550,1758,272,152,151,177,240,299,538,769,879,1128,1133,1367,1183,1084,674,222,50,1926,220,3
Israel,1961,12550,1441,1734,293,124,98,132,297,416,820,1716,2381,2671,1847,311,148,149,175,241,302,518,800,916,1183,1198,1409,1262,1109,738,259,52,1858,230,4
Israel,1962,13105,1452,1746,294,124,103,144,299,415,813,1804,2537,2816,1946,354,151,148,174,241,313,500,834,970,1236,1301,1442,1374,1134,812,300,54,1870,247,4
Israel,1963,13832,1468,1767,299,127,105,160,306,419,818,1908,2737,3009,2065,405,155,151,174,245,328,490,854,1054,1288,1449,1489,1520,1178,887,347,58,1894,265,5
Israel,1964,14584,1542,1841,299,132,111,177,314,421,824,2006,2930,3192,2176,453,162,152,176,245,342,482,864,1142,1344,1586,1540,1652,1231,945,390,63,1973,288,5
Israel,1965,15443,1597,1905,308,136,113,195,330,428,842,2103,3150,3412,2315,506,175,155,178,250,351,491,859,1244,1395,1755,1630,1782,1319,996,435,71,2041,308,6
Israel,1966,16251,1639,1957,318,139,115,213,348,432,868,2168,3354,3633,2464,557,191,157,180,252,361,507,852,1316,1483,1871,1753,1880,1434,1030,476,81,2096,328,6
Israel,1967,17108,1609,1941,332,143,118,227,377,441,901,2220,3580,3888,2654,615,214,163,184,257,370,531,833,1387,1595,1985,1927,1961,1591,1063,522,93,2084,345,6
Israel,1968,18291,1725,2069,344,148,124,245,409,452,945,2269,3852,4219,2885,673,240,169,189,263,381,564,835,1434,1758,2094,2170,2049,1779,1106,569,104,2217,369,6
Israel,1969,19284,1818,2170,352,151,127,256,441,455,973,2284,4102,4506,3098,711,263,178,189,266,383,590,829,1455,1907,2195,2381,2125,1947,1151,600,111,2321,383,7
Israel,1970,20410,2004,2371,367,156,133,265,480,462,993,2282,4333,4864,3317,744,289,191,194,268,390,603,846,1436,2065,2268,2627,2237,2094,1223,623,121,2527,398,8
Israel,1971,21317,2089,2471,382,157,133,269,511,461,1005,2274,4567,5177,3520,764,307,204,193,268,390,615,866,1408,2170,2397,2791,2386,2200,1320,631,133,2628,402,9
Israel,1972,22096,2022,2424,402,159,135,269,541,463,1013,2261,4801,5520,3713,783,320,221,195,268,393,620,900,1361,2256,2545,2933,2587,2266,1447,640,143,2583,404,10
Israel,1973,23003,2099,2514,415,159,136,273,570,462,1011,2260,5019,5884,3901,807,331,239,198,264,392,619,932,1328,2274,2745,3034,2850,2315,1586,653,154,2673,409,11
Israel,1974,23828,2111,2530,419,160,137,276,591,466,1005,2266,5221,6245,4083,838,336,255,203,263,392,613,959,1307,2278,2943,3151,3094,2367,1716,678,160,2690,413,11
Israel,1975,24247,2072,2487,415,161,133,275,598,463,981,2244,5278,6512,4223,873,332,266,208,255,381,600,944,1300,2178,3100,3178,3334,2422,1801,712,161,2648,408,12
Israel,1976,24530,1965,2374,409,163,130,271,600,462,960,2245,5259,6760,4370,925,327,273,217,245,373,587,933,1312,2074,3185,3293,3467,2523,1847,762,163,2537,401,13
Israel,1977,24922,1795,2194,399,163,126,268,595,472,941,2268,5220,7059,4595,1011,318,277,233,239,364,577,919,1349,1956,3264,3452,3607,2706,1889,842,169,2357,394,15
Israel,1978,25233,1673,2055,382,162,122,259,587,477,913,2265,5092,7335,4845,1104,311,276,245,232,353,560,893,1372,1856,3236,3657,3678,2943,1902,926,178,2217,381,16
Israel,1979,25657,1641,1999,358,161,119,254,582,488,889,2252,4984,7646,5077,1190,308,274,255,233,341,548,867,1385,1788,3196,3874,3772,3158,1919,1002,188,2160,373,17
Israel,1980,26150,1539,1880,341,161,119,247,577,504,867,2218,4874,7973,5434,1280,308,269,266,238,334,533,855,1363,1800,3074,4129,3844,3451,1983,1075,205,2041,366,18
Israel,1981,26046,1513,1828,315,151,114,234,556,512,826,2140,4668,8100,5578,1321,298,258,266,246,314,512,822,1318,1804,2864,4190,3910,3541,2037,1096,225,1979,348,18
Israel,1982,28073,1521,1847,326,155,122,240,576,564,852,2225,4838,8930,6239,1464,310,266,283,281,322,530,857,1368,1992,2846,4583,4347,3920,2319,1192,272,2002,362,21
Israel,1983,27158,1514,1814,300,140,116,222,541,557,792,2062,4515,8752,6200,1425,290,251,274,283,299,493,795,1267,1961,2554,4363,4389,3807,2393,1136,289,1954,338,23
Israel,1984,27583,1449,1745,296,135,117,218,537,573,785,2013,4457,9000,6498,1480,286,251,276,297,299,486,779,1234,2000,2457,4344,4656,3922,2576,1155,325,1880,335,26
Israel,1985,28075,1354,1649,295,128,117,214,528,586,786,1982,4457,9176,6863,1559,278,250,273,313,309,477,760,1222,1979,2478,4203,4973,4026,2837,1205,354,1777,331,30
Israel,1986,29820,1356,1654,298,131,121,223,547,619,828,2058,4746,9614,7522,1725,284,263,282,337,344,484,791,1267,2065,2681,4203,5411,4396,3126,1332,393,1785,344,37
Israel,1987,29803,1238,1523,285,124,116,223,530,611,833,2009,4791,9405,7776,1816,272,258,274,337,370,463,771,1238,2007,2784,3886,5519,4553,3223,1415,401,1647,339,43
Israel,1988,29995,1215,1482,267,122,111,227,515,612,842,1956,4836,9158,8120,1960,264,251,270,342,394,448,755,1201,1952,2884,3654,5504,4819,3301,1549,411,1604,338,50
Israel,1989,29718,1197,1448,251,118,106,224,497,601,841,1877,4750,8799,8340,2059,254,243,264,337,404,437,728,1149,1859,2891,3442,5357,4995,3345,1642,417,1566,330,56
Israel,1990,29648,1173,1413,240,113,98,218,476,588,858,1796,4621,8516,8654,2231,247,229,259,329,416,442,700,1096,1802,2819,3429,5087,5246,3408,1794,437,1526,316,62
Israel,1991,31627,1113,1365,252,116,101,228,499,619,951,1859,4852,8885,9555,2524,263,236,274,345,453,498,711,1148,1881,2971,3759,5126,5774,3781,2020,504,1481,329,71
Israel,1992,33270,1107,1358,251,116,101,233,516,635,1041,1899,4990,9128,10380,2793,278,238,283,352,476,565,716,1183,1933,3057,4132,4996,6233,4147,2215,578,1474,334,79
Israel,1993,32945,974,1214,240,109,98,223,507,619,1077,1837,4805,8914,10560,2895,278,229,275,344,478,599,683,1154,1853,2952,4251,4663,6189,4371,2261,634,1323,321,82
Israel,1994,33564,963,1190,227,106,99,219,517,622,1127,1838,4737,8986,10949,3087,287,230,273,349,490,637,688,1150,1826,2911,4411,4575,6254,4695,2383,704,1296,318,90
Israel,1995,35174,941,1163,222,108,100,217,533,638,1203,1907,4832,9439,11549,3382,296,237,275,363,507,696,735,1172,1840,2992,4574,4865,6316,5233,2586,796,1271,317,102
Israel,1996,34483,905,1110,205,102,94,205,522,613,1186,1860,4645,9379,11174,3485,288,234,261,352,490,696,766,1094,1772,2873,4440,4939,5871,5303,2652,833,1212,299,112
Israel,1997,35789,905,1105,200,101,94,204,532,618,1212,1941,4727,9898,11391,3830,289,243,260,358,494,718,862,1079,1811,2916,4507,5391,5692,5699,2900,930,1206,298,135
Israel,1998,36579,866,1061,195,96,90,203,530,611,1237,1998,4710,10254,11440,4188,282,248,255,356,496,741,946,1052,1828,2882,4493,5761,5538,5902,3184,1004,1157,293,159
Israel,1999,36958,851,1037,186,90,85,199,524,602,1248,2042,4629,10387,11451,4485,272,252,252,350,496,752,1000,1042,1808,2821,4402,5985,5458,5993,3417,1068,1127,284,180
Israel,2000,37354,833,1018,185,86,83,198,522,595,1252,2122,4530,10382,11527,4836,266,256,253,342,499,753,1057,1065,1785,2745,4361,6021,5645,5882,3691,1145,1104,281,200
Israel,2001,37020,804,985,181,83,81,192,518,587,1229,2188,4365,10169,11385,5014,260,258,255,332,493,736,1072,1116,1689,2676,4229,5940,5820,5565,3799,1215,1068,273,220
Israel,2002,38447,845,1041,196,89,83,196,542,612,1259,2365,4386,10327,11838,5464,270,272,276,336,510,749,1108,1257,1657,2729,4276,6051,6383,5455,4112,1352,1130,279,248
Israel,2003,38409,814,999,185,81,78,180,513,596,1222,2466,4271,10071,12009,5665,258,255,272,324,492,730,1114,1352,1565,2706,4138,5933,6725,5284,4211,1454,1080,258,263
Israel,2004,37804,724,894,170,74,72,165,476,572,1180,2502,4131,9652,12068,5747,241,235,265,307,471,709,1101,1401,1500,2631,3954,5698,6885,5183,4218,1529,968,237,274
Israel,2005,38796,688,854,166,74,66,160,464,579,1184,2622,4182,9665,12687,5962,236,228,270,309,464,720,1117,1505,1537,2645,3906,5759,7129,5558,4283,1679,928,226,299
Israel,2006,38823,655,827,172,78,68,160,473,592,1173,2650,4145,9477,12972,5888,240,233,276,316,454,719,1102,1548,1613,2532,3841,5636,7145,5827,4126,1762,905,228,319
Israel,2007,39600,638,786,148,70,60,150,433,581,1155,2656,4244,9539,13611,5961,218,215,265,316,439,716,1089,1567,1791,2453,3887,5652,7244,6367,4053,1908,856,210,355
Israel,2008,39275,641,780,139,68,58,144,413,567,1114,2630,4215,9274,13755,5880,204,209,251,316,422,692,1063,1567,1928,2287,3839,5435,7069,6686,3946,1934,848,202,377
Israel,2009,38551,610,740,130,64,53,132,386,549,1063,2581,4161,8913,13652,5854,188,198,238,311,403,660,1030,1551,1996,2165,3729,5184,6782,6870,3926,1928,804,185,403
Israel,2010,39199,606,735,129,61,52,125,378,542,1050,2603,4320,8815,13897,6175,184,194,229,313,404,646,1039,1564,2137,2183,3726,5089,6799,7098,4233,1942,796,177,444
Israel,2011,40447,583,714,131,60,53,121,374,547,1057,2656,4596,8887,14312,6584,181,193,229,318,414,643,1064,1592,2271,2325,3699,5188,6900,7412,4629,1955,774,174,486
Israel,2012,41547,593,723,130,58,53,117,368,544,1069,2684,4927,8915,14523,7043,178,190,226,318,429,640,1081,1603,2336,2591,3615,5300,6958,7565,5077,1966,781,170,525
Israel,2013,41120,531,659,128,56,53,111,345,526,1049,2618,5132,8620,14127,7283,169,176,220,306,431,618,1047,1571,2334,2798,3357,5263,6706,7421,5345,1938,715,164,539
Israel,2014,41773,546,671,125,55,52,109,340,527,1062,2636,5426,8596,14028,7713,165,175,224,303,444,618,1043,1593,2398,3028,3277,5319,6641,7387,5688,2025,726,161,559
Israel,2015,43451,583,707,124,55,52,109,334,527,1097,2714,5839,8855,14313,8269,159,175,225,302,460,637,1051,1663,2491,3348,3373,5482,6710,7603,6041,2228,762,161,580
Israel,2016,42981,586,707,121,53,49,104,314,500,1072,2625,5830,8675,14024,8457,149,165,213,287,448,624,999,1626,2423,3407,3445,5230,6595,7429,6088,2369,760,153,569
Israel,2017,43096,564,686,122,52,47,104,303,487,1077,2593,5819,8760,13925,8663,143,160,207,280,442,635,972,1621,2391,3428,3762,4998,6601,7324,6059,2604,738,151,581
Israel,2018,43833,581,706,125,51,44,102,296,480,1088,2577,5916,8943,14029,8991,139,157,199,281,435,653,965,1612,2403,3513,4170,4773,6746,7283,6126,2865,757,146,611
Israel,2019,45172,599,727,128,52,44,102,286,476,1109,2590,6108,9301,14328,9381,135,151,193,283,431,678,973,1617,2461,3647,4568,4733,6945,7383,6249,3132,779,146,668
Israel,2020,48137,557,685,128,50,38,105,293,495,1145,2646,6645,10792,15008,9503,141,152,201,294,436,709,1009,1637,2591,4054,5422,5370,7771,7237,6223,3280,735,143,728
Israel,2021,49845,528,654,126,51,44,110,305,509,1184,2711,6858,11486,15330,9798,148,157,207,302,447,737,1052,1659,2695,4163,5768,5718,7768,7562,6367,3431,705,154,807
Italy,1950,452229,58508,75252,16744,3626,3202,4801,13718,14612,26584,43320,75167,111957,71734,8204,6518,7200,5527,9085,11745,14839,19062,24258,32421,42746,55379,56578,46710,25024,7243,961,78878,8003,54
Italy,1951,481215,56412,72115,15703,3473,3144,4607,13276,14459,27433,45513,80812,124563,82260,9496,6226,7050,5744,8715,11890,15543,20041,25472,34267,46545,59158,65405,52477,29783,8364,1132,75588,7751,64
Italy,1952,474033,53298,67454,14156,3510,2864,3998,11252,12952,26217,45607,81185,125580,83413,9924,5332,5920,5458,7494,11172,15045,19892,25715,34616,46569,58749,66831,53042,30371,8696,1228,70964,6862,73
Italy,1953,472124,48526,60094,11568,3531,2642,3735,10556,12135,25970,45785,83224,129480,84791,10100,4931,5625,5740,6395,11024,14946,20155,25630,35202,48022,60826,68654,54655,30136,8851,1249,63625,6377,82
Italy,1954,442479,46601,56061,9460,3127,2454,3676,10319,11732,25059,44475,78234,118971,78403,9884,4789,5530,6099,5633,10600,14459,19446,25029,33333,44901,56076,62895,50837,27566,8639,1245,59188,6130,80
Italy,1955,446204,43939,52514,8575,3189,2314,3746,10060,11871,25027,45150,78883,122750,80030,10587,4666,5394,6499,5372,10367,14660,19762,25388,33676,45207,57501,65249,51670,28360,9207,1380,55703,6060,86
Italy,1956,497394,42424,50453,8029,3089,2197,3558,9383,11700,26024,50347,88471,141143,97908,13019,4314,5069,6126,5574,10222,15802,21554,28793,37432,51039,66814,74329,63489,34419,11327,1692,53542,5755,102
Italy,1957,484075,44236,52822,8586,3096,2464,3731,9571,12532,25216,50965,88623,133342,89720,11899,4416,5155,6133,6399,9546,15670,21822,29143,37553,51070,64034,69308,58600,31120,10290,1609,55918,6195,93
Italy,1958,457597,41896,50090,8194,2855,2121,3344,8777,12009,22911,48222,82366,125609,87791,11395,4059,4718,5623,6386,8195,14716,20768,27454,35459,46907,59848,65761,57279,30512,9761,1634,52945,5465,105
Italy,1959,454767,41397,48863,7466,2651,2189,3218,8623,12802,21777,48868,81730,123886,88270,11765,4075,4548,5715,7087,7231,14546,21066,27802,35705,46025,58891,64995,57728,30542,10029,1736,51514,5407,123
Italy,1960,480963,39533,46475,6942,2387,2152,3035,8559,12725,22199,50957,86727,133395,98337,13875,4000,4559,5517,7208,7173,15026,21856,29101,37961,48766,62301,71094,63773,34564,11791,2084,48862,5187,141
Italy,1961,468326,38092,44233,6141,2328,2183,3128,8496,12700,21400,50931,85126,129166,95221,13267,4145,4351,5493,7207,7294,14106,21809,29122,37918,47208,60407,68759,59941,35280,11229,2038,46561,5311,147
Italy,1962,508904,39019,45254,6235,2314,2021,3222,8359,12791,21927,54597,92711,142805,107549,15184,4079,4280,5469,7322,8178,13749,22988,31609,41172,51539,66486,76319,66999,40550,12877,2307,47568,5243,175
Italy,1963,516570,38445,44267,5822,2339,1988,3619,8752,13059,22135,55439,95359,144659,109065,15704,4249,4503,5410,7649,9390,12745,23534,31905,42279,53080,67368,77291,67718,41347,13366,2338,46606,5607,189
Italy,1964,489800,36832,42091,5259,2090,1770,3236,7717,12106,20969,53986,92173,136293,102696,14490,3700,4017,5044,7062,9927,11042,22478,31508,41229,50944,63414,72879,63964,38732,12363,2127,44181,5006,187
Italy,1965,516986,34817,39833,5016,2047,1693,3220,7075,11952,21160,55143,98680,145726,113513,16730,3253,3822,4744,7208,10426,10734,22695,32448,43744,54936,67737,77989,70567,42946,14253,2477,41880,4913,215
Italy,1966,495425,33443,38052,4609,1936,1599,3104,6790,10866,20480,53147,95622,138197,108642,16772,3119,3671,4467,6399,9828,10652,21041,32106,42260,53362,64434,73763,68253,40389,14354,2418,39988,4703,218
Italy,1967,509328,30939,35288,4349,1880,1606,3044,7017,10832,21486,53142,98820,143327,113896,18746,3298,3719,4330,6502,9930,11556,20133,33009,43209,55611,67097,76230,70647,43249,16065,2681,37168,4650,244
Italy,1968,532764,30154,34432,4278,1951,1688,2970,6653,10738,23280,52372,103557,150690,123792,20387,3197,3456,4373,6365,9943,13337,18455,33917,45377,58180,70241,80449,76531,47261,17422,2965,36383,4658,260
Italy,1969,538045,28631,32652,4021,1924,1670,3014,6828,10763,25169,52153,112076,155802,116755,19002,3407,3421,4394,6369,10116,15053,17074,35079,49308,62768,75523,80279,71970,44785,16197,2805,34576,4684,238
Italy,1970,520728,26216,29886,3670,1941,1680,3004,6616,10135,24538,48093,104366,148729,120515,20946,3421,3195,4235,5900,9522,15016,15597,32496,46464,57902,70249,78480,73596,46919,17728,3218,31827,4684,278
Italy,1971,522051,25811,29081,3270,1894,1610,2848,6601,9929,24011,47208,104709,148440,124085,21347,3470,3131,4019,5910,9258,14753,16091,31117,46647,58062,70515,77925,75048,49037,17898,3449,30975,4458,286
Italy,1972,523226,23651,26568,2917,1863,1609,2981,6583,9872,24250,46721,106731,150463,123006,22274,3441,3142,4149,5723,9231,15019,17729,28992,47090,59641,72198,78265,74121,48885,18620,3654,28431,4590,301
Italy,1973,546931,22482,25160,2678,1826,1673,2970,6407,9443,23918,45856,109496,158679,135350,25799,3211,3196,3889,5554,9009,14909,19641,26215,47607,61889,75224,83455,80638,54712,21573,4226,26986,4643,356
Italy,1974,531413,19708,21947,2239,1597,1465,2724,5687,8895,23455,44959,108318,155545,130902,25552,2775,2912,3583,5312,8677,14778,21555,23404,46479,61839,74213,81332,77762,53140,21340,4212,23544,4189,364
Italy,1975,553806,16890,19041,2151,1540,1531,2851,6019,8669,23242,46069,112608,166199,138385,27249,2983,3036,3311,5358,8696,14546,22929,23140,47282,65326,78509,87690,82350,56035,22847,4402,20581,4382,399
Italy,1976,549614,14747,16724,1977,1466,1532,2771,5858,8602,22941,46622,110207,166927,137710,27826,2883,2975,3316,5286,8416,14525,22897,23725,45151,65056,78577,88350,81133,56577,23232,4594,18190,4303,429
Italy,1977,545755,13048,14838,1790,1420,1505,2755,5737,8325,22082,48036,106363,166452,138769,29016,2929,2808,3217,5108,8108,13974,22328,25708,41376,64987,78514,87938,81100,57669,24010,5006,16258,4260,460
Italy,1978,540847,11819,13525,1706,1298,1476,2630,5521,8113,21375,50968,101517,166827,138008,29120,2750,2771,3254,4859,7869,13506,22350,28618,37217,64300,79361,87466,81343,56665,24034,5086,14823,4106,468
Italy,1979,538619,10182,11685,1503,1185,1443,2850,5767,7993,20990,52832,96345,166712,140217,30106,2978,2789,3376,4617,7637,13353,21835,30997,33231,63114,79415,87297,83042,57175,24667,5439,12870,4293,495
Italy,1980,554407,9149,10695,1546,1385,1519,3143,5954,8204,20715,53862,95777,174230,146378,32004,3163,2791,3591,4613,7781,12934,21372,32490,32278,63499,83049,91181,86573,59805,26126,5878,12080,4662,545
Italy,1981,545479,8726,9980,1254,1048,1234,2990,5822,7511,19897,52890,92929,172393,146583,31650,3055,2767,3305,4206,7389,12508,20905,31985,33032,59897,81872,90521,86951,59632,25851,5799,11028,4224,556
Italy,1982,534515,8012,9121,1109,1000,1154,2899,5750,7444,19122,51109,89592,171184,144043,31491,3022,2728,3179,4265,7317,11805,19886,31223,35178,54414,81298,89886,85072,58971,25664,5827,10121,4053,603
Italy,1983,563754,7189,8360,1171,883,1148,2840,5898,7488,18934,51961,91139,181091,157631,35658,3085,2813,3107,4381,7211,11723,20445,31516,40286,50853,84560,96531,92389,65242,28961,6697,9243,3988,723
Italy,1984,534042,6549,7493,944,799,1022,2605,5736,7275,18021,49089,86459,172792,148648,33400,3096,2640,3050,4225,6712,11309,19079,30010,42478,43981,80581,92211,86862,61786,27070,6330,8292,3627,706
Italy,1985,546810,5920,6833,913,727,1033,2642,5798,7362,17195,48203,85986,177317,156373,36536,3097,2701,2907,4455,6258,10937,18245,29958,43816,42170,80403,96914,90851,65522,29445,7091,7560,3675,807
Italy,1986,543909,5531,6299,768,641,988,2312,5836,7287,17297,46593,86167,173087,159251,37327,3053,2783,2902,4385,6325,10972,17435,29158,42836,43331,76992,96095,92476,66775,29990,7337,6940,3300,828
Italy,1987,532034,5350,6185,835,625,847,2289,6140,7174,16735,44980,87601,164201,156435,37947,3171,2969,2955,4219,6245,10490,16974,28006,42083,45518,68800,95401,90425,66010,30356,7591,6810,3136,874
Italy,1988,538568,5262,6011,749,563,789,2293,6602,7234,16404,43058,92128,157773,163610,41095,3337,3265,3186,4048,6174,10230,16096,26962,41498,50630,61638,96135,94564,69046,32750,8345,6574,3082,1007
Italy,1989,531063,4821,5483,662,512,719,2367,6975,7584,15835,41613,94002,148632,164012,42258,3294,3681,3574,4010,6096,9739,15840,25773,39803,54199,54563,94069,94769,69243,33586,8672,5995,3086,1074
Italy,1990,542928,4618,5265,647,507,707,2436,7483,8207,15507,40332,94903,147029,173671,45675,3393,4090,3863,4344,6499,9008,15358,24974,38943,55960,52482,94547,99906,73765,36269,9406,5772,3143,1206
Italy,1991,552410,4727,5434,707,535,691,2424,8075,8770,15569,39821,94270,146218,180883,48440,3563,4512,4437,4333,6425,9144,15406,24415,38825,55445,54615,91603,103371,77512,38310,10130,5969,3115,1280
Italy,1992,546441,4607,5273,666,476,713,2338,7691,9209,15414,38261,91880,142450,181632,49738,3454,4237,4697,4512,6141,9273,14995,23266,37295,54585,58290,84160,103858,77774,39078,10660,5749,3051,1370
Italy,1993,551794,3833,4629,796,545,658,2057,7029,9174,14983,37306,90097,141452,189674,52707,3043,3986,4646,4528,5962,9021,14712,22594,36218,53879,64805,76647,107659,82015,41186,11521,5174,2715,1483
Italy,1994,555765,3458,4161,703,489,566,1927,6555,9923,15174,36645,88267,140172,194301,55942,2763,3792,5140,4783,5928,9246,14189,22456,35372,52895,70908,69264,107958,86343,43524,12418,4650,2493,1641
Italy,1995,555676,3243,3891,648,491,588,1813,6568,10437,15317,35259,86064,138144,197028,58307,2972,3596,5310,5127,5862,9455,13126,22133,33943,52121,72518,65626,106886,90142,45184,13123,4382,2401,1767
Italy,1996,553240,3226,3819,593,448,578,1673,6222,10169,14898,34414,83804,138463,196546,60381,2723,3499,5099,5070,5651,9247,12838,21576,32604,51200,70983,67480,103094,93452,46861,13520,4267,2251,1827
Italy,1997,559867,2916,3555,639,424,497,1486,5650,8723,14341,34110,81389,144764,196263,66529,2593,3057,4156,4567,5590,8751,13098,21012,31957,49432,70608,74156,97432,98831,51461,15068,3979,1983,2136
Italy,1998,573018,2862,3310,448,355,494,1461,5609,8125,14129,33847,80976,155723,194476,72191,2622,2987,3717,4408,5662,8467,13199,20648,31746,49230,71568,84155,90122,104354,55895,16296,3665,1955,2322
Italy,1999,567015,2753,3159,406,314,442,1329,5120,7815,13552,32837,77773,158879,187810,75543,2325,2795,3495,4320,5517,8035,13171,19666,30507,47266,68603,90276,81547,106263,58633,16910,3473,1771,2445
Italy,2000,559012,2450,2859,409,343,425,1263,5076,7617,13241,31611,74423,157392,182987,79183,2215,2861,3264,4353,5405,7836,13266,18345,29719,44704,66217,91175,76893,106094,61375,17808,3202,1688,2594
Italy,2001,555539,2478,2921,443,294,394,1237,4660,7557,13261,30973,72115,154227,181143,83952,2032,2628,3204,4353,5541,7720,13044,17929,29049,43066,64638,89589,79655,101488,64740,19212,3215,1631,2807
Italy,2002,558834,2364,2802,438,346,402,1159,4436,7205,13240,30206,69849,152175,183974,89990,1921,2515,3061,4144,5510,7730,12288,17918,28215,41634,63392,88783,87907,96067,69335,20655,3148,1561,3048
Italy,2003,582137,2019,2386,367,262,350,1053,3686,6668,12976,30347,69367,154368,196371,100907,1583,2103,2670,3998,5343,7633,11975,18372,27983,41384,63382,90986,103419,92952,77452,23455,2648,1403,3398
Italy,2004,540418,2128,2485,357,233,318,998,3478,6189,12769,28913,65499,142951,179476,93860,1529,1949,2555,3634,5379,7390,11263,17650,25841,39658,59166,83785,103554,75922,71452,22408,2718,1316,3242
Italy,2005,563488,1991,2335,344,251,324,897,3384,5957,12742,29017,64210,144068,191718,104736,1469,1915,2456,3501,5385,7357,10920,18097,24691,39519,58682,85386,111798,79920,78287,26449,2586,1221,3848
Italy,2006,553567,1929,2276,347,235,266,930,3060,5838,12820,28747,62179,138563,192665,101937,1341,1719,2416,3422,5400,7420,10774,17973,23930,38249,55452,83111,109279,83386,74664,27273,2511,1196,4050
Italy,2007,567102,1856,2178,322,244,320,978,2905,5526,12894,27743,62248,137808,207380,102331,1278,1627,2161,3365,5341,7553,10775,16968,24362,37886,54750,83058,111307,96073,72013,30318,2422,1298,4548
Italy,2008,576842,1912,2257,345,208,290,924,2633,5356,12834,27473,61415,136211,222073,100091,1175,1458,2185,3171,5187,7647,10790,16683,24757,36658,54232,81979,112572,109501,66629,33462,2465,1214,5083
Italy,2009,583877,1958,2278,320,239,290,844,2617,4994,12912,27293,61169,136350,232551,96772,1229,1388,1972,3022,5118,7794,11098,16195,25430,35739,54643,81707,111765,120786,61681,35091,2517,1134,5565
Italy,2010,580159,1788,2113,325,203,266,773,2251,4769,12577,26509,58804,132476,234420,98861,1030,1221,1849,2920,4886,7691,10872,15637,25351,33453,53574,78902,111163,123257,62872,35989,2316,1039,6140
Italy,2011,589769,1691,1985,294,239,262,708,2314,4483,12532,26935,59146,131129,236829,106451,1112,1202,1712,2771,4686,7846,11062,15873,25468,33678,53249,77880,111657,125172,70643,35808,2224,970,6760
Italy,2012,608698,1592,1889,297,192,248,635,2127,4362,12500,27064,59525,131880,244765,116011,980,1147,1592,2770,4628,7872,11184,15880,24941,34584,53507,78373,114387,130378,81888,34123,2081,883,7497
Italy,2013,594922,1497,1791,294,198,235,593,2008,4074,12022,26956,58337,127314,236135,117578,915,1093,1517,2557,4473,7549,11183,15773,23649,34688,51346,75968,109967,126168,88382,29196,1989,828,7685
Italy,2014,595270,1369,1634,265,187,237,574,1870,3863,11586,26984,58657,124641,234162,122813,838,1032,1372,2491,4262,7324,11325,15659,23133,35524,49337,75304,108725,125437,95763,27050,1821,811,8054
Italy,2015,642236,1375,1637,262,173,224,624,1887,3751,11894,28165,60870,129327,253441,141177,871,1016,1426,2325,4269,7625,11839,16326,23684,37186,49411,79916,115423,138018,109151,32026,1810,848,9060
Italy,2016,614303,1313,1519,206,211,262,531,1834,3555,11158,27711,58630,123537,239386,137716,843,991,1349,2206,4105,7053,11573,16138,22361,36269,47326,76211,107477,131909,103117,34599,1730,793,8251
Italy,2017,651610,1299,1554,255,207,287,640,2035,3660,11558,28276,59289,128937,253173,154058,965,1070,1419,2241,4215,7343,11779,16497,23497,35792,49779,79158,112431,140742,111872,42186,1761,927,7934
Italy,2018,630845,1237,1486,249,177,231,593,1861,3368,10759,27877,56822,124408,242709,153626,826,1035,1307,2061,3895,6864,11518,16359,23014,33808,49360,75048,108239,134470,108448,45178,1663,824,6924
Italy,2019,615795,998,1231,233,152,205,551,1810,3144,10421,27600,55630,123284,235612,149552,818,992,1227,1917,3743,6678,11103,16497,22910,32720,50454,72830,109521,126091,102249,47303,1383,756,6604
Italy,2020,716753,951,1172,221,139,153,517,1762,3158,10445,30072,63106,146950,282948,168947,779,983,1271,1887,3618,6827,11703,18369,26512,36594,61827,85123,129803,153145,117983,50964,1311,670,7385
Italy,2021,680373,925,1132,207,134,165,568,1868,3248,10076,30375,62974,138232,258749,164354,817,1051,1347,1901,3477,6599,11444,18931,26779,36195,59704,78528,121333,137416,114192,50162,1266,733,8493
Jamaica,1950,15618,4158,5642,1484,459,283,372,877,1085,1265,1362,1690,1959,527,97,427,450,497,588,578,687,652,710,714,976,1125,834,319,208,80,17,6101,655,1
Jamaica,1951,16034,4397,5905,1508,482,290,374,877,1062,1258,1393,1672,2040,572,109,432,445,485,577,579,679,674,719,727,945,1133,907,378,194,86,23,6387,664,4
Jamaica,1952,15950,4329,5784,1455,439,267,356,859,1027,1251,1432,1674,2122,624,111,429,430,469,558,588,663,710,722,763,911,1142,980,452,172,88,23,6223,623,5
Jamaica,1953,15859,4318,5743,1425,420,257,336,830,970,1222,1454,1664,2167,682,106,421,409,445,525,592,630,738,716,797,867,1135,1032,525,157,87,19,6163,593,4
Jamaica,1954,15740,4338,5732,1394,399,249,316,787,912,1185,1470,1666,2183,751,91,403,384,419,493,583,602,755,715,827,839,1115,1068,593,158,77,14,6131,565,2
Jamaica,1955,15620,4320,5685,1365,385,240,300,748,854,1159,1487,1678,2185,828,69,385,363,392,462,571,588,761,726,846,832,1093,1092,652,176,62,7,6070,540,2
Jamaica,1956,15650,4303,5637,1334,376,234,290,714,816,1158,1524,1730,2190,925,58,365,349,373,443,564,594,763,761,871,859,1073,1117,718,207,50,8,6013,524,1
Jamaica,1957,15039,4271,5576,1305,367,221,267,630,703,1049,1447,1683,2070,984,41,322,308,319,384,495,554,692,755,828,855,988,1082,748,236,35,6,5943,488,1
Jamaica,1958,14750,4254,5527,1273,359,212,255,575,633,993,1416,1690,1997,1060,37,290,285,285,348,449,544,644,772,806,884,930,1067,786,274,31,6,5886,467,1
Jamaica,1959,14653,4129,5370,1241,356,205,251,542,597,981,1437,1751,1979,1143,39,271,271,268,329,428,553,629,808,819,932,911,1068,829,314,35,4,5726,456,0
Jamaica,1960,14655,4142,5343,1201,352,197,246,511,557,954,1446,1811,1974,1214,45,256,255,249,308,405,549,621,825,843,968,915,1059,859,355,44,1,5695,443,0
Jamaica,1961,14761,3954,5121,1167,345,192,240,497,540,936,1464,1896,2034,1409,86,252,245,243,297,391,545,630,834,890,1006,963,1071,942,467,80,6,5466,432,0
Jamaica,1962,14983,3719,4843,1124,340,187,238,497,540,940,1508,2020,2132,1604,135,256,241,247,293,391,549,667,841,975,1045,1050,1082,1026,578,124,11,5183,425,0
Jamaica,1963,14737,3610,4683,1073,338,182,225,464,493,858,1440,2029,2140,1707,180,245,219,230,263,358,500,657,783,1006,1023,1099,1041,1052,655,166,14,5021,407,1
Jamaica,1964,14881,3566,4580,1014,332,181,217,452,477,823,1438,2104,2219,1828,237,243,209,225,252,344,479,673,765,1057,1047,1171,1048,1092,736,217,20,4912,398,1
Jamaica,1965,14976,3493,4464,971,329,182,209,443,459,787,1434,2171,2299,1910,290,240,203,217,242,329,458,675,759,1086,1085,1226,1073,1112,798,263,27,4793,391,1
Jamaica,1966,15024,3419,4351,932,323,180,205,433,440,752,1426,2226,2381,1961,347,235,198,207,233,313,439,663,763,1087,1139,1261,1120,1115,846,309,38,4674,385,2
Jamaica,1967,15282,3323,4226,903,316,183,205,441,440,742,1464,2328,2512,2020,405,236,205,203,237,307,435,661,803,1088,1240,1300,1212,1120,900,357,48,4542,388,2
Jamaica,1968,15751,3211,4081,870,307,188,208,449,453,755,1546,2485,2703,2102,469,236,213,204,249,310,445,670,876,1104,1381,1362,1341,1143,959,407,62,4388,396,3
Jamaica,1969,15888,3093,3937,844,301,192,219,459,457,747,1563,2544,2819,2129,513,236,223,204,253,307,440,654,909,1086,1458,1396,1423,1149,980,439,74,4238,411,4
Jamaica,1970,15848,2977,3793,816,295,193,225,456,446,718,1536,2566,2920,2150,548,232,224,199,247,296,422,624,912,1073,1493,1443,1477,1167,983,461,87,4088,418,5
Jamaica,1971,16015,2866,3658,792,289,197,233,464,452,714,1534,2621,3068,2201,580,235,229,206,246,298,416,614,920,1102,1519,1536,1532,1219,982,482,98,3947,430,6
Jamaica,1972,16222,2751,3510,759,284,196,237,463,450,701,1491,2628,3203,2306,737,234,229,211,239,300,401,596,895,1137,1491,1643,1560,1304,1002,570,167,3794,433,19
Jamaica,1973,16238,2625,3336,711,273,188,237,451,440,677,1427,2607,3323,2399,846,232,219,213,227,296,381,573,854,1171,1436,1748,1575,1392,1007,629,217,3609,425,31
Jamaica,1974,16363,2503,3169,666,261,185,241,449,438,667,1383,2618,3469,2509,926,235,214,217,221,296,371,558,825,1207,1411,1847,1622,1480,1029,670,256,3430,426,44
Jamaica,1975,16566,2392,3020,628,250,180,244,444,437,660,1356,2663,3635,2632,989,238,206,219,218,294,366,549,807,1239,1424,1926,1709,1564,1068,701,288,3270,424,55
Jamaica,1976,16537,2276,2865,589,238,173,246,444,437,645,1304,2648,3718,2723,1027,241,203,218,219,285,360,527,777,1217,1431,1925,1793,1609,1114,714,313,3103,419,65
Jamaica,1977,16807,2230,2793,563,229,172,252,464,458,653,1286,2694,3837,2832,1061,254,210,226,232,283,370,519,767,1202,1492,1905,1932,1647,1185,726,335,3022,424,73
Jamaica,1978,16985,2178,2713,535,221,170,250,471,463,652,1256,2724,3942,2944,1091,260,211,223,240,275,377,503,753,1165,1559,1863,2079,1682,1262,737,354,2934,420,81
Jamaica,1979,17095,2143,2660,517,212,165,245,477,457,639,1217,2726,4025,3063,1119,263,214,214,243,266,373,487,730,1122,1604,1832,2193,1734,1329,753,366,2872,410,88
Jamaica,1980,17118,2099,2576,477,196,157,238,477,443,624,1178,2707,4099,3191,1138,263,214,203,240,260,364,472,706,1083,1624,1834,2265,1812,1379,769,369,2772,395,93
Jamaica,1981,17051,2061,2519,458,185,150,229,469,426,602,1132,2646,4136,3316,1148,261,208,192,234,254,348,459,673,1042,1604,1857,2279,1907,1409,783,365,2704,379,94
Jamaica,1982,16912,2023,2469,446,176,144,226,473,424,593,1099,2552,4116,3405,1142,260,213,192,232,259,334,456,643,1003,1549,1897,2219,2006,1399,791,351,2645,370,94
Jamaica,1983,17342,1986,2418,432,169,140,230,495,441,616,1127,2557,4251,3624,1173,267,228,201,240,279,337,482,645,1011,1546,2030,2221,2186,1438,824,349,2587,370,95
Jamaica,1984,17381,1944,2363,419,165,138,231,511,449,629,1131,2509,4303,3731,1130,272,239,211,238,292,337,493,638,999,1510,2108,2195,2281,1450,814,316,2528,369,87
Jamaica,1985,17305,1896,2304,408,161,133,228,514,448,632,1117,2437,4329,3817,1106,269,245,217,231,296,336,490,627,973,1464,2132,2197,2329,1488,812,294,2465,361,79
Jamaica,1986,17275,1850,2260,410,160,130,225,518,450,640,1103,2371,4354,3896,1105,267,251,221,229,299,341,481,622,946,1425,2118,2236,2338,1558,819,286,2420,355,72
Jamaica,1987,16939,1777,2161,384,153,120,213,494,431,621,1058,2257,4327,3928,1112,254,240,215,216,285,336,450,608,893,1364,2039,2288,2284,1644,827,285,2314,333,67
Jamaica,1988,16864,1713,2088,375,155,118,205,488,437,626,1044,2184,4337,3975,1140,252,236,220,217,281,345,432,612,858,1326,1963,2374,2231,1744,847,293,2243,323,63
Jamaica,1989,16417,1642,1993,351,143,109,193,465,426,599,1000,2065,4240,3962,1161,241,224,215,211,260,339,406,594,809,1256,1851,2389,2168,1794,864,297,2136,302,60
Jamaica,1990,16496,1536,1872,336,140,106,187,456,437,603,1004,2041,4272,4090,1229,236,220,220,217,254,349,408,596,802,1239,1820,2452,2219,1871,916,313,2012,293,60
Jamaica,1991,16909,1518,1836,318,135,106,188,466,466,627,1039,2073,4344,4265,1304,239,227,234,232,261,366,432,607,826,1247,1828,2516,2335,1930,980,324,1971,294,60
Jamaica,1992,17164,1502,1801,299,132,105,183,467,484,648,1064,2090,4346,4412,1375,237,230,241,243,269,379,458,606,854,1236,1830,2516,2472,1940,1045,330,1933,288,61
Jamaica,1993,17448,1472,1762,290,129,104,183,479,519,683,1125,2162,4380,4514,1353,239,240,252,267,286,397,505,620,911,1251,1865,2515,2624,1890,1047,306,1891,287,55
Jamaica,1994,17616,1422,1702,280,126,105,185,490,554,720,1186,2214,4369,4592,1327,242,248,264,290,312,408,548,638,954,1260,1877,2492,2730,1862,1040,287,1828,290,49
Jamaica,1995,17802,1361,1632,271,121,104,186,495,587,758,1261,2267,4367,4682,1297,242,253,273,314,339,419,592,669,986,1281,1887,2480,2802,1880,1022,275,1753,290,43
Jamaica,1996,17724,1243,1504,261,118,105,189,494,612,792,1329,2300,4311,4691,1243,239,255,279,333,361,431,623,706,1000,1300,1868,2443,2789,1902,980,263,1622,294,38
Jamaica,1997,18038,1197,1446,249,113,105,192,506,653,852,1438,2382,4335,4776,1205,244,262,295,358,394,458,664,774,1017,1365,1872,2463,2785,1991,943,262,1559,297,34
Jamaica,1998,18261,1145,1375,230,111,104,200,518,689,924,1537,2455,4322,4825,1171,248,270,311,378,435,489,692,845,1023,1432,1858,2464,2742,2083,910,261,1486,304,30
Jamaica,1999,18177,1061,1280,219,109,103,203,523,705,982,1591,2492,4259,4777,1127,252,271,318,387,463,519,692,899,1027,1465,1831,2428,2660,2117,878,249,1389,306,26
Jamaica,2000,18061,944,1149,205,106,100,203,522,715,1049,1644,2544,4217,4697,1094,253,269,321,394,492,557,695,949,1057,1487,1826,2391,2591,2106,860,234,1255,303,23
Jamaica,2001,18216,906,1107,201,108,100,213,551,747,1130,1715,2609,4201,4624,1091,270,281,334,413,532,598,716,999,1113,1496,1845,2356,2545,2079,871,220,1215,313,22
Jamaica,2002,18028,877,1057,180,102,98,210,543,748,1171,1742,2623,4133,4484,1095,269,274,330,418,546,625,726,1016,1166,1457,1860,2273,2476,2008,891,204,1159,308,21
Jamaica,2003,18136,855,1022,167,96,96,208,548,769,1245,1800,2696,4146,4386,1102,273,275,333,436,568,677,760,1040,1254,1442,1923,2223,2442,1944,911,191,1118,304,19
Jamaica,2004,18053,845,1006,161,94,95,210,561,781,1300,1830,2745,4091,4229,1094,279,282,336,445,582,718,802,1028,1316,1429,1935,2156,2368,1861,910,184,1100,305,18
Jamaica,2005,17869,813,969,156,88,94,205,554,763,1317,1837,2797,4040,4106,1083,277,277,326,437,575,742,834,1003,1358,1439,1924,2116,2305,1801,901,182,1057,299,16
Jamaica,2006,17777,804,955,151,83,92,200,555,748,1336,1857,2864,4001,4007,1067,277,278,319,429,568,768,860,997,1384,1480,1894,2107,2246,1761,882,185,1038,292,15
Jamaica,2007,17610,740,885,145,78,89,196,547,715,1328,1873,2920,3979,3930,1057,272,275,305,410,560,768,882,991,1385,1535,1841,2138,2188,1742,864,193,963,285,13
Jamaica,2008,17486,719,861,142,74,86,191,537,694,1322,1923,2982,3963,3820,1025,266,271,296,398,558,764,919,1004,1375,1607,1788,2175,2118,1702,828,197,935,277,12
Jamaica,2009,16980,697,829,132,68,80,185,525,655,1268,1924,2919,3852,3666,992,259,266,282,373,533,735,919,1005,1296,1623,1714,2138,2025,1641,796,196,897,265,12
Jamaica,2010,16494,645,773,128,68,76,181,503,622,1206,1937,2860,3769,3528,958,247,256,271,351,505,701,921,1016,1229,1631,1688,2081,1954,1574,765,193,841,257,12
Jamaica,2011,16159,623,742,119,63,69,171,476,586,1144,1944,2826,3731,3456,938,232,244,259,327,476,668,924,1020,1195,1631,1709,2022,1932,1524,749,189,805,240,12
Jamaica,2012,16075,600,711,111,61,65,167,456,556,1102,1955,2806,3747,3490,950,222,234,250,306,450,652,916,1039,1181,1625,1772,1975,1981,1509,759,191,772,232,14
Jamaica,2013,16460,567,673,106,58,61,160,452,561,1123,2061,2888,3870,3575,961,220,232,254,307,449,674,944,1117,1230,1658,1902,1968,2071,1504,769,192,731,221,16
Jamaica,2014,17403,531,631,100,55,59,161,479,612,1224,2284,3086,4123,3698,972,229,250,279,333,486,738,1027,1257,1369,1717,2088,2035,2173,1525,779,193,686,220,17
Jamaica,2015,18631,520,614,94,53,58,159,509,686,1343,2567,3368,4470,3811,968,242,267,312,374,532,811,1130,1437,1558,1810,2300,2170,2254,1557,777,191,667,217,18
Jamaica,2016,19573,487,577,90,49,58,158,531,749,1432,2797,3600,4766,3878,962,251,280,339,410,566,866,1207,1590,1704,1896,2450,2316,2282,1596,772,190,626,216,18
Jamaica,2017,20102,448,533,85,49,57,152,536,788,1472,2940,3780,4974,3871,933,251,285,352,436,581,891,1265,1675,1827,1953,2521,2453,2242,1629,746,187,582,209,17
Jamaica,2018,20616,420,508,88,50,57,153,576,838,1505,3035,3975,5142,3858,901,268,308,375,463,600,905,1312,1723,1955,2020,2544,2598,2196,1662,719,182,558,210,16
Jamaica,2019,21080,401,487,86,50,55,148,572,857,1522,3112,4229,5269,3879,884,262,310,379,478,610,912,1343,1769,2083,2146,2525,2744,2198,1681,706,178,537,203,16
Jamaica,2020,21386,382,461,79,47,54,140,555,861,1524,3137,4477,5351,3900,864,246,309,375,486,617,907,1350,1787,2204,2273,2496,2855,2238,1662,695,169,508,194,15
Jamaica,2021,24899,370,444,74,44,52,145,576,963,1746,3561,5386,6380,4621,966,246,330,406,557,720,1026,1523,2038,2640,2746,2948,3432,2703,1918,783,183,488,197,17
Japan,1950,933809,138960,224485,85525,20316,10431,21857,71539,56015,64281,89792,137705,148779,79325,9194,37311,34228,27095,28920,29881,34400,40778,49014,62220,75485,78491,70288,52773,26552,7996,1198,244801,32288,91
Japan,1951,862235,118686,200424,81738,17387,9186,17230,55898,47070,59015,86239,133945,149008,77509,9224,28202,27696,22663,24407,27148,31867,38685,47554,60789,73156,78241,70767,51602,25907,7982,1242,217811,26416,96
Japan,1952,788162,97792,157963,60171,15709,8096,14261,46691,40389,53845,85105,130134,148601,77573,9690,23321,23370,19549,20840,24921,28924,38180,46925,58547,71587,77924,70677,51338,26235,8358,1332,173672,22357,102
Japan,1953,796456,89853,140429,50576,15822,7373,12911,44199,37378,51674,86897,134619,165106,88697,11229,22117,22082,18295,19083,23329,28345,38535,48362,60317,74302,85827,79279,58061,30636,9657,1572,156251,20284,118
Japan,1954,742817,78798,119605,40807,15954,6954,12270,44373,36894,50452,84982,128320,152766,79247,10873,22052,22321,18679,18215,22592,27860,37963,47019,57147,71173,79971,72795,52271,26976,9289,1584,135559,19224,124
Japan,1955,714063,69042,99259,30217,14626,6645,11195,40080,34172,48570,82174,128465,155838,81993,10914,20009,20071,17382,16790,21200,27370,36568,45606,56876,71589,81073,74765,54068,27925,9275,1639,113885,17840,130
Japan,1956,745631,67742,94685,26943,13634,5858,10710,38234,33923,48718,86140,136386,170729,93680,12772,19207,19027,17368,16555,20838,27880,37266,48874,60353,76033,86705,84024,61873,31807,10794,1978,108319,16568,158
Japan,1957,774572,62108,86331,24223,12718,6099,11072,37894,35012,49875,89490,144530,185328,102234,13818,18882,19012,18252,16760,20908,28967,37442,52048,63934,80596,93190,92138,67117,35117,11662,2156,99049,17171,172
Japan,1958,706738,59149,78399,19250,10442,5693,10235,35110,32717,45964,83894,132829,167661,91262,12356,17361,17749,16976,15741,18804,27160,35190,48704,59794,73035,84181,83480,60623,30639,10393,1963,88841,15928,171
Japan,1959,711205,54851,72800,17949,9682,6100,10156,32879,33149,44482,84414,133665,172941,97481,13268,15810,17069,17191,15958,18297,26185,35140,49274,60368,73297,86690,86251,64714,32767,11187,2081,82482,16256,190
Japan,1960,730473,50598,66046,15448,8054,5647,10082,31330,32313,43932,85183,139669,186359,106748,14895,15041,16289,16193,16120,17779,26153,35788,49395,63208,76461,92747,93612,70647,36101,12549,2346,74100,15729,214
Japan,1961,719858,46932,60317,13385,7018,5590,9401,29360,31907,42504,83885,139284,184816,110276,15287,14121,15239,15830,16077,17409,25095,35346,48539,62683,76601,92261,92555,72719,37557,12848,2439,67335,14991,216
Japan,1962,735811,44218,56048,11830,5808,5200,7971,27181,31743,42041,83845,145437,195440,118772,16105,12883,14298,15377,16366,17369,24672,36228,47617,65398,80039,96716,98724,78321,40451,13555,2550,61856,13171,219
Japan,1963,695302,39936,50140,10204,5221,4297,7584,25040,31186,40990,80191,141578,182824,111006,15033,11964,13076,14527,16659,17315,23675,34437,45754,63488,78090,90887,91937,73143,37863,12642,2391,55361,11881,210
Japan,1964,698965,36997,46363,9366,4963,3945,7779,23903,30637,40600,79771,142342,187468,114866,16093,11598,12305,13943,16694,17820,22780,34012,45759,63442,78900,91841,95627,75587,39279,13463,2630,51326,11724,236
Japan,1965,729342,35862,44897,9035,4535,3543,7618,22268,30414,41027,80635,149177,200055,126831,18074,10810,11458,13841,16573,18104,22923,33930,46705,65792,83385,96465,103590,82851,43980,15081,2993,49432,11161,269
Japan,1966,694705,24996,33615,8619,4435,3342,8208,21726,30147,40652,79066,144332,193035,118567,17306,10390,11336,13489,16658,18670,21982,32697,46369,62899,81433,94375,98660,76435,42132,14350,2956,38050,11550,270
Japan,1967,704553,31743,39429,7686,3942,3127,7783,21123,29283,40721,77853,143806,195894,122862,18444,9978,11145,12848,16435,19135,21586,31489,46364,61215,82591,95374,100520,78442,44420,15364,3080,43371,10910,285
Japan,1968,715869,29126,36594,7468,3979,2748,7265,20844,28355,41840,77654,145152,201907,129483,19737,9926,10918,12244,16111,19849,21991,31074,46580,61428,83724,98691,103216,82429,47054,16455,3282,40573,10013,310
Japan,1969,723559,26889,34345,7456,4008,2704,7130,21664,28944,43602,76157,147557,204894,131996,20223,10663,11001,12297,16647,20596,23006,30220,45937,62008,85549,101637,103257,84357,47639,16805,3418,38353,9834,332
Japan,1970,745670,26241,33687,7446,3898,2629,6884,21738,28343,45199,75965,151495,213755,139646,22059,10834,10904,11827,16516,21240,23959,30222,45743,63638,87857,106146,107609,89260,50386,18274,3785,37585,9513,374
Japan,1971,716624,25595,32838,7243,3666,2368,6619,20470,27157,44468,71826,142870,205001,137107,21856,10633,9837,11404,15753,20800,23668,28984,42842,60990,81880,100734,104267,88714,48393,18012,3844,36504,8987,379
Japan,1972,715921,24303,31854,7551,3613,2345,6037,20310,26177,46063,70184,139053,207495,139031,23358,10373,9937,11031,15146,20913,25150,28583,41601,60356,78697,101991,105504,89147,49884,19165,4193,35467,8382,402
Japan,1973,736935,24132,31702,7570,3617,2261,5726,19004,25427,46721,69463,138438,216232,151288,26588,9501,9503,10801,14626,20842,25879,29230,40233,59626,78812,104444,111788,96126,55162,21783,4805,35319,7987,467
Japan,1974,738200,22131,29264,7133,3212,2053,5114,17299,24450,46793,68206,138000,219638,155734,27930,8032,9267,10564,13886,20688,26105,29531,38675,58580,79420,105315,114323,97062,58672,22906,5024,32476,7167,505
Japan,1975,730464,19066,25856,6790,3144,2090,4762,16450,23181,46662,68189,134537,218049,158597,28410,7292,9158,10241,12940,20051,26611,30236,37953,56212,78325,104204,113845,98393,60204,23212,5198,29000,6852,534
Japan,1976,732200,17126,23315,6189,3058,1950,4467,15446,21682,46132,68158,133292,219086,165483,29577,6548,8898,9330,12352,19526,26606,31012,37146,54863,78429,102302,116784,101703,63780,24090,5487,26373,6417,556
Japan,1977,718893,15716,21426,5710,3058,1760,4156,14300,20940,45370,68056,130685,215539,163367,29662,5888,8412,8936,12004,18511,26859,32043,36013,53190,77495,98512,117027,100525,62842,24015,5647,24484,5916,568
Japan,1978,725432,14316,19618,5302,2934,1782,4443,13126,20955,44270,69467,127391,218756,169547,32505,5466,7660,9165,11790,18010,26260,32808,36659,50871,76520,98847,119909,104909,64638,26278,6227,22552,6225,638
Japan,1979,719085,12858,17560,4702,2739,1667,4285,11966,20744,43753,71091,122745,216952,171207,33690,5197,6769,9083,11661,16971,26782,33670,37421,48865,73880,98132,118820,106284,64923,27268,6422,20299,5952,685
Japan,1980,755442,11716,16166,4450,2777,1613,4117,11162,20888,42819,74176,125137,227918,188436,39404,4952,6210,9219,11669,16333,26486,34942,39234,49694,75443,102822,125096,116082,72354,31908,7496,18943,5730,820
Japan,1981,753363,10654,14681,4027,2545,1706,4176,10373,20183,41679,75874,121913,225094,193739,40532,4720,5653,9220,10963,15924,25755,35237,40637,48687,73226,102615,122479,118446,75293,32588,7944,17226,5882,872
Japan,1982,744881,9768,13358,3590,2328,1704,4162,10029,19552,41039,77550,118179,219625,195539,40902,4733,5296,8996,10556,15609,25430,35360,42190,47822,70357,100709,118916,119896,75643,32661,8241,15686,5866,912
Japan,1983,775088,9157,12383,3226,2235,1636,4325,10297,19698,41300,81904,118382,224282,211086,46469,4993,5304,8482,11216,16338,24962,36807,45097,49214,69168,102079,122203,127443,83643,36798,9671,14618,5961,1084
Japan,1984,776302,8706,11775,3069,1886,1633,4094,9919,18904,40655,82481,117599,222095,215242,48801,4875,5044,7444,11460,16775,23880,36546,45935,50536,67063,99388,122707,128940,86302,38234,10567,13661,5727,1216
Japan,1985,789154,7733,10577,2844,1776,1645,4177,9628,18106,39085,82934,118459,225359,223076,52930,4833,4795,6650,11456,16140,22945,36311,46623,52427,66032,98958,126401,131044,92032,41228,11702,12353,5822,1402
Japan,1986,789201,7059,9806,2747,1542,1591,4207,9466,17862,37948,82363,118355,221816,226211,56458,4784,4682,6105,11757,15307,22641,35839,46524,53663,64692,95956,125860,130289,95922,43841,12617,11348,5798,1576
Japan,1987,790769,6637,9220,2583,1503,1430,4205,9249,16816,36129,81607,120073,218908,229882,60007,4591,4658,5709,11107,14490,21639,34267,47340,56615,63458,92516,126392,129580,100302,46370,13637,10723,5635,1742
Japan,1988,835803,6308,8780,2472,1411,1376,4406,9528,15738,36672,81531,126470,226723,251798,69256,4930,4598,5360,10378,14890,21782,33442,48089,59896,66574,94083,132640,140183,111615,53400,15856,10191,5782,2114
Japan,1989,831028,5636,8005,2369,1407,1298,4380,9469,14319,36988,79883,129891,219757,251840,71449,4903,4566,5156,9163,15185,21803,31818,48065,61088,68803,90805,128952,140069,111771,54895,16554,9412,5678,2340
Japan,1990,866210,5585,7929,2344,1324,1217,4370,9336,13487,37755,78616,136357,224526,268045,80485,4865,4471,5121,8366,15733,22022,30565,48051,64036,72321,91952,132574,148652,119393,61735,18750,9253,5587,2761
Japan,1991,876244,5499,7584,2085,1275,1068,4122,9269,12744,37808,79033,140594,222737,272341,84713,4864,4405,4965,7779,16475,21333,30977,48056,64641,75953,91460,131277,152410,119931,65012,19701,8859,5190,2956
Japan,1992,905681,5504,7613,2109,1234,1147,4089,9515,12358,37650,79240,149068,224878,283507,92093,5034,4481,4912,7446,16261,21389,31038,48202,67248,81820,93104,131774,158676,124831,70299,21794,8847,5236,3278
Japan,1993,929713,5201,7261,2060,1230,1115,3609,9215,12056,37469,79048,154673,228024,293114,99225,4932,4283,4883,7173,15121,22348,31770,47278,68506,86167,96415,131609,162996,130118,75131,24094,8491,4724,3672
Japan,1994,928086,5436,7346,1910,1107,1043,3343,9563,11881,36119,76687,154470,223890,295011,103555,5042,4521,5032,6849,13453,22666,32262,44425,67339,87131,97831,126059,160885,134126,77474,26081,8453,4386,4074
Japan,1995,977753,5043,7032,1989,1205,1134,3370,9908,12221,37216,78308,160224,236226,313117,113099,5222,4686,5343,6878,12514,24702,33244,45064,69016,91208,106427,129799,167868,145249,83704,29395,8237,4504,4691
Japan,1996,949894,4670,6432,1762,930,893,2965,9181,11917,36730,74819,157337,230914,301837,110995,4671,4510,5135,6782,11610,25120,31580,43239,67548,89789,106355,124559,158569,143268,81118,29877,7362,3858,4947
Japan,1997,969625,4437,6134,1697,870,821,2825,9189,11803,35442,75193,156249,235209,310029,120123,4426,4763,5146,6657,10915,24527,31581,43612,65815,90434,110130,125079,159199,150830,86886,33237,7004,3646,5734
Japan,1998,994334,4431,6135,1704,934,884,2850,9787,12705,34618,79003,156706,243450,312419,128304,4678,5109,5594,7111,11027,23591,33794,45209,64791,91915,115777,127673,157875,154544,92358,35946,7069,3734,6535
Japan,1999,1044710,4022,5584,1562,776,845,2628,9681,12944,32607,83194,156881,258622,328238,144966,4410,5271,5766,7178,10916,21691,35518,47676,63656,93225,121686,136936,162189,166049,104312,40654,6360,3473,7744
Japan,2000,1024232,3973,5409,1436,733,721,2329,9104,12960,29792,83190,151706,256574,316553,146772,4140,4964,5695,7265,10536,19256,36739,46451,61126,90580,119896,136678,155582,160971,105310,41462,6142,3050,8385
Japan,2001,1034354,3663,5007,1344,707,640,2261,8627,12998,28285,82112,148659,261195,317450,156752,3749,4878,5731,7267,10248,18037,37874,44238,59626,89033,119697,141498,154544,162906,112152,44600,5714,2901,9661
Japan,2002,1048503,3522,4774,1252,724,639,2137,8130,13007,27023,80794,145970,266841,320279,167190,3534,4596,5926,7081,10230,16793,36735,44059,59116,86854,119735,147106,156278,164001,119050,48140,5498,2776,10997
Japan,2003,1086210,3395,4543,1148,657,648,2096,8092,13522,27009,80188,145951,274689,331947,183984,3327,4765,6156,7366,10512,16497,34360,45828,60527,85424,120941,153748,163732,168215,129280,54704,5200,2744,12877
Japan,2004,1101430,3177,4341,1164,597,571,1904,7594,13634,26345,78422,144826,277174,337301,194427,3280,4314,6125,7509,10279,16066,30734,47688,61941,82885,119502,157672,170134,167167,134694,59733,4938,2475,14300
Japan,2005,1164011,3032,4188,1156,653,598,1785,7759,13653,26319,79003,144499,288228,363612,217031,3415,4344,6122,7531,10530,15789,28209,50794,62674,81825,123295,164933,185898,177714,147577,69454,4841,2383,16682
Japan,2006,1167291,3002,4080,1078,604,581,1770,7287,13223,25677,77064,139968,284110,369655,225298,3188,4099,5803,7420,10331,15346,25915,51149,59149,80819,119937,164173,190337,179318,150635,74663,4684,2351,17975
Japan,2007,1194942,2918,3907,989,553,525,1609,6803,13391,25305,74044,140415,284274,387481,236675,3054,3749,5596,7795,10240,15065,24233,49811,59251,81164,119398,164876,201304,186177,155334,81341,4460,2134,19962
Japan,2008,1233341,2891,3856,965,559,513,1626,6712,13177,25009,68979,143768,286047,409514,250863,3017,3695,5448,7729,10232,14777,23169,45810,61334,82434,118279,167768,212294,197220,161748,89115,4415,2139,22716
Japan,2009,1235455,2636,3551,915,541,493,1478,6635,12923,25277,63627,146168,276475,417612,255559,3011,3624,5079,7844,10478,14799,22582,41045,63053,83115,112114,164361,213441,204171,161911,93648,4092,1971,25119
Japan,2010,1295676,2548,3510,962,491,551,1427,6299,12606,24990,60151,151693,280471,447618,277328,2826,3473,4954,7652,10163,14827,21985,38166,67454,84239,112344,168127,223618,224000,174806,102522,4001,1978,28540
Japan,2011,1357134,2522,3715,1193,749,738,1753,6790,13127,26435,59113,156017,289492,472745,295161,3057,3733,5045,8082,11170,15265,22433,36680,72047,83970,116131,173361,231819,240926,186448,108713,4464,2491,31296
Japan,2012,1363506,2355,3252,897,509,506,1383,5800,11080,24412,53499,149195,283816,486492,309652,2548,3252,4152,6928,10434,13978,20838,32661,67410,81785,113782,170034,232311,254181,196109,113543,3761,1889,33912
Japan,2013,1376554,2248,3033,785,457,460,1282,5435,10513,24367,51768,146177,281525,497157,318848,2486,2949,3964,6549,10111,14256,20671,31097,62341,83836,114952,166573,233563,263594,203989,114859,3490,1742,35530
Japan,2014,1384931,2139,2956,817,472,507,1211,5337,9927,23923,50240,143899,279709,499214,330264,2384,2953,3941,5986,10119,13804,20089,30151,56008,87891,117303,162406,231246,267968,213591,116673,3428,1718,37273
Japan,2015,1405072,1992,2788,796,464,471,1228,4863,9042,23344,48729,141401,275140,507269,350642,2172,2691,3568,5474,9860,13484,20077,28652,50556,90845,116876,158264,232507,274762,227270,123372,3252,1699,39692
Japan,2016,1428060,1976,2689,713,392,445,1171,4704,8641,23245,48155,141460,270449,512317,372259,2138,2566,3373,5268,9381,13864,19830,28325,47194,94266,111328,159121,234376,277941,241268,130991,3081,1616,42130
Japan,2017,1463873,1705,2411,706,351,449,1165,4426,8051,23002,46818,137342,273534,524248,397692,2070,2356,3266,4785,8941,14061,19203,27615,44179,93163,112451,161083,237203,287045,258303,139389,2762,1614,44380
Japan,2018,1493140,1667,2312,645,367,475,1152,4320,7759,22366,47221,129450,283094,528016,420167,2043,2277,3151,4608,8458,13908,19736,27485,43016,86434,117600,165494,235744,292272,271913,148254,2679,1627,46441
Japan,2019,1519227,1570,2226,656,387,441,1193,4190,7461,21911,47306,120468,292469,529143,442941,2076,2114,3019,4442,7910,14001,19598,27708,41970,78498,122941,169528,233415,295728,283543,159398,2613,1634,49093
Japan,2020,1511209,1462,1909,447,314,434,1277,4523,7302,21889,47668,111889,296982,519150,447755,2217,2306,2960,4342,7758,14131,19657,28011,40464,71425,128948,168034,226229,292921,284096,163659,2223,1711,50117
Japan,2021,1574533,1438,2006,568,355,407,888,3343,6111,18888,44230,105116,301481,555769,481100,1632,1711,2407,3704,6373,12515,18430,25800,38257,66859,135250,166231,240562,315207,300740,180360,2361,1295,54835
Jersey,1950,701,27,33,6,1,0,5,10,15,31,61,124,193,184,41,5,5,5,10,13,18,27,34,51,73,90,103,107,77,34,7,34,5,1
Jersey,1951,720,28,34,6,2,1,5,10,15,34,65,127,197,184,41,5,5,5,10,14,20,28,37,52,75,93,104,107,77,34,7,36,6,1
Jersey,1952,668,22,27,5,1,0,4,10,13,29,60,117,189,175,41,5,5,5,8,12,17,26,34,47,70,90,99,102,73,33,8,28,4,1
Jersey,1953,724,26,32,6,2,1,5,10,14,35,67,127,203,184,42,5,5,5,9,14,21,29,38,52,75,98,105,106,78,34,8,34,6,1
Jersey,1954,723,25,31,6,3,1,5,10,13,35,69,127,204,181,41,5,5,5,8,14,21,29,40,52,75,98,106,104,77,33,8,34,6,1
Jersey,1955,709,23,28,5,3,0,5,10,12,33,67,124,208,177,41,5,5,5,7,13,20,28,39,51,73,98,110,102,75,33,8,31,5,1
Jersey,1956,726,24,29,5,3,0,5,10,14,34,70,128,212,180,41,5,5,5,9,13,21,29,41,53,75,100,112,103,77,33,8,32,5,1
Jersey,1957,739,25,30,5,2,0,4,10,16,35,72,129,216,181,43,5,5,6,10,13,22,30,42,54,75,100,116,106,75,35,8,32,4,1
Jersey,1958,759,27,32,5,2,0,4,10,16,34,74,133,222,185,42,5,5,6,10,12,22,31,43,57,76,102,120,107,78,34,8,34,4,1
Jersey,1959,720,24,29,5,1,0,3,10,13,31,69,128,213,180,44,5,5,5,8,11,20,29,40,55,73,97,116,107,73,36,8,30,3,1
Jersey,1960,781,29,35,6,2,0,4,10,16,32,76,138,226,190,46,5,5,6,10,11,21,32,44,60,78,102,124,115,75,38,8,37,4,1
Jersey,1961,860,37,45,8,3,3,5,16,19,37,85,153,243,205,47,8,8,9,10,14,23,36,49,67,86,112,131,124,81,37,10,48,8,1
Jersey,1962,722,24,28,4,0,0,2,10,11,26,69,127,211,189,45,5,5,5,6,10,16,29,40,54,73,98,113,112,77,35,10,28,2,1
Jersey,1963,864,38,46,8,2,2,5,16,18,34,86,155,244,214,47,6,10,8,10,14,20,36,50,68,87,113,131,129,85,38,9,48,7,1
Jersey,1964,755,26,31,5,1,0,5,10,12,24,71,135,218,202,42,5,5,5,7,10,14,29,42,57,78,99,119,121,81,33,9,32,5,1
Jersey,1965,796,29,34,5,2,0,5,10,12,28,75,144,228,210,44,5,5,5,7,12,16,30,45,61,83,104,124,125,85,34,10,36,5,1
Jersey,1966,778,26,31,5,1,0,4,10,11,26,71,140,224,210,44,5,5,5,6,11,15,27,44,59,81,101,123,124,86,35,9,32,4,1
Jersey,1967,765,24,28,4,1,0,4,10,10,25,66,138,223,212,45,5,5,5,5,10,15,24,42,58,80,100,123,125,87,36,9,29,4,1
Jersey,1968,862,30,36,6,3,0,5,10,18,31,74,154,244,232,48,5,5,8,10,12,19,26,48,66,88,110,134,136,96,40,8,39,5,1
Jersey,1969,860,28,34,6,3,0,4,10,17,30,74,155,242,238,50,5,5,7,10,12,18,26,48,67,88,113,129,139,99,42,8,37,4,1
Jersey,1970,920,32,38,6,4,0,5,14,20,34,78,166,257,249,57,9,5,10,10,12,22,28,50,73,93,122,135,146,103,46,11,42,5,1
Jersey,1971,885,28,33,5,4,0,4,13,18,31,71,159,245,245,57,8,5,8,10,11,20,26,45,69,90,117,128,141,104,46,11,37,4,1
Jersey,1972,914,28,34,6,5,1,5,15,18,33,75,167,255,252,60,8,7,8,10,13,20,29,46,72,95,122,133,144,108,48,12,39,6,1
Jersey,1973,900,25,30,5,4,1,5,13,17,31,70,165,256,248,60,6,7,7,10,12,19,28,42,70,95,121,135,138,110,49,11,34,6,1
Jersey,1974,903,23,28,5,3,1,5,14,16,31,68,165,261,247,61,6,8,6,10,12,19,28,40,70,95,122,139,135,112,50,11,31,6,1
Jersey,1975,956,25,30,5,4,3,5,18,20,33,73,175,276,253,64,8,10,10,10,13,20,31,42,73,102,127,149,136,117,51,13,34,8,1
Jersey,1976,918,22,26,4,2,1,5,15,15,30,68,169,272,248,68,5,10,5,10,12,18,29,39,69,100,125,147,135,113,53,15,28,6,1
Jersey,1977,912,21,25,4,1,1,5,13,14,29,68,163,274,247,70,5,8,5,9,12,17,29,39,64,99,125,149,138,109,56,14,26,6,1
Jersey,1978,919,21,25,4,0,1,5,12,15,29,67,160,276,249,72,5,7,7,8,12,17,27,40,60,100,126,150,143,106,59,13,25,6,2
Jersey,1979,970,24,29,5,1,2,5,16,20,32,73,163,292,262,74,6,10,10,10,13,19,29,44,60,103,135,157,155,107,60,14,30,7,2
Jersey,1980,931,21,25,4,0,1,5,10,19,29,68,149,284,261,75,5,5,9,10,12,17,26,42,55,94,132,152,155,106,59,16,25,6,2
Jersey,1981,899,19,22,3,0,0,5,10,16,27,64,143,276,261,72,5,5,7,9,11,16,25,39,53,90,128,148,153,108,56,16,22,5,2
Jersey,1982,821,15,17,2,0,0,3,10,10,23,53,123,256,250,69,5,5,5,5,9,14,20,33,48,75,119,137,145,105,53,16,17,3,2
Jersey,1983,903,18,21,3,0,0,4,10,16,28,61,131,280,270,76,5,5,6,10,11,17,23,38,53,78,127,153,155,115,59,17,21,4,2
Jersey,1984,779,13,15,2,0,0,2,10,10,20,48,107,245,244,71,5,5,5,5,7,13,18,30,45,62,108,137,139,105,55,16,15,2,2
Jersey,1985,854,15,17,2,0,0,3,10,13,24,53,117,263,267,85,5,5,5,8,10,14,21,32,51,66,114,149,152,115,65,20,17,3,2
Jersey,1986,855,15,17,2,0,0,2,10,12,24,52,114,257,271,90,5,5,5,7,10,14,21,31,48,66,109,148,155,116,67,23,17,2,2
Jersey,1987,820,14,16,2,0,0,2,10,11,23,48,106,242,266,91,5,5,5,6,10,13,19,29,44,62,98,144,151,115,67,24,16,2,3
Jersey,1988,795,13,14,1,0,0,1,10,10,21,45,105,224,266,95,5,5,5,5,9,12,18,27,42,63,87,137,153,113,69,26,14,1,3
Jersey,1989,820,14,15,1,0,0,1,10,10,20,47,106,222,279,105,5,5,5,5,9,11,19,28,42,64,86,136,162,117,74,31,15,1,4
Jersey,1990,831,14,16,2,0,0,1,10,10,20,48,107,220,291,102,5,5,5,5,9,11,19,29,42,65,87,133,164,127,73,29,16,1,4
Jersey,1991,839,14,16,2,0,0,1,10,10,21,47,105,218,303,101,5,5,5,5,9,12,19,28,41,64,85,133,164,139,77,24,16,1,4
Jersey,1992,778,13,14,1,0,0,0,10,10,19,46,98,200,284,93,5,5,5,5,8,11,18,28,38,60,80,120,153,131,72,21,14,0,4
Jersey,1993,894,16,18,2,0,0,0,10,10,25,54,113,224,325,105,5,5,5,5,10,15,20,34,45,68,96,128,176,149,81,24,18,0,4
Jersey,1994,802,13,14,1,0,0,0,9,10,20,46,97,198,299,102,4,5,5,5,7,13,17,29,38,59,87,111,159,140,79,23,14,0,4
Jersey,1995,825,13,15,2,0,0,0,9,10,22,46,100,201,308,109,4,5,5,5,8,14,17,29,40,60,91,110,162,146,84,25,15,0,4
Jersey,1996,815,12,13,1,0,0,0,8,10,21,46,99,199,303,110,3,5,5,5,8,13,18,28,40,59,90,109,156,147,84,26,13,0,3
Jersey,1997,781,12,13,1,0,0,0,7,10,19,43,94,192,285,110,2,5,5,5,7,12,17,26,39,55,84,108,142,143,84,26,13,0,3
Jersey,1998,765,11,12,1,0,0,0,5,10,19,44,94,191,274,112,0,5,5,5,7,12,19,25,39,55,82,109,131,143,87,25,12,0,4
Jersey,1999,783,11,12,1,0,0,0,5,10,19,44,96,196,274,119,0,5,5,5,7,12,19,25,40,56,82,114,129,145,91,28,12,0,4
Jersey,2000,770,10,10,0,0,0,0,4,10,20,44,94,192,267,121,0,4,5,5,8,12,19,25,39,55,80,112,124,143,91,30,10,0,4
Jersey,2001,769,10,10,0,0,0,0,4,10,20,44,94,190,265,127,0,4,5,5,8,12,19,25,38,56,79,111,125,140,93,34,10,0,3
Jersey,2002,822,10,11,1,0,0,0,5,10,20,51,102,203,276,135,0,5,5,5,8,12,21,30,40,62,84,119,138,138,99,36,11,0,4
Jersey,2003,752,9,9,0,0,0,0,2,10,18,43,91,183,253,132,0,2,5,5,7,11,17,26,36,55,76,107,133,120,94,38,9,0,4
Jersey,2004,737,9,9,0,0,0,0,1,10,17,45,88,181,247,129,0,1,5,5,7,10,17,28,33,55,76,105,133,114,93,36,9,0,6
Jersey,2005,741,9,9,0,0,0,0,0,10,17,44,88,180,248,128,0,0,5,5,7,10,17,27,33,55,77,103,134,114,92,36,9,0,7
Jersey,2006,752,9,9,0,0,0,0,0,10,20,45,87,183,253,129,0,0,5,5,8,12,17,28,33,54,78,105,136,117,92,37,9,0,8
Jersey,2007,711,9,9,0,0,0,0,0,8,18,40,81,172,245,120,0,0,3,5,7,11,16,24,33,48,74,98,128,117,83,37,9,0,8
Jersey,2008,755,9,9,0,0,0,0,1,10,18,42,88,185,264,124,0,1,5,5,7,11,16,26,37,51,81,104,134,130,82,42,9,0,9
Jersey,2009,775,9,9,0,0,0,0,2,10,19,43,90,189,273,124,0,2,5,5,7,12,17,26,39,51,82,107,137,136,82,42,9,0,10
Jersey,2010,797,9,9,0,0,0,0,2,10,19,44,93,196,281,128,0,2,5,5,7,12,18,26,42,51,84,112,140,141,85,43,9,0,10
Jersey,2011,766,9,9,0,0,0,0,0,10,19,41,88,185,270,127,0,0,5,5,7,12,17,24,39,49,77,108,133,137,86,41,9,0,10
Jersey,2012,803,9,9,0,0,0,0,1,10,20,45,98,193,282,135,0,1,5,5,7,13,18,27,41,57,78,115,139,143,94,41,9,0,11
Jersey,2013,794,8,8,0,0,0,0,0,10,18,43,94,190,275,135,0,0,5,5,6,12,17,26,37,57,77,113,136,139,96,39,8,0,12
Jersey,2014,788,8,8,0,0,0,0,0,9,18,43,94,187,275,137,0,0,4,5,6,12,17,26,37,57,74,113,137,138,99,38,8,0,12
Jersey,2015,833,8,8,0,0,0,0,0,10,18,47,101,195,289,146,0,0,5,5,6,12,19,28,39,62,77,118,145,144,104,42,8,0,13
Jersey,2016,874,8,8,0,0,0,0,0,10,18,51,106,205,304,152,0,0,5,5,6,12,20,31,40,66,83,122,155,149,108,44,8,0,13
Jersey,2017,868,8,8,0,0,0,0,2,10,18,49,103,204,303,151,0,2,5,5,6,12,20,29,40,63,88,116,156,147,106,45,8,0,13
Jersey,2018,888,8,8,0,0,0,0,3,10,17,52,106,211,310,156,0,3,5,5,5,12,21,31,43,63,94,117,160,150,108,48,8,0,13
Jersey,2019,908,8,8,0,0,0,0,4,10,18,53,108,217,318,157,0,4,5,5,6,12,21,32,43,65,98,119,164,154,109,48,8,0,13
Jersey,2020,933,9,9,0,0,0,0,5,10,18,54,109,223,328,161,0,5,5,5,6,12,21,33,45,64,103,120,168,160,110,51,9,0,13
Jersey,2021,953,9,9,0,0,0,0,6,10,17,55,112,231,335,163,1,5,5,5,6,11,21,34,46,66,106,125,167,168,112,51,9,0,14
Jordan,1950,11139,3616,5329,1713,368,261,283,567,489,534,753,1025,1109,379,42,296,271,247,242,265,269,331,422,491,534,615,494,253,126,36,6,5697,544,1
Jordan,1951,11322,3683,5411,1728,370,261,295,580,495,536,750,1040,1139,398,43,304,276,253,242,264,272,327,423,501,539,618,521,274,124,37,6,5781,556,1
Jordan,1952,11567,3776,5531,1755,376,260,306,601,506,539,746,1063,1169,422,46,317,284,260,246,263,276,327,419,515,548,619,550,301,121,40,6,5907,566,1
Jordan,1953,11804,3866,5646,1780,384,259,317,616,521,541,742,1090,1195,452,47,328,288,270,251,260,281,327,415,530,560,617,578,330,122,41,6,6030,576,1
Jordan,1954,12044,3957,5763,1806,390,255,325,633,527,545,734,1118,1219,487,46,339,294,274,253,260,285,328,406,544,574,617,602,360,127,40,6,6153,580,1
Jordan,1955,12287,4060,5882,1822,395,251,331,651,539,545,733,1142,1244,526,47,351,300,281,258,258,287,331,402,551,591,624,620,387,139,42,5,6277,582,1
Jordan,1956,12528,4162,5999,1837,401,248,329,672,551,549,736,1163,1268,567,49,364,308,287,264,261,288,335,401,555,608,635,633,415,152,42,7,6400,577,0
Jordan,1957,12736,4243,6089,1846,406,248,326,689,557,547,737,1179,1289,616,49,374,315,289,268,260,287,338,399,551,628,648,641,445,171,42,7,6495,574,1
Jordan,1958,12942,4334,6178,1844,411,248,321,708,567,548,746,1194,1309,662,50,384,324,292,275,264,284,344,402,545,649,666,643,473,189,43,7,6589,569,1
Jordan,1959,13099,4402,6233,1831,415,246,315,725,573,549,752,1204,1334,704,52,392,333,294,279,266,283,348,404,537,667,686,648,497,207,45,7,6648,561,1
Jordan,1960,13232,4471,6287,1816,418,246,309,732,580,549,756,1205,1356,740,55,392,340,297,283,268,281,350,406,528,677,703,653,514,226,48,7,6705,555,1
Jordan,1961,13296,4513,6308,1795,420,245,301,728,581,551,755,1199,1382,766,62,384,344,298,283,271,280,348,407,519,680,720,662,524,242,54,8,6728,546,1
Jordan,1962,13295,4518,6289,1771,420,243,294,720,580,551,754,1184,1409,783,68,373,347,299,281,272,279,345,409,513,671,738,671,526,257,60,8,6709,537,1
Jordan,1963,13262,4509,6257,1748,420,241,290,706,580,552,752,1162,1436,794,74,359,347,300,280,274,278,339,413,508,654,754,682,523,271,66,8,6677,531,1
Jordan,1964,13162,4476,6179,1703,417,238,285,689,576,551,743,1138,1457,805,81,344,345,300,276,273,278,331,412,503,635,766,691,523,282,73,8,6596,523,1
Jordan,1965,13236,4506,6189,1683,420,240,287,679,583,560,747,1134,1491,821,87,336,343,305,278,278,282,330,417,506,628,778,713,528,293,78,9,6609,527,1
Jordan,1966,13693,4644,6405,1761,450,253,296,685,606,582,765,1157,1546,853,97,338,347,318,288,288,294,338,427,521,636,799,747,549,304,86,11,6855,549,1
Jordan,1967,13731,4628,6311,1683,440,251,297,676,619,596,775,1176,1594,888,107,335,341,325,294,293,303,344,431,534,642,809,785,573,315,95,12,6751,548,1
Jordan,1968,14115,4735,6425,1690,454,260,306,682,642,620,798,1218,1656,931,117,343,339,336,306,302,318,356,442,558,660,823,833,605,326,105,12,6879,566,1
Jordan,1969,14452,4801,6493,1692,468,268,317,688,667,646,822,1262,1714,980,126,350,338,347,320,313,333,371,451,581,681,834,880,641,339,112,14,6961,585,1
Jordan,1970,15584,4960,6808,1848,546,305,371,829,777,726,892,1349,1804,1038,134,430,399,406,371,353,373,410,482,623,726,865,939,684,354,119,15,7354,676,1
Jordan,1971,14900,4890,6536,1646,487,283,335,704,696,687,864,1323,1776,1065,141,369,335,354,342,331,356,398,466,608,715,842,934,702,363,122,19,7023,618,1
Jordan,1972,14774,4846,6412,1566,474,282,334,684,685,693,872,1331,1766,1100,143,361,323,340,345,333,360,404,468,607,724,835,931,726,374,124,19,6886,616,1
Jordan,1973,14662,4778,6282,1504,467,281,335,680,674,702,882,1332,1750,1132,148,361,319,327,347,340,362,411,471,600,732,833,917,750,382,126,22,6749,616,1
Jordan,1974,14527,4701,6145,1444,456,281,338,676,664,707,894,1332,1730,1160,149,361,315,316,348,343,364,418,476,593,739,833,897,768,392,127,22,6601,619,1
Jordan,1975,14364,4621,5993,1372,443,278,338,671,646,714,906,1329,1713,1180,150,360,311,303,343,347,367,424,482,587,742,833,880,778,402,128,22,6436,616,2
Jordan,1976,14157,4516,5812,1296,428,274,337,666,626,722,914,1323,1703,1193,155,359,307,292,334,351,371,427,487,583,740,836,867,780,413,131,24,6240,611,2
Jordan,1977,13970,4419,5643,1224,416,268,338,663,606,732,926,1320,1701,1199,157,359,304,283,323,356,376,431,495,583,737,843,858,773,426,133,24,6059,606,2
Jordan,1978,13795,4305,5466,1161,404,263,340,664,590,742,939,1316,1707,1202,161,362,302,277,313,359,383,435,504,587,729,852,855,761,441,137,24,5870,603,2
Jordan,1979,13686,4226,5331,1105,395,260,341,664,577,754,957,1319,1721,1199,166,363,301,274,303,362,392,441,516,596,723,863,858,748,451,140,26,5726,601,2
Jordan,1980,13629,4166,5220,1054,386,255,343,670,566,766,977,1328,1741,1200,171,367,303,273,293,363,403,449,528,607,721,874,867,740,460,145,26,5606,598,2
Jordan,1981,13558,4076,5081,1005,379,250,343,673,560,774,1002,1347,1763,1206,178,370,303,274,286,360,414,461,541,621,726,882,881,739,467,152,26,5460,593,2
Jordan,1982,13542,4000,4960,960,370,246,343,683,557,783,1030,1380,1791,1214,184,375,308,275,282,355,428,475,555,641,739,889,902,745,469,157,27,5330,589,2
Jordan,1983,13611,3958,4879,921,364,243,344,693,558,791,1066,1422,1826,1231,194,380,313,276,282,349,442,495,571,665,757,896,930,759,472,166,28,5243,587,2
Jordan,1984,13719,3918,4808,890,360,242,346,705,564,801,1104,1470,1865,1249,201,387,318,280,284,344,457,515,589,689,781,906,959,777,472,173,28,5168,588,3
Jordan,1985,13885,3899,4762,863,356,242,348,721,574,810,1151,1528,1906,1276,210,394,327,286,288,342,468,539,612,718,810,920,986,799,477,180,30,5118,590,3
Jordan,1986,14107,3899,4741,842,353,242,349,739,587,817,1206,1589,1955,1310,213,403,336,293,294,342,475,568,638,747,842,942,1013,826,484,183,30,5094,591,3
Jordan,1987,14306,3865,4687,822,350,242,353,754,601,823,1260,1656,2003,1353,218,410,344,301,300,344,479,594,666,776,880,969,1034,859,494,187,31,5037,595,3
Jordan,1988,14462,3812,4606,794,345,240,352,765,612,823,1318,1724,2053,1401,225,414,351,308,304,347,476,619,699,804,920,1001,1052,893,508,190,35,4951,592,3
Jordan,1989,14692,3774,4547,773,341,239,354,777,628,826,1379,1797,2112,1458,229,417,360,316,312,352,474,643,736,834,963,1041,1071,931,527,192,37,4888,593,3
Jordan,1990,14982,3731,4488,757,340,240,359,793,648,838,1441,1887,2189,1518,234,423,370,327,321,362,476,664,777,874,1013,1089,1100,969,549,196,38,4828,599,3
Jordan,1991,15427,3759,4496,737,338,240,366,834,693,869,1512,1986,2288,1562,238,440,394,351,342,381,488,686,826,922,1064,1147,1141,996,566,199,39,4834,606,3
Jordan,1992,15949,3807,4523,716,334,240,372,878,743,911,1585,2099,2406,1613,244,459,419,377,366,404,507,705,880,978,1121,1213,1193,1027,586,204,40,4857,612,3
Jordan,1993,16559,3876,4584,708,331,237,378,924,802,962,1661,2219,2544,1669,249,479,445,406,396,431,531,724,937,1041,1178,1289,1255,1059,610,208,41,4915,615,4
Jordan,1994,17187,3933,4639,706,329,236,382,964,859,1019,1733,2350,2689,1730,256,494,470,435,424,459,560,741,992,1109,1241,1366,1323,1098,632,215,41,4968,618,4
Jordan,1995,17752,3955,4662,707,327,235,383,993,912,1074,1792,2482,2830,1795,264,506,487,461,451,486,588,756,1036,1177,1305,1440,1390,1140,655,222,42,4989,618,4
Jordan,1996,18148,3907,4611,704,323,235,381,999,950,1121,1832,2605,2950,1859,273,505,494,478,472,509,612,768,1064,1241,1364,1502,1448,1182,677,231,42,4934,616,4
Jordan,1997,18386,3789,4488,699,323,235,375,991,975,1159,1854,2721,3057,1921,283,498,493,487,488,527,632,779,1075,1299,1422,1553,1504,1224,697,240,43,4811,610,4
Jordan,1998,18548,3636,4321,685,323,234,371,970,990,1191,1871,2833,3156,1984,296,484,486,490,500,542,649,794,1077,1352,1481,1598,1558,1262,722,251,45,4644,605,4
Jordan,1999,18708,3505,4165,660,323,232,367,946,1000,1224,1883,2943,3259,2052,307,471,475,490,510,559,665,808,1075,1398,1545,1646,1613,1302,750,261,46,4488,599,4
Jordan,2000,18876,3376,4008,632,323,229,363,919,1005,1258,1899,3046,3371,2125,319,457,462,486,519,573,685,826,1073,1432,1614,1699,1672,1345,780,271,48,4331,592,4
Jordan,2001,19089,3286,3885,599,320,227,360,896,1006,1294,1926,3141,3495,2206,333,447,449,480,526,589,705,848,1078,1454,1687,1762,1733,1393,813,283,50,4205,587,5
Jordan,2002,19398,3245,3819,574,319,225,359,875,1004,1334,1961,3230,3628,2294,348,437,438,473,531,606,728,871,1090,1467,1763,1837,1791,1449,845,294,54,4138,584,5
Jordan,2003,19752,3226,3774,548,309,223,357,858,1001,1374,2006,3311,3773,2392,364,432,426,466,535,622,752,895,1111,1470,1841,1921,1852,1513,879,307,57,4083,580,5
Jordan,2004,20143,3185,3717,532,302,224,356,848,998,1420,2068,3389,3940,2497,381,431,417,459,539,641,779,926,1142,1474,1915,2017,1923,1583,914,322,59,4019,580,5
Jordan,2005,20694,3169,3698,529,296,227,361,855,1004,1477,2146,3472,4137,2614,400,437,418,458,546,663,814,964,1182,1489,1983,2128,2009,1661,953,338,62,3994,588,5
Jordan,2006,21181,3174,3687,513,282,226,356,843,991,1524,2226,3536,4346,2735,420,435,408,448,543,678,846,1003,1223,1506,2030,2242,2104,1738,997,356,64,3969,582,6
Jordan,2007,23506,3472,4019,547,295,244,385,915,1064,1695,2496,3886,4933,3090,478,475,440,479,585,748,947,1128,1368,1657,2229,2548,2385,1960,1130,404,74,4314,629,6
Jordan,2008,24025,3491,4030,539,287,240,384,911,1048,1737,2579,3926,5157,3215,499,474,437,469,579,758,979,1167,1412,1689,2237,2661,2496,2031,1184,421,78,4317,624,7
Jordan,2009,24576,3450,3986,536,283,235,386,911,1037,1778,2676,3987,5400,3362,527,474,437,462,575,766,1012,1214,1462,1738,2249,2774,2626,2116,1246,444,83,4269,621,8
Jordan,2010,24977,3372,3904,532,277,227,386,906,1015,1805,2766,4030,5596,3499,550,470,436,452,563,766,1039,1256,1510,1782,2248,2849,2747,2198,1301,462,88,4181,613,8
Jordan,2011,25564,3286,3814,528,274,219,391,910,1008,1841,2887,4124,5826,3679,582,471,439,449,559,770,1071,1310,1577,1846,2278,2923,2903,2310,1369,489,93,4088,610,9
Jordan,2012,26192,3192,3713,521,275,216,393,914,1000,1872,3017,4245,6041,3879,619,472,442,447,553,772,1100,1367,1650,1919,2326,2974,3067,2439,1440,520,99,3988,609,9
Jordan,2013,26246,3026,3524,498,270,205,382,901,971,1855,3083,4288,6104,4007,648,466,435,438,533,754,1101,1394,1689,1950,2338,2943,3161,2527,1480,544,104,3794,587,10
Jordan,2014,27746,3219,3751,532,300,223,413,1031,1101,2019,3289,4435,6259,4221,692,533,498,504,597,826,1193,1495,1794,2030,2405,2959,3300,2668,1553,581,111,4051,636,11
Jordan,2015,29297,3383,3945,562,329,241,434,1156,1239,2203,3528,4610,6399,4461,738,597,559,572,667,906,1297,1617,1911,2128,2482,2982,3417,2823,1638,619,119,4274,675,12
Jordan,2016,31492,3418,3987,569,344,250,446,1230,1315,2343,3865,5042,6865,4964,827,635,595,609,706,955,1388,1768,2097,2343,2699,3179,3686,3144,1820,692,135,4331,696,13
Jordan,2017,32164,3344,3895,551,339,251,431,1205,1306,2348,4018,5250,6977,5253,877,618,587,603,703,945,1403,1829,2189,2458,2792,3234,3743,3324,1929,732,145,4234,682,14
Jordan,2018,32893,3272,3807,535,329,252,421,1182,1300,2352,4170,5473,7102,5556,934,600,582,600,700,938,1414,1882,2288,2578,2895,3317,3785,3506,2050,775,159,4136,673,15
Jordan,2019,33639,3183,3691,508,317,251,415,1158,1294,2351,4323,5713,7244,5866,995,577,581,596,698,933,1418,1930,2393,2693,3020,3422,3822,3682,2184,824,171,4008,666,17
Jordan,2020,37948,3108,3598,490,308,248,381,1049,1277,2532,5050,7034,8391,6913,1151,514,535,571,706,990,1542,2203,2847,3287,3747,4094,4297,4266,2647,954,197,3906,629,19
Jordan,2021,43100,3029,3504,475,294,252,428,1171,1454,2867,5836,8346,9664,7959,1302,562,609,651,803,1119,1748,2530,3306,3877,4469,4774,4890,4855,3104,1081,221,3798,680,22
Kazakhstan,1950,98237,23772,29146,5374,1244,1583,1466,4128,3875,6289,8601,15426,16652,8265,1517,2549,1579,1449,2426,2855,3434,3777,4824,7634,7792,8766,7886,5231,3034,1216,301,30390,3049,46
Kazakhstan,1951,100614,24414,30303,5889,1237,1556,1576,4484,3852,6473,8626,15527,16978,8419,1528,2597,1887,1474,2378,2943,3530,3903,4723,7495,8032,8847,8131,5444,2975,1210,318,31540,3132,60
Kazakhstan,1952,102671,24748,30830,6082,1392,1454,1806,4766,3818,6673,8786,15595,17290,8661,1530,2505,2261,1542,2276,3067,3606,4075,4711,7196,8399,8894,8396,5723,2938,1190,340,32222,3260,73
Kazakhstan,1953,104538,25109,31295,6186,1681,1279,2085,4972,3794,6835,9012,15534,17533,8917,1520,2343,2629,1656,2138,3178,3657,4257,4755,6798,8736,8922,8611,5995,2922,1171,349,32976,3364,80
Kazakhstan,1954,105821,25587,31822,6235,1920,1056,2296,5124,3846,6904,9198,15269,17671,9135,1491,2222,2902,1827,2019,3212,3692,4392,4806,6406,8863,8958,8713,6195,2940,1150,341,33742,3352,82
Kazakhstan,1955,107964,26230,32507,6277,2171,884,2414,5345,4066,6994,9482,15086,18015,9448,1477,2249,3096,2082,1984,3217,3777,4548,4934,6195,8891,9153,8862,6410,3038,1141,336,34678,3298,82
Kazakhstan,1956,110350,27351,33686,6335,2337,808,2378,5535,4402,7013,9740,14770,18369,9765,1464,2414,3121,2406,1996,3144,3869,4658,5082,6059,8711,9427,8942,6597,3168,1133,331,36023,3186,82
Kazakhstan,1957,112861,28661,35105,6444,2426,837,2231,5725,4856,6995,9993,14363,18748,10055,1446,2726,2999,2798,2058,2998,3997,4720,5273,6027,8336,9807,8941,6752,3303,1119,327,37531,3068,84
Kazakhstan,1958,114863,29691,36306,6615,2492,953,1974,5875,5351,6918,10218,13891,19064,10295,1439,3071,2804,3182,2169,2810,4108,4750,5468,6056,7835,10137,8927,6868,3427,1114,325,38798,2927,85
Kazakhstan,1959,116557,30145,36950,6805,2507,1143,1658,6027,5865,6838,10479,13604,19386,10549,1465,3343,2684,3495,2370,2672,4166,4812,5667,6164,7440,10344,9042,6992,3557,1139,326,39457,2801,85
Kazakhstan,1960,118426,30436,37399,6963,2549,1350,1390,6198,6371,6797,10782,13548,19647,10796,1512,3477,2721,3710,2661,2626,4171,4916,5866,6338,7210,10381,9266,7121,3675,1183,329,39948,2740,85
Kazakhstan,1961,120327,30224,37281,7057,2605,1501,1256,6309,6784,6751,11194,13841,20139,11104,1489,3410,2899,3749,3035,2650,4101,5083,6111,6662,7179,10328,9811,7321,3783,1203,286,39886,2757,73
Kazakhstan,1962,121751,29434,36497,7063,2693,1590,1275,6443,7130,6692,11613,14361,20502,11405,1493,3204,3239,3628,3502,2744,3948,5303,6310,7075,7286,10051,10451,7519,3886,1235,258,39190,2865,60
Kazakhstan,1963,121585,28407,35365,6958,2785,1638,1435,6426,7326,6570,11819,14805,20365,11521,1477,2836,3590,3394,3932,2873,3697,5440,6379,7413,7392,9500,10865,7621,3900,1242,235,38150,3073,48
Kazakhstan,1964,121850,27047,33812,6765,2873,1677,1730,6296,7564,6657,12063,15444,20331,11872,1494,2411,3885,3259,4305,3126,3531,5539,6524,7801,7643,9133,11198,7916,3956,1267,227,36685,3407,40
Kazakhstan,1965,121495,25709,32205,6496,2937,1702,2032,6022,7750,6878,12128,15989,20089,12222,1507,2044,3978,3245,4505,3440,3438,5493,6635,8092,7897,8871,11218,8223,3999,1282,225,35142,3734,34
Kazakhstan,1966,121931,24610,30783,6173,2964,1751,2274,5815,8006,7356,12210,16624,19898,12695,1527,1905,3910,3448,4558,3892,3464,5384,6826,8364,8260,8816,11082,8622,4073,1298,229,33747,4025,29
Kazakhstan,1967,122938,23643,29488,5845,2976,1811,2406,5665,8233,8026,12269,17363,19754,13355,1566,1981,3684,3820,4413,4452,3574,5175,7094,8605,8758,8958,10796,9162,4193,1331,235,32464,4217,26
Kazakhstan,1968,124271,22565,28105,5540,2929,1890,2510,5590,8466,8834,12326,18196,19724,14063,1614,2259,3331,4265,4201,5043,3791,4934,7392,8843,9353,9273,10451,9698,4365,1371,243,31034,4400,24
Kazakhstan,1969,125372,21730,26982,5252,2856,1966,2573,5551,8665,9633,12271,18911,19760,14543,1642,2673,2878,4615,4050,5515,4118,4732,7539,9050,9861,9630,10130,9986,4557,1394,248,29838,4539,23
Kazakhstan,1970,126643,21627,26612,4985,2743,2034,2623,5567,8797,10327,12125,19467,19884,14771,1667,3080,2487,4749,4048,5794,4533,4627,7498,9214,10253,9992,9892,10005,4766,1417,250,29355,4657,23
Kazakhstan,1971,127726,21810,26586,4776,2610,2079,2661,5630,8849,10867,11879,19888,20115,14825,1713,3337,2293,4617,4232,5805,5062,4608,7271,9366,10522,10402,9713,9801,5024,1459,254,29196,4740,23
Kazakhstan,1972,127840,21904,26527,4623,2447,2069,2690,5761,8795,11094,11438,20052,20563,14624,1748,3445,2316,4243,4552,5469,5625,4626,6812,9489,10563,10858,9705,9342,5282,1491,257,28974,4759,24
Kazakhstan,1973,128311,21694,26230,4536,2302,2044,2756,6072,8716,11298,11122,20241,21298,14397,1810,3515,2557,3749,4967,5077,6221,4791,6331,9646,10595,11403,9895,8860,5537,1546,264,28532,4800,24
Kazakhstan,1974,129014,21430,25914,4484,2196,2002,2843,6512,8478,11514,11085,20323,22081,14150,1893,3556,2956,3180,5298,4811,6703,5129,5956,9665,10658,11888,10193,8474,5676,1623,270,28110,4845,25
Kazakhstan,1975,129600,21258,25692,4434,2101,1926,2912,6905,8055,11658,11304,20228,22847,13945,2001,3567,3338,2688,5367,4726,6932,5576,5728,9488,10740,12288,10559,8261,5684,1720,281,27793,4838,26
Kazakhstan,1976,133841,21171,25556,4385,2076,1885,3038,7371,7833,12105,12213,20741,24499,14283,2205,3683,3688,2518,5315,5034,7071,6375,5838,9460,11281,13060,11439,8502,5781,1899,306,27632,4923,28
Kazakhstan,1977,134839,21141,25475,4334,2062,1801,3067,7597,7493,12222,13085,20445,25187,14065,2316,3768,3829,2558,4935,5486,6736,7164,5921,8917,11528,13178,12009,8545,5520,2001,315,27537,4868,29
Kazakhstan,1978,135980,20982,25255,4273,2043,1718,3045,7748,7220,12343,14139,20091,25926,13994,2425,3854,3894,2842,4378,6054,6289,7969,6170,8302,11789,13261,12665,8735,5259,2098,327,27298,4763,30
Kazakhstan,1979,137644,20981,25175,4194,2076,1650,3001,7918,7038,12492,15263,19702,26690,14118,2491,3980,3938,3309,3729,6504,5988,8623,6640,7826,11876,13401,13289,9047,5071,2146,345,27251,4651,30
Kazakhstan,1980,138689,20676,24770,4094,2029,1591,2913,8053,6943,12578,16235,19262,27357,14428,2498,4091,3962,3771,3172,6646,5932,8973,7262,7557,11705,13561,13796,9435,4993,2134,364,26799,4504,31
Kazakhstan,1981,138820,20844,24823,3979,1995,1534,2765,8074,6925,12519,16837,18572,27549,14753,2443,4119,3955,4045,2880,6382,6137,8841,7996,7400,11172,13613,13936,9797,4956,2061,382,26818,4299,32
Kazakhstan,1982,140266,20910,24780,3870,1964,1511,2644,8166,7121,12658,17433,18056,28047,15452,2395,4142,4024,4191,2930,5938,6720,8437,8996,7521,10535,13960,14087,10394,5058,1987,408,26744,4155,34
Kazakhstan,1983,141392,20792,24582,3790,1912,1484,2492,8123,7430,12555,17752,17641,28627,16395,2369,4054,4069,4217,3213,5218,7337,7807,9945,7833,9808,14368,14259,11121,5274,1933,436,26494,3976,36
Kazakhstan,1984,144355,20613,24326,3713,1865,1490,2393,8168,8002,12367,18285,17907,29501,17627,2391,3978,4190,4259,3743,4455,7912,7460,10825,8540,9367,14791,14710,11972,5655,1934,457,26191,3883,38
Kazakhstan,1985,145286,20367,24010,3643,1820,1479,2294,8109,8514,11841,18579,18340,29492,18385,2384,3833,4276,4262,4252,3775,8066,7359,11220,9322,9018,14600,14892,12425,5960,1932,452,25830,3773,40
Kazakhstan,1986,146087,20000,23568,3568,1780,1460,2222,7991,8870,11257,18807,19288,29314,19085,2404,3659,4332,4278,4592,3447,7810,7664,11143,10356,8932,14115,15199,12748,6337,1967,437,25348,3682,43
Kazakhstan,1987,144458,19679,23139,3460,1742,1424,2164,7731,9131,10724,18324,20072,28161,19395,2403,3423,4308,4387,4744,3531,7193,8068,10256,11249,8823,12825,15336,12734,6661,1989,414,24881,3588,45
Kazakhstan,1988,145820,19160,22548,3388,1691,1434,2211,7676,9709,10637,18457,21474,27369,20081,2488,3312,4364,4659,5050,4014,6623,8800,9657,12266,9208,11816,15553,12938,7143,2085,403,24239,3645,47
Kazakhstan,1989,149766,18505,21850,3345,1681,1456,2298,7681,10404,10842,18994,23315,27155,21345,2691,3284,4397,4980,5424,4752,6090,9601,9393,13184,10131,11352,15803,13557,7788,2278,413,23531,3754,50
Kazakhstan,1990,153746,17623,20923,3300,1691,1457,2345,7579,10789,10932,19867,25488,27190,22513,2924,3268,4311,5161,5628,5456,5476,10389,9478,14029,11459,11291,15899,14170,8343,2494,430,22614,3802,50
Kazakhstan,1991,159028,16895,20145,3250,1752,1474,2414,7614,11288,11364,20962,27659,27295,23810,3203,3349,4265,5396,5892,6192,5172,10847,10115,14529,13130,11537,15758,14930,8880,2749,454,21897,3888,50
Kazakhstan,1992,163517,16290,19498,3208,1810,1475,2455,7605,11668,12035,21824,29418,27374,24823,3484,3429,4176,5546,6122,6779,5256,10628,11196,14500,14918,12082,15292,15564,9259,3012,472,21308,3930,48
Kazakhstan,1993,162029,15650,18798,3148,1802,1439,2417,7443,11693,12655,21868,29609,26323,24359,3579,3437,4006,5492,6201,7022,5633,9610,12258,13649,15960,12357,13966,15251,9108,3108,471,20600,3856,44
Kazakhstan,1994,163835,14864,17900,3036,1794,1426,2393,7388,11752,13604,22015,30227,26694,24782,3815,3473,3915,5404,6348,7213,6391,8495,13520,13089,17138,13384,13310,15387,9395,3315,500,19694,3819,43
Kazakhstan,1995,164021,13947,16813,2866,1748,1418,2339,7305,11619,14429,21704,30404,27359,24831,4007,3471,3834,5195,6424,7273,7156,7349,14355,12759,17645,14590,12769,15143,9688,3474,533,18561,3757,44
Kazakhstan,1996,163293,12508,15133,2625,1624,1398,2279,7238,11417,15187,21087,30684,28662,24400,4138,3445,3793,4944,6473,7322,7865,6582,14505,13133,17551,16140,12522,14458,9942,3569,569,16757,3677,44
Kazakhstan,1997,162006,11255,13548,2293,1507,1372,2190,7124,11044,15612,20135,30934,30661,23613,4220,3361,3763,4652,6392,7292,8320,6445,13690,14151,16783,17831,12830,13504,10109,3613,607,15055,3562,44
Kazakhstan,1998,160879,10334,12299,1965,1362,1344,2114,7021,10676,15819,19213,31265,32744,22694,4281,3271,3750,4431,6245,7304,8515,6960,12253,15602,15663,19207,13537,12562,10132,3638,643,13661,3458,45
Kazakhstan,1999,159003,9456,11140,1684,1215,1290,2037,6850,10234,15783,18360,31404,34481,21821,4339,3151,3699,4262,5972,7288,8495,7866,10494,16937,14467,19950,14531,11853,9968,3672,667,12355,3327,46
Kazakhstan,2000,159320,8844,10337,1493,1111,1258,2018,6660,9928,16056,18003,32281,36345,20889,4382,3039,3621,4164,5764,7437,8619,8948,9055,18049,14232,20559,15786,11356,9533,3705,677,11448,3276,49
Kazakhstan,2001,160339,8243,9591,1348,1030,1213,2032,6581,9746,16386,18097,33239,37894,20049,4431,2989,3592,4168,5578,7614,8772,9902,8195,18283,14956,20566,17328,11153,8896,3749,682,10621,3245,51
Kazakhstan,2002,165899,7895,9124,1229,964,1174,2083,6598,9723,16944,19064,34792,40308,20395,4676,2986,3612,4253,5470,7840,9104,10744,8320,17855,16937,20572,19736,11810,8585,3964,712,10088,3257,56
Kazakhstan,2003,165942,7864,8994,1130,884,1105,2075,6508,9546,17096,20150,34824,40246,19933,4520,2940,3568,4259,5287,7801,9295,11080,9070,15993,18831,19235,21011,12169,7764,3831,689,9878,3180,57
Kazakhstan,2004,166195,7887,8947,1060,810,1040,2044,6418,9393,17110,21610,34416,39885,20110,4347,2909,3509,4242,5151,7627,9483,11251,10359,13770,20646,17984,21901,12916,7194,3666,681,9757,3084,58
Kazakhstan,2005,167065,7860,8866,1006,752,979,1993,6375,9344,17135,23234,33717,39788,20725,4099,2920,3455,4239,5105,7418,9717,11436,11798,11853,21864,17569,22219,13910,6815,3421,678,9618,2972,58
Kazakhstan,2006,165485,7906,8874,968,678,899,1878,6220,9127,16723,24082,32084,39597,21475,3789,2882,3338,4125,5002,7012,9711,11355,12727,10496,21588,18031,21566,14897,6578,3110,679,9552,2777,57
Kazakhstan,2007,167518,7864,8796,932,625,832,1761,6126,9016,16401,24861,30995,40943,23444,3662,2870,3256,4046,4970,6685,9716,11446,13415,10431,20564,19946,20997,16555,6889,2949,713,9421,2593,59
Kazakhstan,2008,162649,7726,8620,894,576,739,1591,5834,8633,15504,24544,28756,40408,24072,3314,2745,3089,3846,4787,6212,9292,11237,13307,10979,17777,21416,18992,17070,7002,2629,685,9196,2330,58
Kazakhstan,2009,160646,7248,8099,851,526,663,1453,5589,8321,14757,24410,27405,40885,25297,3179,2617,2972,3680,4641,5896,8861,11193,13217,12299,15106,23202,17683,17728,7569,2507,672,8625,2116,60
Kazakhstan,2010,155171,6665,7472,807,498,586,1302,5247,7843,13742,23720,25848,40439,25419,2999,2418,2829,3442,4401,5549,8193,10914,12806,13362,12486,23641,16798,17398,8021,2375,624,7970,1888,61
Kazakhstan,2011,152509,6078,6809,731,454,531,1187,5012,7533,13065,23451,25324,40655,25497,2928,2249,2763,3290,4243,5382,7683,10823,12628,14309,11015,23295,17360,16851,8646,2350,578,7263,1718,64
Kazakhstan,2012,152408,5550,6207,657,453,497,1103,4886,7420,12761,23692,25974,41012,25374,2964,2118,2768,3231,4189,5384,7377,10898,12794,15081,10893,21991,19021,16045,9329,2427,537,6660,1600,66
Kazakhstan,2013,149156,5022,5608,586,432,453,981,4558,7049,12060,23094,26650,40172,24880,3151,1913,2645,3063,3986,5190,6870,10462,12632,15068,11582,19334,20838,14924,9956,2634,517,6040,1434,69
Kazakhstan,2014,147568,4649,5178,529,422,427,885,4302,6826,11658,22760,28129,39108,24383,3417,1759,2543,2975,3851,5080,6578,10068,12692,15079,13050,16504,22604,14024,10359,2905,512,5600,1312,70
Kazakhstan,2015,147198,4246,4731,485,419,409,807,4063,6670,11427,22531,29876,37939,24489,3765,1632,2431,2936,3734,5001,6426,9671,12860,15174,14702,14145,23794,13956,10533,3242,523,5150,1216,71
Kazakhstan,2016,150123,3969,4426,457,397,400,745,3799,6533,11255,22347,31776,37705,26307,4365,1507,2292,2905,3628,4902,6353,9272,13075,15431,16345,13078,24627,15428,10879,3789,576,4823,1145,73
Kazakhstan,2017,147533,3705,4147,442,387,393,686,3494,6359,11002,21722,32303,35497,26859,4606,1374,2120,2858,3501,4756,6246,8761,12961,15379,16924,12716,22781,16706,10153,4009,597,4534,1079,69
Kazakhstan,2018,150852,3684,4116,432,372,399,656,3278,6332,11050,21609,33663,35108,29044,5150,1276,2002,2859,3473,4740,6310,8554,13055,15932,17731,14187,20921,19146,9898,4461,689,4488,1055,71
Kazakhstan,2019,153401,3667,4095,428,363,404,633,3082,6317,11110,21447,34819,34760,30789,5508,1184,1898,2837,3480,4729,6381,8461,12986,16534,18285,16448,18312,21206,9583,4721,787,4458,1037,73
Kazakhstan,2020,179002,3808,4232,424,333,391,595,2787,6665,12950,25275,43344,42344,34293,5718,1056,1731,2876,3789,5363,7587,10240,15035,21134,22210,26278,16066,24054,10239,4846,872,4565,986,74
Kazakhstan,2021,196490,3679,4102,423,311,425,674,2652,6593,13144,25482,49391,48619,38791,6225,1008,1644,2729,3864,5398,7746,10588,14894,23454,25937,33196,15423,26517,12274,5184,1041,4413,1099,83
Kenya,1950,166677,48349,91145,42796,8563,4108,3824,7785,6231,4909,5291,9320,14273,9532,1651,4071,3714,3291,2940,2526,2383,2503,2788,3931,5389,6941,7332,6005,3527,1340,311,99708,7932,43
Kenya,1951,165834,47600,90542,42942,8872,4140,3899,8021,6435,5033,5308,9060,13772,9142,1572,4216,3805,3396,3039,2618,2415,2559,2749,3827,5233,6711,7061,5768,3374,1277,295,99414,8039,40
Kenya,1952,167913,49311,90795,41484,9134,4154,4126,9040,7098,5411,5493,8910,13389,8821,1503,4779,4261,3768,3330,2861,2550,2695,2798,3782,5128,6537,6852,5576,3245,1223,280,99929,8280,38
Kenya,1953,163159,49199,87961,38762,8934,3967,3988,8939,7078,5460,5462,8540,12861,8491,1439,4724,4215,3745,3333,2913,2547,2692,2770,3627,4913,6271,6590,5372,3119,1173,266,96895,7955,36
Kenya,1954,159117,49052,85852,36800,8776,3805,3836,8825,7022,5483,5409,8150,12353,8193,1384,4649,4176,3702,3320,2936,2547,2659,2750,3462,4688,6009,6344,5185,3008,1128,256,94628,7641,34
Kenya,1955,156013,48876,84524,35648,8407,3692,3698,8726,6990,5534,5401,7841,11911,7921,1334,4566,4160,3668,3322,2961,2573,2645,2756,3338,4503,5785,6126,5013,2908,1088,246,92931,7390,32
Kenya,1956,153620,48782,83622,34840,7890,3615,3587,8684,7023,5641,5438,7606,11518,7677,1287,4500,4184,3665,3358,3010,2631,2647,2791,3255,4351,5589,5929,4858,2819,1052,235,91512,7202,31
Kenya,1957,149281,48767,82979,34212,7535,3552,3291,7716,6469,5415,5284,7278,11058,7425,1245,3949,3767,3334,3135,2859,2556,2548,2736,3135,4143,5352,5706,4694,2731,1017,228,90514,6843,30
Kenya,1958,147506,48615,82263,33648,7282,3541,3206,7608,6464,5507,5309,7134,10724,7226,1212,3851,3757,3324,3140,2883,2624,2560,2749,3126,4008,5183,5541,4567,2659,990,222,89545,6747,29
Kenya,1959,146007,48214,81322,33108,7102,3567,3163,7531,6529,5643,5391,7074,10432,7043,1184,3767,3764,3359,3170,2937,2706,2615,2776,3168,3906,5039,5393,4449,2594,967,217,88424,6730,28
Kenya,1960,144571,47937,80500,32563,7044,3524,3138,7411,6559,5727,5456,7007,10145,6876,1157,3675,3736,3385,3174,2970,2757,2669,2787,3205,3802,4894,5251,4342,2534,946,211,87544,6662,27
Kenya,1961,143822,48186,80193,32007,7090,3432,3145,7315,6599,5814,5521,6965,9864,6724,1134,3606,3709,3420,3179,3006,2808,2729,2792,3246,3719,4752,5112,4243,2481,928,206,87283,6577,27
Kenya,1962,144008,48663,80298,31635,7164,3377,3196,7295,6727,5965,5655,6999,9616,6579,1112,3580,3715,3497,3230,3078,2887,2832,2823,3310,3689,4629,4987,4149,2430,911,201,87462,6573,26
Kenya,1963,144779,49165,80728,31563,7276,3352,3289,7296,6862,6108,5829,7084,9396,6446,1088,3584,3712,3571,3291,3145,2963,2951,2878,3366,3718,4521,4875,4062,2384,892,196,88004,6641,25
Kenya,1964,145938,49767,81429,31662,7392,3338,3411,7318,7008,6248,6008,7183,9182,6326,1072,3613,3705,3638,3370,3207,3041,3056,2952,3407,3776,4417,4765,3983,2343,880,192,88821,6749,24
Kenya,1965,148158,50755,82750,31995,7542,3413,3501,7417,7213,6444,6243,7338,9005,6213,1054,3694,3723,3721,3492,3295,3149,3177,3066,3471,3867,4341,4664,3907,2306,866,188,90292,6914,23
Kenya,1966,150404,51744,84235,32491,7712,3552,3528,7519,7361,6585,6442,7456,8841,6110,1041,3789,3730,3770,3591,3355,3230,3274,3168,3508,3948,4279,4562,3836,2274,855,186,91947,7080,22
Kenya,1967,152521,52507,85377,32870,7868,3693,3562,7667,7526,6758,6680,7603,8728,6010,1031,3913,3754,3820,3706,3432,3326,3380,3300,3561,4042,4262,4466,3768,2242,846,185,93245,7255,22
Kenya,1968,154794,53243,86460,33217,8041,3838,3599,7882,7679,6954,6942,7756,8679,5918,1022,4085,3797,3858,3821,3528,3426,3489,3453,3640,4116,4305,4374,3703,2215,839,183,94501,7437,22
Kenya,1969,156772,53982,87452,33470,8194,3962,3615,8093,7753,7104,7156,7903,8670,5832,1015,4258,3835,3856,3897,3612,3492,3577,3579,3735,4168,4381,4289,3642,2190,834,181,95646,7577,21
Kenya,1970,158483,54543,88139,33596,8337,4068,3694,8240,7793,7272,7375,8084,8693,5753,1010,4349,3891,3844,3949,3711,3561,3678,3697,3859,4225,4473,4220,3585,2168,829,181,96476,7762,21
Kenya,1971,158836,55151,88776,33625,8451,4137,3793,8116,7539,7212,7418,8129,8649,5618,984,4267,3849,3695,3844,3688,3524,3684,3734,3920,4209,4516,4133,3494,2124,811,173,97227,7930,19
Kenya,1972,158161,55342,88817,33475,8492,4176,3859,7911,7191,7067,7394,8167,8635,5485,952,4133,3778,3510,3681,3617,3450,3657,3737,3982,4185,4550,4085,3405,2080,793,159,97309,8035,14
Kenya,1973,157661,55281,88515,33234,8499,4213,3943,7814,6963,6999,7400,8287,8699,5390,926,4036,3778,3399,3564,3583,3416,3645,3755,4078,4209,4585,4114,3339,2051,780,146,97014,8156,10
Kenya,1974,160331,55188,88021,32833,8466,4291,4143,8295,7462,7602,7919,8801,9033,5384,910,4172,4123,3648,3814,3897,3705,3905,4014,4364,4437,4752,4281,3336,2048,774,136,96487,8434,7
Kenya,1975,161995,55147,87425,32278,8498,4405,4333,8541,7606,7926,8277,9267,9384,5422,908,4310,4231,3739,3867,4036,3890,4066,4211,4594,4673,4912,4472,3360,2062,778,130,95923,8738,6
Kenya,1976,164216,55125,86767,31642,8464,4497,4524,8962,7962,8432,8783,9821,9706,5411,884,4596,4366,3951,4011,4255,4177,4306,4477,4874,4947,5060,4646,3369,2042,764,120,95231,9021,5
Kenya,1977,163581,54981,86002,31021,8369,4500,4567,8931,7824,8402,8881,10089,9815,5346,847,4681,4250,3934,3890,4186,4216,4332,4549,4982,5107,5091,4724,3354,1992,740,107,94371,9067,4
Kenya,1978,163898,54868,85176,30308,8246,4506,4658,9089,7927,8507,9109,10458,10017,5373,824,4851,4238,4049,3878,4183,4324,4435,4674,5125,5333,5201,4816,3415,1958,723,101,93422,9164,3
Kenya,1979,162713,54847,84606,29759,8102,4466,4669,8970,7758,8261,9054,10568,10084,5375,797,4889,4081,4025,3733,4006,4255,4405,4649,5143,5425,5260,4824,3465,1910,704,93,92708,9135,3
Kenya,1980,161623,54823,84165,29342,7972,4416,4658,8867,7485,7970,9014,10684,10206,5407,777,4876,3991,3891,3594,3814,4156,4389,4625,5177,5507,5365,4841,3529,1878,687,90,92137,9074,3
Kenya,1981,151378,55153,84118,28965,7728,4119,4168,7429,5674,6070,7481,9468,9362,5047,711,4170,3259,2944,2730,2847,3223,3595,3886,4524,4944,4933,4429,3314,1733,630,81,91846,8287,2
Kenya,1982,155845,55379,84098,28719,7702,4185,4398,8191,6199,6564,8143,10221,10041,5368,733,4538,3653,3171,3028,3071,3493,3944,4199,4892,5329,5358,4683,3547,1821,650,83,91800,8583,2
Kenya,1983,159026,55502,84081,28579,7708,4241,4547,8680,6557,6857,8619,10751,10613,5632,743,4750,3930,3292,3265,3210,3647,4194,4425,5147,5604,5719,4894,3715,1917,659,84,91789,8788,2
Kenya,1984,164483,56175,84772,28597,7795,4342,4786,9470,7190,7339,9307,11454,11340,5930,755,5119,4351,3540,3650,3461,3878,4533,4774,5485,5969,6135,5205,3891,2039,670,85,92567,9128,2
Kenya,1985,170436,57043,85878,28835,7939,4464,5032,10348,7948,7926,10093,12221,11821,6019,744,5528,4820,3919,4029,3784,4142,4900,5193,5872,6349,6428,5393,3927,2092,660,84,93817,9496,2
Kenya,1986,178063,58318,87654,29336,8160,4638,5360,11468,8889,8644,10931,13001,12389,6173,752,6058,5410,4494,4395,4193,4451,5286,5645,6258,6743,6750,5639,4002,2171,668,84,95814,9998,2
Kenya,1987,185045,59904,90142,30238,8457,4806,5592,12234,9551,9116,11486,13617,12930,6344,770,6411,5823,4938,4613,4498,4618,5506,5980,6553,7064,7024,5906,4090,2254,687,83,98599,10398,2
Kenya,1988,194796,61578,93164,31586,8910,5089,5973,13421,10606,9958,12284,14475,13563,6540,809,6965,6456,5595,5011,5021,4937,5838,6446,6994,7481,7346,6217,4212,2328,724,85,102074,11062,2
Kenya,1989,205271,63557,96784,33227,9428,5408,6371,14696,11706,10868,12964,15258,14149,6778,853,7554,7142,6297,5409,5599,5269,6111,6853,7422,7836,7650,6499,4379,2399,769,84,106212,11779,2
Kenya,1990,215713,65712,100761,35049,10038,5762,6756,15870,12821,11605,13461,15987,14702,7043,903,8090,7780,6936,5885,6021,5584,6297,7164,7836,8151,7952,6750,4577,2466,814,89,110799,12518,2
Kenya,1991,228185,67953,105002,37049,10747,6194,7244,17404,14462,12519,14140,16887,15303,7324,956,8781,8623,7777,6685,6456,6063,6592,7548,8354,8533,8295,7008,4786,2538,860,96,115749,13438,2
Kenya,1992,241943,70199,109112,38913,11492,6679,7801,19180,16470,13730,14957,17932,15935,7643,1011,9578,9602,8791,7679,7023,6707,6978,7979,8955,8977,8667,7268,5024,2619,906,105,120604,14480,2
Kenya,1993,255175,72341,112707,40366,12114,7117,8349,20946,18564,15016,15773,18986,16526,8010,1060,10361,10585,9835,8729,7579,7437,7399,8374,9547,9439,9013,7513,5284,2726,945,115,124821,15466,3
Kenya,1994,265587,74186,115525,41339,12563,7475,8785,22228,20250,16066,16332,19855,17032,8374,1100,10919,11309,10658,9592,7970,8096,7728,8604,9992,9863,9287,7745,5516,2858,976,124,128088,16260,2
Kenya,1995,279632,75907,117891,41984,12861,7833,9362,24304,23042,17961,17560,21243,17695,8738,1141,11794,12510,12055,10987,8982,8979,8438,9122,10685,10558,9672,8023,5727,3011,1009,132,130752,17195,3
Kenya,1996,291614,77129,119216,42087,12975,8146,9922,26198,25701,19790,18663,22416,18294,9102,1184,12597,13601,13376,12325,10185,9605,9136,9527,11227,11189,10004,8290,5933,3169,1042,142,132191,18068,3
Kenya,1997,302559,77832,119862,42030,12940,8380,10425,27985,28335,21699,19845,23508,18870,9480,1228,13343,14642,14657,13678,11463,10236,9910,9935,11710,11798,10325,8545,6132,3348,1081,147,132802,18805,4
Kenya,1998,313492,78553,120285,41732,12813,8562,10910,29798,31075,23736,21209,24505,19438,9868,1287,14101,15697,15968,15107,12839,10897,10825,10384,12123,12382,10666,8772,6322,3546,1134,153,133098,19472,4
Kenya,1999,320677,78255,119015,40760,12376,8507,11171,31131,33435,25581,22582,25267,19980,10251,1375,14644,16487,17051,16384,14112,11469,11769,10813,12403,12864,11024,8956,6516,3735,1211,164,131391,19678,4
Kenya,2000,329440,77891,117806,39915,11859,8272,11256,32714,36584,28216,24001,25975,20562,10672,1515,15195,17519,18483,18101,15684,12532,12605,11396,12694,13281,11422,9140,6743,3929,1322,193,129665,19528,5
Kenya,2001,336489,77336,115960,38624,11424,8075,11421,34167,39260,30901,24980,26399,21114,11105,1675,15767,18400,19671,19589,17091,13810,13046,11934,12847,13552,11795,9319,6977,4128,1443,232,127384,19496,6
Kenya,2002,338686,76178,113569,37391,11047,7843,11468,34966,40757,32680,25355,26108,21443,11551,1880,16087,18879,20316,20441,17966,14714,13134,12221,12661,13447,11984,9459,7213,4338,1588,292,124616,19311,14
Kenya,2003,337432,74214,110057,35843,10611,7496,11285,34904,41253,34065,25899,26002,21844,11947,2045,16018,18886,20434,20819,18561,15504,13224,12675,12621,13381,12209,9635,7413,4534,1719,326,120668,18781,18
Kenya,2004,334275,72461,106792,34331,10260,7157,11015,34332,40747,34761,26343,25934,22320,12351,2233,15761,18571,20068,20679,18758,16003,13188,13155,12642,13292,12431,9889,7606,4745,1855,378,117052,18172,27
Kenya,2005,327904,70440,102791,32351,9832,6812,10687,33554,39688,34838,26398,25506,22612,12750,2400,15430,18124,19480,20208,18660,16178,13253,13145,12533,12973,12460,10152,7795,4955,1975,425,112623,17499,37
Kenya,2006,323049,68738,99554,30816,9496,6518,10289,32730,38806,35055,26610,25308,22912,13150,2570,15034,17696,18974,19832,18651,16404,13693,12917,12580,12728,12478,10434,7983,5167,2096,474,109050,16807,47
Kenya,2007,321824,67106,96290,29184,9186,6311,10106,32875,38832,35767,27270,25536,23287,13560,2745,15078,17797,18966,19866,18906,16861,14356,12914,12878,12658,12546,10741,8181,5379,2219,526,105476,16417,58
Kenya,2008,316836,64349,91310,26961,8638,5982,9555,31709,38110,36424,28287,26257,23635,13958,2904,14466,17243,18507,19603,19050,17374,15165,13122,13514,12743,12601,11034,8391,5567,2337,567,99948,15537,66
Kenya,2009,311529,61474,86395,24921,8117,5685,9012,30331,37141,36801,29206,27265,23979,14414,3104,13760,16571,17962,19179,19026,17775,15898,13308,14295,12970,12665,11314,8658,5756,2476,628,94512,14697,80
Kenya,2010,314357,59190,82931,23741,7898,5643,8986,30964,38380,38402,30733,27969,24167,14913,3281,13912,17052,18591,19789,19731,18671,16834,13899,14743,13226,12639,11528,8976,5937,2607,674,90829,14629,91
Kenya,2011,316861,56991,79562,22571,7709,5568,8805,30565,38510,39382,32593,29051,24794,15970,4117,13619,16946,18635,19875,20044,19338,17687,14906,15147,13904,12895,11899,9533,6437,3084,1033,87271,14373,233
Kenya,2012,326046,55284,76959,21675,7645,5580,8802,30912,39812,41353,35272,30951,25800,17289,5223,13602,17310,19253,20559,20905,20448,18953,16319,15918,15033,13430,12370,10199,7090,3709,1514,84604,14382,450
Kenya,2013,331660,53334,73798,20464,7507,5547,8797,30849,40392,42497,37464,32691,26712,18543,6198,13439,17410,19522,20870,21333,21164,19916,17548,16500,16191,13952,12760,10821,7722,4271,1927,81305,14344,664
Kenya,2014,335071,51564,70806,19242,7351,5527,8808,30511,40671,43166,39079,34008,27410,19775,7087,13193,17318,19623,21048,21554,21612,20602,18477,16788,17220,14373,13037,11404,8371,4792,2295,78157,14335,868
Kenya,2015,345318,50505,68869,18364,7211,5543,8923,30874,42374,45230,41797,36078,28504,20974,7890,13221,17653,20378,21996,22504,22726,21923,19874,17850,18228,15111,13393,11942,9032,5272,2618,76080,14466,1054
Kenya,2016,351719,49140,66663,17523,6978,5515,8992,30743,43067,46272,43949,37943,29688,22087,8604,13141,17602,20651,22416,22920,23352,22898,21051,19185,18758,15925,13763,12426,9661,5708,2896,73641,14507,1216
Kenya,2017,357331,48035,65056,17021,6783,5499,9050,30268,43355,47078,45714,39825,30968,23126,9254,13012,17256,20673,22682,23223,23855,23680,22034,20536,19289,16815,14153,12870,10256,6114,3140,71839,14549,1356
Kenya,2018,365374,46603,63335,16732,6597,5527,9170,30356,44503,48540,47771,41738,32434,24053,9867,13116,17240,21116,23387,23928,24612,24626,23145,21915,19823,17846,14588,13245,10808,6506,3361,69932,14697,1479
Kenya,2019,371729,45100,61628,16528,6456,5574,9288,30343,45020,49451,49495,43441,34075,24915,10458,13239,17104,21254,23766,24375,25076,25346,24149,23153,20288,18966,15109,13588,11327,6903,3555,68084,14862,1585
Kenya,2020,387712,44257,60642,16385,6342,5644,9631,31772,48178,52933,52769,46620,35648,25486,10499,13893,17879,22571,25607,26206,26727,26960,25809,24940,21680,20016,15632,13787,11699,7048,3451,66984,15275,1554
Kenya,2021,427272,43715,59914,16199,6251,5659,9904,32896,51126,58900,60995,55871,42218,30320,11630,14441,18455,23533,27593,28923,29977,30832,30163,29711,26160,23472,18746,16358,13962,7996,3634,66165,15563,1586
Kiribati,1950,885,239,346,107,22,15,17,41,40,45,54,92,123,76,10,21,20,20,20,20,25,25,29,41,51,60,63,49,27,9,1,368,32,0
Kiribati,1951,892,244,356,112,22,15,17,43,40,48,55,89,120,74,10,23,20,20,20,23,25,27,28,39,50,59,61,48,26,9,1,378,32,0
Kiribati,1952,899,248,364,116,23,15,17,44,40,49,57,88,117,73,10,23,21,20,20,24,25,29,28,39,49,58,59,47,26,9,1,387,32,0
Kiribati,1953,904,252,372,120,25,15,18,45,40,50,59,86,117,71,10,23,22,20,20,25,25,29,30,38,48,58,59,46,25,9,1,397,33,0
Kiribati,1954,910,257,378,121,26,15,18,47,40,50,59,83,115,69,10,23,24,20,20,25,25,29,30,36,47,57,58,44,25,9,1,404,33,0
Kiribati,1955,913,260,384,124,27,15,18,48,42,50,59,82,112,68,10,23,25,22,20,25,25,29,30,36,46,55,57,44,24,9,1,411,33,0
Kiribati,1956,914,262,387,125,29,15,19,48,44,50,60,80,108,67,9,23,25,24,20,25,25,29,31,35,45,53,55,43,24,8,1,416,34,0
Kiribati,1957,915,265,390,125,29,15,19,47,45,50,62,79,107,66,8,22,25,25,20,25,25,29,33,36,43,53,54,43,23,7,1,419,34,0
Kiribati,1958,916,268,393,125,29,16,20,47,47,50,62,77,105,66,8,22,25,25,22,25,25,29,33,35,42,52,53,43,23,7,1,422,36,0
Kiribati,1959,916,271,396,125,29,18,20,46,50,50,62,77,102,63,8,21,25,25,25,25,25,29,33,35,42,50,52,41,22,7,1,425,38,0
Kiribati,1960,914,273,398,125,29,20,20,41,50,50,62,77,99,62,8,20,21,25,25,25,25,29,33,37,40,49,50,40,22,7,1,427,40,0
Kiribati,1961,913,276,401,125,29,20,20,40,50,50,61,79,97,62,8,20,20,25,25,25,25,29,32,39,40,48,49,40,22,7,1,430,40,0
Kiribati,1962,906,274,399,125,29,20,20,40,49,50,60,79,96,60,8,20,20,24,25,25,25,28,32,39,40,47,49,38,22,7,1,428,40,0
Kiribati,1963,895,269,390,121,29,20,20,40,48,50,60,79,93,59,7,20,20,23,25,25,25,28,32,39,40,45,48,38,21,7,0,419,40,0
Kiribati,1964,883,264,383,119,29,20,20,42,47,50,60,79,89,59,7,22,20,22,25,25,25,28,32,39,40,44,45,38,21,7,0,412,40,0
Kiribati,1965,871,260,374,114,28,20,20,43,45,50,60,80,88,56,7,23,20,20,25,25,25,28,32,38,42,43,45,36,20,7,0,402,40,0
Kiribati,1966,859,256,367,111,28,18,22,43,43,50,58,81,87,56,7,23,20,20,23,25,25,27,31,38,43,42,45,36,20,7,0,395,40,0
Kiribati,1967,845,247,355,108,28,16,20,40,40,43,58,80,88,60,7,20,20,20,20,20,23,27,31,37,43,43,45,38,22,7,0,383,36,0
Kiribati,1968,827,232,336,104,28,16,20,40,40,43,57,79,92,64,9,20,20,20,20,20,23,27,30,37,42,45,47,41,23,9,0,364,36,0
Kiribati,1969,809,218,316,98,27,15,20,40,40,42,57,76,95,70,12,20,20,20,20,20,22,27,30,35,41,45,50,44,26,11,1,343,35,0
Kiribati,1970,790,210,303,93,27,15,20,40,40,42,56,76,90,69,12,20,20,20,20,20,22,26,30,34,42,45,45,43,26,11,1,330,35,0
Kiribati,1971,773,202,291,89,27,15,19,39,40,42,56,77,87,68,12,20,19,20,20,20,22,25,31,35,42,46,41,43,25,10,2,318,34,0
Kiribati,1972,763,196,283,87,27,15,19,37,40,43,59,76,85,64,11,20,17,20,20,20,23,28,31,35,41,49,36,39,25,9,2,310,34,0
Kiribati,1973,749,191,272,81,25,17,20,38,39,44,59,76,87,64,11,20,18,19,20,20,24,28,31,36,40,53,34,36,28,9,2,297,37,0
Kiribati,1974,742,189,266,77,25,17,20,38,38,46,57,77,91,58,11,20,18,18,20,21,25,27,30,39,38,56,35,30,28,9,2,291,37,0
Kiribati,1975,729,187,260,73,23,16,20,39,37,45,56,75,91,53,11,20,19,17,20,20,25,26,30,38,37,51,40,27,26,10,1,283,36,0
Kiribati,1976,714,183,256,73,22,16,20,39,36,45,55,74,90,47,12,20,19,16,20,20,25,25,30,36,38,47,43,24,23,11,1,278,36,0
Kiribati,1977,722,184,258,74,24,20,20,41,40,45,56,77,87,42,11,21,20,20,20,20,25,25,31,37,40,43,44,23,19,10,1,282,40,0
Kiribati,1978,683,181,250,69,20,16,20,40,36,41,53,76,79,41,9,20,20,16,20,17,24,25,28,36,40,40,39,26,15,8,1,270,36,0
Kiribati,1979,666,180,249,69,19,16,20,40,36,40,52,75,74,39,6,20,20,16,20,17,23,25,27,35,40,40,34,26,13,5,1,268,36,0
Kiribati,1980,677,185,254,69,19,16,20,41,37,41,53,75,76,40,7,21,20,18,19,19,22,25,28,35,40,40,36,26,14,5,2,273,36,0
Kiribati,1981,685,187,257,70,19,16,22,43,40,42,54,75,77,40,4,23,20,20,20,20,22,25,29,35,40,40,37,26,14,4,0,276,38,0
Kiribati,1982,693,191,263,72,19,14,22,44,40,41,54,75,78,43,5,24,20,20,20,20,21,25,29,35,40,40,38,29,14,5,0,282,36,0
Kiribati,1983,699,193,266,73,18,13,22,44,40,41,57,76,79,43,5,24,20,20,20,20,21,27,30,36,40,40,39,29,14,5,0,284,35,0
Kiribati,1984,705,194,267,73,18,12,21,45,40,40,57,76,79,44,4,25,20,20,20,20,20,27,30,36,40,40,39,29,15,4,0,285,33,0
Kiribati,1985,709,196,269,73,18,12,21,46,40,40,57,76,82,44,5,25,21,20,20,20,20,27,30,36,40,42,40,29,15,5,0,287,33,0
Kiribati,1986,712,196,268,72,18,11,19,46,40,40,56,77,84,46,5,25,21,20,20,20,20,26,30,37,40,44,40,30,16,5,0,286,30,0
Kiribati,1987,711,194,266,72,19,11,19,46,40,41,56,77,84,47,6,25,21,20,20,20,21,25,31,37,40,44,40,31,16,6,0,285,30,0
Kiribati,1988,707,191,261,70,19,10,17,46,40,42,56,78,84,47,5,25,21,20,20,20,22,25,31,38,40,44,40,31,16,5,0,280,27,0
Kiribati,1989,702,188,255,67,19,10,17,46,40,42,55,78,84,48,5,24,22,20,20,20,22,25,30,38,40,44,40,31,17,5,0,274,27,0
Kiribati,1990,695,184,249,65,19,10,16,46,40,42,54,79,84,48,6,24,22,20,20,20,22,25,29,39,40,43,41,31,17,6,0,268,26,0
Kiribati,1991,686,180,243,63,19,10,15,44,40,42,54,79,83,47,6,22,22,20,20,20,22,25,29,39,40,42,41,30,17,6,0,262,25,0
Kiribati,1992,676,174,233,59,18,10,15,43,40,41,52,80,84,49,6,21,22,20,20,20,21,25,27,40,40,42,42,31,18,6,0,251,25,0
Kiribati,1993,666,168,226,58,18,10,15,39,40,41,54,81,84,49,6,19,20,20,20,20,21,27,27,39,42,41,43,31,18,6,0,244,25,0
Kiribati,1994,657,163,218,55,17,10,15,38,40,40,56,82,84,49,7,18,20,20,20,20,20,27,29,38,44,41,43,31,18,7,0,235,25,0
Kiribati,1995,651,159,212,53,17,10,15,36,40,41,57,82,86,50,7,16,20,20,20,20,21,27,30,37,45,45,41,32,18,7,0,229,25,0
Kiribati,1996,649,157,208,51,17,10,15,34,40,41,56,80,86,51,7,15,19,20,20,20,21,26,30,35,45,45,41,33,18,7,0,225,25,0
Kiribati,1997,644,153,204,51,17,11,15,33,40,43,56,79,85,51,7,15,18,20,20,20,23,26,30,34,45,45,40,33,18,7,0,221,26,0
Kiribati,1998,640,150,198,48,17,11,15,32,40,43,56,79,86,50,7,15,17,20,20,20,23,26,30,35,44,45,41,32,18,7,0,215,26,0
Kiribati,1999,636,146,192,46,17,11,15,31,40,43,58,81,86,49,7,15,16,20,20,20,23,26,32,35,46,46,40,31,18,7,0,209,26,0
Kiribati,2000,632,142,186,44,17,11,15,32,39,44,58,79,88,48,7,17,15,19,20,20,24,26,32,35,44,48,40,31,17,7,0,203,26,0
Kiribati,2001,630,137,179,42,16,11,16,33,39,45,61,81,91,49,7,18,15,19,20,20,25,29,32,38,43,49,42,31,18,7,0,195,27,0
Kiribati,2002,636,134,175,41,16,11,17,34,38,49,60,81,94,53,7,19,15,18,20,24,25,29,31,39,42,50,44,34,19,7,0,191,28,0
Kiribati,2003,644,132,172,40,16,11,17,35,40,50,60,80,101,54,8,20,15,17,23,25,25,29,31,39,41,53,48,34,20,8,0,188,28,0
Kiribati,2004,660,135,175,40,17,11,18,36,40,50,63,80,103,58,8,20,16,17,23,25,25,30,33,39,41,52,51,37,21,7,1,192,29,0
Kiribati,2005,680,139,179,40,17,11,18,37,39,53,66,85,107,60,9,20,17,16,23,25,28,31,35,40,45,53,54,38,22,8,1,196,29,0
Kiribati,2006,702,145,186,41,17,11,18,38,38,55,67,85,109,66,10,20,18,16,22,25,30,32,35,40,45,51,58,42,24,9,1,203,29,0
Kiribati,2007,722,151,194,43,17,11,18,43,38,58,71,90,108,64,10,23,20,16,22,28,30,33,38,41,49,50,58,42,22,9,1,211,29,0
Kiribati,2008,740,157,200,43,16,12,18,44,42,61,74,91,109,63,10,24,20,20,22,29,32,35,39,41,50,51,58,41,22,9,1,216,30,0
Kiribati,2009,755,161,206,45,15,12,18,45,41,62,74,92,112,67,10,25,20,20,21,29,33,35,39,40,52,53,59,45,22,9,1,221,30,0
Kiribati,2010,766,163,208,45,14,12,18,46,41,63,77,97,115,66,10,25,21,20,21,28,35,35,42,44,53,57,58,45,21,9,1,222,30,0
Kiribati,2011,773,165,211,46,14,12,18,47,40,64,82,96,116,63,9,25,22,20,20,28,36,40,42,45,51,61,55,45,18,7,2,225,30,0
Kiribati,2012,777,163,209,46,15,11,18,48,40,64,82,98,114,66,9,25,23,20,20,27,37,40,42,46,52,62,52,45,21,7,2,224,29,0
Kiribati,2013,777,160,204,44,16,11,18,48,40,62,83,102,117,65,9,25,23,20,20,25,37,41,42,49,53,66,51,44,21,7,2,220,29,0
Kiribati,2014,777,157,201,44,16,11,18,48,40,61,89,101,117,67,8,24,24,20,20,25,36,45,44,49,52,66,51,42,25,7,1,217,29,0
Kiribati,2015,776,154,197,43,16,10,18,46,40,59,90,107,119,64,8,24,22,20,20,23,36,45,45,51,56,67,52,39,25,7,1,213,28,0
Kiribati,2016,775,150,190,40,16,10,17,43,40,58,93,110,122,62,9,23,20,20,20,23,35,46,47,51,59,66,56,37,25,8,1,206,27,0
Kiribati,2017,776,148,187,39,16,10,16,40,40,56,98,112,124,61,9,20,20,20,20,23,33,48,50,52,60,65,59,36,25,8,1,203,26,0
Kiribati,2018,778,145,183,38,15,10,15,40,42,56,100,116,128,59,10,20,20,20,22,24,32,48,52,52,64,65,63,34,25,9,1,198,25,0
Kiribati,2019,779,142,177,35,14,10,14,40,44,56,103,120,130,58,10,20,20,20,24,25,31,48,55,54,66,67,63,35,23,9,1,191,24,0
Kiribati,2020,790,138,171,33,14,10,13,40,45,54,105,129,136,61,10,20,20,20,25,25,29,47,58,59,70,72,64,38,23,9,1,185,23,0
Kiribati,2021,805,134,167,33,14,10,13,40,45,54,105,138,143,64,11,20,20,20,25,25,29,45,60,65,73,77,66,43,21,10,1,181,23,0
Kosovo,1950,10918,4305,4829,524,88,65,111,205,238,476,714,1284,1729,1062,117,110,95,98,140,208,268,311,403,584,700,824,905,702,360,102,15,4917,176,1
Kosovo,1951,10803,4257,4820,563,87,64,110,210,230,474,709,1268,1683,1031,116,115,95,99,131,210,264,324,385,579,689,805,878,681,350,102,14,4907,174,1
Kosovo,1952,10691,4217,4798,581,87,62,109,216,220,474,708,1249,1643,1004,116,120,96,100,120,210,264,335,373,568,681,789,854,662,342,102,14,4885,171,1
Kosovo,1953,10680,4228,4821,593,89,62,108,225,216,476,720,1238,1622,985,117,125,100,100,116,208,268,344,376,552,686,781,841,650,335,102,15,4910,170,1
Kosovo,1954,10677,4207,4811,604,95,61,108,234,215,478,744,1233,1611,974,111,128,106,102,113,202,276,352,392,532,701,776,835,641,333,99,12,4906,169,1
Kosovo,1955,10660,4168,4772,604,101,61,107,242,216,474,767,1231,1603,968,113,131,111,103,113,191,283,354,413,518,713,772,831,636,332,99,14,4873,168,1
Kosovo,1956,10630,4119,4719,600,105,59,106,252,219,469,791,1230,1603,965,115,132,120,106,113,180,289,354,437,509,721,773,830,634,331,101,14,4824,165,1
Kosovo,1957,10597,4063,4659,596,110,58,104,255,221,462,812,1232,1603,961,115,131,124,107,114,169,293,356,456,509,723,778,825,630,331,101,14,4769,162,1
Kosovo,1958,10564,4004,4594,590,113,59,103,260,230,448,832,1234,1613,962,117,129,131,113,117,160,288,361,471,518,716,789,824,630,332,103,14,4707,162,1
Kosovo,1959,10555,3968,4551,583,113,61,102,263,234,432,847,1236,1630,962,117,129,134,117,117,155,277,370,477,539,697,807,823,630,332,103,14,4664,163,1
Kosovo,1960,10563,3940,4517,577,113,66,100,264,246,416,861,1252,1646,964,118,128,136,125,121,153,263,382,479,570,682,825,821,631,333,104,14,4630,166,1
Kosovo,1961,10546,3907,4477,570,113,69,99,261,254,399,867,1269,1655,963,119,126,135,131,123,154,245,389,478,599,670,834,821,629,334,105,14,4590,168,1
Kosovo,1962,10564,3876,4443,567,112,73,97,260,263,384,875,1295,1669,970,122,125,135,139,124,157,227,393,482,626,669,840,829,633,337,107,15,4555,170,1
Kosovo,1963,10569,3837,4399,562,110,76,97,257,276,377,881,1317,1678,974,125,123,134,144,132,159,218,389,492,635,682,832,846,634,340,108,17,4509,173,1
Kosovo,1964,10539,3751,4311,560,109,76,101,256,287,376,887,1340,1688,980,128,122,134,149,138,163,213,377,510,635,705,816,872,636,344,111,17,4420,177,1
Kosovo,1965,10468,3634,4186,552,109,75,106,253,300,377,889,1364,1692,987,132,119,134,152,148,165,212,359,530,632,732,797,895,639,348,115,17,4295,181,1
Kosovo,1966,10408,3518,4060,542,107,74,111,250,310,385,885,1393,1701,1000,133,117,133,153,157,169,216,337,548,632,761,788,913,647,353,115,18,4167,185,1
Kosovo,1967,10400,3480,4006,526,105,74,117,248,315,393,871,1414,1707,1011,139,116,132,150,165,174,219,316,555,636,778,788,919,655,356,120,19,4111,191,1
Kosovo,1968,10437,3459,3973,514,104,73,121,246,322,407,853,1440,1719,1035,140,116,130,150,172,182,225,301,552,651,789,804,915,675,360,121,19,4077,194,1
Kosovo,1969,10490,3476,3981,505,103,71,123,249,327,420,830,1462,1721,1058,142,120,129,150,177,193,227,295,535,674,788,828,893,697,361,123,19,4084,194,1
Kosovo,1970,10425,3355,3858,503,101,70,121,253,330,435,801,1484,1739,1085,146,128,125,150,180,204,231,294,507,700,784,863,876,718,367,127,19,3959,191,1
Kosovo,1971,10497,3358,3856,498,100,69,119,258,331,453,775,1508,1765,1108,151,135,123,150,181,217,236,298,477,723,785,896,869,735,373,129,22,3956,188,2
Kosovo,1972,10550,3352,3846,494,97,69,119,264,332,476,752,1525,1792,1124,155,142,122,150,182,232,244,303,449,735,790,920,872,743,381,133,22,3943,188,2
Kosovo,1973,10526,3248,3742,494,97,68,117,268,328,497,735,1558,1825,1134,158,146,122,147,181,242,255,308,427,742,816,932,893,739,395,136,22,3839,185,2
Kosovo,1974,10579,3213,3701,488,98,70,117,272,323,521,729,1586,1859,1140,163,146,126,143,180,250,271,312,417,730,856,933,926,727,413,138,25,3799,187,2
Kosovo,1975,10572,3112,3593,481,96,69,115,277,318,543,734,1605,1898,1151,168,145,132,140,178,253,290,319,415,701,904,929,969,719,432,142,26,3689,184,2
Kosovo,1976,10614,3063,3536,473,96,69,115,284,315,565,744,1617,1939,1162,174,143,141,137,178,255,310,326,418,665,952,931,1008,718,444,146,28,3632,184,2
Kosovo,1977,10571,2925,3388,463,96,69,116,289,312,585,762,1615,1979,1179,180,143,146,136,176,256,329,337,425,630,985,941,1038,727,452,152,28,3484,185,2
Kosovo,1978,10493,2761,3211,450,96,68,117,294,311,598,785,1596,2026,1203,188,142,152,135,176,255,343,352,433,603,993,972,1054,750,453,159,29,3307,185,3
Kosovo,1979,10423,2628,3059,431,95,67,118,295,313,608,812,1558,2074,1229,199,140,155,140,173,255,353,373,439,585,973,1019,1055,781,448,169,30,3154,185,3
Kosovo,1980,10630,2746,3158,412,92,67,117,291,316,613,846,1519,2130,1267,209,140,151,148,168,255,358,399,447,581,938,1079,1051,821,446,178,31,3250,184,3
Kosovo,1981,10579,2596,2999,403,92,67,116,291,321,614,883,1477,2191,1308,219,140,151,156,165,253,361,426,457,585,892,1136,1055,858,450,185,34,3091,183,3
Kosovo,1982,10724,2642,3039,397,89,67,113,289,326,612,924,1441,2250,1345,226,140,149,165,161,251,361,452,472,596,845,1178,1072,885,460,191,35,3128,180,3
Kosovo,1983,10767,2611,3002,391,85,66,113,287,330,606,965,1406,2298,1378,229,140,147,169,161,246,360,472,493,598,808,1189,1109,900,478,191,38,3087,179,4
Kosovo,1984,10773,2545,2935,390,82,66,110,287,336,598,1002,1386,2331,1404,233,141,146,170,166,241,357,483,519,600,786,1165,1166,901,503,192,41,3017,176,4
Kosovo,1985,10740,2384,2770,386,80,64,110,288,343,593,1049,1391,2373,1442,238,141,147,168,175,236,357,492,557,609,782,1130,1243,907,535,193,45,2850,174,4
Kosovo,1986,10713,2259,2635,376,79,64,110,287,349,583,1090,1402,2389,1477,243,140,147,166,183,229,354,495,595,618,784,1078,1311,914,563,198,45,2714,174,4
Kosovo,1987,10557,2033,2390,357,78,61,109,285,355,574,1120,1424,2384,1516,253,138,147,165,190,224,350,492,628,635,789,1025,1359,933,583,206,47,2468,170,5
Kosovo,1988,10641,2056,2390,334,76,59,109,284,364,568,1142,1455,2358,1568,266,136,148,165,199,222,346,489,653,662,793,984,1374,973,595,217,49,2466,168,5
Kosovo,1989,10595,1916,2231,315,74,58,107,284,355,572,1162,1520,2317,1632,283,135,149,161,194,232,340,492,670,718,802,990,1327,1029,603,233,50,2305,165,6
Kosovo,1990,10671,1883,2190,307,69,56,104,283,348,575,1169,1591,2290,1688,299,135,148,161,187,242,333,494,675,779,812,1016,1274,1080,608,249,50,2259,160,6
Kosovo,1991,10664,1763,2066,303,66,54,102,282,344,576,1170,1675,2280,1723,318,134,148,161,183,246,330,494,676,835,840,1039,1241,1108,615,265,53,2132,156,7
Kosovo,1992,10499,1455,1744,289,64,52,100,282,348,583,1176,1755,2279,1775,332,133,149,164,184,252,331,490,686,867,888,1028,1251,1136,639,277,55,1808,152,7
Kosovo,1993,10454,1331,1591,260,63,51,98,279,355,589,1171,1825,2264,1814,347,132,147,167,188,256,333,481,690,885,940,1012,1252,1140,674,286,61,1654,149,7
Kosovo,1994,10470,1248,1478,230,61,49,95,277,360,595,1166,1898,2264,1855,361,131,146,169,191,258,337,471,695,896,1002,1005,1259,1137,718,293,68,1539,144,7
Kosovo,1995,10538,1215,1421,206,59,47,93,273,363,607,1161,1964,2274,1895,371,128,145,170,193,260,347,463,698,904,1060,1016,1258,1137,758,299,72,1480,140,8
Kosovo,1996,10615,1186,1377,191,57,47,90,271,368,614,1152,2018,2296,1928,387,126,145,170,198,261,353,458,694,911,1107,1048,1248,1142,786,308,79,1434,137,9
Kosovo,1997,10679,1140,1322,182,54,46,88,269,369,625,1142,2064,2334,1956,403,124,145,170,199,264,361,456,686,919,1145,1103,1231,1151,805,321,82,1376,134,8
Kosovo,1998,12468,1137,1358,221,74,62,209,826,741,835,1260,2204,2461,1999,428,411,415,381,360,382,453,525,735,984,1220,1215,1246,1178,821,345,83,1432,271,9
Kosovo,1999,12687,841,995,154,40,56,323,1256,1035,971,1272,2183,2432,1840,276,643,613,545,490,468,503,548,724,977,1206,1252,1180,1107,733,262,14,1035,379,6
Kosovo,2000,9108,664,800,136,36,41,66,150,251,504,961,1948,2350,1738,259,70,80,106,145,209,295,399,562,849,1099,1228,1122,1049,689,248,11,836,107,3
Kosovo,2001,9192,619,737,118,33,39,68,148,242,500,952,1941,2457,1764,306,72,76,101,141,208,292,403,549,837,1104,1287,1170,1051,713,286,20,770,107,2
Kosovo,2002,9334,577,683,106,31,36,68,147,235,501,950,1940,2585,1798,357,73,74,97,138,208,293,407,543,823,1117,1333,1252,1054,744,322,35,714,104,1
Kosovo,2003,9299,507,603,96,29,33,66,148,228,494,943,1893,2640,1821,399,74,74,95,133,205,289,404,539,790,1103,1327,1313,1050,771,348,51,632,99,1
Kosovo,2004,9301,526,614,88,27,29,63,148,218,487,929,1838,2665,1838,440,74,74,91,127,201,286,397,532,757,1081,1303,1362,1045,793,369,71,641,92,2
Kosovo,2005,9287,529,611,82,25,27,59,148,213,477,918,1785,2678,1865,479,74,74,90,123,195,282,389,529,730,1055,1278,1400,1054,811,389,90,636,86,3
Kosovo,2006,9492,401,480,79,24,24,58,151,216,487,942,1803,2783,1979,539,75,76,91,125,197,290,396,546,740,1063,1309,1474,1121,858,429,110,504,82,5
Kosovo,2007,8890,397,460,63,21,22,50,139,201,449,881,1652,2591,1884,536,68,71,86,115,180,269,369,512,684,968,1212,1379,1077,807,420,116,481,72,7
Kosovo,2008,8376,383,437,54,18,19,43,128,187,419,827,1525,2407,1816,540,61,67,80,107,167,252,346,481,635,890,1125,1282,1049,767,418,122,455,62,11
Kosovo,2009,8297,374,425,51,18,18,40,124,182,407,821,1494,2340,1843,567,58,66,79,103,161,246,342,479,623,871,1098,1242,1071,772,435,132,443,58,15
Kosovo,2010,8434,376,427,51,16,18,38,119,185,407,828,1503,2333,1929,617,55,64,80,105,161,246,345,483,628,875,1094,1239,1115,814,467,150,443,56,20
Kosovo,2011,8389,319,370,51,13,17,35,114,182,402,823,1493,2288,1975,653,52,62,77,105,160,242,341,482,624,869,1070,1218,1124,851,488,165,383,52,25
Kosovo,2012,8296,298,347,49,11,15,33,108,174,389,807,1457,2292,1968,665,49,59,74,100,155,234,335,472,617,840,1055,1237,1102,866,490,175,358,48,29
Kosovo,2013,8389,264,311,47,11,14,30,103,171,382,811,1462,2354,2020,688,46,57,72,99,151,231,336,475,627,835,1071,1283,1119,901,503,185,322,44,32
Kosovo,2014,8383,210,252,42,10,14,29,97,161,372,805,1454,2390,2067,698,43,54,68,93,147,225,333,472,634,820,1082,1308,1140,927,511,187,262,43,32
Kosovo,2015,8548,166,204,38,9,13,27,91,153,369,811,1480,2470,2165,726,40,51,65,88,146,223,334,477,647,833,1114,1356,1204,961,540,186,213,40,31
Kosovo,2016,8783,158,189,31,9,11,26,87,149,369,816,1508,2524,2270,788,38,49,62,87,145,224,333,483,658,850,1130,1394,1283,987,583,205,198,37,33
Kosovo,2017,9200,152,180,28,9,9,26,86,148,372,844,1580,2635,2420,855,37,49,62,86,145,227,341,503,687,893,1169,1466,1389,1031,639,216,189,35,36
Kosovo,2018,9507,148,173,25,10,9,26,81,145,371,860,1632,2714,2538,908,35,46,61,84,143,228,344,516,706,926,1188,1526,1472,1066,683,225,183,35,39
Kosovo,2019,9471,130,153,23,8,8,24,76,135,356,841,1630,2701,2567,926,33,43,56,79,135,221,334,507,699,931,1162,1539,1491,1076,697,229,161,32,41
Kosovo,2020,12595,118,138,20,7,7,24,74,142,390,999,2135,3676,3692,1259,32,42,59,83,148,242,381,618,912,1223,1555,2121,2025,1667,958,301,145,31,51
Kosovo,2021,12054,115,133,18,6,7,20,83,156,408,1039,2295,3609,3199,1053,36,47,67,89,152,256,391,648,976,1319,1597,2012,1812,1387,774,279,139,27,48
Kuwait,1950,2500,945,1400,455,90,41,56,176,140,107,116,165,164,43,4,90,86,74,66,49,58,65,51,69,96,95,69,31,12,4,0,1490,97,0
Kuwait,1951,2547,963,1422,459,93,41,54,174,144,110,124,160,174,49,2,87,87,76,68,53,57,68,56,65,95,99,75,35,14,2,0,1515,95,0
Kuwait,1952,2545,963,1413,450,92,42,50,163,146,112,129,158,182,54,2,79,84,77,69,56,56,68,61,65,93,104,78,40,14,2,0,1505,92,0
Kuwait,1953,2541,960,1400,440,89,42,47,155,148,113,138,154,195,59,3,73,82,78,70,60,53,70,68,64,90,111,84,45,14,3,0,1489,89,0
Kuwait,1954,2539,953,1382,429,88,42,46,147,150,119,144,150,202,65,3,67,80,79,71,65,54,70,74,64,86,114,88,49,16,3,0,1470,88,0
Kuwait,1955,2516,942,1358,416,87,41,44,136,147,121,147,150,208,69,4,62,74,75,72,67,54,69,78,66,84,115,93,52,17,4,0,1445,85,0
Kuwait,1956,2705,1035,1445,410,86,41,48,149,167,140,160,162,225,78,4,68,81,85,82,77,63,74,86,76,86,120,105,59,19,4,0,1531,89,0
Kuwait,1957,2933,1153,1567,414,86,41,52,161,187,157,168,180,239,88,4,74,87,95,92,85,72,75,93,90,90,123,116,66,22,4,0,1653,93,0
Kuwait,1958,3089,1226,1654,428,86,41,53,166,196,173,177,194,248,97,5,77,89,98,98,91,82,80,97,103,91,123,125,73,24,5,0,1740,94,0
Kuwait,1959,3271,1290,1756,466,89,42,60,175,202,184,179,214,258,107,5,83,92,102,100,96,88,79,100,115,99,124,134,81,26,5,0,1845,102,0
Kuwait,1960,3408,1343,1825,482,92,42,63,181,208,192,182,229,266,118,5,86,95,103,105,98,94,82,100,122,107,126,140,90,28,5,0,1917,105,0
Kuwait,1961,3545,1398,1889,491,97,42,65,188,213,202,190,248,276,130,6,92,96,106,107,103,99,88,102,129,119,130,146,97,33,6,0,1986,107,0
Kuwait,1962,3685,1453,1947,494,104,42,66,199,217,210,196,269,284,143,8,99,100,107,110,107,103,94,102,135,134,135,149,106,37,8,0,2051,108,0
Kuwait,1963,3817,1524,2018,494,110,44,71,203,217,214,203,282,286,156,8,103,100,107,110,109,105,102,101,136,146,136,150,115,41,8,0,2128,115,0
Kuwait,1964,3949,1587,2083,496,112,47,75,211,221,225,214,294,292,169,9,108,103,107,114,114,111,111,103,138,156,140,152,124,45,9,0,2195,122,0
Kuwait,1965,4055,1647,2141,494,115,47,78,212,219,230,225,299,299,179,11,109,103,106,113,115,115,117,108,137,162,146,153,130,49,10,1,2256,125,0
Kuwait,1966,4182,1699,2192,493,117,48,82,220,222,238,239,308,310,190,12,114,106,108,114,118,120,125,114,139,169,156,154,135,55,11,1,2309,130,0
Kuwait,1967,4323,1766,2265,499,119,51,82,217,219,245,252,316,341,204,13,113,104,106,113,120,125,129,123,139,177,176,165,143,61,12,1,2384,133,0
Kuwait,1968,4488,1832,2335,503,122,54,82,221,221,253,272,324,374,218,16,114,107,107,114,123,130,137,135,141,183,196,178,150,68,15,1,2457,136,0
Kuwait,1969,4587,1884,2391,507,120,56,80,211,212,254,283,323,404,231,17,109,102,102,110,121,133,140,143,140,183,214,190,159,72,16,1,2511,136,0
Kuwait,1970,4646,1895,2403,508,119,57,79,205,204,255,294,331,433,246,19,106,99,97,107,121,134,143,151,145,186,227,206,169,77,17,2,2522,136,0
Kuwait,1971,4721,1877,2378,501,119,61,80,207,209,265,316,347,460,260,22,106,101,100,109,124,141,153,163,156,191,238,222,179,81,20,2,2497,141,0
Kuwait,1972,4791,1845,2332,487,124,64,84,214,219,278,337,362,479,275,25,109,105,105,114,130,148,164,173,170,192,245,234,188,87,23,2,2456,148,0
Kuwait,1973,4914,1813,2281,468,128,69,92,228,238,304,368,386,503,284,26,115,113,114,124,141,163,179,189,190,196,252,251,192,92,24,2,2409,161,0
Kuwait,1974,4987,1781,2230,449,128,71,99,236,250,323,394,410,520,296,29,119,117,120,130,150,173,192,202,208,202,256,264,197,99,26,3,2358,170,0
Kuwait,1975,5195,1758,2187,429,134,77,114,262,282,360,438,451,543,313,34,132,130,136,146,166,194,214,224,234,217,264,279,205,108,30,4,2321,191,0
Kuwait,1976,5315,1738,2150,412,136,78,122,276,298,379,470,484,555,328,35,139,137,144,154,175,204,229,241,251,233,266,289,213,115,31,4,2286,200,0
Kuwait,1977,5358,1707,2105,398,133,77,124,297,321,399,487,494,536,343,37,150,147,155,166,185,214,238,249,256,238,255,281,225,118,33,4,2238,201,0
Kuwait,1978,5375,1665,2046,381,134,77,128,316,345,417,499,503,512,355,41,159,157,166,179,195,222,245,254,258,245,241,271,233,122,36,5,2180,205,0
Kuwait,1979,5291,1612,1974,362,132,75,124,319,350,424,498,502,489,363,45,161,158,169,181,199,225,245,253,255,247,229,260,237,126,39,6,2106,199,0
Kuwait,1980,5187,1546,1886,340,125,73,119,315,354,426,501,504,469,366,50,158,157,169,185,201,225,247,254,255,249,222,247,236,130,43,7,2011,192,0
Kuwait,1981,5028,1454,1768,314,117,69,112,303,348,428,504,507,452,366,53,151,152,165,183,201,227,248,256,255,252,219,233,230,136,46,7,1885,181,0
Kuwait,1982,4974,1385,1676,291,114,68,113,317,365,437,506,506,447,368,55,155,162,174,191,207,230,250,256,256,250,225,222,225,143,48,7,1790,181,1
Kuwait,1983,4868,1309,1577,268,107,62,109,324,376,443,504,500,438,368,57,155,169,179,197,211,232,249,255,254,246,229,209,217,151,49,8,1684,171,1
Kuwait,1984,4719,1225,1475,250,103,59,104,322,377,440,495,488,433,365,61,151,171,181,196,210,230,245,250,249,239,233,200,210,155,51,10,1578,163,1
Kuwait,1985,4609,1114,1344,230,99,55,100,314,381,451,508,498,438,358,66,145,169,182,199,216,235,252,256,255,243,240,198,202,156,55,11,1443,155,1
Kuwait,1986,4494,1027,1243,216,95,54,95,302,383,453,509,495,445,349,70,137,165,182,201,217,236,253,256,252,243,243,202,194,155,59,11,1338,149,1
Kuwait,1987,4449,931,1130,199,90,57,88,261,365,465,547,545,479,342,74,118,143,170,195,220,245,269,278,277,268,259,220,188,154,63,11,1220,145,1
Kuwait,1988,4507,848,1028,180,85,58,85,236,364,499,604,609,524,336,80,107,129,165,199,233,266,295,309,311,298,280,244,184,152,68,12,1113,143,1
Kuwait,1989,4635,766,927,161,80,63,88,219,366,541,672,683,574,336,83,100,119,162,204,249,292,326,346,350,333,304,270,188,148,70,13,1007,151,1
Kuwait,1990,6129,729,940,211,112,88,163,520,739,814,851,814,651,351,88,237,283,353,386,400,414,421,430,421,393,347,304,203,148,73,15,1052,251,1
Kuwait,1991,2861,301,360,59,31,35,81,208,312,392,436,433,351,179,44,102,106,141,171,187,205,212,224,222,211,188,163,111,68,36,8,391,116,1
Kuwait,1992,3464,402,480,78,42,44,73,120,224,426,586,624,517,263,64,61,59,88,136,186,240,279,307,317,307,279,238,169,94,51,13,522,117,1
Kuwait,1993,3740,405,483,78,41,44,80,123,225,456,647,699,579,295,67,65,58,86,139,196,260,308,339,353,346,316,263,194,101,52,15,524,124,1
Kuwait,1994,3586,438,519,81,40,36,71,162,250,420,572,591,538,318,66,76,86,106,144,187,233,271,301,299,292,284,254,210,108,51,15,559,107,1
Kuwait,1995,3425,471,558,87,43,31,58,194,305,407,494,459,467,336,67,77,117,137,168,192,215,232,262,243,216,233,234,216,120,52,15,601,89,1
Kuwait,1996,3406,479,565,86,43,31,58,197,324,413,470,437,445,353,66,77,120,149,175,198,215,222,248,237,200,215,230,220,133,51,15,608,89,2
Kuwait,1997,3457,468,553,85,39,33,64,191,313,419,478,468,461,371,67,81,110,143,170,200,219,230,248,252,216,220,241,221,150,52,15,592,97,2
Kuwait,1998,3501,455,539,84,37,33,65,186,303,422,482,495,479,388,69,85,101,139,164,199,223,235,247,262,233,228,251,223,165,54,15,576,98,2
Kuwait,1999,3557,445,527,82,33,31,65,189,295,427,492,518,499,402,75,91,98,134,161,199,228,242,250,268,250,238,261,228,174,60,15,560,96,2
Kuwait,2000,3596,441,522,81,32,30,65,189,283,424,498,530,521,416,81,93,96,127,156,194,230,246,252,267,263,252,269,239,177,66,15,554,95,2
Kuwait,2001,3696,444,524,80,32,28,65,195,281,430,516,544,551,435,89,97,98,125,156,195,235,255,261,269,275,271,280,254,181,74,15,556,93,2
Kuwait,2002,3833,449,529,80,32,27,64,204,288,447,543,559,585,457,99,98,106,127,161,200,247,268,275,275,284,290,295,271,186,83,16,561,91,2
Kuwait,2003,4015,457,535,78,32,27,61,214,304,473,580,579,624,477,107,98,116,133,171,210,263,287,293,289,290,312,312,287,190,91,16,567,88,2
Kuwait,2004,4305,461,535,74,32,28,64,235,344,525,641,608,668,507,115,102,133,151,193,232,293,320,321,313,295,331,337,307,200,97,18,567,92,2
Kuwait,2005,4431,462,534,72,32,28,59,233,357,543,675,620,691,536,120,96,137,157,200,241,302,338,337,328,292,334,357,323,213,100,20,566,87,2
Kuwait,2006,4716,485,559,74,32,28,65,245,385,587,732,671,716,568,125,101,144,171,214,262,325,367,365,353,318,340,376,341,227,101,24,591,93,2
Kuwait,2007,4954,508,587,79,32,28,66,255,396,613,779,725,744,596,132,109,146,176,220,275,338,391,388,374,351,354,390,353,243,105,27,619,94,3
Kuwait,2008,5203,523,609,86,32,30,67,262,411,645,830,777,780,622,136,113,149,185,226,290,355,415,415,396,381,377,403,365,257,107,29,641,97,3
Kuwait,2009,5345,534,621,87,32,29,62,259,407,655,862,812,818,643,144,110,149,184,223,295,360,426,436,411,401,403,415,371,272,114,30,653,91,3
Kuwait,2010,5316,537,625,88,30,26,55,234,376,630,859,813,845,668,150,96,138,170,206,280,350,419,440,413,400,424,421,382,286,120,30,655,81,3
Kuwait,2011,5340,543,632,89,28,25,51,208,362,617,864,818,876,694,161,82,126,165,197,270,347,417,447,418,400,442,434,397,297,129,32,660,76,4
Kuwait,2012,5677,539,633,94,27,23,50,184,374,658,956,923,945,726,171,69,115,163,211,287,371,454,502,478,445,469,476,419,307,139,32,660,73,4
Kuwait,2013,6024,533,628,95,27,23,48,162,377,701,1047,1043,1017,769,181,60,102,158,219,308,393,490,557,546,497,503,514,453,316,147,34,655,71,5
Kuwait,2014,6449,528,623,95,27,23,48,143,375,754,1145,1186,1100,823,193,53,90,151,224,331,423,529,616,622,564,548,552,498,325,157,36,650,71,5
Kuwait,2015,6657,478,574,96,28,23,48,128,354,767,1194,1294,1154,886,208,51,77,140,214,336,431,545,649,678,616,579,575,540,346,168,40,602,71,5
Kuwait,2016,7414,450,543,93,28,23,48,117,353,847,1375,1543,1325,995,221,51,66,134,219,372,475,620,755,803,740,619,706,621,374,178,43,571,71,5
Kuwait,2017,7760,432,521,89,27,23,45,104,324,840,1419,1676,1429,1109,235,50,54,117,207,352,488,639,780,867,809,666,763,702,407,188,47,548,68,5
Kuwait,2018,8708,427,515,88,30,24,48,101,329,926,1609,1975,1635,1259,246,52,49,112,217,370,556,722,887,1005,970,764,871,808,451,196,50,545,72,6
Kuwait,2019,9734,416,503,87,32,27,50,102,322,1001,1808,2306,1880,1438,260,55,47,103,219,383,618,811,997,1155,1151,882,998,936,502,205,55,535,77,6
Kuwait,2020,14604,401,484,83,32,28,59,118,419,1531,2820,3697,2943,2139,332,64,54,120,299,560,971,1259,1561,1850,1847,1452,1491,1378,761,266,66,516,87,7
Kuwait,2021,12398,344,420,76,30,27,38,58,231,1132,2343,3268,2600,1940,307,34,24,54,177,390,742,1053,1290,1595,1673,1363,1237,1251,689,246,61,450,65,7
Kyrgyzstan,1950,32552,8027,10036,2009,222,312,373,1072,1112,2075,3012,5277,5675,2733,621,600,472,413,699,874,1201,1350,1662,2545,2732,2940,2735,1659,1074,480,141,10258,685,29
Kyrgyzstan,1951,33360,8570,10752,2182,237,308,375,1144,1092,2075,3005,5264,5759,2745,575,615,529,417,675,876,1199,1382,1623,2482,2782,2971,2788,1744,1001,454,121,10989,683,25
Kyrgyzstan,1952,33616,8765,11112,2347,240,287,387,1195,1062,2051,3012,5180,5764,2762,538,601,594,433,629,885,1166,1416,1596,2357,2823,2972,2792,1841,921,424,114,11352,674,22
Kyrgyzstan,1953,34071,8936,11387,2451,307,252,412,1244,1046,2041,3064,5112,5831,2846,510,577,667,466,580,906,1135,1463,1601,2232,2880,3010,2821,1970,876,403,107,11694,664,19
Kyrgyzstan,1954,34239,9078,11603,2525,314,214,424,1275,1048,2013,3104,5001,5856,2906,472,554,721,509,539,909,1104,1491,1613,2116,2885,3033,2823,2045,861,376,96,11917,638,15
Kyrgyzstan,1955,34444,9250,11816,2566,349,187,423,1295,1076,1974,3128,4866,5900,2983,437,542,753,557,519,893,1081,1499,1629,2028,2838,3062,2838,2097,886,349,88,12165,610,12
Kyrgyzstan,1956,34616,9436,12027,2591,384,174,415,1303,1134,1927,3137,4712,5942,3044,405,539,764,616,518,854,1073,1482,1655,1967,2745,3095,2847,2116,928,321,84,12411,589,11
Kyrgyzstan,1957,34839,9729,12349,2620,402,174,386,1297,1222,1871,3132,4532,5982,3102,374,556,741,689,533,791,1080,1440,1692,1931,2601,3133,2849,2119,983,295,79,12751,560,11
Kyrgyzstan,1958,35545,10107,12768,2661,425,199,342,1306,1351,1846,3171,4432,6124,3207,363,592,714,775,576,734,1112,1407,1764,1952,2480,3219,2905,2152,1055,285,78,13193,541,11
Kyrgyzstan,1959,35740,10379,13098,2719,426,230,287,1285,1455,1788,3146,4292,6121,3244,355,604,681,831,624,679,1109,1358,1788,1956,2336,3202,2919,2151,1093,282,73,13524,517,11
Kyrgyzstan,1960,35981,10580,13364,2784,432,259,253,1279,1555,1744,3127,4226,6092,3271,362,607,672,872,683,656,1088,1330,1797,1981,2245,3147,2945,2158,1113,293,69,13796,512,10
Kyrgyzstan,1961,36317,10684,13522,2838,442,281,236,1286,1660,1717,3132,4235,6077,3333,387,603,683,895,765,665,1052,1335,1797,2034,2201,3071,3006,2195,1138,317,70,13964,517,11
Kyrgyzstan,1962,36419,10704,13576,2872,442,297,238,1287,1744,1681,3108,4276,5986,3359,411,570,717,881,863,694,987,1355,1753,2098,2178,2925,3061,2212,1147,343,68,14018,535,13
Kyrgyzstan,1963,36443,10649,13529,2880,450,312,268,1269,1821,1663,3078,4347,5865,3389,438,508,761,855,966,748,915,1382,1696,2164,2183,2761,3104,2233,1156,367,71,13979,580,15
Kyrgyzstan,1964,36571,10474,13340,2866,467,327,319,1243,1898,1696,3072,4466,5791,3473,466,445,798,839,1059,828,868,1404,1668,2234,2232,2650,3141,2290,1183,388,78,13807,646,15
Kyrgyzstan,1965,36589,10266,13091,2825,479,337,358,1217,1966,1774,3054,4564,5696,3552,484,405,812,841,1125,918,856,1398,1656,2274,2290,2578,3118,2343,1209,400,84,13570,695,16
Kyrgyzstan,1966,36224,10033,12797,2764,490,338,384,1180,2000,1873,2983,4580,5511,3579,493,378,802,852,1148,1013,860,1341,1642,2246,2334,2508,3003,2364,1215,403,90,13287,722,16
Kyrgyzstan,1967,36243,9838,12529,2691,500,344,408,1150,2034,2046,2953,4655,5406,3691,511,384,766,893,1141,1143,903,1271,1682,2216,2439,2513,2893,2441,1250,415,96,13029,752,17
Kyrgyzstan,1968,36120,9697,12314,2617,501,350,426,1114,2049,2236,2897,4676,5273,3746,519,427,687,944,1105,1270,966,1180,1717,2147,2529,2532,2741,2479,1267,419,100,12815,776,17
Kyrgyzstan,1969,36164,9692,12240,2548,490,359,442,1093,2058,2431,2843,4692,5196,3776,526,491,602,978,1080,1376,1055,1114,1729,2093,2599,2578,2618,2485,1291,425,101,12730,801,18
Kyrgyzstan,1970,36249,9773,12271,2498,484,368,452,1088,2055,2596,2785,4681,5164,3754,531,541,547,985,1070,1444,1152,1083,1702,2057,2624,2629,2535,2443,1311,431,100,12755,820,18
Kyrgyzstan,1971,36421,9857,12329,2472,467,376,455,1090,2046,2739,2737,4681,5225,3725,534,574,516,968,1078,1472,1267,1093,1644,2057,2624,2719,2506,2382,1343,439,95,12796,831,16
Kyrgyzstan,1972,36538,9944,12402,2458,453,383,458,1108,2029,2857,2678,4649,5328,3646,534,596,512,915,1114,1448,1409,1133,1545,2086,2563,2828,2500,2274,1372,443,91,12855,841,14
Kyrgyzstan,1973,36380,9879,12332,2453,435,385,460,1158,1961,2930,2619,4578,5441,3537,531,609,549,806,1155,1385,1545,1197,1422,2113,2465,2927,2514,2150,1387,445,86,12767,845,12
Kyrgyzstan,1974,36225,9735,12171,2436,425,383,468,1227,1872,2994,2619,4508,5568,3446,530,621,606,693,1179,1338,1656,1289,1330,2117,2391,3004,2564,2059,1387,450,80,12596,851,9
Kyrgyzstan,1975,36572,9656,12058,2402,424,383,484,1293,1804,3072,2728,4514,5802,3452,549,634,659,622,1182,1327,1745,1418,1310,2118,2396,3112,2690,2054,1398,470,79,12482,867,6
Kyrgyzstan,1976,36847,9594,11935,2341,420,379,500,1335,1750,3129,2900,4492,5992,3445,567,639,696,581,1169,1342,1787,1571,1329,2067,2425,3159,2833,2068,1377,486,81,12355,879,5
Kyrgyzstan,1977,36747,9568,11861,2293,421,367,507,1351,1659,3120,3101,4380,6027,3374,571,639,712,567,1092,1374,1746,1734,1367,1929,2451,3074,2953,2067,1307,492,79,12282,874,4
Kyrgyzstan,1978,36760,9480,11720,2240,427,360,514,1378,1574,3117,3371,4289,6072,3350,577,647,731,608,966,1435,1682,1913,1458,1785,2504,2977,3095,2104,1246,499,78,12147,874,4
Kyrgyzstan,1979,36575,9317,11501,2184,425,349,510,1398,1500,3078,3615,4180,6076,3358,578,655,743,673,827,1459,1619,2045,1570,1669,2511,2888,3188,2158,1200,499,79,11926,859,4
Kyrgyzstan,1980,36631,9073,11191,2118,414,348,510,1440,1478,3085,3883,4133,6126,3447,574,679,761,736,742,1472,1613,2159,1724,1637,2496,2864,3262,2253,1194,494,80,11605,858,4
Kyrgyzstan,1981,36971,9004,11038,2034,414,351,506,1474,1470,3088,4130,4103,6217,3606,569,703,771,780,690,1454,1634,2216,1914,1665,2438,2906,3311,2390,1216,484,85,11452,857,4
Kyrgyzstan,1982,37296,8995,10948,1953,408,353,498,1498,1487,3061,4323,4061,6291,3804,557,720,778,808,679,1369,1692,2186,2137,1744,2317,2998,3293,2557,1247,470,87,11356,851,4
Kyrgyzstan,1983,37176,8957,10837,1880,404,355,482,1516,1560,2971,4445,3967,6186,3918,531,728,788,830,730,1208,1763,2100,2345,1845,2122,3036,3150,2657,1261,444,87,11241,837,4
Kyrgyzstan,1984,37786,8982,10801,1819,395,362,480,1560,1694,2892,4632,4062,6245,4133,526,740,820,865,829,1057,1835,2069,2563,2036,2026,3115,3130,2802,1331,438,88,11196,842,4
Kyrgyzstan,1985,37603,8909,10665,1756,379,354,460,1558,1747,2685,4627,4170,6198,4230,527,721,837,869,878,908,1777,1986,2641,2206,1964,3070,3128,2854,1376,436,91,11044,814,4
Kyrgyzstan,1986,38032,8738,10433,1695,359,352,455,1575,1816,2543,4672,4499,6310,4463,551,704,871,883,933,812,1731,1969,2703,2460,2039,3025,3285,2976,1487,458,93,10792,807,5
Kyrgyzstan,1987,38207,8461,10089,1628,358,348,453,1574,1886,2391,4654,4923,6355,4599,569,677,897,906,980,772,1619,1983,2671,2745,2178,2881,3474,3001,1598,476,93,10447,801,6
Kyrgyzstan,1988,38351,8076,9651,1575,342,343,456,1568,1971,2262,4613,5420,6416,4714,590,653,915,941,1030,815,1447,2023,2590,3041,2379,2739,3677,3001,1713,499,91,9993,799,7
Kyrgyzstan,1989,38205,7726,9248,1522,345,335,454,1528,2028,2134,4476,5830,6382,4824,614,626,902,971,1057,908,1226,2040,2436,3245,2585,2633,3749,3037,1787,523,91,9593,789,8
Kyrgyzstan,1990,39099,7526,9035,1509,353,337,474,1545,2143,2123,4540,6315,6410,5146,664,640,905,1033,1110,1071,1052,2148,2392,3469,2846,2665,3745,3243,1903,568,96,9388,811,8
Kyrgyzstan,1991,39251,7395,8876,1481,349,334,476,1517,2202,2110,4518,6621,6207,5320,706,640,877,1069,1133,1190,920,2151,2367,3539,3082,2696,3511,3365,1955,608,98,9225,810,8
Kyrgyzstan,1992,39944,7301,8785,1484,356,342,492,1543,2307,2189,4525,6981,6158,5496,766,671,872,1122,1185,1292,897,2082,2443,3554,3427,2844,3314,3507,1989,662,104,9141,834,8
Kyrgyzstan,1993,40207,7010,8468,1458,357,343,494,1560,2374,2310,4413,7202,6169,5676,831,696,864,1148,1226,1347,963,1880,2533,3434,3768,3029,3140,3646,2030,720,111,8825,837,8
Kyrgyzstan,1994,39573,6705,8130,1425,364,356,503,1584,2395,2428,4128,7098,6069,5651,861,723,861,1144,1251,1347,1081,1548,2580,3155,3943,3141,2928,3585,2066,747,114,8494,859,8
Kyrgyzstan,1995,39435,6555,7875,1320,337,345,489,1588,2428,2655,3936,7118,6227,5543,886,731,857,1122,1306,1388,1267,1270,2666,2996,4122,3375,2852,3397,2146,766,120,8212,834,8
Kyrgyzstan,1996,38699,6107,7335,1228,327,343,481,1590,2434,2824,3701,7052,6456,5265,885,733,857,1084,1350,1414,1410,1072,2629,2915,4137,3622,2834,3091,2174,761,124,7662,824,8
Kyrgyzstan,1997,38240,5575,6709,1134,312,342,475,1601,2433,2965,3505,7016,6922,5065,893,731,870,1047,1386,1455,1510,1021,2484,2953,4063,3979,2943,2848,2217,759,134,7021,817,8
Kyrgyzstan,1998,37420,5200,6224,1024,295,331,461,1585,2383,3045,3281,6826,7329,4770,878,713,872,1001,1382,1485,1560,1102,2179,3013,3813,4276,3053,2585,2185,738,140,6519,792,8
Kyrgyzstan,1999,36874,4882,5812,930,272,323,454,1575,2339,3128,3106,6658,7758,4544,894,698,877,974,1365,1530,1598,1296,1810,3121,3537,4529,3229,2429,2115,750,144,6084,777,8
Kyrgyzstan,2000,38037,4550,5416,866,277,331,478,1657,2401,3364,3114,6828,8570,4606,988,728,929,1009,1392,1657,1707,1579,1535,3341,3487,4927,3643,2504,2102,832,156,5693,809,9
Kyrgyzstan,2001,37714,4319,5088,769,250,319,470,1616,2338,3462,3063,6736,8906,4448,1007,701,915,998,1340,1715,1747,1766,1297,3318,3418,4971,3935,2524,1924,851,156,5338,789,10
Kyrgyzstan,2002,38109,4187,4893,706,233,318,478,1631,2343,3637,3181,6708,9266,4396,1011,703,928,1026,1317,1803,1834,1925,1256,3186,3522,4930,4336,2633,1763,859,152,5126,796,11
Kyrgyzstan,2003,37935,4084,4745,661,231,311,477,1611,2301,3710,3366,6440,9341,4393,997,699,912,1031,1270,1818,1892,2003,1363,2809,3631,4658,4683,2768,1625,847,150,4976,788,11
Kyrgyzstan,2004,38606,4053,4679,626,211,304,479,1619,2311,3826,3740,6249,9533,4639,1003,706,913,1056,1255,1832,1994,2097,1643,2375,3874,4442,5091,3040,1599,845,158,4890,783,12
Kyrgyzstan,2005,39209,3997,4595,598,198,291,474,1632,2344,3949,4176,6025,9633,4913,968,718,914,1082,1262,1828,2121,2201,1975,1955,4070,4274,5359,3313,1600,800,168,4793,765,12
Kyrgyzstan,2006,38893,4008,4588,580,178,275,461,1604,2321,3939,4434,5621,9459,5119,884,714,890,1072,1249,1751,2188,2237,2197,1631,3990,4139,5320,3524,1595,714,170,4766,736,11
Kyrgyzstan,2007,39167,4017,4579,562,169,259,449,1590,2311,3931,4662,5335,9474,5564,835,714,876,1059,1252,1684,2247,2303,2359,1558,3777,4234,5240,3882,1682,662,173,4748,708,11
Kyrgyzstan,2008,39106,3997,4545,548,168,250,445,1586,2311,3911,4850,5023,9299,5936,775,714,872,1045,1266,1629,2282,2387,2463,1708,3315,4360,4939,4173,1763,607,168,4713,695,11
Kyrgyzstan,2009,38450,3968,4487,519,144,226,415,1537,2251,3779,4933,4691,9008,6224,744,690,847,1003,1248,1555,2224,2438,2495,2006,2685,4483,4525,4355,1869,584,160,4631,641,12
Kyrgyzstan,2010,38015,3917,4421,504,141,207,396,1514,2202,3647,5039,4460,8789,6450,736,673,841,970,1232,1507,2140,2508,2531,2343,2117,4565,4224,4447,2003,587,149,4562,603,12
Kyrgyzstan,2011,37763,3846,4330,484,132,192,374,1491,2161,3545,5186,4373,8620,6606,740,655,836,941,1220,1491,2054,2599,2587,2627,1746,4484,4136,4447,2159,602,138,4462,566,13
Kyrgyzstan,2012,37223,3729,4202,473,129,177,348,1453,2093,3412,5260,4413,8315,6651,757,630,823,909,1184,1473,1939,2633,2627,2779,1634,4142,4173,4306,2345,631,126,4331,525,13
Kyrgyzstan,2013,37224,3590,4051,461,125,168,329,1431,2061,3347,5395,4740,8016,6722,822,614,817,901,1160,1481,1866,2666,2729,2921,1819,3636,4380,4139,2583,695,127,4176,497,14
Kyrgyzstan,2014,35898,3464,3909,445,122,152,298,1355,1968,3193,5315,5053,7277,6387,855,571,784,870,1098,1439,1754,2563,2752,2918,2135,2849,4428,3741,2646,735,120,4031,450,12
Kyrgyzstan,2015,36301,3308,3736,428,122,148,281,1333,1960,3183,5428,5654,6962,6504,978,554,779,879,1081,1449,1734,2522,2906,3047,2607,2281,4681,3668,2836,841,137,3858,429,14
Kyrgyzstan,2016,35985,3107,3514,407,123,144,261,1304,1965,3194,5501,6108,6445,6392,1024,531,773,896,1069,1454,1740,2450,3051,3148,2960,1873,4572,3600,2792,891,133,3637,405,11
Kyrgyzstan,2017,35759,2944,3331,387,118,142,243,1253,1949,3178,5482,6439,6056,6435,1124,499,754,899,1050,1434,1744,2342,3140,3249,3190,1796,4260,3703,2732,979,145,3449,385,11
Kyrgyzstan,2018,36078,2874,3236,362,124,140,231,1220,1976,3216,5525,6833,5794,6537,1234,474,746,912,1064,1430,1786,2293,3232,3432,3401,2070,3724,3908,2629,1071,163,3360,371,11
Kyrgyzstan,2019,35261,2718,3061,343,117,136,213,1147,1942,3150,5356,6987,5442,6414,1285,439,708,893,1049,1382,1768,2193,3163,3527,3460,2518,2924,3997,2417,1108,177,3178,349,12
Kyrgyzstan,2020,41180,2514,2842,328,110,137,207,1089,2077,3577,6281,9041,6477,7807,1520,408,681,921,1156,1546,2031,2533,3748,4533,4508,3731,2746,4994,2813,1304,216,2952,344,14
Kyrgyzstan,2021,40495,2368,2679,311,114,141,203,1055,2103,3541,6128,9321,6418,7310,1466,387,668,927,1176,1505,2036,2530,3598,4719,4602,4206,2212,4635,2675,1240,226,2793,344,15
Land-locked developing countries (LLDC),1950,2586796,,,,,,,,,,,,,,,,,,,,,,,,,,,,,,,,,
Land-locked developing countries (LLDC),1951,2628015,,,,,,,,,,,,,,,,,,,,,,,,,,,,,,,,,
Land-locked developing countries (LLDC),1952,2653911,,,,,,,,,,,,,,,,,,,,,,,,,,,,,,,,,
Land-locked developing countries (LLDC),1953,2678633,,,,,,,,,,,,,,,,,,,,,,,,,,,,,,,,,
Land-locked developing countries (LLDC),1954,2701941,,,,,,,,,,,,,,,,,,,,,,,,,,,,,,,,,
Land-locked developing countries (LLDC),1955,2723959,,,,,,,,,,,,,,,,,,,,,,,,,,,,,,,,,
Land-locked developing countries (LLDC),1956,2748765,,,,,,,,,,,,,,,,,,,,,,,,,,,,,,,,,
Land-locked developing countries (LLDC),1957,2909051,,,,,,,,,,,,,,,,,,,,,,,,,,,,,,,,,
Land-locked developing countries (LLDC),1958,2931582,,,,,,,,,,,,,,,,,,,,,,,,,,,,,,,,,
Land-locked developing countries (LLDC),1959,2818391,,,,,,,,,,,,,,,,,,,,,,,,,,,,,,,,,
Land-locked developing countries (LLDC),1960,2847965,,,,,,,,,,,,,,,,,,,,,,,,,,,,,,,,,
Land-locked developing countries (LLDC),1961,2869933,,,,,,,,,,,,,,,,,,,,,,,,,,,,,,,,,
Land-locked developing countries (LLDC),1962,2896551,,,,,,,,,,,,,,,,,,,,,,,,,,,,,,,,,
Land-locked developing countries (LLDC),1963,2933860,,,,,,,,,,,,,,,,,,,,,,,,,,,,,,,,,
Land-locked developing countries (LLDC),1964,2935401,,,,,,,,,,,,,,,,,,,,,,,,,,,,,,,,,
Land-locked developing countries (LLDC),1965,2987168,,,,,,,,,,,,,,,,,,,,,,,,,,,,,,,,,
Land-locked developing countries (LLDC),1966,3088949,,,,,,,,,,,,,,,,,,,,,,,,,,,,,,,,,
Land-locked developing countries (LLDC),1967,3065910,,,,,,,,,,,,,,,,,,,,,,,,,,,,,,,,,
Land-locked developing countries (LLDC),1968,3104906,,,,,,,,,,,,,,,,,,,,,,,,,,,,,,,,,
Land-locked developing countries (LLDC),1969,3152680,,,,,,,,,,,,,,,,,,,,,,,,,,,,,,,,,
Land-locked developing countries (LLDC),1970,3195502,,,,,,,,,,,,,,,,,,,,,,,,,,,,,,,,,
Land-locked developing countries (LLDC),1971,3237961,,,,,,,,,,,,,,,,,,,,,,,,,,,,,,,,,
Land-locked developing countries (LLDC),1972,3371465,,,,,,,,,,,,,,,,,,,,,,,,,,,,,,,,,
Land-locked developing countries (LLDC),1973,3343885,,,,,,,,,,,,,,,,,,,,,,,,,,,,,,,,,
Land-locked developing countries (LLDC),1974,3434948,,,,,,,,,,,,,,,,,,,,,,,,,,,,,,,,,
Land-locked developing countries (LLDC),1975,3481151,,,,,,,,,,,,,,,,,,,,,,,,,,,,,,,,,
Land-locked developing countries (LLDC),1976,3453644,,,,,,,,,,,,,,,,,,,,,,,,,,,,,,,,,
Land-locked developing countries (LLDC),1977,3503803,,,,,,,,,,,,,,,,,,,,,,,,,,,,,,,,,
Land-locked developing countries (LLDC),1978,3554729,,,,,,,,,,,,,,,,,,,,,,,,,,,,,,,,,
Land-locked developing countries (LLDC),1979,3584162,,,,,,,,,,,,,,,,,,,,,,,,,,,,,,,,,
Land-locked developing countries (LLDC),1980,3594063,,,,,,,,,,,,,,,,,,,,,,,,,,,,,,,,,
Land-locked developing countries (LLDC),1981,3573771,,,,,,,,,,,,,,,,,,,,,,,,,,,,,,,,,
Land-locked developing countries (LLDC),1982,3597993,,,,,,,,,,,,,,,,,,,,,,,,,,,,,,,,,
Land-locked developing countries (LLDC),1983,3938401,,,,,,,,,,,,,,,,,,,,,,,,,,,,,,,,,
Land-locked developing countries (LLDC),1984,4042913,,,,,,,,,,,,,,,,,,,,,,,,,,,,,,,,,
Land-locked developing countries (LLDC),1985,4064282,,,,,,,,,,,,,,,,,,,,,,,,,,,,,,,,,
Land-locked developing countries (LLDC),1986,4047772,,,,,,,,,,,,,,,,,,,,,,,,,,,,,,,,,
Land-locked developing countries (LLDC),1987,3900540,,,,,,,,,,,,,,,,,,,,,,,,,,,,,,,,,
Land-locked developing countries (LLDC),1988,4116467,,,,,,,,,,,,,,,,,,,,,,,,,,,,,,,,,
Land-locked developing countries (LLDC),1989,3953462,,,,,,,,,,,,,,,,,,,,,,,,,,,,,,,,,
Land-locked developing countries (LLDC),1990,4059536,,,,,,,,,,,,,,,,,,,,,,,,,,,,,,,,,
Land-locked developing countries (LLDC),1991,4089735,,,,,,,,,,,,,,,,,,,,,,,,,,,,,,,,,
Land-locked developing countries (LLDC),1992,4243093,,,,,,,,,,,,,,,,,,,,,,,,,,,,,,,,,
Land-locked developing countries (LLDC),1993,4359415,,,,,,,,,,,,,,,,,,,,,,,,,,,,,,,,,
Land-locked developing countries (LLDC),1994,4897823,,,,,,,,,,,,,,,,,,,,,,,,,,,,,,,,,
Land-locked developing countries (LLDC),1995,4309171,,,,,,,,,,,,,,,,,,,,,,,,,,,,,,,,,
Land-locked developing countries (LLDC),1996,4358162,,,,,,,,,,,,,,,,,,,,,,,,,,,,,,,,,
Land-locked developing countries (LLDC),1997,4401014,,,,,,,,,,,,,,,,,,,,,,,,,,,,,,,,,
Land-locked developing countries (LLDC),1998,4576973,,,,,,,,,,,,,,,,,,,,,,,,,,,,,,,,,
Land-locked developing countries (LLDC),1999,4411739,,,,,,,,,,,,,,,,,,,,,,,,,,,,,,,,,
Land-locked developing countries (LLDC),2000,4386653,,,,,,,,,,,,,,,,,,,,,,,,,,,,,,,,,
Land-locked developing countries (LLDC),2001,4388147,,,,,,,,,,,,,,,,,,,,,,,,,,,,,,,,,
Land-locked developing countries (LLDC),2002,4356218,,,,,,,,,,,,,,,,,,,,,,,,,,,,,,,,,
Land-locked developing countries (LLDC),2003,4315335,,,,,,,,,,,,,,,,,,,,,,,,,,,,,,,,,
Land-locked developing countries (LLDC),2004,4268335,,,,,,,,,,,,,,,,,,,,,,,,,,,,,,,,,
Land-locked developing countries (LLDC),2005,4229492,,,,,,,,,,,,,,,,,,,,,,,,,,,,,,,,,
Land-locked developing countries (LLDC),2006,4172176,,,,,,,,,,,,,,,,,,,,,,,,,,,,,,,,,
Land-locked developing countries (LLDC),2007,4122660,,,,,,,,,,,,,,,,,,,,,,,,,,,,,,,,,
Land-locked developing countries (LLDC),2008,4048678,,,,,,,,,,,,,,,,,,,,,,,,,,,,,,,,,
Land-locked developing countries (LLDC),2009,3993339,,,,,,,,,,,,,,,,,,,,,,,,,,,,,,,,,
Land-locked developing countries (LLDC),2010,3937318,,,,,,,,,,,,,,,,,,,,,,,,,,,,,,,,,
Land-locked developing countries (LLDC),2011,3877364,,,,,,,,,,,,,,,,,,,,,,,,,,,,,,,,,
Land-locked developing countries (LLDC),2012,3836705,,,,,,,,,,,,,,,,,,,,,,,,,,,,,,,,,
Land-locked developing countries (LLDC),2013,3796601,,,,,,,,,,,,,,,,,,,,,,,,,,,,,,,,,
Land-locked developing countries (LLDC),2014,3789540,,,,,,,,,,,,,,,,,,,,,,,,,,,,,,,,,
Land-locked developing countries (LLDC),2015,3780553,,,,,,,,,,,,,,,,,,,,,,,,,,,,,,,,,
Land-locked developing countries (LLDC),2016,3739164,,,,,,,,,,,,,,,,,,,,,,,,,,,,,,,,,
Land-locked developing countries (LLDC),2017,3744656,,,,,,,,,,,,,,,,,,,,,,,,,,,,,,,,,
Land-locked developing countries (LLDC),2018,3756670,,,,,,,,,,,,,,,,,,,,,,,,,,,,,,,,,
Land-locked developing countries (LLDC),2019,3774546,,,,,,,,,,,,,,,,,,,,,,,,,,,,,,,,,
Land-locked developing countries (LLDC),2020,4093532,,,,,,,,,,,,,,,,,,,,,,,,,,,,,,,,,
Land-locked developing countries (LLDC),2021,4284715,,,,,,,,,,,,,,,,,,,,,,,,,,,,,,,,,
Laos,1950,40831,16229,23725,7496,1306,849,1025,2505,2483,2363,2367,2213,1533,427,34,1260,1245,1248,1235,1194,1169,1189,1178,1176,1037,969,564,301,126,30,4,25031,1874,1
Laos,1951,42333,17026,24693,7667,1349,868,1044,2545,2540,2428,2453,2311,1625,434,35,1278,1267,1275,1265,1226,1202,1231,1222,1230,1081,1004,621,307,127,30,5,26042,1912,1
Laos,1952,42991,17075,25033,7958,1375,874,1051,2552,2560,2458,2513,2397,1705,437,34,1276,1276,1282,1278,1244,1214,1263,1250,1275,1122,1016,689,309,128,31,3,26408,1925,0
Laos,1953,43532,17151,25277,8126,1394,879,1058,2549,2570,2485,2568,2488,1777,445,36,1272,1277,1284,1286,1264,1221,1296,1272,1319,1169,1021,756,316,129,32,4,26671,1937,0
Laos,1954,44037,17189,25418,8229,1406,893,1072,2559,2591,2522,2637,2587,1847,465,34,1274,1285,1293,1298,1286,1236,1331,1306,1366,1221,1037,810,336,129,31,3,26824,1965,0
Laos,1955,44554,17252,25554,8302,1428,908,1082,2568,2612,2560,2701,2683,1918,503,36,1279,1289,1303,1309,1307,1253,1362,1339,1410,1273,1068,850,370,133,33,3,26982,1990,0
Laos,1956,45014,17337,25666,8329,1469,922,1089,2573,2624,2587,2756,2769,1977,545,37,1284,1289,1307,1317,1319,1268,1383,1373,1447,1322,1104,873,410,135,33,4,27135,2011,0
Laos,1957,45605,17396,25772,8376,1512,949,1106,2598,2653,2640,2826,2869,2046,596,38,1302,1296,1322,1331,1341,1299,1406,1420,1489,1380,1156,890,460,136,34,4,27284,2055,0
Laos,1958,46094,17460,25886,8426,1539,964,1115,2609,2667,2675,2882,2956,2110,651,38,1314,1295,1328,1339,1352,1323,1420,1462,1524,1432,1211,899,510,141,34,4,27425,2079,0
Laos,1959,47678,17542,26001,8459,1581,985,1218,3012,2937,2871,3031,3093,2207,708,38,1532,1480,1479,1458,1454,1417,1488,1543,1589,1504,1280,927,553,155,34,4,27582,2203,0
Laos,1960,48138,17622,26113,8491,1601,997,1235,3019,2941,2895,3079,3178,2287,750,38,1539,1480,1477,1464,1460,1435,1505,1574,1628,1550,1333,954,579,171,34,4,27714,2232,0
Laos,1961,48754,17748,26304,8556,1619,1018,1261,3046,2955,2931,3136,3272,2380,788,39,1556,1490,1481,1474,1475,1456,1531,1605,1674,1598,1390,990,597,191,35,4,27923,2279,0
Laos,1962,48334,17867,26475,8608,1636,1034,1202,2698,2724,2814,3103,3321,2467,821,39,1372,1326,1346,1378,1404,1410,1514,1589,1699,1622,1436,1031,605,216,35,4,28111,2236,0
Laos,1963,50486,17986,26603,8617,1648,1062,1366,3333,3125,3078,3286,3481,2600,859,42,1706,1627,1567,1558,1548,1530,1617,1669,1791,1690,1510,1090,618,241,38,4,28251,2428,0
Laos,1964,51074,18114,26810,8696,1663,1089,1378,3357,3122,3096,3334,3574,2712,894,47,1721,1636,1563,1559,1554,1542,1646,1688,1841,1733,1567,1145,634,260,43,4,28473,2467,0
Laos,1965,51523,18263,27014,8751,1665,1102,1384,3364,3101,3096,3366,3644,2805,928,53,1731,1633,1551,1550,1551,1545,1662,1704,1872,1772,1613,1192,654,274,49,4,28679,2486,0
Laos,1966,52685,18509,27424,8915,1728,1137,1439,3449,3151,3157,3456,3774,2935,972,59,1786,1663,1578,1573,1580,1577,1705,1751,1930,1844,1679,1256,688,284,55,4,29152,2576,0
Laos,1967,52912,18553,27424,8871,1721,1133,1455,3467,3137,3155,3486,3838,3019,1010,67,1806,1661,1577,1560,1578,1577,1713,1773,1946,1892,1716,1303,720,290,63,4,29145,2588,0
Laos,1968,53484,18716,27655,8939,1733,1138,1478,3493,3132,3165,3532,3913,3115,1051,75,1829,1664,1581,1551,1581,1584,1728,1804,1965,1948,1759,1356,757,294,71,4,29388,2616,0
Laos,1969,54361,18899,27917,9018,1775,1162,1536,3553,3168,3202,3606,4018,3237,1106,82,1859,1694,1605,1563,1598,1604,1756,1850,2002,2016,1819,1418,802,304,77,5,29692,2698,0
Laos,1970,55040,19115,28216,9101,1791,1169,1563,3590,3169,3208,3647,4099,3342,1161,87,1877,1713,1610,1559,1597,1611,1768,1879,2033,2066,1872,1470,841,320,81,6,30007,2732,0
Laos,1971,55568,19311,28482,9171,1795,1169,1564,3634,3159,3196,3670,4155,3439,1214,93,1906,1728,1607,1552,1585,1611,1773,1897,2057,2098,1924,1515,880,334,85,8,30277,2733,0
Laos,1972,56399,19488,28736,9248,1832,1189,1588,3722,3195,3218,3726,4250,3564,1280,96,1954,1768,1624,1571,1592,1626,1796,1930,2109,2141,1998,1566,925,355,86,10,30568,2777,0
Laos,1973,57354,19695,29087,9392,1868,1211,1610,3810,3233,3247,3784,4349,3701,1352,100,2003,1807,1642,1591,1600,1647,1819,1965,2164,2185,2079,1622,973,379,89,11,30955,2821,0
Laos,1974,56809,19935,29438,9503,1921,1231,1489,3290,2939,3065,3719,4389,3809,1415,105,1728,1562,1474,1465,1494,1571,1776,1943,2185,2204,2139,1670,1015,400,94,11,31359,2720,0
Laos,1975,57388,20134,29735,9601,1932,1234,1494,3321,2948,3053,3732,4451,3909,1469,102,1750,1571,1484,1464,1486,1567,1779,1953,2216,2235,2189,1720,1051,418,95,7,31667,2728,0
Laos,1976,59142,20329,30169,9840,2052,1296,1581,3550,3101,3167,3869,4632,4086,1536,101,1864,1686,1572,1529,1544,1623,1843,2026,2305,2327,2280,1806,1098,438,94,7,32221,2877,0
Laos,1977,59305,20338,30237,9899,2057,1296,1579,3526,3078,3135,3868,4686,4168,1573,96,1844,1682,1568,1510,1530,1605,1840,2028,2322,2364,2309,1859,1124,449,92,4,32294,2875,0
Laos,1978,59618,20297,30221,9924,2093,1320,1597,3537,3080,3133,3896,4771,4265,1616,93,1844,1693,1574,1506,1534,1599,1850,2046,2352,2419,2342,1923,1153,463,90,3,32314,2917,0
Laos,1979,58724,19943,29633,9690,2061,1296,1572,3462,2983,3047,3839,4774,4312,1651,91,1796,1666,1521,1462,1492,1555,1816,2023,2340,2434,2351,1961,1176,475,89,2,31694,2868,0
Laos,1980,57227,19612,28965,9353,1973,1255,1502,3236,2823,2906,3728,4724,4327,1689,96,1676,1560,1432,1391,1419,1487,1754,1974,2301,2423,2346,1981,1202,487,93,3,30938,2757,0
Laos,1981,56912,19482,28657,9175,1948,1241,1494,3197,2797,2860,3699,4751,4407,1753,103,1662,1535,1421,1376,1395,1465,1731,1968,2304,2447,2384,2023,1245,508,100,3,30605,2735,0
Laos,1982,56730,19473,28491,9018,1914,1225,1486,3165,2772,2814,3666,4775,4484,1824,114,1653,1512,1408,1364,1368,1446,1705,1961,2305,2470,2428,2056,1295,529,110,4,30405,2711,0
Laos,1983,56923,19534,28423,8889,1900,1220,1494,3184,2788,2806,3661,4822,4586,1906,129,1670,1514,1419,1369,1360,1446,1694,1967,2320,2502,2488,2098,1352,554,124,5,30323,2714,0
Laos,1984,57137,19618,28440,8822,1872,1210,1493,3198,2794,2796,3649,4858,4688,1991,141,1682,1516,1437,1357,1355,1441,1680,1969,2330,2528,2546,2142,1408,583,135,6,30312,2703,0
Laos,1985,57356,19661,28412,8751,1849,1204,1494,3215,2798,2795,3646,4907,4802,2076,158,1693,1522,1446,1352,1358,1437,1675,1971,2345,2562,2604,2198,1462,614,148,10,30261,2698,0
Laos,1986,57519,19684,28358,8674,1824,1194,1490,3222,2797,2794,3637,4949,4913,2161,174,1697,1525,1436,1361,1361,1433,1668,1969,2359,2590,2655,2258,1512,649,160,14,30182,2684,0
Laos,1987,57936,19687,28276,8589,1836,1200,1507,3280,2837,2828,3660,5021,5054,2248,190,1726,1554,1451,1386,1386,1442,1684,1976,2388,2633,2719,2335,1560,688,174,16,30112,2707,0
Laos,1988,58020,19595,28072,8477,1821,1189,1501,3296,2850,2839,3666,5069,5178,2333,206,1729,1567,1452,1398,1396,1443,1693,1973,2405,2664,2770,2408,1606,727,186,20,29893,2690,0
Laos,1989,58200,19477,27854,8377,1824,1182,1509,3340,2897,2852,3679,5125,5305,2418,221,1749,1591,1466,1431,1399,1453,1704,1975,2424,2701,2822,2483,1655,763,198,23,29678,2691,1
Laos,1990,58480,19357,27640,8283,1843,1177,1520,3397,2946,2885,3703,5185,5438,2509,234,1775,1622,1487,1459,1411,1474,1716,1987,2445,2740,2880,2558,1712,797,209,25,29483,2697,1
Laos,1991,58008,19137,27224,8087,1809,1147,1488,3324,2893,2878,3677,5195,5533,2593,245,1732,1592,1465,1428,1407,1471,1701,1976,2436,2759,2917,2616,1767,826,220,25,29033,2635,1
Laos,1992,57986,18850,26811,7961,1826,1149,1490,3345,2918,2923,3700,5238,5646,2683,257,1740,1605,1481,1437,1429,1494,1708,1992,2443,2795,2966,2680,1829,854,232,25,28637,2639,1
Laos,1993,57868,18452,26259,7807,1839,1154,1495,3367,2950,2972,3733,5286,5765,2778,269,1749,1618,1502,1448,1455,1517,1719,2014,2452,2834,3019,2746,1898,880,243,26,28098,2649,1
Laos,1994,57908,17895,25553,7658,1893,1187,1521,3446,3031,3057,3799,5361,5899,2880,280,1789,1657,1547,1484,1513,1544,1750,2049,2479,2882,3082,2817,1968,912,255,25,27446,2708,1
Laos,1995,56959,17179,24479,7300,1860,1175,1497,3412,3023,3069,3815,5378,5994,2971,288,1770,1642,1542,1481,1523,1546,1760,2055,2479,2899,3121,2873,2028,943,264,24,26339,2672,1
Laos,1996,56276,16487,23476,6989,1849,1175,1490,3409,3041,3100,3855,5414,6106,3067,294,1768,1641,1549,1492,1527,1573,1787,2068,2494,2920,3171,2935,2089,978,270,24,25325,2665,1
Laos,1997,55807,15799,22455,6656,1862,1196,1504,3443,3095,3164,3918,5473,6227,3169,303,1785,1658,1573,1522,1550,1614,1828,2090,2528,2945,3228,2999,2152,1017,279,24,24317,2700,1
Laos,1998,55785,15169,21442,6273,1869,1210,1516,3460,3155,3234,3974,5551,6465,3479,432,1789,1671,1595,1560,1580,1654,1861,2113,2569,2982,3322,3143,2319,1160,371,61,23311,2726,1
Laos,1999,56321,14649,20541,5892,1913,1254,1568,3547,3267,3365,4061,5666,6712,3821,609,1830,1717,1646,1621,1640,1725,1899,2162,2626,3040,3419,3293,2497,1324,479,130,22454,2822,1
Laos,2000,55867,13842,19413,5571,1851,1242,1559,3489,3251,3401,4086,5695,6875,4162,839,1799,1690,1627,1624,1651,1750,1908,2178,2635,3060,3468,3407,2666,1496,607,232,21264,2801,1
Laos,2001,55111,13158,18382,5224,1729,1203,1519,3362,3165,3376,4086,5679,6963,4499,1120,1737,1625,1574,1591,1636,1740,1912,2174,2618,3061,3476,3487,2820,1679,759,361,20111,2722,23
Laos,2002,55010,12466,17387,4921,1661,1199,1524,3337,3155,3424,4142,5718,7077,4859,1419,1730,1607,1562,1593,1656,1768,1947,2195,2630,3088,3507,3570,2980,1879,939,480,19048,2723,104
Laos,2003,54932,11900,16487,4587,1587,1186,1524,3306,3128,3474,4197,5745,7162,5205,1761,1724,1582,1542,1586,1672,1802,1984,2213,2641,3104,3531,3631,3125,2080,1147,614,18074,2710,174
Laos,2004,55562,11415,15669,4254,1572,1205,1570,3382,3179,3591,4319,5837,7283,5555,2155,1772,1610,1565,1614,1722,1869,2058,2261,2691,3146,3586,3697,3265,2290,1384,771,17241,2775,243
Laos,2005,55012,10863,14780,3917,1468,1140,1532,3279,3054,3557,4332,5805,7288,5845,2613,1728,1551,1498,1556,1692,1865,2067,2265,2678,3127,3586,3702,3355,2490,1641,972,16248,2672,317
Laos,2006,54204,10588,14234,3646,1403,1086,1523,3283,3022,3578,4423,5849,7391,5838,2277,1736,1547,1480,1542,1694,1884,2114,2309,2694,3155,3638,3753,3372,2466,1503,774,15637,2609,293
Laos,2007,53196,10204,13626,3422,1313,1013,1480,3234,2957,3564,4504,5897,7523,5873,1982,1713,1521,1446,1511,1675,1889,2150,2354,2712,3185,3689,3834,3415,2458,1393,589,14939,2493,234
Laos,2008,52517,9770,12958,3188,1246,959,1448,3225,2927,3563,4597,5964,7652,5965,1836,1707,1518,1433,1494,1662,1901,2189,2408,2746,3218,3729,3923,3478,2487,1365,471,14204,2407,173
Laos,2009,51618,9326,12309,2983,1139,888,1366,3129,2832,3512,4653,5995,7737,6108,1830,1653,1476,1386,1446,1620,1892,2207,2446,2764,3231,3744,3993,3561,2547,1405,425,13448,2254,126
Laos,2010,50757,8850,11601,2751,1034,814,1271,3011,2723,3438,4691,6020,7802,6292,1965,1584,1427,1333,1390,1568,1870,2209,2482,2788,3232,3751,4051,3659,2633,1507,458,12635,2085,93
Laos,2011,49916,8431,10998,2567,933,735,1160,2840,2574,3314,4688,6029,7831,6509,2229,1486,1354,1260,1314,1494,1820,2188,2500,2807,3222,3747,4084,3764,2745,1654,575,11931,1895,72
Laos,2012,49599,7996,10350,2354,855,679,1075,2726,2495,3253,4745,6097,7876,6771,2610,1416,1310,1221,1274,1455,1798,2199,2546,2858,3239,3758,4118,3885,2886,1843,767,11205,1754,67
Laos,2013,50160,7648,9819,2171,831,653,1041,2691,2505,3267,4877,6257,7969,7083,3075,1384,1307,1229,1276,1457,1810,2247,2630,2955,3302,3805,4164,4023,3060,2056,1019,10650,1694,92
Laos,2014,50054,7269,9266,1997,754,590,960,2522,2407,3185,4908,6348,7974,7367,3590,1283,1239,1179,1228,1412,1773,2242,2666,3009,3339,3810,4164,4117,3250,2281,1309,10020,1550,180
Laos,2015,51051,7005,8852,1847,730,567,942,2486,2430,3207,5040,6564,8059,7676,4158,1252,1234,1192,1238,1423,1784,2284,2756,3124,3440,3860,4199,4214,3462,2529,1629,9582,1509,339
Laos,2016,49212,6781,8522,1741,678,528,889,2369,2373,3159,5080,6728,8039,7256,3256,1185,1184,1161,1212,1400,1759,2277,2803,3204,3524,3886,4153,4056,3200,2076,1180,9200,1417,335
Laos,2017,48393,6513,8182,1669,661,517,875,2343,2406,3193,5193,6993,8138,6965,2646,1166,1177,1176,1230,1416,1777,2308,2885,3331,3662,3969,4169,3954,3011,1773,873,8843,1392,282
Laos,2018,48028,6292,7916,1624,652,512,860,2325,2446,3241,5309,7286,8292,6753,2217,1155,1170,1192,1254,1438,1803,2343,2966,3467,3819,4079,4213,3884,2869,1560,657,8568,1372,219
Laos,2019,46948,6029,7540,1511,603,478,800,2202,2384,3199,5307,7470,8380,6548,1873,1094,1108,1153,1231,1414,1785,2322,2985,3543,3927,4157,4223,3813,2735,1367,506,8143,1278,164
Laos,2020,46627,5838,7254,1416,589,460,667,1828,2131,3099,5443,8120,8747,6485,1686,909,919,1002,1129,1351,1748,2338,3105,3829,4291,4458,4289,3814,2671,1279,407,7843,1127,122
Laos,2021,49136,5618,6966,1348,583,454,692,1931,2301,3372,5884,8995,9514,6753,1595,952,979,1075,1226,1460,1912,2524,3360,4223,4772,4892,4622,4016,2737,1247,348,7549,1146,92
Latin America and the Caribbean (UN),1950,2925484,1053235,1485741,432506,120012,54627,72668,157883,144740,154401,170920,206162,201111,126119,29658,81368,76515,71087,73653,75150,79251,84388,86532,102863,103299,104872,96239,77357,48762,22347,7311,1605753,127295,1441
Latin America and the Caribbean (UN),1951,2938142,1065058,1504871,439813,121292,52991,70864,160266,144414,155206,170887,207473,201723,121846,25217,82853,77413,70352,74062,75637,79569,85077,85810,103211,104262,105534,96189,75581,46265,19725,5492,1626163,123855,1092
Latin America and the Caribbean (UN),1952,2925067,1065676,1503151,437475,119003,51700,68870,160144,142867,154639,171450,207962,201119,119260,23914,82648,77496,69755,73112,75350,79289,85363,86087,102480,105482,105600,95519,74287,44973,18785,5129,1622154,120570,987
Latin America and the Caribbean (UN),1953,2924775,1065695,1500034,434339,122843,51099,67274,158775,141564,154409,174026,210197,202049,118187,23383,81503,77272,69668,71896,75056,79353,86147,87879,102414,107783,106556,95493,73848,44339,18277,5106,1622877,118373,935
Latin America and the Caribbean (UN),1954,2914769,1065499,1495874,430375,118815,50835,66133,156769,140350,153708,176239,211354,203021,117549,23220,79983,76786,69775,70575,74397,79311,86781,89458,102061,109293,107542,95479,73602,43947,18025,5195,1614689,116968,900
Latin America and the Caribbean (UN),1955,2920958,1064138,1489834,425696,118832,50544,65432,155125,140590,154394,180462,215038,207694,118693,23446,78643,76482,70288,70302,74372,80022,87786,92676,103435,111603,110530,97164,74488,44205,18085,5361,1608666,115976,874
Latin America and the Caribbean (UN),1956,2912713,1061975,1482199,420224,118887,50349,64765,152768,139853,153083,181800,215460,210004,118964,23693,77185,75583,70081,69772,73220,79863,87831,93969,103907,111553,112258,97746,74731,44233,18169,5524,1601086,115114,888
Latin America and the Caribbean (UN),1957,2922277,1059466,1472955,413489,118969,50351,64629,151059,140214,153426,185779,220337,217577,121781,24261,76232,74827,70115,70099,72854,80572,88939,96840,106895,113442,116912,100665,76666,45115,18567,5694,1591924,114980,939
Latin America and the Caribbean (UN),1958,2912317,1056397,1464218,407821,119325,50561,64308,148749,139897,151859,186125,219707,219629,122267,24659,75154,73595,69795,70102,71757,80102,88801,97324,107686,112021,118431,101198,76990,45277,18773,5886,1583543,114869,1013
Latin America and the Caribbean (UN),1959,2918863,1051211,1452026,400815,117035,51081,64279,146727,140553,152187,189923,225283,227897,125692,25166,74361,72366,69710,70843,71569,80618,90266,99657,111324,113959,122954,104943,79349,46343,19202,5964,1569061,115360,1013
Latin America and the Caribbean (UN),1960,2918475,1046387,1440747,394360,117232,51473,64339,145299,140849,151630,191658,229125,232164,127514,25387,74014,71285,69481,71368,71169,80461,90923,100735,113999,115126,124729,107435,80677,46837,19342,6045,1557979,115812,1056
Latin America and the Caribbean (UN),1961,2917620,1041395,1429494,388099,116209,51669,64363,143897,140797,151310,193660,234632,237391,129138,24106,73617,70280,69180,71617,71362,79948,91901,101759,116891,117741,126506,110885,82258,46880,18595,5511,1545703,116032,954
Latin America and the Caribbean (UN),1962,2928345,1036286,1418534,382248,115972,52142,64780,143238,141689,152907,197537,241992,243741,131656,23265,73629,69609,69343,72346,72456,80451,93842,103695,120425,121567,128515,115226,84296,47360,18106,5159,1534506,116922,892
Latin America and the Caribbean (UN),1963,2945502,1030738,1408511,377773,116575,52643,65492,142801,142101,154186,201291,250491,251592,136042,22957,73581,69220,69049,73052,73554,80632,95335,105956,124109,126382,131193,120399,87345,48697,18047,4910,1525086,118135,820
Latin America and the Caribbean (UN),1964,2945236,1020095,1390443,370348,115371,52162,66224,142284,141236,154425,203203,257275,258164,140705,22990,73562,68722,68300,72936,74291,80134,95984,107219,126466,130809,133530,124634,90506,50199,18248,4742,1505814,118386,754
Latin America and the Caribbean (UN),1965,2955451,1007165,1371625,364460,115710,52398,67605,144276,141658,156081,205930,264788,265152,146245,23262,74808,69468,68222,73436,75513,80568,96571,109359,129100,135688,136678,128474,94276,51969,18588,4674,1487335,120003,721
Latin America and the Caribbean (UN),1966,2962074,996857,1352606,355749,116525,52823,68402,143589,141008,157919,208224,271423,272485,152551,23796,74579,69010,67403,73605,76504,81415,96946,111278,130972,140451,140720,131765,98624,53927,19097,4699,1469131,121225,721
Latin America and the Caribbean (UN),1967,2969226,979021,1326705,347684,117272,53376,69460,144915,141080,160516,211300,279172,280647,159646,24456,75459,69456,67279,73801,77820,82696,97610,113690,133787,145385,145686,134961,103551,56095,19800,4656,1443977,122836,681
Latin America and the Caribbean (UN),1968,2978028,959874,1298527,338653,117217,53665,70333,147003,141091,163634,214613,287519,290694,167619,25435,76976,70027,67121,73970,78915,84719,98310,116303,136942,150577,151940,138754,108982,58637,20695,4740,1415744,123998,678
Latin America and the Caribbean (UN),1969,2991863,943937,1273882,329945,116974,54050,71037,149797,141296,166608,217424,295825,301941,175738,26595,79038,70759,67382,73914,80098,86510,99066,118358,140048,155777,158850,143091,114271,61467,21687,4908,1390856,125087,694
Latin America and the Caribbean (UN),1970,3053103,935078,1265964,330886,123881,60930,76576,158779,146332,172304,222052,303861,311868,182058,27797,84412,74367,70299,76033,82556,89748,101280,120772,143970,159891,165028,146840,117925,64133,22675,5122,1389845,137506,700
Latin America and the Caribbean (UN),1971,2990200,914149,1224817,310668,112573,54367,72306,153558,140600,169732,219826,305565,319692,187897,28552,81778,71780,67600,73000,80838,88894,100471,119355,144565,161000,169222,150470,120903,66994,23304,5248,1337390,126673,713
Latin America and the Caribbean (UN),1972,3006769,901484,1203721,302237,110140,55301,73928,157069,142154,172340,222647,311549,330912,196096,30135,83795,73274,68694,73460,81703,90637,102692,119955,147422,164127,174852,156060,124877,71219,24520,5615,1313861,129229,773
Latin America and the Caribbean (UN),1973,2995795,884304,1175925,291621,104918,54208,74009,158628,141617,171567,222742,314262,340628,204387,32058,84423,74205,68658,72959,80752,90815,103510,119232,148564,165698,179312,161316,128641,75746,26075,5983,1280843,128217,843
Latin America and the Caribbean (UN),1974,3004211,868431,1153493,285062,102537,54434,74838,160886,142632,172458,224944,318430,351348,212995,34294,85174,75712,69281,73351,80671,91787,105426,119518,150175,168255,184120,167228,132880,80115,27881,6413,1256030,129272,920
Latin America and the Caribbean (UN),1975,2993822,848677,1122193,273516,96834,52920,75042,163243,143514,172839,226719,321358,359702,221319,37130,86096,77147,69865,73649,80364,92475,106752,119967,150663,170695,187445,172257,137109,84210,30169,6961,1219027,127962,1007
Latin America and the Caribbean (UN),1976,3038075,836015,1104540,268525,96652,54793,77984,170291,148097,176768,233053,328208,372807,232914,40831,89611,80680,72333,75764,81978,94790,110051,123002,152543,175665,193089,179718,143866,89048,33140,7691,1201192,132777,1135
Latin America and the Caribbean (UN),1977,3020116,816848,1072795,255947,90914,51861,77141,171696,148694,176524,235032,328857,378804,241739,44728,90228,81468,72793,75901,81748,94776,110918,124114,151805,177052,194829,183975,149052,92687,36135,8593,1163709,129002,1328
Latin America and the Caribbean (UN),1978,3040233,798781,1046232,247451,88533,51197,78719,177706,152905,179084,240072,332908,388861,253147,49435,93411,84295,75273,77632,83183,95901,113087,126985,152577,180331,198573,190288,156134,97013,39552,9883,1134765,129916,1434
Latin America and the Caribbean (UN),1979,3063067,779363,1018173,238810,86325,50505,80083,183907,157005,181136,245177,337632,401271,265574,54686,96878,87029,78058,78947,84369,96767,115071,130106,153767,183865,203644,197627,163994,101580,43112,11574,1104498,130588,1592
Latin America and the Caribbean (UN),1980,3074936,757752,987746,229994,83828,49544,80196,185706,158921,182063,249873,342644,413935,278138,60405,97737,87969,79330,79591,85049,97014,116702,133171,155843,186801,209041,204894,171760,106378,46689,13716,1071574,129740,1936
Latin America and the Caribbean (UN),1981,3065318,734263,952032,217769,80055,47955,80065,190277,161545,182345,252447,345048,421979,286191,63079,100137,90140,81286,80259,85485,96860,117599,134848,157485,187563,212580,209399,176788,109403,48166,14913,1032087,128020,2300
Latin America and the Caribbean (UN),1982,3080425,713997,927024,213027,79369,47763,79847,193163,164320,183675,257467,351829,434271,296321,62895,101249,91914,82941,81379,86095,97580,119236,138231,161605,190224,218692,215579,183364,112957,48170,14725,1006393,127610,2479
Latin America and the Caribbean (UN),1983,3049091,686521,885682,199161,75271,46061,77039,188964,163183,181944,258515,355563,444086,306626,63482,98720,90244,82241,80942,85248,96696,118815,139700,164327,191236,223353,220733,189570,117056,48416,15066,960953,123100,2674
Latin America and the Caribbean (UN),1984,3045618,662298,852030,189732,72878,45164,75543,188783,164933,182779,261248,362269,455047,317884,64441,98116,90667,82708,82225,85661,97118,119275,141973,168668,193601,228249,226798,196123,121761,49044,15397,924908,120707,2619
Latin America and the Caribbean (UN),1985,3052299,640550,823927,183377,73410,46504,75817,190406,168083,184059,263090,367609,462765,327619,66360,98502,91904,84303,83780,86326,97733,119388,143702,171971,195638,231167,231598,201383,126236,50196,16164,897337,122321,2650
Latin America and the Caribbean (UN),1986,3015633,616582,788802,172220,69238,43953,73021,186721,167658,182632,261427,369916,465305,335311,68765,95946,90775,83870,83788,85735,96897,117924,143503,173208,196708,230940,234365,205018,130293,51911,16854,858040,116974,2883
Latin America and the Caribbean (UN),1987,3006117,593762,757507,163745,67279,43336,72454,187226,170294,183681,261268,374727,468858,344128,71682,95562,91664,85147,85147,86541,97140,117579,143689,175309,199418,230980,237878,209193,134935,54275,17407,824786,115790,3675
Latin America and the Caribbean (UN),1988,2999552,571113,726656,155543,65153,42810,71716,185795,172258,185646,261856,380681,473283,354310,75091,94144,91651,86099,86159,87904,97742,117725,144131,177575,203106,231427,241856,214183,140127,57155,17936,791809,114526,4297
Latin America and the Caribbean (UN),1989,3007602,548742,696110,147368,62699,42290,72286,188545,176685,190094,264060,387726,478126,364826,79116,95046,93499,88521,88164,90736,99358,118914,145146,180272,207454,232703,245423,219629,145197,60296,18820,758809,114576,5039
Latin America and the Caribbean (UN),1990,3026889,525783,665054,139271,60529,42110,72653,188795,180362,194965,267349,398039,488536,378755,84023,94709,94086,90220,90142,93536,101429,120833,146516,184250,213789,237381,251155,227413,151342,63915,20108,725583,114763,5719
Latin America and the Caribbean (UN),1991,3030644,503248,635101,131853,58070,41533,72713,188747,183618,198798,268945,404287,495919,390132,86757,94583,94164,91609,92009,95822,102976,122044,146901,186356,217931,241490,254429,233795,156337,66420,20337,693171,114246,6024
Latin America and the Caribbean (UN),1992,3040612,479672,603444,123772,54891,40584,72539,188736,186662,203031,271523,411840,507197,404150,90266,94639,94097,92845,93817,98028,105003,123514,148009,188966,222874,248235,258962,241830,162320,69588,20678,658335,113123,5748
Latin America and the Caribbean (UN),1993,3054100,458102,574009,115907,52409,39671,72177,187689,189169,207626,275036,419157,519361,418572,94035,94233,93456,93647,95522,99969,107657,125471,149565,191224,227933,255586,263775,250052,168520,72868,21167,626418,111848,5188
Latin America and the Caribbean (UN),1994,3057785,436088,544198,108110,49551,38586,71553,186053,190863,211720,277772,423349,529161,431238,98750,93622,92431,94041,96822,101229,110491,126991,150781,192024,231325,261875,267286,256608,174630,76278,22472,593749,110139,4990
Latin America and the Caribbean (UN),1995,3083556,414977,515730,100753,46980,37537,71139,185277,192660,216694,282771,431087,545391,448161,105132,93439,91838,94474,98186,103191,113503,129431,153340,194495,236592,270572,274819,265168,182993,80655,24477,562710,108676,4996
Latin America and the Caribbean (UN),1996,3092912,393678,487500,93822,44865,36453,70280,183443,192671,220076,286155,435156,558249,461564,111214,92580,90863,94044,98627,104399,115677,131368,154787,195124,240032,276574,281675,271373,190191,84419,26795,532365,106733,5286
Latin America and the Caribbean (UN),1997,3108958,373000,460462,87462,43009,35530,69347,181891,192347,223763,290857,440074,573231,475553,117200,91698,90193,93357,98990,105937,117826,133849,157008,196355,243719,283284,289947,277755,197798,88082,29118,503471,104877,5693
Latin America and the Caribbean (UN),1998,3144973,356362,442579,86217,45321,36537,69474,181758,192582,227722,296247,444542,588618,489670,123282,91515,90243,92922,99660,107713,120009,136908,159339,198189,246353,289461,299157,284137,205533,91962,31320,487900,106011,6641
Latin America and the Caribbean (UN),1999,3148606,335680,411975,76295,39368,33712,67296,179159,190386,229880,301554,448989,604254,504923,129129,90042,89117,91268,99118,108683,121197,140199,161355,199953,249036,295413,308841,291867,213056,95978,33151,451343,101008,7981
Latin America and the Caribbean (UN),2000,3172244,316788,387607,70819,37707,32863,66315,178386,189712,233727,308679,455083,619713,518438,134694,89637,88749,90432,99280,110302,123425,144250,164429,203265,251818,301642,318071,299508,218930,99764,34930,425314,99178,9320
Latin America and the Caribbean (UN),2001,3205777,299338,366130,66792,36393,32208,65205,177678,189221,237591,316549,461915,635723,535979,140940,89157,88521,89916,99305,111796,125795,148317,168232,206864,255051,308113,327610,309652,226327,104868,36072,402523,97413,10245
Latin America and the Caribbean (UN),2002,3222576,281899,344142,62243,34450,31028,63087,174562,186795,239778,323007,466903,649302,552385,146529,87337,87225,88552,98243,112302,127476,151373,171634,209456,257447,313245,336057,319614,232771,109602,36927,378592,94115,10607
Latin America and the Caribbean (UN),2003,3281836,265821,324067,58246,32910,30090,61697,173218,186372,244061,333426,477680,670191,580796,156355,86323,86895,88415,97957,113620,130441,155800,177626,214909,262771,321097,349094,336181,244615,117372,38983,356977,91787,10972
Latin America and the Caribbean (UN),2004,3299804,254393,310394,56001,31931,29343,60340,170991,184719,245601,338879,481325,677355,596255,161785,84747,86244,87856,96863,113791,131810,157371,181508,216877,264448,322625,354730,345522,250733,121548,40237,342325,89683,10886
Latin America and the Caribbean (UN),2005,3308268,241437,293059,51622,29676,27803,58316,167297,181854,245020,343099,484313,683096,614480,169106,82340,84957,86731,95123,112803,132217,158468,184631,218609,265704,323074,360022,355470,259010,126788,42318,322735,86119,11148
Latin America and the Caribbean (UN),2006,3359578,229426,277666,48240,27957,26811,57408,166870,182401,248005,352247,494115,696645,640653,177703,81578,85292,87266,95135,113484,134521,162164,190083,223650,270465,327518,369127,369704,270949,133041,44662,305623,84219,11096
Latin America and the Caribbean (UN),2007,3434053,218956,264763,45807,26526,26053,56777,166715,183643,251122,362424,507291,714544,673417,189239,80995,85720,87989,95654,113981,137141,166309,196115,230516,276775,333999,380545,386874,286543,141203,48036,291289,82830,11537
Latin America and the Caribbean (UN),2008,3478654,209288,252905,43617,25152,25203,56059,165962,184435,252212,369589,516444,723607,697636,197589,80349,85613,88542,95893,113692,138520,169569,200020,236012,280432,337553,386054,398751,298885,146986,50603,278057,81262,11861
Latin America and the Caribbean (UN),2009,3535176,201313,242664,41351,23748,24196,55045,164317,184726,253255,376719,528814,736423,725874,207162,79349,84968,88648,96078,113350,139905,172794,203925,243261,285553,343085,393338,412306,313568,154043,53119,266412,79241,12232
Latin America and the Caribbean (UN),2010,3694621,198881,248603,49722,31825,31541,61234,174413,194256,262599,393097,550697,758690,757257,217948,84816,89597,93662,100594,117327,145272,180343,212754,254856,295841,354490,404200,427718,329539,162222,55726,280428,92775,12461
Latin America and the Caribbean (UN),2011,3653166,188132,226529,38397,21557,22364,52727,158669,183912,254548,393222,557449,765289,778288,225888,76631,82038,87874,96038,112768,141780,179213,214009,258573,298876,357496,407793,436874,341414,168371,57517,248086,75091,12724
Latin America and the Caribbean (UN),2012,3707735,181033,217390,36357,20182,21119,51004,154045,181957,254283,400904,572341,779986,803830,237411,74380,79665,86612,95345,112489,141794,181859,219045,265362,306979,365035,414951,448043,355787,176952,60459,237572,72123,13282
Latin America and the Caribbean (UN),2013,3750384,174879,209831,34952,19248,19966,49101,148966,179043,253053,406982,586309,792358,824250,247163,71914,77052,84718,94325,111910,141143,183631,223351,271452,314857,371603,420755,456390,367860,184395,62768,229079,69067,14114
Latin America and the Caribbean (UN),2014,3806243,170068,203700,33632,18454,18908,47322,145303,177151,252545,413490,601759,806301,846192,259964,70070,75233,83265,93886,111924,140621,185341,228149,276862,324897,378424,427877,465151,381041,193381,66583,222154,66230,15153
Latin America and the Caribbean (UN),2015,3906059,165112,197539,32427,17962,18285,46227,144341,178502,256633,425931,625999,830605,875420,273037,69348,74993,83251,95251,114018,142615,189899,236032,287225,338774,390247,440358,478369,397051,203800,69237,215501,64512,15578
Latin America and the Caribbean (UN),2016,4038449,158880,190339,31459,17675,17875,45468,145775,181949,263322,440430,655529,861069,910422,291544,69845,75930,84362,97587,117369,145953,195310,245120,300196,355333,405528,455541,494988,415434,216535,75009,208014,63343,17050
Latin America and the Caribbean (UN),2017,4104061,154513,185107,30594,17523,17452,44140,145201,182290,265556,445402,671168,875868,930508,305841,69203,75998,84186,98104,118531,147025,196344,249058,307041,364127,413942,461926,503366,427142,226169,79672,202630,61592,18005
Latin America and the Caribbean (UN),2018,4190846,149528,178888,29360,17023,16932,42646,144595,183424,269260,451645,691963,898825,955036,322180,68424,76171,84506,98918,120101,149159,197883,253762,316215,375748,427150,471675,514624,440412,236714,85466,195911,59578,18428
Latin America and the Caribbean (UN),2019,4257246,143185,171368,28183,16231,16106,40590,141256,182199,270382,454839,707777,924721,976534,336685,66236,75020,83976,98223,120134,150248,197864,256975,323468,384309,443081,481640,525465,451069,245447,91238,187599,56696,18555
Latin America and the Caribbean (UN),2020,5066101,136820,163653,26833,13816,16918,50807,166674,210752,336910,590971,923870,1100929,1114542,357843,80860,85814,95215,115537,146279,190631,253426,337545,430550,493320,539775,561154,611413,503129,264808,93035,177469,67725,18415
Latin America and the Caribbean (UN),2021,5534706,131870,158369,26499,14161,17274,49971,174602,236618,390307,677686,1033404,1212060,1178009,372276,82511,92091,105277,131341,169984,220323,289317,388369,482588,550816,597872,614188,650410,527599,275058,97218,172530,67245,19968
Latvia,1950,20901,849,1054,205,104,98,182,494,609,1405,2134,3995,6057,4005,746,258,236,208,401,595,810,914,1220,1768,2227,2970,3087,2324,1681,620,126,1158,280,16
Latvia,1951,20988,829,1039,210,100,96,180,517,593,1409,2158,3948,6053,4079,800,264,253,213,380,585,824,945,1213,1741,2207,2931,3122,2405,1674,675,125,1139,276,18
Latvia,1952,21321,831,1043,212,102,95,180,540,587,1427,2224,3960,6085,4195,864,268,272,229,358,583,844,994,1230,1741,2219,2903,3182,2542,1653,727,137,1145,275,20
Latvia,1953,21584,794,1007,213,102,93,184,558,583,1432,2298,3972,6099,4311,922,265,293,251,332,583,849,1048,1250,1730,2242,2866,3233,2682,1629,774,148,1109,277,20
Latvia,1954,21637,806,1014,208,106,90,188,573,584,1413,2356,3945,6027,4378,944,262,311,273,311,571,842,1094,1262,1715,2230,2802,3225,2754,1624,794,150,1120,278,19
Latvia,1955,21813,811,1015,204,107,85,188,584,595,1387,2417,3946,6000,4503,967,259,325,292,303,555,832,1132,1285,1711,2235,2767,3233,2828,1675,805,162,1122,273,17
Latvia,1956,22072,776,980,204,111,84,191,597,629,1357,2504,3948,6015,4663,976,258,339,316,313,531,826,1168,1336,1716,2232,2774,3241,2898,1765,799,177,1091,275,17
Latvia,1957,22048,787,984,197,112,81,187,593,662,1289,2546,3909,5927,4779,962,256,337,335,327,487,802,1173,1373,1707,2202,2744,3183,2920,1859,775,187,1096,268,18
Latvia,1958,22487,819,1018,199,111,82,185,600,719,1259,2632,3944,5972,4976,970,262,338,361,358,456,803,1184,1448,1738,2206,2788,3184,2987,1989,770,200,1129,267,19
Latvia,1959,22416,813,1012,199,107,82,176,589,755,1202,2647,3915,5886,5047,978,263,326,376,379,429,773,1161,1486,1740,2175,2758,3128,2986,2061,774,204,1119,258,19
Latvia,1960,21590,765,959,194,103,81,164,572,768,1122,2572,3767,5611,4887,965,259,313,381,387,402,720,1103,1469,1689,2078,2645,2966,2865,2022,773,192,1062,245,19
Latvia,1961,22105,777,972,195,102,86,162,580,815,1113,2618,3873,5694,5034,1037,264,316,399,416,420,693,1098,1520,1766,2107,2673,3021,2924,2110,843,194,1074,248,21
Latvia,1962,24100,825,1037,212,111,92,169,622,911,1174,2823,4268,6178,5505,1186,283,339,432,479,481,693,1163,1660,1973,2295,2892,3286,3172,2333,981,205,1148,261,24
Latvia,1963,23216,735,938,203,108,89,163,604,900,1117,2697,4189,5928,5279,1184,269,335,412,488,500,617,1104,1593,1967,2222,2755,3173,3025,2254,993,191,1046,252,24
Latvia,1964,21720,672,856,184,101,82,155,568,861,1043,2475,3986,5501,4915,1153,246,322,382,479,497,546,1003,1472,1897,2089,2550,2951,2803,2112,968,185,957,237,23
Latvia,1965,23366,634,826,192,110,86,170,606,938,1130,2587,4351,5918,5317,1299,255,351,405,533,563,567,1035,1552,2081,2270,2732,3186,3018,2299,1086,213,936,256,25
Latvia,1966,23900,637,819,182,112,86,179,608,965,1195,2535,4518,6020,5460,1376,250,358,410,555,602,593,989,1546,2145,2373,2779,3241,3099,2361,1138,238,931,265,25
Latvia,1967,24968,648,826,178,117,90,190,626,1005,1315,2517,4788,6278,5714,1475,254,372,426,579,661,654,946,1571,2245,2543,2908,3370,3247,2467,1205,270,943,280,26
Latvia,1968,25637,672,848,176,118,93,199,644,1039,1442,2487,4987,6399,5839,1519,267,377,449,590,716,726,898,1589,2294,2693,2994,3405,3336,2503,1229,290,966,292,26
Latvia,1969,26817,677,855,178,120,99,205,671,1093,1588,2507,5267,6692,6094,1594,287,384,486,607,784,804,888,1619,2366,2901,3159,3533,3486,2608,1281,313,975,304,28
Latvia,1970,27176,709,885,176,114,99,203,668,1096,1671,2438,5324,6810,6205,1627,300,368,497,599,816,855,869,1569,2339,2985,3240,3570,3558,2647,1303,324,999,302,30
Latvia,1971,26891,698,872,174,109,100,200,665,1090,1722,2348,5259,6784,6110,1604,313,352,498,592,831,891,888,1460,2270,2989,3276,3508,3494,2616,1285,319,981,300,31
Latvia,1972,27820,687,867,180,107,103,205,684,1126,1833,2362,5401,7116,6314,1663,331,353,514,612,862,971,976,1386,2291,3110,3477,3639,3603,2711,1333,330,974,308,34
Latvia,1973,28667,694,876,182,105,105,210,709,1151,1913,2388,5482,7460,6507,1722,343,366,513,638,869,1044,1079,1309,2310,3172,3683,3777,3682,2825,1383,339,981,315,37
Latvia,1974,28628,701,882,181,102,102,214,717,1155,1948,2374,5371,7563,6444,1718,341,376,498,657,856,1092,1141,1233,2245,3126,3770,3793,3636,2808,1380,338,984,316,38
Latvia,1975,30575,725,916,191,108,104,230,782,1225,2105,2564,5586,8197,6880,1835,365,417,507,718,900,1205,1283,1281,2305,3281,4094,4103,3867,3013,1475,360,1024,334,40
Latvia,1976,30862,712,902,190,110,102,236,809,1222,2156,2697,5431,8404,6902,1850,369,440,492,730,906,1250,1364,1333,2181,3250,4172,4232,3881,3021,1487,363,1012,338,40
Latvia,1977,31256,700,888,188,109,95,238,819,1206,2169,2880,5229,8658,7032,1889,368,451,478,728,908,1261,1447,1433,2017,3212,4246,4412,3962,3070,1514,375,997,333,41
Latvia,1978,31630,720,906,186,111,94,241,839,1206,2195,3102,5068,8834,7079,1917,376,463,488,718,938,1257,1540,1562,1875,3193,4263,4571,4017,3062,1535,382,1017,335,41
Latvia,1979,32612,733,923,190,114,94,244,871,1233,2269,3366,5030,9162,7299,1971,395,476,517,716,995,1274,1660,1706,1826,3204,4341,4821,4176,3123,1577,394,1037,338,42
Latvia,1980,32764,714,903,189,112,92,237,875,1227,2281,3532,4881,9211,7385,1984,397,478,539,688,1018,1263,1724,1808,1787,3094,4297,4914,4262,3123,1590,394,1015,329,43
Latvia,1981,32780,705,889,184,111,94,230,887,1231,2292,3681,4745,9175,7437,1966,405,482,565,666,1029,1263,1773,1908,1848,2897,4225,4950,4346,3091,1577,389,1000,324,42
Latvia,1982,31894,649,826,177,106,92,210,860,1184,2211,3670,4494,8885,7388,1929,394,466,558,626,989,1222,1721,1949,1914,2580,4031,4854,4353,3035,1546,383,932,302,43
Latvia,1983,33062,782,957,175,107,93,206,879,1225,2268,3846,4566,9075,7786,2005,399,480,579,646,988,1280,1740,2106,2123,2443,4091,4984,4622,3164,1600,405,1064,299,45
Latvia,1984,34097,673,860,187,108,94,204,903,1275,2335,4022,4709,9241,8221,2076,403,500,594,681,981,1354,1756,2266,2323,2386,4125,5116,4900,3321,1649,427,968,298,48
Latvia,1985,34983,641,824,183,108,95,203,892,1306,2340,4130,4891,9306,8680,2159,390,502,597,709,945,1395,1749,2381,2506,2385,4081,5225,5154,3526,1712,447,932,298,50
Latvia,1986,32077,614,775,161,97,84,184,798,1213,2102,3801,4671,8231,8097,1979,338,460,543,670,826,1276,1584,2217,2412,2259,3500,4731,4779,3318,1566,413,872,268,47
Latvia,1987,32985,585,745,160,96,84,186,796,1254,2117,3896,5081,8115,8502,2060,326,470,553,701,822,1295,1622,2274,2598,2483,3305,4810,4979,3523,1627,433,841,270,49
Latvia,1988,33162,548,701,153,97,84,188,781,1273,2098,3914,5428,7828,8629,2088,315,466,559,714,830,1268,1666,2248,2735,2693,3057,4771,4995,3634,1649,439,798,272,51
Latvia,1989,33401,505,654,149,95,84,190,767,1294,2104,3971,5755,7593,8722,2121,305,462,573,721,861,1243,1741,2230,2873,2882,2910,4683,4991,3731,1678,443,749,274,53
Latvia,1990,35984,523,674,151,99,89,200,802,1393,2240,4288,6478,7920,9420,2327,324,478,615,778,959,1281,1919,2369,3198,3280,3064,4856,5335,4085,1854,473,773,289,56
Latvia,1991,35896,513,656,143,97,86,197,774,1395,2227,4286,6707,7693,9374,2349,319,455,618,777,994,1233,1930,2356,3262,3445,3165,4528,5262,4112,1889,460,753,283,54
Latvia,1992,36584,539,679,140,96,87,197,769,1430,2273,4397,7043,7671,9470,2419,328,441,635,795,1042,1231,1972,2425,3352,3691,3450,4221,5274,4196,1961,458,775,284,54
Latvia,1993,40529,458,614,156,101,96,220,842,1607,2577,4951,8018,8437,10325,2681,365,477,707,900,1188,1389,2168,2783,3706,4312,4138,4299,5739,4586,2190,491,715,316,57
Latvia,1994,43030,406,560,154,104,103,231,884,1723,2799,5353,8713,9018,10669,2817,393,491,743,980,1281,1518,2272,3081,3917,4796,4693,4325,5902,4767,2311,506,664,334,55
Latvia,1995,40064,411,537,126,93,93,208,798,1561,2629,4933,8187,8620,9700,2655,355,443,660,901,1190,1439,2027,2906,3592,4595,4645,3975,5297,4403,2174,481,630,301,50
Latvia,1996,35322,303,408,105,77,79,177,679,1326,2324,4236,7223,8002,8328,2420,300,379,544,782,1033,1291,1703,2533,3130,4093,4334,3668,4411,3917,1970,450,485,256,46
Latvia,1997,34589,293,382,89,73,74,168,636,1236,2247,4016,7000,8332,7911,2464,279,357,491,745,986,1261,1596,2420,3035,3965,4450,3882,4017,3894,1990,474,455,242,47
Latvia,1998,35199,279,361,82,70,70,166,624,1205,2279,3982,7061,8991,7782,2558,272,352,469,736,996,1283,1604,2378,3115,3946,4701,4290,3802,3980,2047,511,431,236,50
Latvia,1999,33824,227,303,76,61,64,155,589,1113,2185,3762,6774,9034,7241,2489,254,335,424,689,957,1228,1544,2218,3052,3722,4639,4395,3481,3760,1975,514,364,219,51
Latvia,2000,33223,242,307,65,55,59,145,554,1044,2121,3609,6604,9191,6971,2502,237,317,403,641,921,1200,1523,2086,3003,3601,4623,4568,3389,3582,1971,531,362,204,56
Latvia,2001,34111,221,284,63,50,57,144,548,1023,2159,3646,6724,9691,7092,2625,235,313,402,621,936,1223,1589,2057,3047,3677,4758,4933,3633,3459,2062,563,334,201,63
Latvia,2002,33744,209,268,59,46,53,138,522,966,2114,3559,6609,9737,7022,2640,224,298,391,575,916,1198,1582,1977,2962,3647,4655,5082,3861,3161,2077,563,314,191,68
Latvia,2003,33686,204,259,55,40,49,124,495,903,2048,3484,6469,9799,7214,2718,214,281,371,532,876,1172,1555,1929,2819,3650,4525,5274,4228,2986,2140,578,299,173,73
Latvia,2004,33267,181,234,53,38,45,117,472,863,2008,3447,6369,9670,7265,2664,205,267,365,498,842,1166,1528,1919,2695,3674,4369,5301,4446,2819,2086,578,272,162,76
Latvia,2005,34053,166,217,51,34,43,115,464,863,2016,3574,6448,9885,7649,2660,199,265,364,499,830,1186,1571,2003,2652,3796,4416,5469,4794,2855,2058,602,251,158,80
Latvia,2006,34218,172,218,46,34,40,107,447,838,1964,3602,6306,9895,8097,2586,192,255,350,488,782,1182,1560,2042,2540,3766,4409,5486,5094,3003,1957,629,252,147,84
Latvia,2007,34098,190,234,44,31,34,100,425,804,1885,3565,6104,9801,8549,2479,184,241,332,472,726,1159,1531,2034,2438,3666,4406,5395,5322,3227,1826,653,265,134,86
Latvia,2008,32053,165,207,42,29,29,89,382,737,1713,3348,5604,9147,8435,2250,159,223,302,435,649,1064,1442,1906,2282,3322,4204,4943,5161,3274,1617,633,236,118,86
Latvia,2009,30842,155,193,38,26,26,79,341,677,1556,3158,5231,8750,8533,2183,140,201,274,403,580,976,1376,1782,2194,3037,4112,4638,5109,3424,1550,633,219,105,91
Latvia,2010,31115,104,144,40,23,25,74,325,655,1503,3149,5164,8804,8916,2230,134,191,264,391,568,935,1370,1779,2259,2905,4193,4611,5224,3692,1593,637,167,99,101
Latvia,2011,29661,116,148,32,21,21,62,295,598,1366,2975,4834,8343,8701,2192,120,175,241,357,530,836,1302,1673,2208,2626,3976,4367,4972,3729,1601,591,169,83,105
Latvia,2012,30206,117,148,31,21,22,52,284,572,1304,2965,4811,8452,9074,2383,115,169,230,342,519,785,1301,1664,2247,2564,3969,4483,5041,4033,1788,595,169,74,119
Latvia,2013,29934,86,115,29,19,19,48,258,544,1232,2893,4733,8327,9092,2524,105,153,220,324,498,734,1250,1643,2212,2521,3797,4530,4915,4177,1942,582,134,67,127
Latvia,2014,29746,81,105,24,19,19,46,239,522,1183,2866,4732,8242,8999,2642,97,142,211,311,489,694,1211,1655,2176,2556,3630,4612,4768,4231,2068,574,124,65,131
Latvia,2015,29737,87,109,22,18,17,42,222,489,1128,2755,4739,8115,9107,2862,89,133,197,292,463,665,1137,1618,2137,2602,3431,4684,4755,4352,2262,600,127,59,133
Latvia,2016,30012,80,102,22,17,16,40,208,473,1110,2725,4858,8034,9223,3076,81,127,191,282,448,662,1084,1641,2144,2714,3298,4736,4812,4411,2437,639,119,56,130
Latvia,2017,30315,76,97,21,16,16,38,193,458,1088,2676,4926,7962,9405,3315,70,123,186,272,434,654,1026,1650,2146,2780,3227,4735,4953,4452,2612,703,113,54,127
Latvia,2018,30338,57,77,20,14,15,35,181,436,1055,2592,4950,7828,9514,3515,65,116,171,265,416,639,975,1617,2161,2789,3224,4604,5095,4419,2745,770,91,50,125
Latvia,2019,29413,60,78,18,13,15,33,161,401,991,2408,4771,7471,9356,3595,59,102,155,246,385,606,892,1516,2106,2665,3183,4288,5108,4248,2771,824,91,48,124
Latvia,2020,30538,57,74,17,12,14,26,135,357,949,2346,4887,7749,10008,3849,49,86,133,224,364,585,878,1468,2144,2743,3454,4295,5555,4453,2927,922,86,40,133
Latvia,2021,36094,53,69,16,11,13,31,149,417,1077,2671,5743,9134,12189,4434,56,93,156,261,419,658,1027,1644,2529,3214,4268,4866,6773,5416,3349,1085,80,44,154
Least developed countries,1950,5406794,1865061,3065034,1199973,253574,119749,127719,282951,261203,247035,261115,319891,334810,124588,8999,144840,138111,133646,127557,124342,122693,126760,134355,152655,167236,179834,154976,90831,33757,7897,1102,3318608,247468,126
Least developed countries,1951,5447672,1887695,3084896,1197201,258335,121061,128954,285968,264495,250540,265198,320429,332326,126848,8502,146360,139608,135240,129255,125882,124658,129016,136182,153799,166630,177977,154349,92293,34555,7533,969,3343231,250015,119
Least developed countries,1952,5456147,1893030,3086047,1193017,257360,121591,129498,287576,266302,252504,268289,320752,329020,128741,8353,147129,140447,135998,130304,126756,125748,130935,137354,154873,165879,175667,153353,93835,34906,7367,986,3343407,251089,112
Least developed countries,1953,5491672,1900595,3095697,1195102,268688,122646,130473,289997,268874,255113,272268,322472,326354,130536,8454,148270,141727,137104,131770,128044,127069,133381,138887,156668,165804,173799,152555,95287,35249,7461,993,3364385,253119,97
Least developed countries,1954,5498187,1907428,3104561,1197133,259592,123476,130752,290461,269724,256365,275142,323941,323510,131908,8667,148422,142039,137331,132393,128652,127713,135108,140034,158114,165827,172149,151361,96047,35861,7717,950,3364153,254228,87
Least developed countries,1955,5521457,1915792,3115694,1199902,259804,124554,131396,291798,271387,258309,278530,326347,321426,133178,8959,148981,142817,138018,133369,129649,128660,136865,141665,159855,166492,171190,150236,96416,36762,8031,928,3375498,255950,75
Least developed countries,1956,5561706,1926043,3131243,1205200,262997,126634,132911,294826,274308,261356,282927,330158,320462,134574,9233,150459,144367,139457,134851,131234,130122,138880,144047,162054,168104,171052,149410,96771,37803,8290,943,3394240,259545,75
Least developed countries,1957,5722342,1974515,3219953,1245438,276801,134427,136873,301658,280905,268788,292433,339630,324359,136960,9473,153969,147689,142736,138169,134927,133861,143206,149227,166677,172953,173822,150537,97932,39028,8505,968,3496754,271300,81
Least developed countries,1958,5775711,1983351,3232220,1248869,282761,138226,140471,308166,286637,273529,297720,344218,323877,138110,9691,157264,150902,145764,140873,137478,136051,145248,152472,168823,175395,174186,149691,98099,40011,8680,1011,3514981,278697,85
Least developed countries,1959,5677315,1955649,3168297,1212648,272377,132441,138822,304986,283545,270517,295457,343007,319714,138059,10009,155670,149316,144318,139227,136089,134428,143489,151968,168082,174925,172399,147315,97456,40603,8951,1058,3440674,271263,83
Least developed countries,1960,5742300,1976886,3200157,1223271,278343,133735,141008,307794,286219,273820,300061,349054,322386,139225,10413,157230,150564,145707,140512,137721,136099,145295,154766,170979,178075,174444,147942,97872,41353,9301,1112,3478500,274743,84
Least developed countries,1961,5793088,1990513,3219719,1229206,280736,134275,143291,313021,289851,277196,304041,354747,325202,140040,10877,160077,152944,147713,142138,139381,137815,146943,157098,173887,180860,176639,148563,98085,41955,9726,1151,3500455,277566,92
Least developed countries,1962,5834706,2005658,3241875,1236217,282031,134103,144617,315050,291440,279123,306652,359635,328324,140515,11242,161212,153838,148503,142937,140180,138943,148054,158598,176611,183024,179095,149229,98106,42409,10069,1173,3523906,278720,98
Least developed countries,1963,5942198,2026104,3282521,1256417,292484,138315,148569,324470,299054,286091,313657,368804,334788,141759,11579,166232,158238,152405,146649,143587,142504,151513,162144,181686,187118,183495,151293,98767,42992,10395,1184,3575005,286884,106
Least developed countries,1964,5933037,2032841,3285499,1252658,286775,134526,145710,321262,295616,284608,313857,372379,338205,142563,11925,164940,156322,150560,145056,142402,142206,151476,162381,183643,188736,185860,152345,99127,43436,10686,1239,3572274,280236,109
Least developed countries,1965,6075886,2057892,3336792,1278900,303556,143183,151097,332831,304965,293415,322749,383227,346884,144761,12306,171324,161507,155211,149754,146746,146669,155929,166820,189211,194016,191087,155797,100639,44122,10983,1323,3640348,294280,119
Least developed countries,1966,6156229,2084134,3377021,1292887,305343,144970,152802,338243,308815,297293,327581,390704,354039,146665,12629,174492,163751,157072,151743,148573,148720,158303,169278,192703,198001,195053,158986,101979,44686,11257,1372,3682364,297772,121
Least developed countries,1967,6167560,2088706,3373258,1284552,304940,144140,152586,340054,309240,297964,329385,395328,359213,148344,12982,175815,164239,157291,151949,148825,149139,159194,170191,194240,201088,197589,161624,103104,45240,11545,1437,3678198,296726,126
Least developed countries,1968,6242604,2114966,3412492,1297526,309763,145870,153938,342494,310987,300394,333505,402391,366555,150716,13365,177162,165332,158126,152861,149967,150427,161164,172341,196831,205560,201133,165422,104790,45926,11859,1506,3722255,299808,134
Least developed countries,1969,6346259,2144899,3461183,1316284,315492,148763,157155,347815,315048,304962,339866,411731,376176,154183,13741,179616,168199,160204,154844,152204,152758,164225,175641,200646,211085,205951,170225,107283,46900,12166,1575,3776675,305918,143
Least developed countries,1970,6795867,2219931,3632579,1412648,384475,179799,177074,381945,343631,330486,364016,434967,393889,158940,13921,196947,184998,175048,168583,165390,165096,176353,187663,212100,222867,215912,177977,110943,47997,12345,1576,4017054,356873,144
Least developed countries,1971,8131901,2362617,3970640,1608023,429487,197789,249832,626282,509824,458429,479007,546280,474768,175124,14294,322154,304128,264999,244825,231380,227049,233876,245131,268127,278153,263834,210934,123932,51192,12731,1563,4400127,447621,145
Least developed countries,1972,6667026,2228784,3596293,1367509,337409,161266,172103,374564,332880,321923,359601,435143,399384,162267,14053,193008,181556,169646,163234,160720,161203,173679,185922,211176,223967,219116,180268,113546,48721,12477,1576,3933702,333369,140
Least developed countries,1973,6665831,2248283,3621324,1373041,334478,158258,167388,361561,323357,317100,358526,437725,406130,165712,14128,186601,174960,164427,158930,157835,159265,172541,185985,212053,225672,222996,183134,116189,49523,12542,1586,3955802,325646,143
Least developed countries,1974,6851517,2305081,3727089,1422008,346846,162526,170091,366026,327039,323149,368452,451838,421962,171935,14420,189720,176306,166338,160701,160353,162796,176837,191615,218737,233101,231966,189996,120810,51125,12837,1583,4073935,332617,139
Least developed countries,1975,7336956,2347904,3841173,1493269,381527,180274,204663,447754,375486,363617,405860,488544,452080,180963,14876,237459,210295,192185,183301,180898,182719,195452,210408,237283,251261,249426,202654,127510,53453,13271,1605,4222700,384937,139
Least developed countries,1976,7313192,2321330,3768616,1447286,401633,218820,224183,440890,382555,363717,398098,474459,443201,181759,15129,232017,208873,195072,187483,182132,181585,192576,205522,230884,243575,243303,199898,127657,54102,13540,1589,4170249,443003,132
Least developed countries,1977,7027739,2333848,3755467,1421619,365466,177324,184034,383085,338882,331041,377958,467643,445506,185549,15652,200397,182688,173446,165436,164144,166897,180962,196996,226234,241409,243271,202235,129859,55690,14001,1651,4120933,361358,132
Least developed countries,1978,7083917,2356119,3783624,1427505,358157,167483,180050,389917,339200,332074,383188,479731,460757,193280,16324,204680,185237,174233,164967,164201,167873,182956,200232,231732,247999,250433,210324,134923,58357,14599,1725,4141781,347533,130
Least developed countries,1979,7140769,2378196,3805614,1427418,359738,168335,180091,390429,339303,332345,385822,487389,472438,201188,17874,204427,186002,174035,165268,164156,168189,184035,201787,235108,252281,255502,216936,139794,61394,15738,2136,4165352,348426,203
Least developed countries,1980,7195901,2400792,3832578,1431786,359613,170011,179569,389636,339051,331824,387758,494383,483352,208707,19153,202987,186649,173577,165474,163782,168042,184736,203022,238013,256370,260453,222899,144496,64211,16745,2408,4192191,349580,263
Least developed countries,1981,7248696,2406381,3840952,1434571,365689,172265,180925,392817,340785,332854,390668,501495,493707,215894,20327,204474,188343,174167,166618,164218,168636,185992,204676,240889,260606,265394,228313,149113,66781,17683,2644,4206641,353190,316
Least developed countries,1982,7317197,2404618,3839274,1434656,369305,175075,185102,403516,347808,337599,396513,510886,506130,224125,21535,210140,193376,177723,170085,166545,171054,188744,207769,244759,266127,271651,234479,154565,69560,18742,2793,4208579,360177,329
Least developed countries,1983,7780669,2520895,4072414,1551519,406823,195989,198919,430275,370945,358036,418574,537103,531759,236106,23325,224108,206167,189677,181268,176816,181220,199469,219105,257061,280042,285555,246204,162825,73281,20146,3179,4479237,394908,401
Least developed countries,1984,7954454,2533762,4096587,1562825,418471,202602,210588,461115,392518,373888,431991,550591,546282,244758,24635,240518,220597,201843,190675,185401,188487,206205,225786,263096,287495,293347,252935,168576,76182,21282,3353,4515058,413190,428
Least developed countries,1985,8019467,2536605,4094596,1557991,425864,205980,214560,467427,399158,379640,437574,558805,556937,252409,26047,243649,223778,206041,193117,188700,190940,208677,228897,266546,292259,298783,258154,173387,79022,22427,3620,4520460,420540,470
Least developed countries,1986,7955602,2498831,4014591,1515760,415787,201540,214541,468102,400779,380751,439097,563783,567489,261123,27526,243906,224196,207321,193458,189676,191075,209112,229985,268259,295524,303756,263733,178731,82392,23670,3856,4430378,416081,493
Least developed countries,1987,7937350,2427148,3891955,1464807,413756,204780,225540,493907,421316,392842,445397,571045,578093,269137,29049,256844,237063,218685,202631,197156,195686,212432,232965,271570,299475,308960,269133,183443,85694,24894,4155,4305711,430320,532
Least developed countries,1988,8295165,2502898,4057630,1554732,440791,213467,231755,509550,438094,409430,465536,601185,608569,285129,33316,265217,244333,226676,211418,205486,203944,221609,243927,285737,315448,325244,283325,193105,92024,28062,5254,4498421,445222,712
Least developed countries,1989,7943889,2392446,3822974,1430528,412711,203137,221846,480917,420786,396784,455971,592853,610339,291196,33676,249736,231181,216691,204095,198306,198478,216680,239291,281457,311396,324828,285511,196695,94501,28467,5209,4235685,424983,698
Least developed countries,1990,8036199,2389838,3818804,1428966,415418,206522,227935,501342,437169,408435,465023,603018,621446,296656,33743,260622,240720,224750,212419,204086,204349,221265,243758,286553,316465,330525,290921,200450,96206,28645,5098,4234222,434457,687
Least developed countries,1991,8316972,2430299,3924295,1493996,460277,229392,236722,509349,452151,423754,479751,620827,639822,305611,34348,264532,244817,231369,220782,211502,212252,228498,251253,295239,325588,339972,299850,206569,99042,29290,5058,4384572,466114,671
Least developed countries,1992,8316089,2405402,3866899,1461497,446035,224863,240931,529000,467240,434207,484056,626943,647373,312257,35596,274361,254639,239238,228002,217087,217120,230855,253201,297953,328990,343270,304103,210677,101580,30343,5253,4312934,465794,688
Least developed countries,1993,8281730,2358865,3766867,1408002,434143,224803,244785,541459,479654,444530,491218,636833,659337,321065,36369,280155,261304,245533,234121,222761,221769,234613,256605,302479,334354,348838,310499,216444,104621,31144,5225,4201010,469588,666
Least developed countries,1994,8721584,2355469,3741602,1386133,435866,236793,293460,655233,591777,519019,534548,670836,675686,329182,36916,338380,316853,303919,287858,269479,249540,257908,276640,321307,349529,358286,317400,221926,107256,31714,5202,4177468,530253,665
Least developed countries,1995,8188943,2332443,3689574,1357131,422393,216637,237336,526341,469849,444299,493748,640442,673993,334452,38989,270901,255440,239936,229913,223306,220993,236739,257009,302572,337870,354751,319242,224810,109642,32987,6002,4111967,453973,890
Least developed countries,1996,8305636,2323937,3671214,1347277,428606,220710,244837,545050,485511,459557,510276,658654,694947,346498,38935,279945,265105,248009,237502,231306,228251,245511,264765,311207,347447,365486,329461,232813,113685,33526,5409,4099820,465547,841
Least developed countries,1997,8244906,2302530,3629298,1326768,423886,219227,243487,543204,485829,460404,509431,653994,690498,346455,38472,278201,265003,248199,237630,231971,228433,246004,263427,309238,344756,363251,327247,232442,114013,33483,4989,4053184,462714,721
Least developed countries,1998,8430640,2304616,3653009,1348393,440605,230133,260064,590924,518486,481957,520294,656052,691076,347470,39845,303048,287876,266167,252319,243872,238085,252841,267453,310529,345523,364117,326959,232619,114851,34349,5496,4093614,490197,724
Least developed countries,1999,8088065,2229923,3486066,1256143,410267,210065,242539,560203,497488,464998,504734,640093,680198,348871,41798,286706,273497,255615,241873,234494,230504,244288,260446,302472,337621,357253,322945,232571,116300,35749,6049,3896333,452604,743
Least developed countries,2000,8029245,2189954,3404155,1214201,404180,209183,236397,534023,486133,465248,512392,655593,704443,370060,46599,272789,261234,248748,237385,232860,232388,246653,265739,309252,346341,368370,336073,245105,124955,39627,6972,3808335,445580,838
Least developed countries,2001,8009784,2140927,3308190,1167263,401169,207918,237447,539876,492856,473259,522011,666585,721688,386279,51521,276178,263698,252279,240577,236325,236934,250710,271301,314330,352255,376099,345589,254374,131905,43294,8227,3709359,445365,985
Least developed countries,2002,8003720,2095263,3221877,1126614,399559,207171,238585,545430,500059,481955,533462,678406,738689,401438,55860,279132,266298,255891,244168,240213,241742,255768,277694,319993,358413,383779,354910,263073,138365,46559,9301,3621436,445756,1228
Least developed countries,2003,7959201,2048295,3131509,1083214,394838,203188,236249,541770,499366,485444,542537,689388,756051,417204,60203,277376,264394,255097,244269,241138,244306,260331,282206,325103,364285,391443,364608,272111,145093,49939,10264,3526347,439437,1453
Least developed countries,2004,7941483,2000592,3046134,1045542,389590,202000,236945,546283,502922,491411,553500,701985,773294,431851,63909,279707,266576,256485,246437,243467,247944,266513,286987,331348,370637,399295,373999,280589,151262,52916,10993,3435724,438945,1658
Least developed countries,2005,7896840,1948100,2950194,1002094,381791,199447,235234,545580,502773,494141,562623,715155,791178,448427,68444,278923,266657,255909,246864,244101,250040,271709,290914,337953,377202,407365,383813,290150,158277,56436,12008,3331985,434681,1853
Least developed countries,2006,7834515,1900498,2858257,957759,370183,194838,230593,537920,499819,494728,569944,728913,809681,465385,72297,274092,263828,253755,246064,243808,250920,275312,294632,344790,384123,415653,394028,300195,165190,59578,12719,3228440,425431,1957
Least developed countries,2007,7823154,1853869,2772509,918640,361931,191802,228199,537179,501985,500001,582057,748534,834843,485953,76178,273056,264123,254359,247626,245849,254152,280988,301069,354503,394031,427413,407430,312808,173145,62870,13308,3134440,420001,1983
Least developed countries,2008,7906419,1813716,2717158,903442,372588,199092,231593,544424,513848,516044,603106,770018,858467,500658,77506,275961,268463,259480,254368,253729,262315,290722,312384,365058,404960,439107,419360,322605,178053,64208,13298,3089746,430685,1917
Least developed countries,2009,7687764,1757760,2603851,846091,338290,183517,220408,526035,496900,502117,595942,767964,862580,509364,78906,266198,259837,251114,245786,246548,255569,285528,310414,362669,405295,440085,422495,327791,181573,65326,13580,2942141,403925,1890
Least developed countries,2010,7690135,1726250,2553910,827660,341559,189169,224790,530719,499204,506802,604386,775098,869348,513985,79306,268948,261771,252688,246516,249030,257772,288309,316077,365035,410063,443674,425674,330788,183197,65679,13627,2895469,413959,1858
Least developed countries,2011,7554907,1682014,2469908,787894,322018,177277,214521,510968,485181,498413,602655,780635,880922,528212,82304,258330,252638,245435,239746,244403,254010,285892,316763,366067,414568,448420,432502,339044,189168,68056,14248,2791926,391798,1892
Least developed countries,2012,7493856,1641251,2395875,754624,315176,174161,212706,505665,480220,497480,605585,788757,891748,539183,85253,255805,249860,243076,237144,243566,253914,286416,319169,368961,419796,453352,438396,345309,193874,70072,15181,2711051,386867,2046
Least developed countries,2013,7486371,1607541,2336142,728601,307481,171318,211088,500979,476919,499486,614029,806684,914618,557450,88073,253534,247445,241554,235365,243573,255913,289466,324563,377644,429040,464435,450183,356083,201367,72585,15488,2643623,382406,2103
Least developed countries,2014,7493496,1579413,2286221,706808,304575,169653,211799,500577,477387,502881,620902,821910,933620,571386,90427,253662,246915,241517,235870,244571,258310,292239,328663,386214,435696,474196,459424,364370,207016,74683,15744,2590796,381452,2156
Least developed countries,2015,7512853,1554280,2240725,686445,301854,168976,213285,503670,479413,506860,627822,836940,953176,584634,93220,255858,247812,242298,237115,245711,261149,295224,332598,395013,441927,484656,468520,372218,212416,76994,16226,2542579,382261,2276
Least developed countries,2016,7472348,1526593,2189280,662687,293575,164526,210302,496500,474804,506018,630445,846703,968634,595236,94162,252659,243841,239275,235529,244397,261621,296312,334133,399934,446769,492961,475673,378543,216693,78400,15762,2482855,374828,2161
Least developed countries,2017,7488812,1500281,2140707,640426,289856,162929,211914,503013,478707,511004,637773,860069,986971,607348,96418,256892,246121,240989,237718,246352,264652,299908,337865,405960,454109,502907,484064,385910,221438,80448,15970,2430563,374843,2103
Least developed countries,2018,7499077,1479245,2101357,622112,285773,161108,212223,507366,480539,513458,642784,872051,1002160,619072,99134,259771,247595,241618,238921,247193,266265,302531,340253,410037,462014,510264,491896,392929,226143,82807,16327,2387130,373331,2051
Least developed countries,2019,7548999,1461969,2070012,608043,282531,160194,211150,504909,480752,519328,654302,893968,1028490,638353,102969,258816,246093,240884,239868,249568,269760,308286,346016,418175,475793,522087,506403,404617,233736,85977,16992,2352543,371344,2040
Least developed countries,2020,7966235,1441351,2031878,590527,283536,158027,203683,484142,473650,546241,748809,1055433,1156634,709307,112840,247077,237065,233049,240601,258299,287942,340274,408535,486787,568646,596974,559660,446945,262362,94563,18277,2315414,361710,2053
Least developed countries,2021,8362236,1424127,2002358,578231,279134,161421,224721,516214,503235,601034,827514,1154128,1237709,738860,113812,263547,252667,247032,256203,280809,320225,387454,440060,539900,614228,642187,595522,467576,271284,95282,18530,2281492,386142,2094
Lebanon,1950,17092,3935,5150,1215,216,163,248,599,563,830,1334,2376,3419,1887,301,321,278,226,337,380,450,559,775,991,1385,1708,1711,1188,699,254,47,5366,411,6
Lebanon,1951,17448,4151,5474,1323,216,157,242,605,544,834,1326,2350,3463,1936,298,319,286,224,320,382,452,556,770,987,1363,1711,1752,1242,694,256,42,5690,399,6
Lebanon,1952,17610,4125,5536,1411,219,153,239,615,534,851,1324,2336,3501,1997,303,319,296,235,299,392,459,563,761,1000,1336,1718,1783,1312,685,257,46,5755,392,6
Lebanon,1953,17615,4102,5544,1442,219,145,230,606,514,851,1308,2309,3519,2063,302,310,296,245,269,395,456,565,743,1008,1301,1713,1806,1380,683,256,46,5763,375,5
Lebanon,1954,17647,4081,5522,1441,228,142,225,603,509,851,1303,2295,3529,2139,301,305,298,260,249,392,459,572,731,1016,1279,1703,1826,1442,697,258,43,5750,367,5
Lebanon,1955,18194,4205,5749,1544,272,151,228,621,528,874,1334,2325,3574,2229,304,310,311,281,247,397,477,592,742,1039,1286,1713,1861,1500,729,260,44,6021,379,4
Lebanon,1956,17693,4037,5442,1405,268,145,214,590,518,839,1311,2278,3503,2284,300,292,298,280,238,368,471,585,726,1014,1264,1661,1842,1523,761,256,44,5710,359,4
Lebanon,1957,17598,4014,5382,1368,266,135,200,565,522,811,1310,2268,3476,2362,298,278,287,280,242,337,474,583,727,995,1273,1626,1850,1556,806,254,44,5648,335,4
Lebanon,1958,19119,3991,5339,1348,280,145,292,1055,859,995,1472,2380,3531,2464,302,522,533,478,381,406,589,666,806,1035,1345,1638,1893,1605,859,256,46,5619,437,4
Lebanon,1959,17602,3969,5290,1321,274,139,187,534,553,767,1338,2275,3426,2503,310,260,274,283,270,283,484,591,747,965,1310,1572,1854,1610,893,264,46,5564,326,4
Lebanon,1960,17692,3945,5234,1289,282,149,189,530,574,757,1371,2293,3422,2559,325,258,272,287,287,275,482,605,766,968,1325,1572,1850,1633,926,279,46,5516,338,4
Lebanon,1961,17586,3921,5181,1260,273,154,183,503,571,729,1377,2278,3394,2599,341,244,259,280,291,271,458,608,769,962,1316,1570,1824,1645,954,295,46,5454,337,4
Lebanon,1962,17804,3912,5144,1232,281,170,191,507,595,727,1430,2310,3423,2657,361,245,262,287,308,290,437,638,792,988,1322,1609,1814,1673,984,315,46,5425,361,4
Lebanon,1963,17872,3891,5109,1218,281,179,196,495,601,716,1461,2318,3437,2696,382,239,256,284,317,312,404,657,804,1010,1308,1647,1790,1688,1008,336,46,5390,375,4
Lebanon,1964,17901,3855,5058,1203,278,185,202,485,597,710,1479,2327,3450,2726,399,235,250,278,319,332,378,662,817,1030,1297,1675,1775,1696,1030,351,48,5336,387,4
Lebanon,1965,18045,3809,4995,1186,284,194,220,488,609,728,1505,2367,3486,2748,415,238,250,280,329,356,372,664,841,1059,1308,1702,1784,1700,1048,365,50,5279,414,4
Lebanon,1966,18195,3773,4940,1167,291,200,241,496,620,757,1521,2411,3525,2761,432,245,251,282,338,378,379,652,869,1086,1325,1717,1808,1695,1066,378,54,5231,441,4
Lebanon,1967,18134,3757,4906,1149,277,194,252,478,598,775,1494,2431,3530,2748,444,241,237,271,327,384,391,606,888,1095,1336,1697,1833,1670,1078,388,56,5183,446,4
Lebanon,1968,18287,3740,4872,1132,282,199,271,490,601,825,1484,2489,3568,2743,460,253,237,270,331,400,425,564,920,1118,1371,1686,1882,1653,1090,399,61,5154,470,4
Lebanon,1969,18518,3750,4870,1120,287,203,290,507,604,878,1477,2564,3614,2750,471,270,237,270,334,414,464,536,941,1150,1414,1687,1927,1651,1099,407,64,5157,493,4
Lebanon,1970,18757,3764,4873,1109,291,207,305,535,606,923,1473,2636,3658,2766,483,293,242,270,336,427,496,527,946,1183,1453,1701,1957,1664,1102,416,67,5164,512,4
Lebanon,1971,18970,3772,4868,1096,292,211,314,568,605,964,1461,2711,3693,2785,491,321,247,269,336,437,527,536,925,1220,1491,1723,1970,1688,1097,422,69,5160,525,5
Lebanon,1972,19242,3802,4888,1086,294,216,320,606,607,998,1449,2800,3737,2819,500,351,255,269,338,443,555,569,880,1272,1528,1765,1972,1731,1088,429,71,5182,536,5
Lebanon,1973,19240,3818,4892,1074,281,209,314,618,582,997,1412,2842,3739,2841,504,361,257,257,325,433,564,606,806,1299,1543,1794,1945,1766,1075,433,71,5173,523,5
Lebanon,1974,19528,3835,4897,1062,284,213,322,660,583,1023,1427,2919,3797,2886,513,386,274,258,325,438,585,661,766,1332,1587,1849,1948,1810,1076,437,76,5181,535,5
Lebanon,1975,30009,3876,4989,1113,317,287,1331,4543,2451,2476,2247,3575,4232,3031,521,2681,1862,1271,1180,1212,1264,1171,1076,1669,1906,2113,2119,1918,1113,444,77,5306,1618,6
Lebanon,1976,84780,8985,18911,9926,4276,2232,4366,12211,6507,6989,6289,8823,8940,4605,625,6942,5269,3323,3184,3361,3628,3421,2868,4123,4700,4758,4182,3060,1545,537,88,23187,6598,6
Lebanon,1977,36970,5759,8764,3005,1149,667,1227,3284,1896,2457,2882,4686,5629,3727,596,1821,1463,949,947,1105,1352,1486,1396,2022,2664,2874,2755,2347,1380,503,93,9913,1894,6
Lebanon,1978,37417,5742,8755,3013,1162,673,1254,3446,1939,2467,3062,4640,5722,3703,590,1871,1575,994,945,1104,1363,1551,1511,1886,2754,2920,2802,2305,1398,496,94,9917,1927,7
Lebanon,1979,30504,4600,7039,2439,943,545,1031,2919,1615,1985,2639,3670,4699,2947,469,1552,1367,856,759,883,1102,1298,1341,1406,2264,2398,2301,1817,1130,394,75,7982,1576,6
Lebanon,1980,30740,4585,7034,2449,942,544,1039,2996,1685,1964,2742,3609,4777,2929,470,1583,1413,923,762,870,1094,1321,1421,1367,2242,2440,2337,1804,1125,395,75,7976,1583,6
Lebanon,1981,30955,4575,7034,2459,939,541,1043,3045,1773,1941,2829,3550,4865,2914,470,1609,1436,1002,771,855,1086,1336,1493,1382,2168,2495,2370,1804,1110,396,74,7973,1584,6
Lebanon,1982,59614,6736,12989,6253,2595,1379,2794,8638,4843,4223,5354,5613,7129,3534,518,4577,4061,2866,1977,1943,2280,2586,2768,2424,3189,3807,3322,2273,1261,442,76,15584,4173,6
Lebanon,1983,30967,3812,5263,1451,531,371,1294,4754,2730,2149,2924,3185,4595,2712,452,2532,2222,1662,1068,988,1161,1358,1566,1470,1715,2395,2200,1710,1002,385,67,5794,1665,5
Lebanon,1984,30913,3716,5122,1406,523,364,1278,4760,2834,2102,2929,3170,4645,2726,454,2529,2231,1725,1109,970,1132,1339,1590,1570,1600,2414,2231,1737,989,386,68,5645,1642,5
Lebanon,1985,31213,3592,4957,1365,531,365,1282,4815,2971,2097,2969,3256,4720,2788,458,2547,2268,1776,1195,977,1120,1338,1631,1680,1576,2414,2306,1790,998,389,69,5488,1647,5
Lebanon,1986,31043,3447,4795,1348,521,353,1264,4792,3051,2052,2928,3321,4678,2823,456,2526,2266,1772,1279,971,1081,1303,1625,1739,1582,2319,2359,1818,1005,386,70,5316,1617,5
Lebanon,1987,31459,3918,6252,2334,975,534,1034,3192,2314,1833,2978,3788,5054,3033,468,1656,1536,1254,1060,841,992,1290,1688,1956,1832,2397,2657,1966,1067,396,72,7227,1568,6
Lebanon,1988,31571,3824,6114,2290,980,531,1030,3205,2390,1841,2958,3998,4963,3091,465,1655,1550,1268,1122,868,973,1273,1685,2016,1982,2219,2744,1999,1092,389,76,7094,1561,6
Lebanon,1989,28090,2803,3397,594,230,213,1099,4475,3070,1890,2594,3538,4205,2931,449,2334,2141,1693,1377,964,926,1125,1469,1742,1796,1777,2428,1874,1057,374,75,3627,1312,5
Lebanon,1990,28226,2677,3236,559,233,215,1085,4415,3090,1949,2573,3714,4207,3052,457,2296,2119,1691,1399,1025,924,1107,1466,1787,1927,1760,2447,1953,1099,382,75,3469,1300,6
Lebanon,1991,19057,2537,3060,523,229,171,283,742,810,959,1854,3384,3977,3114,465,372,370,381,429,450,509,741,1113,1547,1837,1689,2288,1992,1122,390,75,3289,454,6
Lebanon,1992,19500,2415,2910,495,243,180,292,770,844,1032,1875,3546,4032,3288,481,385,385,398,446,499,533,746,1129,1591,1955,1828,2204,2120,1168,406,75,3153,472,6
Lebanon,1993,19687,2255,2727,472,236,179,295,787,863,1087,1867,3636,4072,3433,497,395,392,407,456,533,554,741,1126,1600,2036,2003,2069,2224,1209,422,75,2963,474,6
Lebanon,1994,19712,2100,2544,444,228,175,287,764,854,1128,1839,3687,4148,3540,515,384,380,401,453,554,574,730,1109,1593,2094,2174,1974,2283,1257,439,76,2772,462,6
Lebanon,1995,19666,1970,2390,420,218,166,274,721,826,1152,1800,3704,4268,3603,537,360,361,384,442,554,598,718,1082,1573,2131,2315,1953,2290,1313,458,79,2608,440,7
Lebanon,1996,19840,1882,2281,399,216,164,276,723,830,1199,1786,3725,4455,3613,559,361,362,386,444,556,643,723,1063,1561,2164,2446,2009,2235,1378,476,83,2497,440,7
Lebanon,1997,19657,1768,2117,349,194,154,264,692,800,1219,1750,3676,4653,3556,577,346,346,369,431,545,674,722,1028,1525,2151,2528,2125,2107,1449,492,85,2311,418,7
Lebanon,1998,20004,1680,2001,321,191,153,264,682,798,1272,1775,3710,5001,3539,605,340,342,365,433,550,722,751,1024,1529,2181,2653,2348,2000,1539,516,89,2192,417,7
Lebanon,1999,19744,1595,1889,294,173,141,247,629,743,1251,1740,3608,5206,3475,634,314,315,337,406,525,726,754,986,1473,2135,2688,2518,1903,1572,539,95,2062,388,7
Lebanon,2000,19674,1505,1775,270,161,136,237,598,713,1242,1756,3532,5393,3461,666,300,298,321,392,514,728,786,970,1430,2102,2723,2670,1893,1568,566,100,1936,373,7
Lebanon,2001,19637,1411,1659,248,149,130,227,571,686,1220,1796,3452,5544,3485,708,288,283,309,377,503,717,833,963,1387,2065,2741,2803,1955,1530,602,106,1808,357,8
Lebanon,2002,19143,1311,1545,234,135,119,212,537,641,1161,1788,3273,5512,3469,744,273,264,288,353,475,686,850,938,1305,1968,2670,2842,2045,1424,634,110,1680,331,8
Lebanon,2003,18897,1205,1417,212,123,111,199,504,604,1117,1801,3144,5525,3564,780,257,247,271,333,455,662,868,933,1243,1901,2619,2906,2223,1341,662,118,1540,310,9
Lebanon,2004,19008,1101,1297,196,117,105,193,495,589,1108,1865,3082,5589,3732,823,253,242,264,325,449,659,901,964,1219,1863,2602,2987,2422,1310,694,129,1414,298,10
Lebanon,2005,19308,1008,1184,176,113,101,189,492,582,1110,1947,3061,5686,3976,858,251,241,261,321,447,663,923,1024,1219,1842,2605,3081,2625,1351,716,142,1297,290,11
Lebanon,2006,20394,933,1087,154,104,100,273,911,856,1272,2092,3016,5648,4163,857,469,442,414,442,539,733,968,1124,1224,1792,2555,3093,2750,1413,702,155,1191,373,12
Lebanon,2007,19629,862,1010,148,103,90,179,471,552,1080,2076,2979,5696,4503,872,239,232,246,306,430,650,914,1162,1226,1753,2545,3151,2934,1569,696,176,1113,269,14
Lebanon,2008,19678,812,955,143,97,84,169,453,531,1044,2091,2923,5629,4812,877,227,226,236,295,413,631,893,1198,1232,1691,2489,3140,3062,1750,680,197,1052,253,15
Lebanon,2009,20008,780,910,130,92,79,160,439,517,1031,2141,2947,5621,5143,904,219,220,231,286,404,627,892,1249,1275,1672,2465,3156,3199,1944,689,215,1002,239,18
Lebanon,2010,20403,769,890,121,89,77,155,432,510,1023,2173,3020,5605,5452,958,216,216,228,282,400,623,895,1278,1352,1668,2436,3169,3323,2129,732,226,979,232,21
Lebanon,2011,20679,756,870,114,84,73,147,424,500,1005,2166,3118,5543,5694,1034,211,213,225,275,390,615,891,1275,1449,1669,2389,3154,3404,2290,802,232,954,220,24
Lebanon,2012,21151,736,851,115,83,72,142,422,500,1001,2177,3254,5522,5956,1139,210,212,226,274,390,611,893,1284,1551,1703,2358,3164,3492,2464,907,232,934,214,28
Lebanon,2013,22294,736,862,126,86,74,145,444,525,1035,2264,3508,5669,6355,1293,220,224,240,285,405,630,927,1337,1697,1811,2407,3262,3660,2695,1063,230,948,219,33
Lebanon,2014,25851,816,962,146,97,83,160,499,596,1169,2587,4159,6435,7445,1619,245,254,273,323,456,713,1056,1531,2017,2142,2729,3706,4222,3223,1345,274,1059,243,41
Lebanon,2015,27578,828,976,148,99,83,162,506,617,1206,2714,4547,6731,8018,1872,245,261,282,335,470,736,1102,1612,2169,2378,2865,3866,4479,3539,1556,316,1075,245,47
Lebanon,2016,27668,760,889,129,91,76,152,468,580,1136,2592,4618,6738,8205,2068,225,243,264,316,437,699,1047,1545,2084,2534,2909,3829,4519,3686,1708,360,980,228,50
Lebanon,2017,27974,698,820,122,92,74,154,464,568,1087,2505,4658,6821,8397,2282,226,238,260,308,415,672,1013,1492,2010,2648,3013,3808,4572,3825,1864,418,912,228,53
Lebanon,2018,28539,637,752,115,96,74,139,370,484,1006,2449,4722,7104,8739,2545,183,187,213,271,375,631,986,1463,1984,2738,3227,3877,4717,4022,2053,492,848,213,57
Lebanon,2019,30554,580,687,107,104,81,149,374,481,1016,2560,4983,7784,9390,2886,191,183,209,272,378,638,1033,1527,2081,2902,3637,4147,5039,4351,2301,585,791,230,63
Lebanon,2020,35782,525,622,97,110,86,124,303,433,1067,3029,6123,9504,10910,3397,157,146,175,258,391,676,1200,1829,2576,3547,4657,4847,5795,5115,2679,718,732,210,74
Lebanon,2021,46727,489,579,90,108,93,192,460,623,1511,4218,8399,12674,13831,3969,242,218,251,372,561,950,1682,2536,3583,4816,6243,6431,7373,6458,3186,783,687,285,74
Lesotho,1950,14075,4497,6590,2093,506,246,229,471,508,629,792,1156,1721,1069,153,239,232,241,267,300,329,376,416,496,660,842,879,692,377,127,26,7096,475,3
Lesotho,1951,13708,4240,6300,2060,514,252,239,484,506,621,797,1134,1676,1036,148,249,235,241,265,295,326,375,422,491,643,821,855,671,365,124,24,6814,491,3
Lesotho,1952,13434,4244,6155,1911,515,256,245,493,491,602,791,1107,1626,1008,144,256,237,235,256,285,317,369,422,487,620,795,831,652,356,120,24,6670,501,3
Lesotho,1953,13159,4221,6015,1794,514,257,250,500,480,582,780,1082,1580,978,142,262,238,230,250,276,306,363,417,484,598,773,807,634,344,118,24,6529,507,2
Lesotho,1954,12939,4215,5916,1701,518,255,254,508,467,562,768,1063,1535,954,138,268,240,226,241,266,296,354,414,487,576,750,785,618,336,115,23,6434,509,2
Lesotho,1955,12754,4201,5849,1648,504,255,259,519,461,542,756,1048,1495,934,134,276,243,225,236,257,285,347,409,490,558,730,765,605,329,112,22,6353,514,2
Lesotho,1956,12602,4188,5814,1626,479,256,263,533,454,523,740,1039,1453,912,132,285,248,224,230,248,275,337,403,492,547,708,745,591,321,110,22,6293,519,2
Lesotho,1957,12491,4191,5802,1611,462,257,269,550,450,505,724,1033,1415,892,128,295,255,225,225,240,265,327,397,491,542,686,729,578,314,106,22,6264,526,2
Lesotho,1958,12522,4218,5837,1619,455,261,269,557,461,520,726,1053,1377,874,127,295,262,231,230,247,273,328,398,502,551,665,712,566,308,106,21,6292,530,2
Lesotho,1959,12640,4266,5899,1633,452,272,272,570,480,540,738,1086,1344,859,124,298,272,242,238,257,283,335,403,514,572,647,697,555,304,104,20,6351,544,2
Lesotho,1960,12802,4343,6002,1659,459,278,275,581,495,564,748,1117,1315,843,123,300,281,251,244,266,298,344,404,523,594,633,682,544,299,103,20,6461,553,2
Lesotho,1961,13047,4438,6137,1699,478,283,282,593,520,591,768,1152,1293,830,121,304,289,264,256,278,313,358,410,530,622,626,667,535,295,101,20,6615,565,2
Lesotho,1962,13345,4550,6300,1750,499,289,291,607,548,618,788,1186,1280,814,117,309,298,279,269,290,328,372,416,539,647,631,649,524,290,99,18,6799,580,2
Lesotho,1963,13718,4674,6483,1809,524,294,307,626,581,653,824,1223,1279,804,117,318,308,296,285,305,348,394,430,550,673,648,631,516,288,99,18,7007,601,2
Lesotho,1964,14066,4794,6659,1865,547,299,325,641,611,685,854,1251,1289,791,116,325,316,310,301,318,367,412,442,560,691,672,617,508,283,98,18,7206,624,2
Lesotho,1965,14471,4924,6839,1915,567,308,341,658,649,723,898,1282,1309,778,116,335,323,327,322,335,388,439,459,572,710,702,607,499,279,98,18,7406,649,2
Lesotho,1966,14790,5039,6996,1957,584,321,344,663,672,757,935,1303,1333,767,115,339,324,335,337,351,406,460,475,581,722,732,601,490,277,97,18,7580,665,2
Lesotho,1967,15136,5135,7126,1991,600,335,345,667,702,805,987,1332,1367,752,115,343,324,345,357,375,430,490,497,595,737,759,608,478,274,97,18,7726,680,2
Lesotho,1968,15417,5197,7183,1986,603,347,351,699,746,838,1039,1352,1405,739,113,362,337,362,384,394,444,516,523,604,748,781,624,468,271,95,18,7786,698,2
Lesotho,1969,15663,5234,7212,1978,604,356,350,732,782,871,1090,1373,1447,726,113,385,347,375,407,415,456,539,551,615,758,799,648,458,268,95,18,7816,706,2
Lesotho,1970,15899,5262,7230,1968,599,362,358,758,818,912,1144,1395,1491,720,113,401,357,387,431,440,472,561,583,631,764,814,677,453,267,95,18,7829,720,2
Lesotho,1971,16196,5314,7267,1953,592,367,375,779,857,959,1199,1429,1541,716,113,408,371,400,457,469,490,582,617,655,774,832,709,453,263,95,18,7859,742,2
Lesotho,1972,16414,5359,7300,1941,583,368,386,793,878,997,1238,1455,1577,721,113,412,381,407,471,492,505,595,643,678,777,843,734,462,259,95,18,7883,754,2
Lesotho,1973,16657,5393,7321,1928,574,365,399,814,905,1045,1281,1492,1611,733,113,415,399,417,488,518,527,608,673,708,784,855,756,479,254,95,18,7895,764,2
Lesotho,1974,17056,5451,7352,1901,564,363,411,845,946,1116,1347,1565,1663,761,116,418,427,435,511,555,561,635,712,755,810,877,786,507,254,95,21,7916,774,2
Lesotho,1975,17225,5516,7390,1874,551,355,415,859,957,1158,1372,1602,1669,778,114,423,436,440,517,576,582,644,728,783,819,876,793,527,251,94,20,7941,770,2
Lesotho,1976,17460,5546,7392,1846,539,345,417,883,984,1217,1415,1664,1688,801,114,441,442,453,531,603,614,665,750,822,842,881,807,550,251,94,20,7931,762,2
Lesotho,1977,17593,5515,7329,1814,524,334,417,902,994,1254,1448,1727,1712,836,112,458,444,459,535,616,638,682,766,855,872,888,824,575,261,92,20,7853,751,2
Lesotho,1978,17543,5401,7174,1773,512,326,412,896,987,1276,1467,1781,1733,866,113,464,432,459,528,619,657,693,774,882,899,898,835,594,272,92,21,7686,738,2
Lesotho,1979,17434,5264,6975,1711,499,316,406,887,981,1288,1484,1831,1753,899,113,467,420,463,518,617,671,704,780,902,929,909,844,611,288,92,21,7474,722,2
Lesotho,1980,17278,5117,6757,1640,491,309,399,876,954,1281,1495,1877,1787,937,114,464,412,453,501,603,678,713,782,921,956,930,857,630,307,93,21,7248,708,2
Lesotho,1981,16996,4964,6524,1560,476,298,385,873,920,1261,1498,1897,1796,955,114,458,415,436,484,585,676,719,779,922,975,943,853,636,319,94,20,7000,683,2
Lesotho,1982,16860,4818,6301,1483,467,290,377,874,895,1249,1517,1939,1839,990,119,453,421,422,473,573,676,733,784,935,1004,975,864,653,337,99,20,6768,667,3
Lesotho,1983,16822,4690,6102,1412,457,284,371,880,889,1249,1554,1988,1891,1025,127,451,429,415,474,567,682,755,799,949,1039,1012,879,672,353,105,22,6559,655,3
Lesotho,1984,16765,4569,5917,1348,445,280,366,883,882,1239,1587,2029,1947,1053,136,447,436,403,479,558,681,773,814,959,1070,1048,899,686,367,114,22,6362,646,3
Lesotho,1985,16746,4451,5743,1292,436,280,364,886,886,1232,1630,2065,2006,1071,142,445,441,405,481,553,679,793,837,969,1096,1086,920,694,377,120,22,6179,644,3
Lesotho,1986,16832,4365,5609,1244,427,280,368,901,904,1234,1677,2108,2077,1093,151,448,453,425,479,551,683,814,863,985,1123,1127,950,704,389,128,23,6036,648,3
Lesotho,1987,17195,4341,5553,1212,414,279,380,954,960,1269,1760,2186,2167,1115,161,470,484,465,495,568,701,852,908,1023,1163,1178,989,714,401,137,24,5967,659,3
Lesotho,1988,17396,4258,5429,1171,404,277,382,973,995,1293,1825,2253,2253,1142,169,476,497,492,503,583,710,875,950,1059,1194,1225,1028,728,414,143,26,5833,659,3
Lesotho,1989,17726,4154,5299,1145,399,283,392,1008,1039,1344,1911,2349,2356,1169,177,490,518,525,514,617,727,905,1006,1114,1235,1283,1073,746,423,149,28,5698,675,3
Lesotho,1990,18076,4073,5207,1134,400,288,404,1042,1098,1388,1984,2431,2443,1201,185,504,538,557,541,644,744,928,1056,1163,1268,1327,1116,769,432,155,30,5607,692,3
Lesotho,1991,18513,4033,5153,1120,404,296,419,1084,1175,1420,2055,2540,2533,1237,193,524,560,591,584,661,759,950,1105,1225,1315,1372,1161,795,442,161,32,5557,715,3
Lesotho,1992,19298,4043,5178,1135,413,305,439,1157,1328,1538,2176,2668,2612,1275,202,553,604,657,671,719,819,1003,1173,1302,1366,1408,1204,825,450,168,34,5591,744,3
Lesotho,1993,20045,4085,5247,1162,433,324,478,1243,1437,1600,2248,2807,2695,1320,211,596,647,704,733,744,856,1028,1220,1378,1429,1445,1250,858,462,175,36,5680,802,4
Lesotho,1994,20253,4171,5388,1217,459,339,496,1252,1434,1565,2183,2821,2727,1368,218,606,646,697,737,714,851,989,1194,1386,1435,1445,1282,892,476,180,38,5847,835,4
Lesotho,1995,21721,4330,5611,1281,488,367,549,1417,1667,1772,2344,3038,2816,1421,226,681,736,803,864,816,956,1066,1278,1503,1535,1495,1321,926,495,186,40,6099,916,4
Lesotho,1996,23464,4511,5854,1343,515,399,608,1638,1973,2048,2542,3279,2905,1474,232,780,858,944,1029,982,1066,1166,1376,1632,1647,1549,1356,959,515,190,42,6369,1007,5
Lesotho,1997,25436,4659,6056,1397,536,430,672,1907,2351,2399,2775,3541,2994,1532,238,899,1008,1117,1234,1190,1209,1289,1486,1768,1773,1611,1383,993,539,195,43,6592,1102,5
Lesotho,1998,27703,4705,6149,1444,546,456,752,2263,2833,2840,3088,3847,3088,1587,249,1060,1203,1341,1492,1452,1388,1471,1617,1924,1923,1682,1406,1026,561,203,46,6695,1208,5
Lesotho,1999,29968,4716,6205,1489,557,483,815,2582,3340,3307,3445,4153,3181,1640,258,1190,1392,1571,1769,1739,1568,1696,1749,2072,2081,1755,1426,1054,586,210,48,6762,1298,6
Lesotho,2000,32332,4743,6254,1511,567,509,886,2953,3874,3829,3781,4444,3269,1689,269,1344,1609,1818,2056,2037,1792,1905,1876,2206,2238,1826,1443,1077,612,219,50,6821,1395,6
Lesotho,2001,34784,4827,6351,1524,570,525,954,3357,4447,4445,4079,4695,3347,1729,280,1502,1855,2089,2358,2354,2091,2075,2004,2318,2377,1892,1455,1092,637,230,50,6921,1479,6
Lesotho,2002,36929,4949,6502,1553,590,552,1030,3704,4860,4942,4331,4910,3444,1766,293,1642,2062,2289,2571,2594,2348,2209,2122,2407,2503,1968,1476,1102,664,241,52,7092,1582,7
Lesotho,2003,38799,5050,6631,1581,602,567,1091,4026,5227,5388,4569,5060,3529,1792,309,1764,2262,2470,2757,2803,2585,2320,2249,2468,2592,2038,1491,1105,687,254,55,7233,1658,7
Lesotho,2004,40297,5033,6654,1621,608,569,1118,4212,5456,5751,4859,5270,3652,1814,324,1827,2385,2583,2873,2953,2798,2414,2445,2563,2707,2137,1515,1105,709,266,58,7262,1687,7
Lesotho,2005,40976,5012,6655,1643,616,574,1152,4402,5591,5897,4976,5249,3687,1830,341,1903,2499,2673,2918,3000,2897,2472,2504,2547,2702,2168,1519,1102,728,280,61,7271,1726,8
Lesotho,2006,41401,5032,6667,1635,612,572,1167,4578,5790,6005,5030,5106,3662,1841,357,1964,2614,2802,2988,3038,2967,2568,2462,2483,2623,2155,1507,1100,741,292,65,7279,1739,8
Lesotho,2007,41090,5045,6624,1579,597,558,1159,4681,5870,5926,4968,4877,3601,1849,375,2000,2681,2887,2983,2985,2941,2593,2375,2383,2494,2107,1494,1098,751,307,68,7221,1717,8
Lesotho,2008,40763,5015,6583,1568,584,538,1106,4555,5727,5825,5100,4914,3576,1852,394,1944,2611,2844,2883,2895,2930,2695,2405,2466,2448,2080,1496,1095,757,321,73,7167,1644,9
Lesotho,2009,40094,4618,6028,1410,515,480,1028,4725,6134,5919,4995,4611,3386,1853,409,1951,2774,3087,3047,2963,2956,2714,2281,2373,2238,1932,1454,1091,762,332,77,6543,1508,9
Lesotho,2010,37770,4275,5579,1304,487,455,965,4375,5650,5415,4790,4452,3315,1852,423,1819,2556,2857,2793,2693,2722,2592,2198,2314,2138,1863,1452,1087,765,343,80,6066,1420,10
Lesotho,2011,36395,4256,5512,1256,469,431,906,4142,5370,5064,4700,4286,3217,1851,436,1717,2425,2717,2653,2513,2551,2504,2196,2229,2057,1779,1438,1084,767,351,85,5981,1337,11
Lesotho,2012,35030,4255,5476,1221,453,410,848,3876,5067,4716,4586,4165,3121,1852,446,1598,2278,2554,2513,2339,2377,2402,2184,2163,2002,1703,1418,1085,767,357,89,5929,1258,11
Lesotho,2013,33699,4304,5525,1221,448,396,798,3592,4737,4351,4429,4065,3029,1857,457,1475,2117,2376,2361,2154,2197,2278,2151,2091,1974,1636,1393,1086,771,363,94,5973,1194,12
Lesotho,2014,32556,4370,5636,1266,455,392,764,3342,4428,4014,4245,3994,2939,1864,466,1370,1972,2213,2215,1990,2024,2145,2100,2005,1989,1576,1363,1092,772,368,98,6091,1156,13
Lesotho,2015,31437,4367,5640,1273,454,384,730,3098,4140,3733,4073,3956,2871,1873,474,1271,1827,2061,2079,1859,1874,2023,2050,1970,1986,1536,1335,1099,774,371,103,6094,1114,14
Lesotho,2016,30313,4252,5456,1204,434,365,685,2865,3913,3544,3925,3933,2821,1877,479,1174,1691,1938,1975,1778,1766,1920,2005,1981,1952,1518,1303,1102,775,375,104,5890,1050,15
Lesotho,2017,29654,4228,5447,1219,440,359,654,2692,3740,3404,3794,3939,2799,1880,487,1108,1584,1845,1895,1725,1679,1831,1963,2003,1936,1524,1275,1101,779,378,109,5887,1013,15
Lesotho,2018,29164,4196,5410,1214,441,356,638,2559,3635,3322,3679,3925,2805,1882,490,1062,1497,1788,1847,1704,1618,1759,1920,2016,1909,1551,1254,1096,786,381,109,5851,994,16
Lesotho,2019,28984,4199,5424,1225,451,358,630,2467,3584,3300,3603,3924,2851,1880,498,1033,1434,1752,1832,1710,1590,1711,1892,2039,1885,1616,1235,1086,794,385,113,5875,988,17
Lesotho,2020,28992,4123,5319,1196,447,347,549,2092,3253,3280,3736,4319,3115,1997,520,884,1208,1543,1710,1688,1592,1747,1989,2236,2083,1817,1298,1144,853,402,118,5766,896,18
Lesotho,2021,32376,4028,5189,1161,440,347,609,2331,3801,3924,4282,5007,3571,2282,572,973,1358,1778,2023,2009,1915,2016,2266,2570,2437,2073,1498,1293,989,447,125,5629,956,20
Less developed regions,1950,39733572,11956919,18327376,6370457,1528985,860489,976577,2275587,2138212,2345318,2754189,3556921,3195767,1568861,201836,1151893,1123694,1061477,1076735,1151982,1193336,1327448,1426741,1759604,1797317,1706044,1489723,1044919,523942,166906,34930,19856360,1837066,3450
Less developed regions,1951,39357364,12007987,18426280,6418292,1524311,837222,948993,2172771,2064610,2298933,2721460,3504659,3144938,1517781,191885,1102269,1070502,1020102,1044508,1121185,1177748,1309167,1412293,1728547,1776112,1686960,1457978,1011106,506675,161095,30790,19950590,1786215,3521
Less developed regions,1952,38892924,12216729,18593726,6376997,1468947,805223,902222,2037157,1965585,2229370,2677635,3446533,3096479,1479607,186663,1033307,1003850,965520,1000065,1078680,1150690,1284831,1392804,1684851,1761682,1671410,1425069,987765,491842,157073,29590,20062672,1707445,3777
Less developed regions,1953,38765484,12181112,18583900,6402787,1569165,785415,886753,2012671,1940426,2209005,2666140,3413582,3059365,1452015,183239,1019952,992719,954352,986074,1065714,1143291,1279812,1386328,1650925,1762657,1666120,1393245,971975,480040,154413,28826,20153064,1672168,3807
Less developed regions,1954,38508390,12233156,18660650,6427494,1489566,762900,859321,1966556,1897088,2177114,2652357,3391910,3035259,1431249,180828,995500,971056,935887,961201,1046675,1130439,1277225,1375132,1625570,1766340,1666384,1368875,960185,471064,152735,28093,20150216,1622221,3591
Less developed regions,1955,38537416,12211248,18609514,6398266,1510789,755881,847681,1959355,1891768,2182064,2683219,3427971,3058452,1426918,180570,990984,968371,935786,955982,1046929,1135135,1296094,1387125,1641151,1786820,1686383,1372069,959756,467162,152454,28116,20120304,1603562,3234
Less developed regions,1956,38391210,12047699,18415462,6367763,1539115,751924,835784,1954652,1886145,2178962,2705463,3444947,3078503,1418007,179191,987371,967281,933965,952180,1045704,1133258,1307546,1397917,1658989,1785958,1699542,1378961,956340,461667,150725,28466,19954576,1587708,3052
Less developed regions,1957,38691120,12199423,18545132,6345710,1590521,761508,827143,1953834,1888095,2184824,2741077,3475834,3127769,1415169,177108,985652,968182,935707,952388,1048749,1136075,1323309,1417768,1686958,1788876,1732458,1395311,955301,459868,148554,28554,20135654,1588651,3106
Less developed regions,1958,38581250,12009923,18293308,6283386,1641528,771605,817323,1952329,1893402,2184447,2769004,3493355,3177207,1409242,175328,982060,970269,939534,953868,1046383,1138064,1333825,1435179,1707407,1785948,1766973,1410234,950119,459123,147023,28305,19934836,1588928,3167
Less developed regions,1959,42928410,12658027,20298696,7640668,2071973,971954,898468,2127385,2089977,2417754,3101646,3837561,3476262,1456748,176850,1064790,1062595,1033191,1056786,1151454,1266300,1486902,1614744,1885511,1952050,1944709,1531553,986376,470372,148631,28219,22370668,1870422,3131
Less developed regions,1960,46539136,13186769,21720364,8533594,2545036,1187825,982471,2289997,2278812,2636158,3402878,4138191,3691392,1486566,176307,1139397,1150600,1122478,1156334,1250486,1385672,1621991,1780887,2035605,2102586,2074379,1617013,1012529,474037,148424,27883,24265400,2170296,3142
Less developed regions,1961,41620376,11953607,18947086,6993479,2113276,1029082,900743,2117269,2107243,2416725,3124693,3845306,3429451,1420034,166558,1048659,1068610,1041486,1065757,1147255,1269470,1483782,1640911,1888408,1956898,1918580,1510871,966311,453723,140642,25916,21060362,1929825,2908
Less developed regions,1962,37671950,11651441,17307888,5656447,1620355,828914,809826,1914227,1910067,2172903,2823464,3549261,3203408,1369200,159681,943914,970313,946276,963791,1033075,1139828,1336789,1486675,1737058,1812203,1768815,1434593,929137,440063,135055,24626,18928244,1638740,2760
Less developed regions,1963,38516310,12377917,18020730,5642813,1611592,849040,820684,1903257,1920911,2176240,2834481,3592149,3244733,1382187,157660,934596,968661,950231,970680,1037205,1139035,1338088,1496393,1755781,1836368,1769670,1475063,940609,441578,133839,23821,19632322,1669724,2649
Less developed regions,1964,38496130,12257542,18016302,5758760,1559117,852780,829368,1874582,1912704,2161825,2831913,3622305,3279770,1395917,157012,920439,954143,945653,967051,1035571,1126254,1333287,1498626,1773817,1848488,1771817,1507953,952294,443623,133755,23257,19575420,1682148,2532
Less developed regions,1965,39613910,12272729,18394878,6122149,1613350,904847,882075,1968050,1997468,2231723,2916858,3741363,3375769,1427003,158071,970307,997743,989697,1007771,1074002,1157721,1372087,1544771,1837275,1904088,1821811,1553958,975566,451437,135103,22968,20008228,1786922,2453
Less developed regions,1966,39174290,12069117,18143678,6074561,1560761,903838,879110,1877552,1945057,2190839,2888499,3759849,3407510,1454916,160311,928948,948604,959640,985417,1053275,1137564,1357196,1531303,1842509,1917340,1844925,1562585,996193,458723,137333,22978,19704440,1782948,2371
Less developed regions,1967,38917944,11842331,17868824,6026492,1546388,883921,877632,1835985,1909148,2170113,2889399,3814156,3461123,1496055,162869,916797,919188,939919,969229,1041335,1128778,1355528,1533871,1863537,1950619,1887397,1573726,1029810,466245,139741,23128,19415212,1761553,2332
Less developed regions,1968,38628480,11817209,17607312,5790103,1550283,849213,875607,1797013,1867184,2143600,2872730,3850581,3503864,1542124,166618,907798,889215,916205,950979,1026713,1116887,1341723,1531007,1874102,1976479,1923438,1580426,1066894,475230,143081,23537,19157596,1724820,2351
Less developed regions,1969,38690136,11805477,17514796,5709319,1602240,827892,877093,1780767,1834906,2135813,2874219,3915479,3564047,1588817,171643,912040,868727,895579,939327,1018929,1116884,1334342,1539877,1896801,2018678,1963796,1600251,1102338,486479,147351,24292,19117036,1704985,2425
Less developed regions,1970,39009490,11756529,17487648,5731119,1707469,838042,900334,1801734,1826772,2146846,2890472,3978204,3628565,1622953,177957,935104,866630,887587,939185,1021400,1125446,1337003,1553469,1919303,2058901,1999718,1628847,1124187,498766,152544,25413,19195116,1738376,2493
Less developed regions,1971,40115604,11702238,17537526,5835288,1768560,828552,975353,2062528,1971543,2267855,2998975,4104749,3756213,1657700,183530,1078704,983824,963555,1007988,1083675,1184180,1388753,1610222,1974660,2130089,2068934,1687279,1142651,515049,156620,26910,19306086,1803905,2520
Less developed regions,1972,38328104,11347622,16841944,5494322,1665458,782833,898525,1813697,1759536,2117449,2865887,3996989,3728320,1667224,187515,961402,852295,846092,913444,1004944,1112505,1320373,1545514,1911437,2085552,2041618,1686702,1135754,531470,158774,28741,18507402,1681358,2727
Less developed regions,1973,37897748,11151405,16511783,5360378,1624675,784621,889311,1819298,1716149,2094248,2834009,3974595,3760152,1692307,193541,970291,849007,822032,894117,991580,1102668,1307585,1526424,1895282,2079313,2050275,1709877,1139863,552444,162895,30646,18136458,1673932,3056
Less developed regions,1974,37734236,10937332,16200029,5262697,1604185,806798,886767,1848189,1692928,2094663,2833053,3994500,3829966,1736248,203290,986402,861787,810389,882539,990459,1104204,1313225,1519828,1899862,2094638,2085378,1744588,1160935,575313,170419,32871,17804214,1693565,3616
Less developed regions,1975,37697976,10639786,15804433,5164647,1598223,831166,900025,1931935,1705019,2116452,2854356,4031335,3912043,1791331,217183,1031754,900181,819714,885305,1000551,1115901,1327534,1526822,1914654,2116681,2127623,1784420,1194993,596338,181278,35905,17402656,1731191,4474
Less developed regions,1976,37413332,10373353,15334315,4960962,1583097,876873,904987,1937703,1687895,2111658,2851981,4044675,3988624,1854995,231572,1028246,909457,813669,874226,997061,1114597,1327223,1524758,1920125,2124550,2160409,1828215,1238772,616223,193479,38093,16917412,1781860,4956
Less developed regions,1977,36824270,10130822,14904941,4774119,1519554,826804,849541,1876900,1618675,2068683,2839555,4065965,4077492,1926713,244176,988037,888863,784705,833970,971629,1097054,1318379,1521176,1927998,2137967,2196856,1880636,1290321,636392,204861,39315,16424495,1676345,5272
Less developed regions,1978,36760040,9975794,14612329,4636535,1483025,802716,848205,1892819,1608620,2064071,2866778,4114299,4190781,2011372,259646,988724,904095,788744,819876,965367,1098704,1329508,1537270,1943938,2170361,2245234,1945547,1350280,661092,218776,40870,16095354,1650921,5376
Less developed regions,1979,36745130,9909841,14406147,4496306,1446653,784324,850229,1878094,1599195,2048237,2886860,4152185,4309220,2100970,277452,971439,906655,794121,805074,951593,1096644,1334449,1552411,1950192,2201993,2294298,2014922,1409661,691309,233961,43491,15852800,1634553,5560
Less developed regions,1980,36878150,9861323,14259318,4397995,1414008,772608,856630,1871364,1605122,2039347,2914406,4206272,4436480,2200874,295862,956097,915267,806609,798513,941026,1098321,1342889,1571517,1966705,2239567,2348026,2088454,1472252,728622,248715,47147,15673326,1629238,5863
Less developed regions,1981,36978052,9799130,14116391,4317261,1387195,760084,867905,1880161,1622394,2028837,2929443,4247351,4532756,2290405,308725,952028,928133,824931,797463,930148,1098689,1349001,1580442,1979746,2267605,2386553,2146203,1527576,762829,257411,51314,15503586,1627989,6404
Less developed regions,1982,37185580,9765111,14030168,4265057,1368312,749956,872561,1887671,1646537,2022837,2954062,4300259,4637980,2388467,319889,951656,936015,844216,802321,920304,1102533,1358533,1595529,2000344,2299915,2431193,2206787,1586680,801787,265316,54573,15398480,1622517,6880
Less developed regions,1983,37497620,9681325,14000362,4319037,1371624,752149,868819,1893818,1676722,2017078,2983839,4354782,4748040,2490053,332916,958306,935512,863216,813506,912116,1104962,1368511,1615328,2028253,2326529,2480784,2267256,1647254,842799,274666,58250,15371986,1620968,7420
Less developed regions,1984,37655424,9606371,13883714,4277343,1361982,739715,864998,1907264,1708940,2006142,3002189,4392271,4845841,2588032,346733,976242,931022,878417,830523,905585,1100557,1374902,1627287,2053808,2338463,2523587,2322254,1707506,880526,285823,60910,15245696,1604713,7606
Less developed regions,1985,37807516,9539873,13760100,4220227,1358567,727440,862735,1912661,1740116,1995557,3018137,4436407,4938685,2685802,363424,991859,920802,892472,847644,901771,1093786,1379778,1638359,2078763,2357644,2564705,2373980,1766907,918895,299961,63463,15118667,1590175,7886
Less developed regions,1986,37869950,9477775,13602963,4125188,1337478,704150,856098,1912250,1763895,1983634,3032741,4479829,5020923,2783841,383556,1003846,908404,900394,863501,899572,1084062,1382312,1650429,2098147,2381682,2602854,2418069,1823581,960260,317241,66315,14940441,1560248,8592
Less developed regions,1987,38008370,9356085,13386071,4029986,1326690,692536,863826,1940731,1811441,1994026,3059865,4534905,5102315,2880508,405460,1021665,919066,919118,892323,913142,1080884,1391475,1668390,2124256,2410649,2639889,2462426,1877824,1002684,336507,68953,14712761,1556362,9991
Less developed regions,1988,38492076,9293891,13383359,4089468,1344176,688934,867351,1969232,1857490,2017895,3101676,4625599,5201837,2989987,433171,1028066,941166,934255,923235,935425,1082470,1404505,1697171,2166410,2459189,2679731,2522106,1938892,1051095,360048,73123,14727535,1556285,11366
Less developed regions,1989,38234850,9091244,13014757,3923513,1296780,665674,844282,1935554,1843657,2015631,3102129,4679060,5269638,3096489,458631,996895,938659,916709,926948,945973,1069658,1395011,1707118,2183951,2495109,2697601,2572037,1998065,1098424,381309,77322,14311537,1509956,12564
Less developed regions,1990,38609344,9004914,12883376,3878462,1291668,667869,844830,1981070,1880382,2059120,3135689,4771146,5379137,3214563,486919,1009019,972051,924490,955892,979736,1079384,1402412,1733277,2220699,2550447,2743312,2635825,2065143,1149420,404426,82493,14175044,1512699,13575
Less developed regions,1991,38921370,8765728,12652661,3886933,1323346,685032,840655,2005442,1908368,2110065,3169493,4864613,5503199,3328829,515480,1009534,995908,928612,979756,1015213,1094852,1410719,1758774,2261877,2602736,2800730,2702469,2128853,1199976,428179,87301,13976007,1525687,14184
Less developed regions,1992,38839412,8526114,12308107,3781993,1299595,677149,831672,2030937,1935732,2154614,3170672,4912557,5566852,3398560,538668,1016044,1014893,939378,996354,1045632,1108982,1404235,1766437,2281544,2631013,2831369,2735483,2165254,1233306,446845,91823,13607702,1508821,14295
Less developed regions,1993,38826236,8299565,11949985,3650420,1282335,676062,824964,2042696,1974184,2215322,3177113,4980393,5646199,3480842,562088,1019859,1022837,962426,1011758,1080242,1135080,1402654,1774459,2306594,2673799,2878557,2767642,2211318,1269524,466054,96034,13232320,1501026,14050
Less developed regions,1994,39477732,8133873,11677745,3543872,1284396,689280,868852,2160895,2122663,2356955,3234466,5097251,5771279,3603230,596319,1077336,1083559,1048086,1074577,1156682,1200273,1431061,1803405,2359256,2737995,2956515,2814764,2280625,1322605,493090,103229,12962141,1558132,14396
Less developed regions,1995,39166532,7971011,11422842,3451831,1273447,672418,813462,2042791,2037457,2352640,3210816,5131840,5865051,3699358,629042,1010685,1032106,1013843,1023614,1140432,1212208,1420207,1790609,2366761,2765079,3010726,2854325,2333383,1365975,517316,111726,12696289,1485880,15365
Less developed regions,1996,39507256,7788715,11151909,3363194,1268986,676679,822630,2069815,2091707,2436674,3248273,5228955,6009644,3821095,664380,1016867,1052948,1052877,1038830,1177046,1259628,1443212,1805061,2403349,2825606,3084041,2925603,2404968,1416127,543983,120397,12420895,1499309,16510
Less developed regions,1997,39577596,7591226,10857022,3265796,1244198,675628,826368,2073048,2120688,2494895,3265005,5283163,6109588,3916290,693832,1011972,1061076,1071338,1049350,1199775,1295120,1461719,1803286,2419014,2864149,3132414,2977174,2459009,1457281,565926,127906,12101220,1501996,17872
Less developed regions,1998,39879404,7427265,10641414,3214149,1236938,688950,849254,2119363,2184311,2568987,3300983,5326131,6218013,4000688,724552,1031702,1087661,1096709,1087602,1229122,1339865,1496207,1804776,2426619,2899512,3184032,3033981,2500901,1499787,588365,136187,11878352,1538204,19819
Less developed regions,1999,39793508,7190122,10228887,3038765,1170625,668320,834487,2085650,2205811,2597166,3337246,5370313,6364882,4137830,770104,1011774,1073876,1095036,1110775,1232071,1365095,1533314,1803932,2427792,2942521,3242690,3122192,2569970,1567860,623629,146475,11399512,1502807,22188
Less developed regions,2000,39909516,7023615,9936651,2913036,1126813,663700,829317,2061174,2238637,2625336,3395142,5416944,6511447,4269388,810538,1000064,1061110,1100073,1138564,1230271,1395065,1580709,1814433,2432229,2984715,3302552,3208895,2641857,1627531,654058,156480,11063464,1493017,24427
Less developed regions,2001,39916176,6828924,9625559,2796635,1099548,658177,830791,2063610,2285191,2652203,3445398,5423756,6600874,4364806,839865,1005569,1058041,1112867,1172324,1229404,1422799,1625615,1819783,2422133,3001623,3341927,3258947,2694931,1669875,675136,164729,10725107,1488968,26396
Less developed regions,2002,40093380,6624167,9310400,2686233,1078091,647902,828574,2055416,2312413,2680119,3513611,5460257,6763163,4532665,882548,1008010,1047406,1118722,1193691,1228592,1451527,1675302,1838309,2422371,3037886,3411326,3351837,2790477,1742188,708504,174044,10388491,1476476,28218
Less developed regions,2003,40291564,6398989,8966264,2567275,1048946,632605,824841,2052802,2328733,2724934,3598570,5484178,6942862,4722017,934837,1012859,1039943,1127090,1201643,1245015,1479919,1731058,1867512,2422087,3062091,3484823,3458039,2903377,1818640,750537,184300,10015210,1457446,29972
Less developed regions,2004,40702716,6212143,8703733,2491590,1049648,633279,833778,2068983,2350174,2789652,3706852,5520856,7118403,4907890,988163,1026485,1042498,1134301,1215873,1281806,1507846,1784583,1922269,2437878,3082978,3563701,3554702,3020055,1887835,793437,194726,9753381,1467057,31302
Less developed regions,2005,40723220,6003376,8368408,2365032,1012731,608060,818778,2036379,2313689,2799973,3780692,5532329,7270141,5105073,1044172,1011414,1024965,1111265,1202424,1296645,1503328,1816072,1964620,2445767,3086562,3627216,3642925,3136928,1968145,838381,205791,9381139,1426838,32793
Less developed regions,2006,40797136,5807582,8055073,2247491,978102,581079,800504,2016602,2283004,2819749,3862673,5558052,7415542,5294298,1098700,1000502,1016100,1089681,1193323,1319654,1500095,1845089,2017584,2465564,3092488,3688189,3727353,3241444,2052854,881956,216744,9033175,1381583,33758
Less developed regions,2007,41185104,5644556,7792253,2147697,957158,567002,788887,2017145,2269873,2854182,3976282,5637429,7605817,5521305,1162128,998661,1018484,1077214,1192659,1344416,1509766,1882175,2094107,2519115,3118314,3770395,3835422,3368709,2152596,931931,230197,8749411,1355889,35645
Less developed regions,2008,41728190,5498580,7581474,2082894,959959,569778,788396,2032798,2272940,2909172,4108987,5738936,7770820,5739882,1217679,1004814,1027984,1070707,1202233,1365230,1543942,1920836,2188151,2594302,3144634,3834848,3935972,3492073,2247809,973952,243727,8541433,1358174,37371
Less developed regions,2009,41728644,5329692,7302696,1973004,903140,541396,757027,1991304,2213507,2917144,4164706,5821428,7870679,5934520,1271939,981455,1009849,1039045,1174462,1355414,1561730,1918403,2246303,2666207,3155221,3855220,4015459,3591025,2343495,1014095,257844,8205836,1298423,39156
Less developed regions,2010,42023540,5179281,7088652,1909371,890092,536763,745209,1977342,2181439,2950406,4238907,5943915,7970003,6124693,1335239,974836,1002506,1025190,1156249,1359033,1591373,1918952,2319955,2757086,3186829,3875380,4094623,3685930,2438763,1061847,273392,7978744,1281972,40881
Less developed regions,2011,42138210,5017610,6841420,1823810,849042,515166,717275,1927376,2134181,2970247,4299109,6076034,8062543,6303510,1399378,947719,979657,1004568,1129613,1354178,1616069,1916100,2383009,2851368,3224666,3891163,4171380,3778894,2524616,1110590,288788,7690462,1232441,42926
Less developed regions,2012,42375316,4881583,6640491,1758908,831649,506760,702939,1899063,2109226,2987860,4371354,6227589,8133736,6462440,1456761,929743,969320,997322,1111904,1353032,1634828,1928992,2442362,2949647,3277942,3894695,4239041,3858400,2604040,1154663,302098,7472140,1209699,45449
Less developed regions,2013,42594144,4731555,6432812,1701257,810697,496028,685750,1856232,2075417,2976239,4462500,6407578,8188551,6635507,1518247,904090,952142,986245,1089172,1343098,1633141,1972444,2490056,3057432,3350146,3896941,4291610,3942058,2693449,1203948,314299,7243509,1181778,48584
Less developed regions,2014,42808304,4571511,6212342,1640831,795820,486730,672064,1814788,2048018,2952156,4546684,6593846,8231959,6805858,1595617,878670,936118,976311,1071707,1324492,1627664,2032334,2514350,3144801,3449045,3908207,4323752,4026959,2778899,1265569,330048,7008162,1158794,52422
Less developed regions,2015,43158440,4424557,6003781,1579224,784810,480035,662478,1784243,2035363,2942771,4635646,6807822,8299760,6982649,1683109,857846,926397,970294,1065069,1309127,1633644,2104472,2531174,3240298,3567524,3943087,4356673,4114152,2868497,1333814,349295,6788591,1142513,55974
Less developed regions,2016,43586564,4296413,5811982,1515569,767964,469670,653221,1758520,2033028,2933779,4719780,7027782,8403995,7175625,1770752,841199,917321,967999,1065029,1294355,1639424,2173975,2545805,3324354,3703428,4003100,4400895,4210333,2965292,1398885,371867,6579946,1122891,60463
Less developed regions,2017,44184852,4161080,5614481,1453401,753567,462100,647187,1738270,2037575,2932868,4795473,7279834,8570789,7415076,1872566,830717,907553,967788,1069787,1285102,1647766,2221539,2573934,3409109,3870725,4112595,4458194,4333207,3081869,1475044,397522,6368048,1109287,65064
Less developed regions,2018,44491344,4032594,5433825,1401231,743514,456246,640150,1713450,2037640,2906338,4823490,7447844,8682227,7567492,1969887,819088,894362,963992,1073648,1270449,1635889,2209749,2613741,3437346,4010498,4216392,4465835,4393381,3174111,1545196,424691,6177339,1096396,69241
Less developed regions,2019,45137250,3912516,5267380,1354864,730803,451550,634129,1693946,2046351,2898496,4906691,7631616,8930925,7782451,2089104,810698,883248,965380,1080971,1268821,1629675,2212484,2694207,3468918,4162698,4402958,4527967,4480878,3301573,1628496,460608,5998183,1085679,73803
Less developed regions,2020,48804770,3784460,5090029,1305569,717463,444824,616717,1636484,2070793,3086046,5541007,8713354,9983655,8546662,2278298,785569,850915,957979,1112814,1340463,1745583,2432198,3108809,3910732,4802622,5044348,4939307,4888759,3657903,1775636,502662,5807492,1061541,79438
Less developed regions,2021,54238100,3696873,4963859,1266986,705314,448553,672526,1794025,2319886,3497300,6385618,9922149,11410188,9525030,2504864,861145,932880,1065447,1254439,1518098,1979202,2784098,3601520,4426058,5496091,5841895,5568293,5431421,4093609,1950143,554721,5669173,1121079,88790
"Less developed regions, excluding China",1950,26999780,9082922,14046080,4963158,1017144,545879,709794,1687177,1508743,1458943,1545980,1776369,1731535,839320,129699,860499,826678,760863,747880,738315,720628,770626,775354,900825,875544,923803,807732,557766,281554,102458,27241,15063224,1255673,3117
"Less developed regions, excluding China",1951,26841724,9121523,14100764,4979241,1018200,539647,690619,1604684,1455638,1437169,1544355,1784904,1717871,826730,117993,819407,785277,731434,724204,723350,713819,768617,775738,900070,884834,912551,805320,551621,275109,95461,22532,15118964,1230266,3150
"Less developed regions, excluding China",1952,26359640,9127525,14038007,4910482,981497,522235,651341,1483162,1372490,1388705,1522927,1773331,1692140,818594,111841,756051,727111,686399,686091,692668,696037,750920,772007,878494,894837,889297,802843,547729,270865,90973,20868,15019504,1173576,3371
"Less developed regions, excluding China",1953,26406418,9155721,14050158,4894437,1011804,518468,647627,1473234,1368355,1393887,1542242,1789115,1681971,817462,108743,749488,723746,684757,683598,690969,702918,751678,790564,868311,920804,876242,805729,548459,269003,88919,19824,15061962,1166095,3351
"Less developed regions, excluding China",1954,26256014,9190832,14050364,4859532,978475,506094,631156,1435623,1340312,1376614,1544806,1791795,1672301,817952,107433,728046,707577,670657,669655,677836,698778,745253,799553,856795,935000,868891,803410,549338,268614,88546,18887,15028839,1137250,3088
"Less developed regions, excluding China",1955,26252230,9175013,14014241,4839228,979261,501504,625876,1427519,1337686,1377911,1562970,1810168,1679839,824345,108205,722338,705181,669971,667715,675380,702531,748990,813980,861605,948563,877350,802489,553196,271149,89446,18759,14993502,1127380,2705
"Less developed regions, excluding China",1956,26333770,9180486,14000454,4819968,991072,500703,621538,1425876,1341041,1383116,1586612,1837139,1699658,834247,109806,720637,705239,672219,668822,675286,707830,758484,828128,878573,958566,899415,800243,559534,274713,90620,19186,14991526,1122241,2508
"Less developed regions, excluding China",1957,26613834,9239203,14080383,4841180,1018953,509044,620507,1430704,1352161,1396309,1621357,1879812,1740343,850754,110947,722955,707749,677935,674226,679830,716479,776296,845061,911693,968119,939930,800413,571147,279607,91469,19478,15099336,1129551,2560
"Less developed regions, excluding China",1958,26745332,9243391,14065014,4821623,1039945,512580,617768,1435673,1361729,1403045,1645346,1910723,1775014,863446,112403,725642,710031,683023,678706,682515,720530,790954,854392,943563,967160,977577,797437,579746,283700,92596,19807,15104959,1130348,2646
"Less developed regions, excluding China",1959,26652774,9193979,13942505,4748526,1030040,508243,607933,1418634,1355131,1396837,1657598,1936918,1808245,873393,114668,716662,701972,679012,676119,679016,717821,798520,859078,968654,968264,1006598,801647,585515,287878,94663,20005,14972545,1116176,2628
"Less developed regions, excluding China",1960,26826098,9214267,13943262,4728995,1044916,516860,611298,1430525,1371602,1408057,1680244,1972882,1844120,881539,118107,722141,708384,686952,684650,685262,722795,809923,870321,992013,980869,1027570,816550,589122,292417,97620,20487,14988178,1128158,2686
"Less developed regions, excluding China",1961,26967560,9222960,13934152,4711192,1049653,525006,616513,1440565,1387713,1419839,1699955,2008918,1879620,885786,117311,725599,714966,694126,693587,692689,727150,818477,881478,1007999,1000919,1038442,841178,589592,296194,97583,19728,14983805,1141519,2529
"Less developed regions, excluding China",1962,27147468,9257053,13957836,4700783,1056226,536018,622494,1441035,1400142,1431931,1720945,2050013,1919673,892110,116608,722736,718299,698565,701577,700039,731892,825333,895612,1019295,1030718,1041756,877917,589948,302162,97284,19324,15014062,1158512,2438
"Less developed regions, excluding China",1963,27361840,9277641,13975374,4697733,1066510,548793,630711,1447203,1416091,1448419,1745321,2097476,1963043,903633,116890,722703,724500,704603,711488,709715,738704,832390,912931,1030345,1067131,1044109,918934,594225,309408,97895,18995,15041884,1179504,2375
"Less developed regions, excluding China",1964,27460544,9278594,13957383,4678789,1062676,551614,635252,1438868,1417220,1454217,1760293,2138584,2002673,920880,118587,716971,721897,703463,713757,713655,740562,834866,925427,1039924,1098660,1050813,951860,605102,315778,99681,18906,15020059,1186866,2297
"Less developed regions, excluding China",1965,28782540,9480503,14412323,4931820,1167282,602535,684815,1550737,1512666,1542710,1862322,2265513,2101469,956162,121754,773714,777023,751879,760787,758512,784198,880344,981978,1097188,1168325,1101129,1000340,632239,323923,102662,19092,15579605,1287350,2250
"Less developed regions, excluding China",1966,28555636,9420115,14261328,4841213,1159047,603580,675894,1472229,1465989,1518679,1854126,2292312,2139611,985222,125433,736015,736214,725030,740959,745002,773677,871478,982648,1105450,1186862,1124553,1015058,657068,328154,106016,19417,15420375,1279474,2185
"Less developed regions, excluding China",1967,28596964,9400078,14199836,4799758,1160126,590965,669793,1442097,1439344,1515118,1873452,2351806,2199812,1023371,129092,725910,716187,711022,728322,740433,774685,876162,997290,1134462,1217344,1171629,1028183,691551,331820,109351,19741,15359962,1260758,2152
"Less developed regions, excluding China",1968,28297030,9251180,13891396,4640216,1135071,567744,664192,1411541,1409901,1502331,1876701,2391503,2248678,1062253,133538,715580,695961,696051,713850,731399,770932,874239,1002462,1156550,1234953,1216525,1032153,725165,337088,113293,20245,15026467,1231936,2180
"Less developed regions, excluding China",1969,28458870,9256231,13877500,4621269,1151939,566155,664447,1398025,1390548,1505348,1898906,2451195,2313315,1100556,138666,715329,682696,685571,704977,729681,775667,882219,1016687,1188190,1263005,1266300,1047015,754171,346385,117575,21091,15029439,1230602,2268
"Less developed regions, excluding China",1970,29000010,9302048,13997593,4695545,1239296,602138,687352,1423899,1399193,1532464,1938819,2519791,2381032,1131856,144219,736110,687789,688953,710240,740378,792086,900374,1038445,1223575,1296216,1310519,1070513,773171,358685,121927,22292,15236889,1289490,2356
"Less developed regions, excluding China",1971,30462462,9435858,14292346,4856488,1292103,618739,767757,1690302,1562559,1673024,2072399,2669587,2506386,1166536,148324,878535,811767,776380,786179,810228,862796,967359,1105040,1298263,1371324,1381178,1125208,791930,374606,124492,23832,15584449,1386496,2401
"Less developed regions, excluding China",1972,29001188,9282115,13854868,4572753,1198316,583970,696013,1440027,1365405,1535413,1957083,2580636,2467364,1168812,150662,757444,682583,667866,697539,736227,799186,910564,1046519,1248467,1332169,1345667,1121697,780765,388047,124988,25674,15053184,1279983,2618
"Less developed regions, excluding China",1973,28931160,9252932,13768757,4515825,1184864,578463,696598,1445396,1342963,1528127,1954438,2589490,2498168,1185508,155435,765325,680071,654385,688578,729964,798163,910729,1043709,1247474,1342016,1347860,1150308,780333,405175,127881,27554,14953621,1275061,2954
"Less developed regions, excluding China",1974,29071314,9241917,13744517,4502600,1189319,582181,705029,1466681,1334129,1535744,1970675,2616405,2547157,1212151,163811,778778,687903,648301,685828,731064,804680,920182,1050493,1255450,1360955,1362894,1184263,790848,421303,134181,29630,14933836,1287210,3515
"Less developed regions, excluding China",1975,29361258,9184586,13674517,4489931,1204169,592563,734193,1544511,1359352,1565413,2005413,2653829,2601184,1245767,175980,821908,722603,662206,697146,744108,821305,938434,1066979,1269978,1383851,1384659,1216525,810097,435670,143654,32326,14878686,1326756,4367
"Less developed regions, excluding China",1976,29387368,9090630,13475915,4385285,1220755,630679,756898,1553515,1357924,1570629,2019283,2671925,2648890,1288204,187918,822955,730560,661860,696064,746118,824511,946018,1073265,1274986,1396939,1404233,1244657,838625,449579,153865,34053,14696670,1387577,4832
"Less developed regions, excluding China",1977,29041624,9002873,13283159,4280286,1172398,580459,709394,1491219,1297029,1534598,2020125,2698171,2712531,1340089,197325,786228,704991,633835,663194,725189,809409,942928,1077197,1282975,1415196,1434951,1277580,878019,462070,162519,34806,14455557,1289853,5126
"Less developed regions, excluding China",1978,29125406,8931265,13144325,4213060,1160597,565741,703015,1507629,1290806,1538135,2053156,2749049,2796329,1402679,208747,792462,715167,635171,655635,725688,812447,956325,1096831,1304383,1444666,1478716,1317613,926473,476206,172827,35920,14304922,1268756,5199
"Less developed regions, excluding China",1979,29174204,8878307,13007100,4128793,1153503,556392,693615,1501182,1281524,1532161,2078130,2793858,2879704,1469564,222117,786042,715140,635656,645868,720978,811183,965254,1112876,1323092,1470766,1520927,1358777,974942,494622,183958,38159,14160603,1250007,5352
"Less developed regions, excluding China",1980,29328494,8838731,12902695,4063964,1150066,551303,688151,1505042,1285515,1532609,2109218,2847725,2972289,1541715,236539,784926,720116,643215,642300,718720,813889,976690,1132528,1346949,1500776,1566832,1405457,1022657,519058,195132,41407,14052761,1239454,5628
"Less developed regions, excluding China",1981,29441962,8779100,12782098,4002998,1151663,546983,688158,1528415,1300504,1532240,2130227,2886351,3046294,1597435,245460,795416,732999,656538,643966,715617,816623,984161,1146066,1364923,1521428,1602485,1443809,1056990,540445,200451,45009,13933761,1235141,6131
"Less developed regions, excluding China",1982,29600074,8708067,12667538,3959471,1156007,545550,689100,1546215,1318612,1536060,2157528,2935992,3131457,1657989,251461,803287,742928,669869,648743,712832,823228,993636,1163892,1389517,1546475,1641942,1489515,1090817,567172,203915,47546,13823545,1234650,6566
"Less developed regions, excluding China",1983,29989182,8732413,12744115,4011702,1183104,558099,691143,1552130,1339858,1543059,2186283,2990709,3217151,1718667,257800,805361,746769,683208,656650,711555,831504,1003421,1182862,1417347,1573362,1679970,1537181,1122630,596037,207459,50341,13927219,1249242,7062
"Less developed regions, excluding China",1984,30115908,8657828,12629047,3971219,1190714,559601,693949,1563214,1362943,1545955,2205696,3032964,3285942,1774314,264355,810742,752472,694997,667946,709991,835964,1008924,1196772,1439514,1593450,1708481,1577461,1152310,622004,212278,52077,13819761,1253550,7213
"Less developed regions, excluding China",1985,30186246,8551513,12469845,3918332,1198167,562704,696438,1568054,1384477,1547362,2223500,3077453,3347880,1829474,273436,812205,755849,704946,679531,709566,837796,1013631,1209869,1461936,1615517,1733739,1614141,1183431,646043,219647,53789,13668012,1259142,7456
"Less developed regions, excluding China",1986,30129844,8420738,12241916,3821178,1182523,555824,694901,1566834,1401279,1545111,2237712,3121215,3402940,1885659,285820,810136,756698,711990,689289,709653,835458,1016928,1220784,1482745,1638470,1755372,1647568,1217000,668659,230079,55741,13424439,1250725,8108
"Less developed regions, excluding China",1987,30154492,8234506,11952080,3717574,1172758,559519,707778,1597278,1443551,1562504,2265812,3177824,3460200,1945672,300087,823087,774191,732128,711423,722651,839853,1028441,1237371,1509711,1668113,1778654,1681546,1254737,690935,242862,57225,13124838,1267297,9429
"Less developed regions, excluding China",1988,30596066,8199970,11960402,3760432,1190643,570207,718287,1625342,1486760,1589101,2312295,3261813,3535882,2015639,318969,835340,790002,750988,735772,740371,848730,1048055,1264240,1548950,1712863,1813448,1722434,1299317,716322,259111,59858,13151045,1288494,10724
"Less developed regions, excluding China",1989,30235394,7980043,11561090,3581047,1145741,557854,704759,1584074,1476764,1582943,2318477,3302020,3578697,2075979,335149,810369,773705,741938,734826,742575,840368,1048070,1270407,1565064,1736956,1831474,1747223,1336873,739106,272743,62406,12706831,1262613,11848
"Less developed regions, excluding China",1990,30433144,7859410,11391123,3531713,1141392,566249,715630,1617620,1517980,1617708,2352364,3370719,3640192,2137964,351417,825789,791831,761184,756796,766555,851153,1062020,1290344,1595084,1775635,1863533,1776659,1374592,763372,285606,65811,12532515,1281879,12787
"Less developed regions, excluding China",1991,30771592,7802616,11339387,3536771,1170910,586566,722357,1629464,1553031,1657540,2387174,3442300,3708114,2197334,364135,829565,799899,776384,776647,791278,866262,1075981,1311193,1625505,1816795,1901770,1806344,1409617,787717,295738,68397,12510297,1308923,13280
"Less developed regions, excluding China",1992,30888458,7673235,11121775,3448540,1147010,582057,726970,1662997,1594693,1700197,2412848,3509299,3779135,2260121,378088,844976,818021,796650,798043,816816,883381,1084687,1328161,1652129,1857170,1943055,1836080,1444155,815966,306420,71668,12268785,1309027,13268
"Less developed regions, excluding China",1993,30975380,7508102,10857306,3349204,1128397,582811,732064,1691290,1634304,1750658,2441653,3579065,3855675,2319130,390170,857821,833469,815261,819043,845002,905656,1094815,1346838,1678784,1900281,1989014,1866661,1475766,843364,315920,74250,11985703,1314875,12857
"Less developed regions, excluding China",1994,31589090,7394144,10669139,3274995,1127913,597137,784204,1824252,1776461,1874160,2511926,3677767,3944144,2381673,407333,924909,899343,886890,889571,914189,959971,1127523,1384403,1722134,1955633,2043092,1901052,1508707,872966,328614,78719,11797052,1381341,12980
"Less developed regions, excluding China",1995,31340252,7276724,10490889,3214165,1115757,581849,735206,1723962,1692760,1857819,2509215,3718679,4029249,2443112,428056,870709,853253,839975,852785,893326,964493,1122913,1386302,1731321,1987358,2090534,1938715,1540268,902844,343573,84483,11606646,1317055,13698
"Less developed regions, excluding China",1996,31593660,7145008,10297097,3152089,1111639,584590,747197,1766804,1742837,1923180,2549830,3787182,4123758,2499043,446004,889027,877777,863591,879246,924534,998646,1144467,1405363,1757010,2030172,2143141,1980617,1569743,929300,356903,89101,11408736,1331787,14498
"Less developed regions, excluding China",1997,31664796,6995083,10070447,3075364,1095708,582414,752375,1787822,1774005,1970388,2573730,3831279,4198307,2549192,463630,896699,891123,877037,896968,947670,1022718,1160334,1413396,1771856,2059423,2182122,2016185,1595266,953926,370401,93229,11166155,1334789,15499
"Less developed regions, excluding China",1998,32017876,6874010,9915718,3041708,1103934,594374,776309,1854758,1839893,2040377,2614523,3881457,4287997,2606050,485330,928881,925877,908739,931154,982451,1057926,1187962,1426561,1790675,2090782,2226635,2061362,1626051,979999,386747,98583,11019652,1370683,17155
"Less developed regions, excluding China",1999,31784724,6675022,9559378,2884356,1051204,570067,761600,1837491,1848591,2064046,2633636,3906201,4359093,2665482,508771,917404,920087,910049,938542,992642,1071404,1206872,1426764,1796602,2109599,2257698,2101395,1659234,1006248,404500,104271,10610582,1331667,19163
"Less developed regions, excluding China",2000,31877870,6522089,9297532,2775443,1023995,563628,757029,1831752,1870693,2099695,2681127,3960819,4476774,2755640,537997,912275,919477,919378,951315,1007138,1092557,1240558,1440569,1816110,2144709,2311070,2165704,1713956,1041684,426165,111832,10321527,1320657,21188
"Less developed regions, excluding China",2001,32067176,6378883,9052057,2673174,1009992,561556,759892,1855828,1914179,2150309,2732998,4006701,4589447,2845810,565483,923603,932225,940821,973358,1027322,1122987,1277751,1455247,1831746,2174955,2360880,2228567,1769360,1076450,446505,118978,10062049,1321448,22923
"Less developed regions, excluding China",2002,32158538,6212962,8788728,2575766,995832,555959,756521,1859427,1936358,2184130,2776156,4042327,4703296,2944055,591444,926814,932613,950190,986168,1034675,1149455,1308700,1467456,1840253,2202074,2407680,2295616,1829722,1114333,466446,124998,9784560,1312480,24304
"Less developed regions, excluding China",2003,32261936,6022692,8492524,2469832,974789,546661,750935,1867747,1961646,2223497,2828177,4075954,4827771,3064219,622506,931540,936207,964041,997605,1043467,1180030,1345747,1482430,1848431,2227523,2457780,2369991,1902964,1161255,490874,131632,9467313,1297596,25509
"Less developed regions, excluding China",2004,32563696,5861640,8267164,2405524,982889,554320,757338,1893147,1996706,2279157,2901532,4126928,4952230,3176144,649774,945510,947637,980171,1016535,1060857,1218300,1384937,1516595,1867920,2259008,2511171,2441059,1972787,1203357,512253,137521,9250053,1311658,26367
"Less developed regions, excluding China",2005,32476688,5678221,7967050,2288829,948763,537231,740043,1865931,1974155,2284837,2939843,4151184,5061899,3297923,680402,930347,935584,967997,1006158,1053422,1231415,1401353,1538490,1876330,2274854,2554722,2507177,2046489,1251434,535517,144885,8915813,1277274,27426
"Less developed regions, excluding China",2006,32475022,5504557,7683863,2179306,917028,517597,722209,1849524,1960771,2301520,2995194,4192258,5171605,3424721,710709,919094,930430,959112,1001659,1054054,1247466,1423894,1571300,1897835,2294423,2602589,2569016,2122392,1302329,558399,152310,8600891,1239806,28020
"Less developed regions, excluding China",2007,32687748,5360018,7445886,2085868,899005,508056,713491,1848376,1960766,2330253,3074482,4260035,5302127,3570038,745781,915392,932984,957475,1003291,1065321,1264932,1454715,1619767,1936590,2323445,2662625,2639502,2208913,1361125,584537,161244,8344891,1221547,29451
"Less developed regions, excluding China",2008,32992968,5226671,7248561,2021890,901736,510341,712436,1852154,1969539,2367695,3171470,4336300,5419602,3699304,773264,914286,937868,957446,1012093,1083812,1283883,1489204,1682266,1982814,2353486,2718374,2701228,2286595,1412709,604917,168347,8150297,1222777,30567
"Less developed regions, excluding China",2009,32947968,5075593,6996013,1920420,852538,489034,691341,1817248,1940155,2369761,3235254,4399609,5506939,3817812,800489,892818,924430,939783,1000372,1086858,1282903,1507372,1727882,2027281,2372328,2755775,2751164,2355029,1462783,625427,175062,7848551,1180375,31775
"Less developed regions, excluding China",2010,33093946,4944541,6804351,1859810,842152,486352,685898,1799615,1925338,2377685,3311578,4484387,5586336,3927609,829815,882984,916631,931532,993806,1093644,1284041,1531646,1779932,2083576,2400811,2787243,2799093,2416954,1510655,647401,182414,7646503,1172250,32830
"Less developed regions, excluding China",2011,33079200,4801461,6579501,1778040,806018,466904,664252,1748986,1894963,2372419,3386073,4574756,5661449,4032655,857118,855910,893076,914328,980635,1093605,1278814,1554532,1831541,2141392,2433364,2812196,2849253,2472604,1560051,667825,189293,7385519,1131156,34107
"Less developed regions, excluding China",2012,33172762,4667463,6383997,1716534,792189,460929,654017,1722568,1883372,2378426,3467943,4669190,5722008,4121041,881228,841509,881059,907630,975742,1096743,1281683,1582088,1885855,2199788,2469402,2825087,2896921,2515119,1605922,685732,195496,7176186,1114946,35854
"Less developed regions, excluding China",2013,33243336,4540120,6201776,1661656,774093,452919,639958,1682242,1862160,2379583,3547885,4774550,5778989,4206795,904467,820833,861409,896339,965821,1094470,1285113,1611650,1936235,2267097,2507453,2835747,2943242,2555051,1651744,704188,200279,6975869,1092877,37917
"Less developed regions, excluding China",2014,33295344,4391463,5995327,1603864,761645,446548,628786,1643793,1845355,2375752,3614802,4881629,5831361,4292661,937324,801633,842160,886658,958697,1088689,1287063,1636350,1978452,2322895,2558734,2847469,2983892,2593882,1698779,729667,207657,6756972,1075334,40359
"Less developed regions, excluding China",2015,33498688,4266865,5811846,1544981,752850,442979,621082,1618072,1839614,2386940,3693729,5013723,5903636,4393272,978347,788688,829384,880527,959087,1089319,1297621,1667163,2026566,2384234,2629489,2876610,3027026,2640968,1752304,761985,216362,6564696,1064061,42598
"Less developed regions, excluding China",2016,33744376,4145549,5629394,1483845,737938,435593,613255,1598783,1839230,2399933,3762567,5156259,5997431,4504890,1023468,778876,819907,876721,962509,1091780,1308153,1691050,2071517,2445522,2710737,2923574,3073857,2697568,1807322,796662,226806,6367332,1048848,45632
"Less developed regions, excluding China",2017,33984780,4019583,5443958,1424375,724876,429809,608233,1583629,1838333,2408624,3809457,5294575,6089776,4627919,1076838,771814,811815,872588,965745,1095194,1313430,1703410,2106047,2499118,2795457,2981235,3108541,2762340,1865579,837154,239684,6168834,1038042,48754
"Less developed regions, excluding China",2018,34386556,3919227,5293510,1374283,716897,426877,604430,1571963,1840516,2422306,3853225,5460007,6219148,4783304,1142778,765449,806514,868614,971902,1102756,1319550,1712613,2140612,2554769,2905238,3064722,3154426,2845318,1937986,886176,256602,6010407,1031307,51592
"Less developed regions, excluding China",2019,34850284,3814973,5145340,1330367,705999,423900,600588,1561788,1845825,2444432,3901543,5622681,6391539,4942447,1210064,759866,801922,866459,979366,1115318,1329114,1725337,2176206,2611591,3011090,3182319,3209220,2931112,2011335,934692,275372,5851339,1024488,54140
"Less developed regions, excluding China",2020,38230264,3707237,4991138,1283901,693958,418564,585466,1513835,1865077,2657764,4479998,6687620,7318918,5615387,1345118,736578,777257,855014,1010063,1195019,1462745,1946768,2533230,3094596,3593024,3738121,3580797,3310727,2304660,1045525,299593,5685096,1004030,57423
"Less developed regions, excluding China",2021,43387464,3633555,4881747,1248192,683865,423831,643877,1680513,2112431,3096380,5271542,7907642,8591522,6510399,1519653,813943,866570,962147,1150284,1377605,1718775,2305440,2966102,3660511,4247131,4432874,4158648,3826225,2684174,1182987,336666,5565612,1067708,64060
"Less developed regions, excluding least developed countries",1950,34326772,10091858,15262343,5170485,1275411,740740,848858,1992636,1877009,2098283,2493074,3237030,2860957,1444273,192837,1007053,985583,927831,949178,1027640,1070643,1200688,1292386,1606949,1630081,1526210,1334747,954088,490185,159009,33828,16537754,1589598,3324
"Less developed regions, excluding least developed countries",1951,33909692,10120292,15341383,5221091,1265976,716161,820039,1886803,1800115,2048393,2456262,3184229,2812612,1390933,183383,955909,930894,884862,915253,995303,1053090,1180151,1276111,1574748,1609481,1508983,1303629,918813,472120,153562,29821,16607359,1536200,3402
"Less developed regions, excluding least developed countries",1952,33436778,10323699,15507680,5183981,1211587,683632,772724,1749581,1699283,1976866,2409345,3125780,2767458,1350866,178310,886178,863403,829522,869761,951924,1024942,1153896,1255449,1529978,1595802,1495743,1271715,893930,456936,149706,28604,16719267,1456356,3665
"Less developed regions, excluding least developed countries",1953,33273812,10280517,15488203,5207686,1300477,662768,756280,1722674,1671552,1953892,2393872,3091109,2733010,1321478,174785,871682,850992,817248,854304,937670,1016222,1146431,1247441,1494256,1596853,1492321,1240689,876687,444791,146952,27833,16788680,1419048,3710
"Less developed regions, excluding least developed countries",1954,33010204,10325728,15556089,5230361,1229974,639424,728569,1676095,1627364,1920749,2377215,3067968,2711749,1299341,172161,847078,829017,798556,828808,918023,1002726,1142117,1235098,1467455,1600513,1494235,1217514,864138,435203,145018,27143,16786064,1367993,3504
"Less developed regions, excluding least developed countries",1955,33015960,10295456,15493820,5198364,1250985,631327,716285,1667557,1620381,1923755,2404689,3101624,2737027,1293740,171611,842003,825554,797768,822613,917280,1006475,1159229,1245460,1481296,1620328,1515193,1221834,863340,430400,144423,27188,16744805,1347612,3159
"Less developed regions, excluding least developed countries",1956,32829504,10121656,15284219,5162563,1276118,625290,702872,1659826,1611837,1917606,2422536,3114788,2758041,1283433,169958,836912,822914,794508,817329,914470,1003136,1168666,1253870,1496934,1617854,1528490,1229551,859569,423864,142435,27523,16560337,1328162,2977
"Less developed regions, excluding least developed countries",1957,32968778,10224908,15325180,5100272,1313720,627081,690270,1652176,1607190,1916036,2448644,3136204,2803410,1278209,167633,831683,820493,792971,814219,913822,1002214,1180103,1268541,1520281,1615923,1558636,1244774,857369,420840,140049,27584,16638900,1317351,3025
"Less developed regions, excluding least developed countries",1958,32805536,10026572,15061089,5034517,1358767,633379,676852,1644163,1606765,1910918,2471283,3149137,2853330,1271132,165636,824796,819367,793770,812995,908905,1002013,1188577,1282706,1538584,1610553,1592787,1260543,852020,419112,138343,27293,16419856,1310231,3082
"Less developed regions, excluding least developed countries",1959,37251090,10702378,17130398,6428020,1799597,839513,759646,1822399,1806432,2147237,2806189,3494553,3156548,1318689,166841,909120,913279,888873,917559,1015365,1131872,1343413,1462776,1717428,1777125,1772310,1384238,888920,429769,139680,27161,18929996,1599159,3048
"Less developed regions, excluding least developed countries",1960,40796840,11209883,18520206,7310323,2266693,1054089,841463,1982203,1992593,2362338,3102817,3789137,3369006,1347340,165894,982167,1000036,976771,1015822,1112765,1249573,1476696,1626121,1864626,1924511,1899935,1469071,914657,432683,139123,26771,20786900,1895552,3058
"Less developed regions, excluding least developed countries",1961,35827284,9963094,15727367,5764273,1832540,894807,757452,1804248,1817392,2139529,2820652,3490559,3104249,1279994,155681,888582,915666,893773,923619,1007874,1131655,1336839,1483813,1714521,1776038,1741941,1362308,868226,411768,130916,24765,17559908,1652259,2816
"Less developed regions, excluding least developed countries",1962,31837248,9645783,14066013,4420230,1338324,694811,665208,1599177,1618627,1893780,2516811,3189626,2875084,1228685,148439,782702,816475,797773,820854,892895,1000885,1188735,1328076,1560447,1629179,1589720,1285364,831031,397654,124986,23453,15404337,1360019,2662
"Less developed regions, excluding least developed countries",1963,32574116,10351813,14738207,4386394,1319108,710725,672115,1578787,1621857,1890149,2520825,3223345,2909944,1240428,146081,768364,810423,797826,824031,893618,996531,1186576,1334249,1574095,1649250,1586175,1323769,841842,398586,123444,22637,16057315,1382840,2543
"Less developed regions, excluding least developed countries",1964,32563090,10224701,14730803,4506102,1272342,718254,683658,1553319,1617088,1877217,2518055,3249926,2941564,1253354,145087,755498,797821,795093,821995,893169,984048,1181811,1336244,1590174,1659752,1585957,1355607,853167,400187,123069,22018,16003145,1401912,2423
"Less developed regions, excluding least developed countries",1965,33538024,10214837,15058085,4843248,1309794,761664,730978,1635219,1692503,1938308,2594109,3358136,3028885,1282242,145765,798983,836236,834486,858017,927256,1011052,1216159,1377950,1648064,1710072,1630724,1398161,874927,407315,124120,21645,16367879,1492642,2334
"Less developed regions, excluding least developed countries",1966,33018062,9984983,14766657,4781674,1255418,758867,726308,1539309,1636242,1893546,2560917,3369145,3053471,1308251,147681,754456,784853,802568,833674,904702,988844,1198892,1362025,1649806,1719339,1649872,1403599,894214,414037,126075,21606,16022075,1485175,2250
"Less developed regions, excluding least developed countries",1967,32750384,9753625,14495565,4741940,1241448,739781,725046,1495931,1599908,1872149,2560014,3418828,3101910,1347712,149887,740982,754949,782628,817280,892510,979639,1196334,1363680,1669297,1749531,1689808,1412102,926707,421005,128196,21691,15737013,1464827,2206
"Less developed regions, excluding least developed countries",1968,32385876,9702243,14194820,4492577,1240520,703343,721669,1454519,1556197,1843206,2539225,3448190,3137309,1391408,153253,730636,723883,758079,798118,876746,966460,1180559,1358666,1677271,1770919,1722305,1415004,962104,429304,131222,22031,15435340,1425012,2217
"Less developed regions, excluding least developed countries",1969,32343878,9660578,14053613,4393035,1286748,679129,719937,1432952,1519858,1830851,2534353,3503748,3187871,1434634,157902,732424,700528,735375,784483,866725,964126,1170117,1364236,1696155,1807593,1757845,1430026,995055,439579,135185,22717,15340361,1399066,2282
"Less developed regions, excluding least developed countries",1970,32213622,9536598,13855069,4318471,1322994,658243,723260,1419789,1483141,1816359,2526455,3543237,3234676,1464013,164036,738157,681632,712539,770602,856009,960350,1160650,1365805,1707203,1836034,1783806,1450870,1013244,450769,140199,23837,15178063,1381503,2349
"Less developed regions, excluding least developed countries",1971,31983704,9339621,13566886,4227265,1339073,630762,725521,1436246,1461719,1809426,2519968,3558469,3281445,1482577,169236,756550,679696,698556,763163,852295,957131,1154877,1365091,1706533,1851936,1805100,1476345,1018719,463858,143889,25347,14905959,1356283,2375
"Less developed regions, excluding least developed countries",1972,31661078,9118838,13245651,4126813,1328049,621567,726422,1439133,1426656,1795526,2506286,3561846,3328936,1504957,173462,768394,670739,676446,750210,844224,951302,1146695,1359591,1700261,1861585,1822502,1506434,1022208,482749,146297,27165,14573700,1347989,2587
"Less developed regions, excluding least developed countries",1973,31231914,8903122,12890459,3987337,1290197,626363,721923,1457737,1392792,1777147,2475483,3536870,3354022,1526595,179413,783690,674047,657605,735187,833745,943402,1135044,1340439,1683229,1853641,1827279,1526743,1023674,502921,150353,29060,14180656,1348286,2913
"Less developed regions, excluding least developed countries",1974,30882716,8632251,12472940,3840689,1257339,644272,716676,1482163,1365887,1771511,2464601,3542662,3408004,1564314,188870,796682,685481,644051,721836,830105,941406,1136388,1328213,1681125,1861537,1853412,1554592,1040126,524188,157582,31288,13730279,1360948,3477
"Less developed regions, excluding least developed countries",1975,30361020,8291882,11963260,3671378,1216696,650892,695362,1484181,1329532,1752835,2448495,3542791,3459963,1610368,202307,794295,689886,627528,702004,819653,933182,1132082,1316413,1677371,1865420,1878197,1581766,1067483,542885,168007,34300,13179956,1346254,4335
"Less developed regions, excluding least developed countries",1976,30100138,8052023,11565699,3513676,1181464,658053,680804,1496813,1305340,1747941,2453883,3570216,3545423,1673236,216443,796229,700584,618597,686743,814929,933012,1134647,1319236,1689241,1880975,1917106,1628317,1111115,562121,179939,36504,12747163,1338857,4824
"Less developed regions, excluding least developed countries",1977,29796534,7796974,11149474,3352500,1154088,649480,665507,1493815,1279793,1737642,2461597,3598322,3631986,1741164,228524,787640,706175,611259,668534,807485,930157,1137417,1324180,1701764,1896558,1953585,1678401,1160462,580702,190860,37664,12303562,1314987,5140
"Less developed regions, excluding least developed countries",1978,29676122,7619675,10828706,3209031,1124866,635232,668154,1502902,1269419,1731997,2483590,3634568,3730024,1818092,243322,784044,718858,614511,654908,801166,930831,1146552,1337038,1712206,1922362,1994801,1735223,1215357,602735,204177,39145,11953572,1303386,5246
"Less developed regions, excluding least developed countries",1979,29604360,7531645,10600533,3068888,1086915,615989,670138,1487665,1259892,1715892,2501038,3664796,3836782,1899782,259579,767012,720653,620086,639806,787437,928455,1150415,1350623,1715084,1949712,2038796,1797986,1269867,629915,218224,41355,11687448,1286127,5357
"Less developed regions, excluding least developed countries",1980,29682254,7460531,10426740,2966209,1054394,602597,677061,1481728,1266070,1707521,2526648,3711889,3953128,1992167,276709,753110,728618,633032,633038,777242,930279,1158153,1368495,1728692,1983197,2087573,1865555,1327756,664411,231970,44739,11481134,1279658,5600
"Less developed regions, excluding least developed countries",1981,29729356,7392749,10275439,2882690,1021506,587818,686980,1487344,1281608,1695982,2538776,3745856,4039049,2074511,288398,747554,739790,650764,630844,765929,930053,1163010,1375766,1738857,2006999,2121159,1917890,1378463,696048,239728,48670,11296945,1274798,6088
"Less developed regions, excluding least developed countries",1982,29868382,7360493,10190894,2830401,999007,574881,687459,1484155,1298728,1685238,2557549,3789373,4131850,2164341,298354,741516,742639,666492,632236,753759,931479,1169789,1387760,1755585,2033788,2159542,1972308,1432114,732227,246574,51780,11189901,1262340,6551
"Less developed regions, excluding least developed countries",1983,29716954,7160430,9927948,2767518,964801,556160,669900,1463543,1305777,1659042,2565265,3817679,4216281,2253947,309591,734198,729345,673539,632238,735300,923742,1169042,1396223,1771192,2046487,2195229,2021052,1484429,769518,254520,55071,10892749,1226060,7019
"Less developed regions, excluding least developed countries",1984,29700972,7072609,9787127,2714518,943511,537113,654409,1446149,1316420,1632254,2570198,3841680,4299559,2343274,322097,735724,710425,676573,639847,720184,912070,1168697,1401501,1790712,2050968,2230240,2069319,1538930,804344,264540,57557,10730638,1191522,7178
"Less developed regions, excluding least developed countries",1985,29788050,7003268,9665504,2662236,932703,521460,648175,1445234,1340957,1615917,2580562,3877602,4381748,2433393,337377,748210,697024,686431,654526,713071,902846,1171101,1409461,1812217,2065385,2265922,2115826,1593520,839873,277534,59843,10598207,1169635,7416
"Less developed regions, excluding least developed countries",1986,29914350,6978944,9588372,2609428,921691,502610,641556,1444148,1363116,1602883,2593644,3916046,4453435,2522719,356030,759940,684208,693073,670043,709896,892987,1173200,1420444,1829888,2086158,2299099,2154336,1644850,877869,293571,62459,10510063,1144166,8099
"Less developed regions, excluding least developed countries",1987,30071016,6928937,9494116,2565179,912934,487756,638286,1446824,1390125,1601184,2614468,3963860,4524223,2611370,376411,764821,682003,700433,689692,715986,885198,1179043,1435425,1852686,2111174,2330930,2193293,1694380,916990,311613,64798,10407050,1126042,9459
"Less developed regions, excluding least developed countries",1988,30196908,6790993,9325729,2534736,903385,475467,635596,1459682,1419396,1608465,2636140,4024413,4593268,2704857,399855,762849,696833,707579,711817,729939,878526,1182896,1453244,1880673,2143740,2354487,2238781,1745787,959070,331986,67869,10229114,1111063,10654
"Less developed regions, excluding least developed countries",1989,30290960,6698798,9191784,2492986,884068,462537,622436,1454637,1422871,1618847,2646158,4086208,4659299,2805293,424955,747159,707478,700018,722853,747667,871180,1178331,1467827,1902494,2183714,2372773,2286526,1801370,1003923,352842,72113,10075852,1084973,11866
"Less developed regions, excluding least developed countries",1990,30573144,6615076,9064572,2449496,876249,461347,616895,1479728,1443213,1650685,2670666,4168127,4757691,2917907,453176,748397,731331,699740,743473,775650,875035,1181147,1489519,1934146,2233981,2412787,2344904,1864693,1053214,375781,77395,9940821,1078242,12888
"Less developed regions, excluding least developed countries",1991,30604394,6335429,8728366,2392937,863068,455640,603933,1496093,1456217,1686311,2689742,4243785,4863377,3023217,481132,745002,751091,697243,758974,803711,882600,1182221,1507521,1966638,2277147,2460758,2402619,1922283,1100934,398889,82243,9591434,1059573,13513
"Less developed regions, excluding least developed countries",1992,30523322,6120712,8441208,2320496,853560,452286,590741,1501937,1468492,1720407,2686615,4285614,4919479,3086303,503072,741683,760254,700140,768352,828545,891862,1173379,1513236,1983591,2302023,2488099,2431380,1954577,1131726,416502,86570,9294768,1043027,13607
"Less developed regions, excluding least developed countries",1993,30544504,5940700,8183118,2242418,848191,451260,580179,1501237,1494530,1770792,2685895,4343559,4986862,3159777,525719,739704,761533,716893,777637,857481,913311,1168041,1517854,2004115,2339444,2529719,2457143,1994874,1164903,434910,90809,9031309,1031439,13384
"Less developed regions, excluding least developed countries",1994,30756146,5778404,7936143,2157739,848529,452487,575392,1505662,1530886,1837936,2699917,4426416,5095592,3274050,559403,738956,766706,744167,786719,887203,950733,1173152,1526765,2037950,2388466,2598228,2497364,2058700,1215350,461376,98027,8784672,1027879,13731
"Less developed regions, excluding least developed countries",1995,30977588,5638568,7733268,2094700,851054,455781,576125,1516450,1567608,1908341,2717068,4491399,5191057,3364906,590053,739784,776666,773907,793701,917126,991215,1183468,1533600,2064190,2427209,2655975,2535082,2108573,1256333,484329,105724,8584322,1031906,14475
"Less developed regions, excluding least developed countries",1996,31201620,5464778,7480695,2015917,840380,455969,577793,1524765,1606196,1977117,2737997,4570300,5314696,3474597,625445,736922,787843,804868,801328,945740,1031377,1197701,1540296,2092141,2478159,2718555,2596141,2172155,1302442,510457,114988,8321075,1033762,15669
"Less developed regions, excluding least developed countries",1997,31332692,5288696,7227724,1939028,820312,456402,582881,1529844,1634859,2034491,2755574,4629169,5419089,3569835,655360,733771,796073,823139,811720,967804,1066687,1215715,1539859,2109776,2519393,2769163,2649926,2226567,1343268,532443,122917,8048036,1039283,17151
"Less developed regions, excluding least developed countries",1998,31448764,5122649,6988405,1865756,796332,458817,589190,1528439,1665825,2087031,2780689,4670079,5526937,3653218,684706,728654,799785,830542,835283,985250,1101781,1243366,1537323,2116090,2553989,2819915,2707022,2268282,1384936,554016,130690,7784737,1048007,19095
"Less developed regions, excluding least developed countries",1999,31705444,4960199,6742821,1782622,760358,458255,591948,1525447,1708323,2132168,2832511,4730218,5684683,3788959,728306,725068,800379,839421,868902,997577,1134591,1289025,1543486,2125320,2604898,2885437,2799246,2337399,1451560,587880,140426,7503179,1050203,21445
"Less developed regions, excluding least developed countries",2000,31880272,4833661,6532496,1698835,722633,454518,592920,1527151,1752504,2160088,2882750,4761351,5807004,3899328,763939,727275,799876,851325,901179,997411,1162677,1334056,1548694,2122977,2638374,2934182,2872822,2396752,1502576,614431,149508,7255129,1047438,23589
"Less developed regions, excluding least developed countries",2001,31906392,4687997,6317369,1629372,698379,450259,593344,1523734,1792335,2178945,2923387,4757171,5879186,3978526,788344,729391,794343,860588,931747,993080,1185865,1374905,1548482,2107804,2649367,2965828,2913358,2440556,1537970,631842,156502,7015748,1043603,25411
"Less developed regions, excluding least developed countries",2002,32089656,4528903,6088522,1559619,678532,440731,589989,1509986,1812354,2198163,2980149,4781851,6024474,4131227,826688,728878,781108,862831,949523,988379,1209784,1419534,1560615,2102378,2679473,3027547,2996927,2527404,1603823,661945,164743,6767054,1030720,26990
"Less developed regions, excluding least developed countries",2003,32332362,4350693,5834754,1484061,654108,429417,588592,1511032,1829367,2239491,3056033,4794790,6186811,4304813,874635,735483,775549,871993,957374,1003878,1235613,1470727,1585306,2096984,2697806,3093380,3093431,2631266,1673547,700598,174037,6488862,1018009,28519
"Less developed regions, excluding least developed countries",2004,32761230,4211551,5657599,1446048,660058,431279,596833,1522700,1847252,2298241,3153352,4818872,6345109,4476037,924254,746778,775922,877816,969436,1038339,1259902,1518070,1635282,2106531,2712341,3164406,3180703,2739465,1736572,740521,183733,6317657,1028112,29644
"Less developed regions, excluding least developed countries",2005,32826378,4055276,5418214,1362938,630940,408613,583544,1490799,1810916,2305832,3218069,4817175,6478963,4656646,975728,732491,758308,855356,955560,1052544,1253288,1544363,1673706,2107815,2709360,3219851,3259112,2846778,1809868,781945,193783,6049154,992157,30940
"Less developed regions, excluding least developed countries",2006,32962622,3907084,5196816,1289732,607919,386241,569911,1478682,1783185,2325021,3292729,4829139,6605861,4828912,1026403,726410,752272,835926,947259,1075846,1249175,1569777,1722952,2120775,2708364,3272536,3333325,2941248,1887664,822378,204025,5804735,956152,31801
"Less developed regions, excluding least developed countries",2007,33361954,3790687,5019744,1229057,595227,375200,560688,1479966,1767888,2354181,3394225,4888895,6770974,5035352,1085950,725605,754361,822855,945033,1098567,1255614,1601187,1793038,2164612,2724283,3342982,3427992,3055901,1979451,869061,216889,5614971,935888,33662
"Less developed regions, excluding least developed countries",2008,33821772,3684864,4864316,1179452,587371,370686,556803,1488374,1759092,2393128,3505881,4968918,6912353,5239223,1140172,728853,759521,811227,947865,1111502,1281626,1630114,1875767,2229244,2739674,3395741,3516612,3169468,2069755,909743,230429,5451687,927489,35454
"Less developed regions, excluding least developed countries",2009,34040880,3571932,4698845,1126913,564850,357879,536619,1465269,1716607,2415027,3568764,5053464,7008099,5425156,1193034,715257,750012,787931,928676,1108867,1306160,1632875,1935889,2303538,2749926,3415135,3592964,3263234,2161922,948769,244265,5263695,894498,37266
"Less developed regions, excluding least developed countries",2010,34333410,3453031,4534742,1081711,548533,347594,520419,1446623,1682235,2443604,3634521,5168817,7100655,5610708,1255931,705888,740735,772502,909733,1110003,1333601,1630643,2003878,2392051,2776766,3431706,3668949,3355142,2255566,996167,259764,5083275,868013,39023
"Less developed regions, excluding least developed countries",2011,34583300,3335596,4371512,1035916,527024,337889,502754,1416407,1649000,2471834,3696454,5295399,7181621,5775298,1317074,689388,727019,759133,889867,1109775,1362059,1630208,2066246,2485301,2810098,3442743,3738878,3439850,2335448,1042534,274540,4898536,840643,41034
"Less developed regions, excluding least developed countries",2012,34881460,3240332,4244616,1004284,516473,332599,490234,1393398,1629006,2490379,3765768,5438832,7241988,5923257,1371508,673938,719460,754246,874760,1109466,1380913,1642576,2123192,2580686,2858146,3441343,3800645,3513091,2410166,1084591,286917,4761089,822833,43403
"Less developed regions, excluding least developed countries",2013,35107772,3124014,4096670,972656,503216,324710,474662,1355253,1598498,2476754,3848470,5600894,7273933,6078057,1430174,650556,704697,744691,853807,1099526,1377228,1682978,2165492,2679788,2921106,3432506,3841427,3585975,2492082,1131363,298811,4599886,799372,46481
"Less developed regions, excluding least developed countries",2014,35314810,2992098,3926121,934023,491245,317076,460265,1314211,1570631,2449275,3925782,5771936,7298339,6234472,1505189,625008,689203,734794,835837,1079921,1369354,1740095,2185687,2758587,3013349,3434011,3864328,3662589,2571883,1190886,314303,4417366,777341,50266
"Less developed regions, excluding least developed countries",2015,35645588,2870277,3763056,892779,482956,311058,449193,1280572,1555950,2435911,4007823,5970882,7346584,6398015,1589889,601987,678585,727996,827954,1063416,1372495,1809248,2198575,2845285,3125597,3458431,3888153,3741934,2656081,1256820,333069,4246012,760251,53698
"Less developed regions, excluding least developed countries",2016,36114216,2769820,3622702,852882,474389,305144,442919,1262019,1558224,2427761,4089334,6181079,7435361,6580389,1676589,588540,673479,728724,829500,1049958,1377803,1877663,2211671,2924420,3256659,3510139,3925222,3831790,2748599,1320484,356105,4097091,748063,58302
"Less developed regions, excluding least developed countries",2017,36696040,2660799,3473774,812975,463711,299171,435273,1235256,1558868,2421864,4157700,6419765,7583818,6807728,1776147,573825,661431,726799,832069,1038750,1383114,1921631,2236069,3003149,3416616,3609688,3974130,3947297,2860431,1394596,381551,3937485,734444,62961
"Less developed regions, excluding least developed countries",2018,36992264,2553349,3332468,779119,457741,295137,427927,1206084,1557101,2392880,4180706,6575793,7680067,6948420,1870753,559317,646767,722374,834727,1023256,1369624,1907218,2273488,3027309,3548484,3706128,3973939,4000452,2947968,1462389,408364,3790209,723064,67190
"Less developed regions, excluding least developed countries",2019,37588250,2450547,3197368,746821,448272,291356,422979,1189037,1565599,2379168,4252388,6737648,7902435,7144099,1986135,551882,637155,724496,841103,1019253,1359915,1904198,2348190,3050743,3686905,3880871,4021564,4076261,3067838,1542519,443616,3645640,714335,71763
"Less developed regions, excluding least developed countries",2020,40838536,2343109,3058151,715042,433925,286797,413034,1152342,1597143,2539805,4792198,7657921,8827021,7837355,2165457,538492,613850,724930,872213,1082164,1457641,2091924,2700274,3423945,4233976,4447374,4379647,4441814,3395541,1681073,484384,3492076,699831,77385
"Less developed regions, excluding least developed countries",2021,45875868,2272746,2961501,688755,426179,287132,447805,1277811,1816651,2896266,5558104,8768021,10172477,8786170,2391052,597598,680213,818415,998236,1237289,1658977,2396644,3161460,3886158,4881863,5199706,4972771,4963845,3822325,1854861,536191,3387680,734937,86696
Liberia,1950,22020,7619,11823,4204,1164,596,580,1322,1172,1063,1121,1335,1329,472,45,669,653,598,574,540,523,550,571,632,703,730,599,320,152,39,6,12987,1176,1
Liberia,1951,22556,8050,12195,4145,1179,608,591,1343,1197,1085,1144,1356,1342,471,45,679,664,611,586,552,533,561,583,645,711,736,606,329,142,39,6,13374,1199,1
Liberia,1952,23023,8286,12521,4235,1181,616,600,1357,1220,1107,1165,1375,1357,476,45,687,670,625,595,565,542,571,594,658,717,745,612,343,133,40,5,13702,1216,1
Liberia,1953,23555,8529,12870,4341,1175,626,612,1383,1253,1137,1192,1403,1373,484,44,701,682,644,609,581,556,584,608,676,727,754,619,354,130,39,5,14045,1238,1
Liberia,1954,24080,8775,13263,4488,1151,636,623,1398,1277,1162,1215,1429,1387,492,43,711,687,657,620,596,566,596,619,692,737,763,624,365,127,38,5,14414,1259,0
Liberia,1955,24833,9088,13773,4685,1148,652,641,1436,1317,1199,1247,1468,1406,503,41,732,704,677,640,615,584,611,636,713,755,774,632,372,131,36,5,14921,1293,0
Liberia,1956,25620,9430,14300,4870,1170,667,658,1474,1353,1233,1277,1503,1424,516,40,752,722,694,659,632,601,626,651,731,772,785,639,379,137,35,5,15470,1325,0
Liberia,1957,26447,9788,14850,5062,1203,678,677,1515,1390,1269,1311,1545,1444,527,38,774,741,709,681,648,621,644,667,751,794,796,648,385,142,33,5,16053,1355,0
Liberia,1958,27311,10139,15396,5257,1244,684,695,1560,1435,1310,1349,1591,1469,540,38,798,762,728,707,668,642,662,687,772,819,809,660,391,149,32,6,16640,1379,0
Liberia,1959,28212,10504,15969,5465,1301,684,715,1606,1475,1355,1388,1635,1494,551,38,820,786,745,730,689,666,682,706,792,843,824,670,397,154,33,5,17270,1399,0
Liberia,1960,29077,10869,16532,5663,1355,679,732,1651,1514,1392,1425,1676,1520,560,39,845,806,762,752,708,684,701,724,811,865,839,681,403,157,34,5,17887,1411,0
Liberia,1961,29900,11215,17061,5846,1402,685,744,1692,1548,1430,1462,1716,1547,571,40,865,827,780,768,728,702,721,741,830,886,857,690,410,161,35,5,18463,1429,0
Liberia,1962,30682,11560,17574,6014,1444,692,752,1727,1578,1464,1498,1750,1577,582,43,882,845,795,783,747,717,740,758,846,904,878,699,417,165,38,5,19018,1444,0
Liberia,1963,31468,11879,18062,6183,1482,706,755,1772,1614,1507,1539,1788,1608,593,43,904,868,816,798,772,735,764,775,866,922,899,709,425,168,39,4,19544,1461,0
Liberia,1964,32188,12133,18450,6317,1518,730,750,1815,1645,1539,1577,1828,1648,628,63,924,891,835,810,790,749,783,794,886,942,922,726,442,186,53,10,19968,1480,0
Liberia,1965,32830,12368,18779,6411,1545,753,741,1854,1678,1575,1615,1868,1688,656,79,942,912,853,825,809,766,801,814,906,962,945,743,457,199,64,15,20324,1494,0
Liberia,1966,33382,12563,19059,6496,1571,769,738,1882,1702,1600,1652,1906,1728,681,92,952,930,868,834,820,780,818,834,925,981,966,762,469,212,73,19,20630,1507,1
Liberia,1967,33859,12751,19312,6561,1591,780,737,1898,1723,1621,1679,1944,1770,705,103,955,943,880,843,826,795,828,851,943,1001,987,783,483,222,80,23,20903,1517,1
Liberia,1968,34329,12902,19508,6606,1608,791,743,1914,1759,1652,1718,1986,1812,725,110,953,961,899,860,836,816,843,875,964,1022,1007,805,495,230,85,25,21116,1534,1
Liberia,1969,34724,13062,19695,6633,1618,800,760,1904,1785,1672,1748,2024,1854,746,116,934,970,914,871,842,830,855,893,983,1041,1027,827,506,240,90,26,21313,1560,2
Liberia,1970,35037,13101,19760,6659,1629,809,781,1901,1818,1699,1784,2066,1895,768,123,917,984,930,888,854,845,872,912,1004,1062,1047,848,521,247,95,28,21389,1590,2
Liberia,1971,35396,13128,19829,6701,1652,823,799,1908,1856,1726,1821,2115,1940,794,132,914,994,951,905,867,859,890,931,1029,1086,1071,869,537,257,101,31,21481,1622,3
Liberia,1972,35628,13271,19953,6682,1655,827,802,1885,1860,1728,1835,2147,1976,818,140,901,984,951,909,868,860,899,936,1045,1102,1088,888,553,265,108,32,21608,1629,3
Liberia,1973,36065,13475,20156,6681,1667,834,813,1883,1887,1748,1867,2194,2022,846,148,906,977,963,924,882,866,918,949,1070,1124,1113,909,571,275,112,36,21823,1647,4
Liberia,1974,36474,13669,20375,6706,1678,841,823,1876,1899,1756,1890,2234,2062,877,156,924,952,968,931,887,869,931,959,1088,1146,1134,928,591,286,118,38,22053,1664,5
Liberia,1975,37013,13875,20615,6740,1689,849,835,1882,1930,1788,1932,2293,2120,908,164,946,936,980,950,906,882,951,981,1115,1178,1165,955,611,297,124,40,22304,1684,5
Liberia,1976,37427,14156,21001,6845,1704,859,840,1878,1963,1835,1969,2309,2079,846,135,953,925,990,973,931,904,971,998,1125,1184,1153,926,581,265,102,33,22705,1699,5
Liberia,1977,37738,14348,21310,6962,1720,869,846,1870,1974,1872,1999,2324,2046,794,110,956,914,986,988,951,921,983,1016,1131,1193,1142,904,555,239,84,26,23030,1715,5
Liberia,1978,38153,14601,21688,7087,1743,880,849,1864,1978,1915,2034,2340,2018,750,88,955,909,976,1002,972,943,999,1035,1137,1203,1136,882,531,219,68,20,23431,1729,4
Liberia,1979,38704,14826,22026,7200,1772,899,860,1890,1993,1985,2092,2381,2016,716,74,962,928,964,1029,1007,978,1026,1066,1157,1224,1144,872,513,203,57,17,23798,1759,4
Liberia,1980,39224,14986,22300,7314,1815,918,878,1923,2001,2053,2146,2415,2021,690,60,975,948,950,1051,1041,1012,1054,1092,1175,1240,1155,866,498,192,47,13,24115,1796,3
Liberia,1981,39648,15113,22516,7403,1860,935,889,1925,1994,2102,2193,2454,2048,679,51,976,949,935,1059,1064,1038,1079,1114,1198,1256,1176,872,492,187,41,10,24376,1824,3
Liberia,1982,40193,15214,22682,7468,1913,958,913,1951,1998,2164,2255,2519,2104,685,48,991,960,933,1065,1093,1071,1112,1143,1235,1284,1212,892,498,187,39,9,24595,1871,2
Liberia,1983,40885,15408,22954,7546,1966,979,938,1978,1999,2214,2315,2586,2188,713,47,1009,969,936,1063,1114,1100,1144,1171,1272,1314,1259,929,518,195,40,7,24920,1917,2
Liberia,1984,41790,15830,23590,7760,2048,1012,962,2010,2031,2308,2389,2621,2143,641,33,1027,983,966,1065,1158,1150,1191,1198,1301,1320,1248,895,478,163,28,5,25638,1974,1
Liberia,1985,44030,16259,24422,8163,2205,1092,1070,2248,2152,2462,2552,2783,2298,699,42,1161,1087,1051,1101,1230,1232,1273,1279,1383,1400,1332,966,517,182,36,6,26627,2162,2
Liberia,1986,44751,16776,25019,8243,2230,1124,1072,2195,2094,2438,2578,2834,2367,742,54,1137,1058,1032,1062,1209,1229,1283,1295,1407,1427,1361,1006,544,198,43,11,27249,2196,3
Liberia,1987,46765,17426,26058,8632,2342,1200,1140,2331,2162,2520,2702,2967,2486,793,60,1216,1115,1076,1086,1242,1278,1344,1358,1470,1497,1418,1068,579,214,48,12,28400,2340,4
Liberia,1988,48971,18156,27224,9068,2470,1282,1213,2484,2244,2597,2827,3105,2601,847,68,1302,1182,1125,1119,1266,1331,1404,1423,1536,1569,1472,1129,616,231,55,13,29694,2495,5
Liberia,1989,51266,18915,28436,9521,2591,1364,1294,2679,2358,2651,2952,3239,2715,905,75,1412,1267,1184,1174,1273,1378,1465,1487,1600,1639,1529,1186,655,250,61,14,31027,2658,5
Liberia,1990,65447,19656,29586,9930,2681,1502,2509,7516,5041,4351,4139,3929,3089,1013,84,4057,3459,2732,2309,2152,2199,2108,2031,1987,1942,1747,1342,735,278,67,17,32267,4011,5
Liberia,1991,39923,14747,22210,7463,2018,1094,1053,2137,1795,1933,2281,2492,2106,740,57,1136,1001,902,893,901,1032,1127,1154,1235,1257,1178,928,535,205,48,9,24228,2147,4
Liberia,1992,42539,15591,23379,7788,2069,1134,1180,2538,2006,2043,2420,2644,2248,813,62,1355,1183,1027,979,957,1086,1193,1227,1311,1333,1258,990,587,226,54,8,25448,2314,2
Liberia,1993,45809,16496,24982,8486,2297,1247,1300,2717,2115,2148,2633,2911,2484,902,67,1450,1267,1084,1031,1008,1140,1290,1343,1445,1466,1394,1090,652,250,59,8,27279,2547,2
Liberia,1994,47632,16743,25431,8688,2373,1287,1418,3035,2285,2248,2791,3095,2631,962,70,1618,1417,1181,1104,1080,1168,1361,1430,1539,1556,1480,1151,693,269,62,8,27804,2705,1
Liberia,1995,42808,15562,23293,7731,2060,1121,1214,2534,1941,1912,2470,2820,2441,924,71,1352,1182,1003,938,936,976,1193,1277,1397,1423,1366,1075,660,264,62,9,25353,2335,1
Liberia,1996,44190,15867,23702,7835,2093,1135,1270,2716,2047,1972,2583,2995,2606,994,77,1451,1265,1064,983,972,1000,1236,1347,1480,1515,1455,1151,707,287,67,10,25795,2405,1
Liberia,1997,39399,14964,21855,6891,1756,958,1012,2065,1636,1625,2236,2730,2466,979,81,1101,964,844,792,800,825,1052,1184,1336,1394,1362,1104,688,291,71,10,23611,1970,1
Liberia,1998,43657,16451,23861,7410,1886,1025,1114,2336,1857,1820,2502,3137,2871,1151,96,1245,1091,961,896,899,921,1163,1339,1527,1610,1579,1292,805,346,84,12,25747,2139,1
Liberia,1999,44605,16597,23901,7304,1859,1006,1137,2504,1973,1902,2566,3319,3083,1248,105,1336,1168,1027,946,937,965,1169,1397,1608,1711,1688,1395,869,379,93,12,25760,2143,1
Liberia,2000,44112,16299,23314,7015,1799,968,1079,2373,1934,1908,2575,3466,3257,1327,115,1256,1117,1001,933,929,979,1149,1426,1671,1795,1781,1476,922,405,101,14,25113,2047,1
Liberia,2001,42630,15551,22079,6528,1688,904,1016,2289,1891,1868,2517,3510,3361,1382,123,1202,1087,975,916,908,960,1108,1409,1682,1828,1832,1529,960,422,109,14,23767,1920,1
Liberia,2002,41726,14779,20818,6039,1597,857,979,2280,1943,1924,2569,3659,3512,1448,132,1180,1100,997,946,935,989,1126,1443,1747,1912,1918,1594,1007,441,116,16,22415,1836,1
Liberia,2003,43459,14191,20187,5996,1689,890,1121,2885,2319,2176,2768,3959,3781,1539,141,1492,1393,1203,1116,1069,1107,1224,1544,1889,2070,2072,1709,1076,463,124,17,21876,2011,1
Liberia,2004,37901,12782,17639,4857,1356,735,853,2098,1885,1880,2466,3698,3629,1515,144,1058,1040,956,929,915,965,1108,1358,1747,1951,1981,1648,1055,460,125,19,18995,1588,1
Liberia,2005,37310,12315,16799,4484,1287,704,826,2060,1915,1919,2481,3799,3780,1583,150,1026,1034,967,948,936,983,1139,1342,1782,2017,2061,1719,1102,481,131,19,18086,1530,1
Liberia,2006,38173,12288,16606,4318,1263,703,832,2102,2030,2044,2604,4043,4065,1710,166,1035,1067,1022,1008,1000,1044,1209,1395,1883,2160,2215,1850,1188,522,144,22,17869,1535,2
Liberia,2007,38761,12178,16371,4193,1239,701,830,2116,2113,2146,2690,4217,4327,1830,175,1035,1081,1062,1051,1053,1093,1258,1432,1946,2271,2351,1976,1268,562,153,22,17610,1531,2
Liberia,2008,39345,11955,16038,4083,1220,705,839,2144,2218,2265,2801,4386,4590,1950,187,1038,1106,1113,1105,1114,1151,1314,1487,2000,2386,2488,2102,1348,602,164,23,17258,1544,2
Liberia,2009,39498,11608,15547,3939,1195,708,845,2158,2296,2359,2888,4438,4784,2059,218,1041,1117,1150,1146,1164,1195,1351,1537,1988,2450,2584,2200,1418,641,181,37,16742,1553,5
Liberia,2010,39816,11312,15122,3810,1179,713,857,2181,2397,2481,3009,4509,4981,2157,224,1050,1131,1194,1203,1227,1254,1403,1606,1987,2522,2685,2296,1483,674,189,35,16301,1570,5
Liberia,2011,40282,11111,14811,3700,1178,720,875,2208,2490,2605,3119,4598,5179,2258,233,1061,1147,1230,1260,1287,1318,1458,1661,2007,2591,2785,2394,1552,706,198,35,15989,1595,5
Liberia,2012,41588,11287,14921,3634,1183,729,909,2318,2648,2764,3238,4675,5410,2440,338,1115,1203,1298,1350,1366,1398,1522,1716,2036,2639,2892,2518,1662,778,253,85,16104,1638,19
Liberia,2013,42082,11080,14654,3574,1187,740,932,2342,2758,2921,3374,4755,5590,2521,293,1128,1214,1336,1422,1441,1480,1595,1779,2085,2670,2980,2610,1724,797,240,53,15841,1672,15
Liberia,2014,44416,10968,14933,3965,1414,885,1075,2589,3054,3214,3600,4909,5832,2632,272,1255,1334,1471,1583,1589,1625,1716,1884,2206,2703,3099,2733,1806,826,236,36,16347,1960,9
Liberia,2015,44883,10724,14669,3945,1444,915,1111,2604,3109,3353,3730,4965,5985,2733,261,1269,1335,1478,1631,1654,1699,1790,1940,2286,2679,3163,2822,1877,856,236,25,16113,2026,5
Liberia,2016,42759,10338,13703,3365,1181,775,997,2354,2872,3253,3673,4848,6007,2823,268,1153,1201,1344,1528,1595,1658,1765,1908,2252,2596,3143,2864,1934,889,243,25,14884,1772,3
Liberia,2017,43060,10161,13382,3221,1146,771,1011,2368,2911,3405,3828,4926,6113,2929,268,1166,1202,1349,1562,1670,1735,1851,1977,2311,2615,3172,2941,2003,926,245,23,14528,1782,2
Liberia,2018,43098,10003,13131,3128,1133,778,1021,2359,2869,3464,3905,4951,6163,3046,275,1176,1183,1317,1552,1697,1767,1896,2009,2332,2619,3155,3008,2080,966,254,21,14264,1799,1
Liberia,2019,43248,9820,12854,3034,1109,778,1033,2377,2849,3548,4019,5043,6173,3170,291,1197,1180,1300,1549,1734,1814,1959,2060,2366,2677,3103,3070,2157,1013,267,24,13963,1811,1
Liberia,2020,44578,9620,12545,2925,1075,765,984,2235,2718,3691,4403,5654,6637,3541,327,1136,1099,1219,1499,1777,1914,2129,2274,2635,3019,3326,3311,2385,1156,301,26,13620,1749,1
Liberia,2021,45955,9426,12212,2786,1031,751,1027,2349,2805,3937,4748,6030,6926,3778,358,1196,1153,1257,1548,1867,2070,2296,2452,2820,3210,3438,3488,2539,1239,326,32,13243,1778,1
Libya,1950,36021,12444,19928,7484,1595,742,821,2017,1630,1446,1706,2412,2694,922,106,1035,982,847,783,759,687,783,923,1131,1281,1528,1166,644,278,86,20,21523,1563,3
Libya,1951,36450,12585,20298,7713,1627,751,819,1998,1635,1451,1680,2400,2737,959,93,1021,977,855,780,761,690,769,911,1132,1268,1518,1219,681,278,80,13,21925,1570,2
Libya,1952,37189,12859,20770,7911,1671,773,831,2022,1684,1481,1673,2415,2780,998,90,1031,991,888,796,772,709,767,906,1141,1274,1499,1281,720,278,78,12,22441,1604,2
Libya,1953,37639,13166,21180,8014,1666,782,829,1999,1700,1489,1646,2416,2798,1042,95,1021,978,903,797,769,720,757,889,1142,1274,1465,1333,760,282,81,14,22846,1611,1
Libya,1954,38025,13428,21463,8035,1662,790,832,1995,1728,1506,1629,2420,2806,1095,95,1021,974,921,807,772,734,753,876,1141,1279,1440,1366,801,294,82,13,23125,1622,1
Libya,1955,38305,13633,21636,8003,1654,792,837,1997,1758,1519,1621,2423,2807,1159,100,1024,973,936,822,775,744,757,864,1138,1285,1425,1382,844,315,85,15,23290,1629,2
Libya,1956,38432,13808,21795,7987,1631,786,828,1977,1754,1516,1610,2424,2788,1219,102,1016,961,928,826,772,744,759,851,1134,1290,1415,1373,885,334,86,16,23426,1614,2
Libya,1957,38451,13902,21783,7881,1610,777,826,1969,1762,1520,1614,2431,2773,1284,102,1012,957,923,839,774,746,772,842,1127,1304,1419,1354,930,354,87,15,23393,1603,2
Libya,1958,38188,13882,21573,7691,1582,755,816,1944,1756,1514,1619,2437,2749,1340,105,1000,944,908,848,772,742,785,834,1117,1320,1423,1326,967,373,89,16,23155,1571,2
Libya,1959,37586,13723,21136,7413,1540,726,798,1896,1722,1497,1614,2430,2733,1384,108,974,922,880,842,763,734,789,825,1100,1330,1427,1306,990,394,92,16,22676,1524,2
Libya,1960,36901,13482,20540,7058,1497,704,783,1863,1702,1499,1625,2430,2728,1412,114,957,906,863,839,766,733,797,828,1089,1341,1434,1294,997,415,98,16,22037,1487,1
Libya,1961,35930,13211,19869,6658,1437,668,755,1786,1640,1476,1616,2407,2727,1427,121,916,870,827,813,755,721,789,827,1071,1336,1438,1289,990,437,105,16,21306,1423,1
Libya,1962,34996,12939,19179,6240,1377,636,727,1718,1586,1467,1619,2389,2739,1435,128,881,837,798,788,754,713,785,834,1057,1332,1450,1289,975,460,112,16,20556,1363,1
Libya,1963,34447,12731,18626,5895,1360,636,719,1691,1559,1480,1641,2383,2776,1437,134,867,824,785,774,762,718,786,855,1053,1330,1474,1302,956,481,117,17,19986,1355,1
Libya,1964,33373,12439,17930,5491,1277,591,677,1608,1497,1460,1633,2346,2782,1429,141,824,784,753,744,751,709,774,859,1037,1309,1480,1302,940,489,124,17,19207,1268,1
Libya,1965,32428,12088,17245,5157,1217,568,650,1529,1442,1449,1634,2316,2798,1428,151,785,744,723,719,741,708,770,864,1025,1291,1490,1308,934,494,132,19,18462,1218,1
Libya,1966,31237,11547,16495,4948,1165,532,608,1431,1351,1401,1595,2274,2802,1419,156,739,692,675,676,710,691,746,849,1010,1264,1486,1316,929,490,137,19,17660,1140,1
Libya,1967,30011,10838,15572,4734,1140,504,573,1352,1267,1361,1557,2262,2832,1423,170,701,651,630,637,679,682,724,833,1013,1249,1491,1341,937,486,148,22,16712,1077,2
Libya,1968,28581,10119,14511,4392,1113,476,534,1264,1184,1320,1509,2237,2837,1420,175,654,610,585,599,648,672,700,809,1013,1224,1479,1358,942,478,153,22,15624,1010,2
Libya,1969,27200,9468,13482,4014,1098,454,502,1181,1101,1268,1462,2207,2839,1422,180,610,571,542,559,611,657,678,784,1006,1201,1463,1376,949,473,157,23,14580,956,2
Libya,1970,25916,8862,12480,3618,1082,442,477,1113,1035,1226,1432,2185,2831,1429,181,572,541,507,528,583,643,668,764,998,1187,1444,1387,957,472,157,24,13562,919,2
Libya,1971,24735,8329,11578,3249,1051,434,456,1048,976,1183,1406,2161,2816,1442,184,535,513,479,497,555,628,660,746,984,1177,1423,1393,967,475,157,27,12629,890,2
Libya,1972,23562,7807,10728,2921,999,427,440,981,914,1133,1379,2133,2782,1459,181,498,483,448,466,526,607,655,724,960,1173,1393,1389,982,477,153,28,11727,867,2
Libya,1973,22813,7370,9995,2625,957,443,447,957,904,1126,1406,2138,2769,1487,183,487,470,445,459,520,606,677,729,951,1187,1378,1391,1001,486,153,30,10952,890,2
Libya,1974,21934,7152,9465,2313,858,448,442,879,863,1081,1411,2082,2717,1507,183,447,432,425,438,495,586,686,725,917,1165,1344,1373,1015,492,153,30,10323,890,2
Libya,1975,21294,6970,9140,2170,763,439,440,823,821,1036,1411,2045,2667,1521,183,422,401,405,416,470,566,685,726,902,1143,1315,1352,1022,499,154,29,9903,879,2
Libya,1976,20686,6814,8887,2073,676,422,434,770,771,982,1400,1997,2620,1537,185,403,367,379,392,443,539,672,728,883,1114,1293,1327,1028,509,156,29,9563,856,3
Libya,1977,20561,6689,8679,1990,628,419,453,778,779,988,1448,2011,2622,1562,189,414,364,382,397,446,542,684,764,897,1114,1302,1320,1039,523,160,29,9307,872,3
Libya,1978,20394,6594,8501,1907,586,404,467,785,778,988,1487,2015,2607,1581,190,424,361,377,401,446,542,689,798,909,1106,1304,1303,1043,538,161,29,9087,871,3
Libya,1979,20326,6515,8353,1838,558,384,486,796,778,993,1525,2044,2610,1603,195,438,358,373,405,448,545,694,831,933,1111,1310,1300,1048,555,166,29,8911,870,3
Libya,1980,20192,6315,8097,1782,537,364,502,811,781,1002,1560,2088,2618,1623,202,453,358,370,411,453,549,700,860,966,1122,1315,1303,1053,570,172,30,8634,866,3
Libya,1981,20180,6089,7806,1717,529,350,526,852,803,1035,1615,2166,2645,1645,207,481,371,376,427,471,564,717,898,1016,1150,1326,1319,1059,586,177,30,8335,876,3
Libya,1982,20272,5949,7591,1642,520,334,541,900,824,1072,1669,2258,2681,1663,219,512,388,382,442,491,581,738,931,1077,1181,1339,1342,1065,598,187,32,8111,875,3
Libya,1983,20206,5830,7397,1567,506,318,536,922,817,1084,1688,2334,2700,1674,228,527,395,378,439,497,587,744,944,1129,1205,1343,1357,1066,608,194,34,7903,854,3
Libya,1984,20297,5706,7203,1497,500,314,530,962,828,1116,1726,2439,2743,1696,236,552,410,383,445,514,602,761,965,1189,1250,1363,1380,1076,620,202,34,7703,844,3
Libya,1985,20313,5564,6970,1406,481,306,514,995,832,1147,1759,2542,2793,1720,245,573,422,385,447,528,619,775,984,1236,1306,1393,1400,1090,630,210,35,7451,820,3
Libya,1986,20200,5369,6693,1324,461,301,491,1010,822,1164,1774,2636,2839,1746,253,581,429,382,440,535,629,781,993,1270,1366,1425,1414,1109,637,216,37,7154,792,3
Libya,1987,20113,5140,6390,1250,437,297,472,1022,824,1192,1804,2738,2894,1779,262,582,440,387,437,544,648,796,1008,1301,1437,1463,1431,1134,645,222,40,6827,769,3
Libya,1988,19992,4884,6067,1183,416,293,457,1017,817,1202,1826,2830,2971,1821,270,570,447,387,430,541,661,807,1019,1318,1512,1514,1457,1163,658,229,41,6483,750,4
Libya,1989,19915,4599,5712,1113,394,287,448,1017,825,1225,1865,2929,3068,1860,281,555,462,395,430,545,680,826,1039,1343,1586,1578,1490,1188,672,236,45,6106,735,4
Libya,1990,19750,4308,5346,1038,377,282,442,999,820,1230,1889,2997,3176,1902,288,530,469,397,423,539,691,839,1050,1356,1641,1648,1528,1213,689,242,46,5723,724,4
Libya,1991,19637,4028,4992,964,359,270,436,979,827,1240,1923,3064,3303,1944,296,504,475,404,423,534,706,858,1065,1372,1692,1729,1574,1235,709,249,47,5351,706,4
Libya,1992,19531,3778,4673,895,346,263,436,952,828,1234,1948,3111,3447,1991,306,482,470,409,419,524,710,873,1075,1386,1725,1820,1627,1260,731,256,50,5019,699,5
Libya,1993,19756,3535,4365,830,340,258,444,961,872,1266,2030,3201,3641,2058,316,482,479,434,438,535,731,915,1115,1425,1776,1938,1703,1301,757,263,53,4705,702,5
Libya,1994,19871,3334,4110,776,324,249,443,940,895,1277,2095,3264,3820,2124,326,473,467,448,447,537,740,948,1147,1452,1812,2035,1785,1342,782,273,53,4434,692,5
Libya,1995,19879,3170,3893,723,310,241,434,906,903,1254,2121,3293,3985,2194,339,463,443,454,449,526,728,961,1160,1463,1830,2111,1874,1389,805,283,56,4203,675,5
Libya,1996,20198,3029,3706,677,299,238,435,902,938,1272,2202,3376,4189,2283,353,469,433,471,467,535,737,996,1206,1502,1874,2197,1992,1450,833,295,58,4005,673,6
Libya,1997,21101,2897,3538,641,301,248,460,966,1043,1372,2378,3560,4464,2395,371,511,455,519,524,586,786,1075,1303,1593,1967,2314,2150,1530,865,310,61,3839,708,6
Libya,1998,21865,2776,3382,606,293,251,471,1011,1124,1459,2534,3723,4710,2517,384,540,471,549,575,631,828,1137,1397,1676,2047,2405,2305,1616,901,322,62,3675,722,6
Libya,1999,22625,2672,3250,578,290,257,482,1058,1195,1534,2665,3883,4946,2659,401,567,491,568,627,674,860,1183,1482,1758,2125,2490,2456,1717,942,335,66,3540,739,7
Libya,2000,24081,2583,3138,555,296,272,522,1186,1353,1718,2928,4164,5241,2836,419,632,554,622,731,770,948,1292,1636,1908,2256,2619,2622,1845,991,350,69,3434,794,7
Libya,2001,24649,2716,3249,533,283,264,528,1224,1349,1713,2914,4271,5404,3001,438,648,576,611,738,783,930,1264,1650,1951,2320,2677,2727,1964,1037,365,73,3532,792,7
Libya,2002,25164,2735,3258,523,274,259,536,1279,1363,1717,2883,4379,5564,3189,455,669,610,619,744,803,914,1244,1639,1989,2390,2742,2822,2098,1091,379,76,3532,795,8
Libya,2003,25703,2744,3262,518,270,256,548,1342,1408,1747,2823,4468,5708,3387,477,693,649,652,756,834,913,1224,1599,2039,2429,2808,2900,2237,1150,397,80,3532,804,8
Libya,2004,25778,2735,3248,513,256,242,534,1339,1403,1734,2681,4459,5801,3572,500,682,657,662,741,834,900,1157,1524,2020,2439,2847,2954,2354,1218,416,84,3504,776,8
Libya,2005,26357,2703,3205,502,254,240,544,1413,1498,1809,2619,4510,5958,3775,524,707,706,717,781,868,941,1115,1504,2000,2510,2928,3030,2475,1300,437,87,3459,784,9
Libya,2006,26825,2620,3106,486,252,235,549,1484,1617,1894,2557,4481,6118,3966,555,731,753,777,840,904,990,1064,1493,1962,2519,3018,3100,2578,1388,463,92,3358,784,9
Libya,2007,27439,2477,2935,458,247,229,547,1510,1722,2059,2670,4532,6248,4146,584,736,774,816,906,970,1089,1106,1564,1974,2558,3085,3163,2661,1485,488,96,3182,776,10
Libya,2008,27499,2336,2765,429,233,212,518,1467,1738,2142,2715,4522,6268,4286,617,712,755,814,924,997,1145,1147,1568,1932,2590,3076,3192,2712,1574,516,101,2998,730,10
Libya,2009,28274,2214,2622,408,233,209,515,1490,1840,2322,2860,4627,6410,4472,662,722,768,855,985,1081,1241,1268,1592,1990,2637,3137,3273,2794,1678,554,108,2855,724,11
Libya,2010,29280,2168,2554,386,235,209,518,1529,1963,2535,3025,4750,6586,4650,715,737,792,910,1053,1188,1347,1420,1605,2087,2663,3221,3365,2878,1772,600,115,2789,727,12
Libya,2011,36279,2358,3104,746,403,293,841,3116,3336,3524,3622,5284,7030,4930,782,1507,1609,1651,1685,1732,1792,1810,1812,2381,2903,3412,3618,3041,1889,657,125,3507,1134,13
Libya,2012,29473,1693,2038,345,233,204,463,1315,1923,2695,3097,4816,6851,4987,841,627,688,866,1057,1269,1426,1568,1529,2128,2688,3288,3563,3047,1940,708,133,2271,667,14
Libya,2013,30198,1634,1985,351,240,209,468,1267,1906,2826,3318,4822,7035,5190,917,607,660,838,1068,1325,1501,1693,1625,2172,2650,3400,3635,3157,2033,773,144,2225,677,15
Libya,2014,33120,1639,2038,399,261,225,620,1965,2513,3329,3722,4885,7196,5364,987,958,1007,1147,1366,1590,1739,1892,1830,2197,2688,3473,3723,3254,2110,830,157,2299,845,16
Libya,2015,33624,1567,1958,391,264,228,613,1874,2442,3444,3984,4898,7295,5545,1059,922,952,1086,1356,1611,1833,1985,1999,2159,2739,3481,3814,3358,2187,887,172,2222,841,17
Libya,2016,34433,1489,1868,379,265,232,634,1924,2465,3611,4269,4965,7318,5734,1129,959,965,1083,1382,1665,1946,2099,2170,2142,2823,3499,3819,3471,2263,939,190,2133,866,18
Libya,2017,33671,1390,1717,327,241,222,552,1527,2091,3495,4415,5032,7269,5894,1193,768,759,880,1211,1557,1938,2131,2284,2152,2880,3429,3840,3556,2338,987,206,1958,774,20
Libya,2018,33956,1309,1603,294,222,216,535,1442,1981,3547,4647,5167,7291,6021,1262,732,710,825,1156,1548,1999,2213,2434,2261,2906,3356,3935,3606,2415,1034,228,1825,751,22
Libya,2019,35826,1279,1611,332,244,232,605,1694,2147,3822,5042,5418,7436,6221,1334,868,826,916,1231,1671,2151,2409,2633,2498,2920,3410,4026,3709,2512,1087,247,1855,837,24
Libya,2020,37248,1209,1501,292,221,215,501,1325,1791,3725,5448,6071,8040,6908,1472,680,645,735,1056,1582,2143,2572,2876,2930,3141,3773,4267,4069,2839,1198,274,1722,716,27
Libya,2021,40532,1119,1341,222,183,200,488,1193,1734,3986,6158,6929,9012,7664,1614,607,586,699,1035,1648,2338,2911,3247,3484,3445,4279,4733,4449,3215,1315,299,1524,688,30
Liechtenstein,1950,158,17,24,7,2,0,0,9,10,10,16,27,40,19,3,4,5,5,5,5,5,6,10,12,15,20,20,12,7,3,0,26,0,0
Liechtenstein,1951,163,18,25,7,2,0,0,10,10,10,18,29,40,20,3,5,5,5,5,5,5,8,10,12,17,20,20,13,7,3,0,27,0,0
Liechtenstein,1952,199,25,36,11,5,0,5,10,10,17,20,32,40,22,1,5,5,5,5,7,10,10,10,14,18,20,20,15,7,1,0,41,5,0
Liechtenstein,1953,213,27,39,12,5,5,5,10,10,19,20,34,41,22,2,5,5,5,5,9,10,10,10,15,19,21,20,16,6,2,0,44,10,0
Liechtenstein,1954,229,30,45,15,5,5,5,10,10,20,22,35,49,25,2,5,5,5,5,10,10,10,12,15,20,25,24,18,7,2,0,50,10,0
Liechtenstein,1955,187,21,29,8,3,0,5,10,10,13,20,31,41,24,2,5,5,5,5,5,8,10,10,13,18,21,20,17,7,2,0,32,5,0
Liechtenstein,1956,213,26,37,11,5,5,5,10,10,18,21,33,47,26,2,5,5,5,5,8,10,10,11,15,18,23,24,18,8,2,0,42,10,0
Liechtenstein,1957,200,22,31,9,3,1,5,10,10,14,20,32,45,27,2,5,5,5,5,5,9,10,10,15,17,21,24,18,9,2,0,34,6,0
Liechtenstein,1958,215,25,36,11,4,4,5,10,10,16,23,34,47,29,2,5,5,5,5,6,10,10,13,15,19,22,25,20,9,2,0,40,9,0
Liechtenstein,1959,185,19,26,7,1,0,3,10,10,11,21,30,44,28,2,5,5,5,5,5,6,10,11,13,17,21,23,20,8,2,0,27,3,0
Liechtenstein,1960,183,17,23,6,1,0,3,10,10,11,21,31,44,31,2,5,5,5,5,5,6,10,11,14,17,20,24,21,10,2,0,24,3,0
Liechtenstein,1961,193,19,26,7,1,0,3,10,10,12,21,32,44,31,3,5,5,5,5,5,7,10,11,15,17,21,23,22,9,3,0,27,3,0
Liechtenstein,1962,227,25,35,10,3,2,5,10,10,15,24,36,48,33,3,5,5,5,5,7,8,10,14,16,20,24,24,22,11,3,0,38,7,0
Liechtenstein,1963,223,25,34,9,3,1,5,10,10,12,24,36,49,36,3,5,5,5,5,5,7,10,14,17,19,24,25,23,13,3,0,37,6,0
Liechtenstein,1964,221,25,33,8,3,0,5,10,10,11,24,36,47,35,3,5,5,5,5,5,6,10,14,17,19,23,24,21,14,3,0,36,5,0
Liechtenstein,1965,226,26,35,9,3,0,5,10,10,13,25,40,47,36,3,5,5,5,5,7,6,10,15,19,21,23,24,22,14,3,0,38,5,0
Liechtenstein,1966,213,22,29,7,2,0,4,10,10,12,23,38,47,37,3,5,5,5,5,6,6,9,14,18,20,23,24,22,15,3,0,31,4,0
Liechtenstein,1967,196,17,22,5,1,0,2,10,10,10,21,37,47,36,4,5,5,5,5,5,5,8,13,17,20,22,25,22,14,4,0,23,2,0
Liechtenstein,1968,234,22,31,9,3,0,5,10,10,15,26,40,49,37,7,5,5,5,5,5,10,11,15,18,22,24,25,23,14,7,0,34,5,0
Liechtenstein,1969,221,19,26,7,2,0,4,10,10,14,25,38,50,36,6,5,5,5,5,5,9,10,15,17,21,25,25,21,15,6,0,28,4,0
Liechtenstein,1970,218,18,24,6,2,0,3,10,10,13,24,41,50,38,6,5,5,5,5,5,8,10,14,18,23,25,25,22,16,6,0,26,3,0
Liechtenstein,1971,261,25,35,10,4,2,5,10,10,16,24,46,54,40,7,5,5,5,5,6,10,10,14,20,26,27,27,23,17,7,0,39,7,0
Liechtenstein,1972,198,13,17,4,0,0,1,10,10,11,22,39,50,35,6,5,5,5,5,5,6,10,12,17,22,25,25,20,15,5,1,17,1,0
Liechtenstein,1973,238,19,25,6,2,0,5,10,10,13,22,45,56,38,8,5,5,5,5,5,8,10,12,20,25,29,27,23,15,6,2,27,5,0
Liechtenstein,1974,185,11,14,3,0,0,0,9,10,10,19,36,50,34,7,4,5,5,5,5,5,9,10,16,20,25,25,22,12,5,2,14,0,0
Liechtenstein,1975,229,16,21,5,2,0,3,10,10,12,23,44,58,38,6,5,5,5,5,5,7,12,11,19,25,29,29,24,14,6,0,23,3,0
Liechtenstein,1976,227,15,19,4,1,0,3,10,10,11,25,42,59,41,7,5,5,5,5,5,6,11,14,18,24,30,29,26,15,7,0,20,3,0
Liechtenstein,1977,182,10,11,1,0,0,0,5,10,10,17,34,52,37,6,0,5,5,5,5,5,7,10,14,20,27,25,23,14,6,0,11,0,0
Liechtenstein,1978,203,11,13,2,0,0,0,10,10,10,22,38,58,39,7,5,5,5,5,5,5,8,14,15,23,28,30,24,15,6,1,13,0,0
Liechtenstein,1979,213,10,12,2,0,0,0,10,10,10,21,41,61,43,8,5,5,5,5,5,5,8,13,16,25,29,32,26,17,7,1,12,0,0
Liechtenstein,1980,262,16,21,5,1,0,4,10,10,13,27,45,72,50,10,5,5,5,5,5,8,10,17,18,27,35,37,31,19,9,1,22,4,0
Liechtenstein,1981,257,14,18,4,0,0,3,10,10,13,25,45,73,51,8,5,5,5,5,5,8,10,15,19,26,35,38,31,20,8,0,18,3,0
Liechtenstein,1982,235,11,14,3,0,0,1,10,10,10,22,43,69,50,9,5,5,5,5,5,5,9,13,20,23,33,36,31,19,8,1,14,1,0
Liechtenstein,1983,218,9,10,1,0,0,0,6,10,10,18,39,66,48,9,1,5,5,5,5,5,7,11,19,20,32,34,30,18,8,1,10,0,0
Liechtenstein,1984,255,12,15,3,0,0,2,10,10,10,23,42,73,56,9,5,5,5,5,5,5,10,13,20,22,35,38,36,20,7,2,15,2,0
Liechtenstein,1985,248,11,14,3,0,0,1,10,10,10,22,41,71,55,8,5,5,5,5,5,5,10,12,20,21,33,38,35,20,7,1,14,1,0
Liechtenstein,1986,201,7,8,1,0,0,0,0,10,10,16,35,59,49,8,0,0,5,5,5,5,6,10,15,20,27,32,31,18,7,1,8,0,0
Liechtenstein,1987,253,11,14,3,0,0,2,10,10,16,22,43,71,62,10,5,5,5,5,6,10,10,12,18,25,31,40,38,24,8,2,14,2,0
Liechtenstein,1988,206,6,6,0,0,0,0,0,6,10,16,34,59,57,9,0,0,1,5,5,5,6,10,13,21,24,35,34,23,8,1,6,0,0
Liechtenstein,1989,207,7,7,0,0,0,0,0,6,10,15,36,58,56,9,0,0,1,5,5,5,5,10,13,23,24,34,33,23,8,1,7,0,0
Liechtenstein,1990,198,6,6,0,0,0,0,0,3,10,14,33,56,58,10,0,0,0,3,5,5,5,9,12,21,23,33,32,26,9,1,6,0,0
Liechtenstein,1991,199,5,5,0,0,0,0,0,1,10,13,30,56,60,13,0,0,0,1,5,5,5,8,11,19,24,32,33,27,11,2,5,0,0
Liechtenstein,1992,194,5,5,0,0,0,0,0,0,10,13,27,54,61,14,0,0,0,0,5,5,5,8,10,17,25,29,34,27,12,2,5,0,0
Liechtenstein,1993,208,5,5,0,0,0,0,0,1,10,16,28,57,64,17,0,0,0,1,5,5,6,10,11,17,28,29,36,28,15,2,5,0,0
Liechtenstein,1994,181,4,4,0,0,0,0,0,0,8,12,25,50,59,16,0,0,0,0,3,5,5,7,10,15,25,25,34,25,14,2,4,0,0
Liechtenstein,1995,206,4,4,0,0,0,0,0,0,10,18,27,54,65,19,0,0,0,0,5,5,8,10,10,17,26,28,37,28,16,3,4,0,0
Liechtenstein,1996,219,5,5,0,0,0,0,0,3,10,19,31,59,67,19,0,0,0,3,5,5,9,10,13,18,27,32,37,30,15,4,5,0,0
Liechtenstein,1997,239,6,6,0,0,0,0,0,5,11,20,32,67,72,21,0,0,0,5,5,6,10,10,14,18,29,38,39,33,16,5,6,0,0
Liechtenstein,1998,215,5,5,0,0,0,0,0,1,10,19,28,59,65,20,0,0,0,1,5,5,9,10,11,17,24,35,34,31,15,5,5,0,0
Liechtenstein,1999,197,4,4,0,0,0,0,0,0,9,16,25,55,60,19,0,0,0,0,4,5,6,10,10,15,22,33,30,30,14,5,4,0,1
Liechtenstein,2000,247,5,5,0,0,0,0,0,3,10,24,34,66,77,21,0,0,0,3,5,5,10,14,15,19,26,40,39,38,17,4,5,0,1
Liechtenstein,2001,206,4,4,0,0,0,0,0,0,9,17,26,54,69,19,0,0,0,0,4,5,7,10,11,15,22,32,35,34,16,3,4,0,1
Liechtenstein,2002,206,3,3,0,0,0,0,0,0,8,17,27,50,69,23,0,0,0,0,3,5,7,10,12,15,20,30,37,32,18,5,3,0,1
Liechtenstein,2003,207,3,3,0,0,0,0,0,0,8,16,28,50,72,25,0,0,0,0,3,5,6,10,12,16,20,30,41,31,19,6,3,0,1
Liechtenstein,2004,180,3,3,0,0,0,0,0,0,6,15,24,42,63,23,0,0,0,0,1,5,5,10,11,13,17,25,36,27,18,5,3,0,1
Liechtenstein,2005,208,3,3,0,0,0,0,0,0,8,16,30,48,68,28,0,0,0,0,3,5,6,10,14,16,20,28,39,29,22,6,3,0,1
Liechtenstein,2006,210,3,3,0,0,0,0,0,0,7,15,29,48,72,31,0,0,0,0,2,5,5,10,13,16,20,28,39,33,23,8,3,0,1
Liechtenstein,2007,210,3,3,0,0,0,0,0,0,7,15,30,48,72,30,0,0,0,0,2,5,5,10,13,17,22,26,37,35,21,9,3,0,1
Liechtenstein,2008,190,2,2,0,0,0,0,0,0,6,13,26,42,67,26,0,0,0,0,1,5,5,8,11,15,19,23,34,33,19,7,2,0,1
Liechtenstein,2009,220,3,3,0,0,0,0,0,0,7,15,33,48,77,29,0,0,0,0,2,5,5,10,14,19,22,26,38,39,20,9,3,0,2
Liechtenstein,2010,221,2,2,0,0,0,0,0,0,6,15,34,51,78,30,0,0,0,0,1,5,5,10,14,20,24,27,38,40,21,9,2,0,2
Liechtenstein,2011,229,3,3,0,0,0,0,0,0,7,15,34,53,77,33,0,0,0,0,2,5,5,10,14,20,25,28,38,39,23,10,3,0,1
Liechtenstein,2012,224,2,2,0,0,0,0,0,0,6,15,35,54,73,33,0,0,0,0,1,5,5,10,14,21,25,29,35,38,25,8,2,0,2
Liechtenstein,2013,234,2,2,0,0,0,0,0,0,6,15,33,58,76,37,0,0,0,0,1,5,5,10,13,20,27,31,35,41,28,9,2,0,2
Liechtenstein,2014,247,2,2,0,0,0,0,0,0,6,15,34,63,80,38,0,0,0,0,1,5,5,10,13,21,31,32,38,42,30,8,2,0,2
Liechtenstein,2015,239,2,2,0,0,0,0,0,0,5,15,34,64,76,37,0,0,0,0,0,5,5,10,13,21,30,34,37,39,29,8,2,0,3
Liechtenstein,2016,256,2,2,0,0,0,0,0,0,5,15,37,71,80,37,0,0,0,0,0,5,5,10,14,23,32,39,41,39,29,8,2,0,2
Liechtenstein,2017,229,2,2,0,0,0,0,0,0,4,14,31,64,73,36,0,0,0,0,0,4,5,9,12,19,29,35,38,35,27,9,2,0,2
Liechtenstein,2018,255,2,2,0,0,0,0,0,0,4,15,35,74,80,40,0,0,0,0,0,4,5,10,14,21,33,41,43,37,30,10,2,0,2
Liechtenstein,2019,236,2,2,0,0,0,0,0,0,3,14,29,65,78,38,0,0,0,0,0,3,5,9,11,18,28,37,41,37,27,11,2,0,2
Liechtenstein,2020,291,2,2,0,0,0,0,0,0,3,14,35,81,107,41,0,0,0,0,0,3,5,9,13,22,36,45,53,54,31,10,2,0,2
Liechtenstein,2021,281,2,2,0,0,0,0,0,0,3,14,36,81,100,35,0,0,0,0,0,3,5,9,14,22,35,46,52,48,27,8,2,0,2
Lithuania,1950,33740,2390,2924,534,216,149,320,821,886,2107,3095,3467,6824,8859,3835,427,394,351,535,901,1206,1466,1629,1592,1875,2928,3896,4576,4283,2757,1078,3140,469,241
Lithuania,1951,32669,2379,2937,558,221,151,317,859,879,2117,3201,3590,6558,8216,3413,443,416,373,506,879,1238,1496,1705,1727,1863,2825,3733,4275,3941,2471,942,3158,468,208
Lithuania,1952,31557,2392,2958,566,224,152,311,882,875,2095,3274,3704,6275,7581,3047,448,434,396,479,840,1255,1513,1761,1841,1863,2719,3556,3978,3603,2220,827,3182,463,180
Lithuania,1953,30818,2342,2923,581,227,155,310,907,895,2082,3364,3901,6069,7072,2755,451,456,432,463,802,1280,1531,1833,1978,1923,2649,3420,3747,3325,2019,736,3150,465,157
Lithuania,1954,30295,2346,2928,582,238,157,311,931,924,2053,3460,4136,5886,6629,2503,454,477,467,457,773,1280,1580,1880,2124,2012,2595,3291,3549,3080,1845,658,3166,468,138
Lithuania,1955,29814,2395,2972,577,246,161,310,944,956,1995,3529,4362,5727,6210,2274,451,493,492,464,739,1256,1603,1926,2196,2166,2547,3180,3362,2848,1684,590,3218,471,121
Lithuania,1956,29270,2319,2895,576,253,161,312,959,1006,1912,3588,4594,5597,5823,2062,447,512,517,489,696,1216,1633,1955,2282,2312,2539,3058,3189,2634,1533,529,3148,473,106
Lithuania,1957,27206,2164,2694,530,243,150,296,900,997,1706,3423,4515,5207,5187,1791,413,487,506,491,619,1087,1560,1863,2219,2296,2410,2797,2867,2320,1332,459,2937,446,92
Lithuania,1958,25657,2042,2537,495,233,141,284,848,999,1528,3270,4463,4950,4724,1601,387,461,496,503,559,969,1494,1776,2171,2292,2348,2602,2629,2095,1190,411,2770,425,82
Lithuania,1959,24322,1856,2323,467,219,137,274,800,998,1393,3136,4397,4756,4358,1459,364,436,488,510,518,875,1407,1729,2098,2299,2313,2443,2436,1922,1082,377,2542,411,75
Lithuania,1960,22638,1775,2197,422,202,130,253,734,960,1248,2883,4163,4519,3963,1313,335,399,466,494,482,766,1267,1616,1987,2176,2270,2249,2226,1737,972,341,2399,383,69
Lithuania,1961,23271,1750,2182,432,202,134,258,749,1019,1253,2934,4367,4772,4008,1320,345,404,492,527,520,733,1250,1684,2068,2299,2444,2328,2258,1750,975,345,2384,392,71
Lithuania,1962,25907,1776,2251,475,221,151,279,825,1158,1381,3221,4977,5489,4440,1438,386,439,550,608,618,763,1311,1910,2343,2634,2836,2653,2518,1922,1061,377,2472,430,78
Lithuania,1963,23897,1566,1988,422,202,141,254,768,1094,1284,2930,4671,5197,4017,1274,363,405,510,584,620,664,1132,1798,2181,2490,2695,2502,2296,1721,940,334,2190,395,71
Lithuania,1964,22494,1372,1752,380,186,131,237,715,1034,1219,2673,4456,5054,3775,1191,340,375,470,564,619,600,1000,1673,2092,2364,2624,2430,2168,1607,877,314,1938,368,69
Lithuania,1965,24172,1349,1731,382,198,138,256,755,1113,1333,2748,4834,5611,4108,1274,359,396,494,619,689,644,1012,1736,2247,2587,2838,2773,2366,1742,939,335,1929,394,75
Lithuania,1966,24443,1317,1674,357,197,138,261,755,1129,1396,2618,4927,5821,4178,1269,355,400,490,639,714,682,945,1673,2287,2640,2907,2914,2424,1754,932,337,1871,399,76
Lithuania,1967,25114,1274,1620,346,198,138,273,773,1159,1511,2510,5144,6095,4344,1279,356,417,497,662,758,753,900,1610,2396,2748,3030,3065,2537,1807,939,340,1818,411,77
Lithuania,1968,26313,1326,1664,338,198,143,286,797,1188,1668,2413,5411,6490,4651,1323,361,436,509,679,812,856,868,1545,2537,2874,3211,3279,2739,1912,971,352,1862,429,80
Lithuania,1969,27815,1350,1695,345,199,149,298,844,1236,1844,2407,5741,6943,5004,1373,385,459,532,704,882,962,875,1532,2660,3081,3402,3541,2975,2029,1008,365,1894,447,82
Lithuania,1970,28800,1388,1732,344,192,154,304,877,1262,1968,2410,5825,7232,5367,1395,408,469,546,716,935,1033,910,1500,2665,3160,3580,3652,3247,2120,1035,360,1924,458,78
Lithuania,1971,27621,1234,1556,322,172,149,289,840,1199,1937,2266,5481,7025,5306,1328,398,442,524,675,920,1017,926,1340,2437,3044,3473,3552,3235,2071,995,333,1728,438,72
Lithuania,1972,29787,1277,1612,335,174,156,307,896,1279,2114,2406,5767,7681,5876,1444,436,460,568,711,990,1124,1074,1332,2439,3328,3791,3890,3582,2294,1096,348,1786,463,74
Lithuania,1973,29570,1199,1517,318,164,152,306,882,1259,2112,2387,5577,7707,5983,1456,436,446,564,695,964,1148,1170,1217,2215,3362,3775,3932,3626,2357,1115,341,1681,458,71
Lithuania,1974,30049,1206,1517,311,158,148,312,899,1265,2152,2440,5475,7897,6213,1502,439,460,568,697,957,1195,1269,1171,2100,3375,3882,4015,3742,2471,1154,348,1675,460,72
Lithuania,1975,31780,1208,1525,317,164,147,331,965,1326,2289,2639,5553,8420,6739,1614,462,503,594,732,994,1295,1395,1244,2104,3449,4069,4351,3957,2782,1251,363,1689,478,72
Lithuania,1976,32298,1192,1499,307,160,142,343,989,1336,2338,2793,5321,8629,7008,1668,468,521,595,741,991,1347,1454,1339,1986,3335,4137,4492,4073,2935,1295,373,1659,485,71
Lithuania,1977,33306,1145,1451,306,160,137,354,1028,1367,2394,3044,5102,9052,7368,1775,480,548,594,773,1005,1389,1546,1498,1886,3216,4335,4717,4265,3103,1373,402,1611,491,73
Lithuania,1978,34489,1192,1493,301,160,134,359,1080,1404,2441,3363,4857,9477,7739,1903,506,574,602,802,1027,1414,1654,1709,1791,3066,4564,4913,4484,3255,1472,431,1653,493,76
Lithuania,1979,35421,1136,1437,301,161,133,362,1121,1463,2478,3647,4723,9777,8017,2021,529,592,637,826,1049,1429,1756,1891,1749,2974,4653,5124,4640,3377,1563,458,1598,495,78
Lithuania,1980,36539,1090,1386,296,159,133,355,1158,1524,2526,3890,4744,9924,8442,2216,552,606,680,844,1074,1452,1856,2034,1815,2929,4655,5269,4947,3495,1733,483,1545,488,82
Lithuania,1981,36314,1124,1402,278,154,129,336,1159,1519,2488,3969,4622,9680,8512,2257,558,601,690,829,1065,1423,1893,2076,1911,2711,4425,5255,5007,3505,1783,474,1556,465,82
Lithuania,1982,35868,1039,1309,270,146,124,316,1143,1492,2453,3994,4524,9422,8571,2285,551,592,697,795,1064,1389,1877,2117,2051,2473,4123,5299,5065,3506,1809,476,1455,440,85
Lithuania,1983,37378,1102,1370,268,147,125,312,1180,1536,2525,4182,4721,9641,9095,2451,559,621,730,806,1103,1422,1914,2268,2355,2366,3998,5643,5358,3737,1929,522,1517,437,93
Lithuania,1984,39724,1066,1345,279,151,130,315,1248,1646,2669,4479,5092,10031,9843,2672,580,668,769,877,1166,1503,1997,2482,2698,2394,4042,5989,5813,4030,2068,604,1496,445,103
Lithuania,1985,40411,1058,1333,275,147,127,312,1243,1694,2687,4581,5326,9896,10187,2769,558,685,773,921,1171,1516,1998,2583,2869,2457,3944,5952,5918,4269,2106,663,1480,439,108
Lithuania,1986,37046,912,1152,240,130,114,274,1102,1539,2408,4189,5095,8693,9626,2623,477,625,693,846,1041,1367,1784,2405,2703,2392,3399,5294,5532,4094,1982,641,1282,388,102
Lithuania,1987,38382,955,1191,236,129,114,277,1114,1607,2473,4315,5581,8485,10222,2765,469,645,711,896,1045,1428,1825,2490,2890,2691,3256,5229,5861,4361,2073,692,1320,391,108
Lithuania,1988,39285,858,1097,239,129,113,278,1110,1673,2530,4378,6124,8146,10699,2889,459,651,741,932,1054,1476,1860,2518,3063,3061,3078,5068,6154,4545,2166,723,1226,391,118
Lithuania,1989,39890,776,1005,229,126,111,281,1103,1721,2613,4425,6583,7894,10942,2955,450,653,771,950,1105,1508,1896,2529,3213,3370,2980,4914,6251,4691,2227,728,1131,392,127
Lithuania,1990,41537,802,1023,221,127,111,283,1104,1794,2753,4569,7114,8038,11289,3190,457,647,811,983,1189,1564,1972,2597,3427,3687,3128,4910,6376,4913,2437,753,1150,394,137
Lithuania,1991,42783,879,1094,215,127,112,290,1104,1878,2870,4708,7581,8146,11417,3320,461,643,859,1019,1262,1608,2050,2658,3637,3944,3425,4721,6322,5095,2568,752,1221,402,139
Lithuania,1992,43207,884,1096,212,125,111,284,1079,1905,2898,4781,7843,8188,11360,3397,459,620,873,1032,1310,1588,2110,2671,3700,4143,3764,4424,6101,5259,2658,739,1221,395,137
Lithuania,1993,48075,785,1021,236,136,121,309,1168,2144,3249,5374,8915,9246,12438,3803,504,664,965,1179,1490,1759,2391,2983,4101,4814,4676,4570,6454,5984,2991,812,1157,430,145
Lithuania,1994,48307,649,872,223,128,118,305,1156,2183,3343,5470,9138,9513,12135,3811,505,651,964,1219,1514,1829,2439,3031,4107,5031,5119,4394,6174,5961,3000,811,1000,423,136
Lithuania,1995,47090,596,790,194,118,113,285,1083,2092,3294,5307,8980,9640,11487,3771,473,610,895,1197,1468,1826,2363,2944,3950,5030,5286,4354,5794,5693,2946,825,908,398,129
Lithuania,1996,44556,484,646,162,108,103,262,992,1948,3142,5006,8569,9632,10389,3645,437,555,803,1145,1389,1753,2222,2784,3690,4879,5231,4401,5159,5230,2842,803,754,365,117
Lithuania,1997,42863,441,574,133,99,95,241,910,1814,3028,4763,8187,9858,9539,3640,397,513,728,1086,1325,1703,2074,2689,3496,4691,5239,4619,4649,4890,2831,809,673,336,113
Lithuania,1998,42578,408,526,118,93,89,227,866,1729,3016,4679,8013,10480,9000,3745,378,488,681,1048,1323,1693,2012,2667,3424,4589,5385,5095,4305,4695,2910,835,619,316,117
Lithuania,1999,41806,387,491,104,84,82,213,817,1641,2967,4621,7771,10819,8465,3711,354,463,638,1003,1311,1656,2000,2621,3337,4434,5418,5401,4049,4416,2877,834,575,295,121
Lithuania,2000,40797,340,434,94,74,75,201,755,1520,2881,4512,7481,10933,8167,3634,324,431,595,925,1277,1604,1977,2535,3225,4256,5374,5559,4016,4151,2791,843,508,276,128
Lithuania,2001,42387,280,370,90,68,75,199,756,1503,3006,4688,7693,11678,8463,3744,323,433,591,912,1335,1671,2070,2618,3336,4357,5674,6004,4420,4043,2831,913,438,274,143
Lithuania,2002,42907,279,359,80,59,71,191,721,1437,3004,4673,7709,12036,8716,3777,310,411,571,866,1325,1679,2099,2574,3370,4339,5726,6310,4863,3853,2811,966,418,262,153
Lithuania,2003,42662,229,301,72,52,65,179,682,1357,2975,4616,7617,12069,8881,3710,292,390,542,815,1285,1690,2096,2520,3348,4269,5613,6456,5308,3573,2709,1001,353,244,160
Lithuania,2004,43016,245,309,64,47,61,169,641,1291,2939,4621,7569,12199,9297,3705,275,366,519,772,1240,1699,2076,2545,3332,4237,5542,6657,5783,3514,2667,1038,356,230,168
Lithuania,2005,45505,203,266,63,46,60,169,643,1307,3052,4930,7944,12908,10204,3795,280,363,522,785,1242,1810,2188,2742,3496,4448,5780,7128,6420,3784,2714,1081,312,229,182
Lithuania,2006,46529,231,288,57,42,55,163,615,1268,3043,5030,8011,13177,10951,3691,267,348,507,761,1190,1853,2221,2809,3511,4500,5805,7372,6849,4102,2623,1068,330,218,193
Lithuania,2007,47227,204,259,55,38,48,157,604,1243,3030,5176,8090,13276,11592,3515,265,339,492,751,1151,1879,2270,2906,3494,4596,5833,7443,7153,4439,2484,1031,297,205,200
Lithuania,2008,45301,175,225,50,32,41,139,532,1113,2752,4928,7581,12573,11900,3289,233,299,439,674,1028,1724,2176,2752,3243,4338,5515,7058,7169,4731,2304,985,257,180,203
Lithuania,2009,43454,175,218,43,28,34,127,475,1004,2515,4683,7224,11862,11950,3127,207,268,391,613,930,1585,2096,2587,3135,4089,5222,6640,7057,4893,2194,933,246,161,204
Lithuania,2010,43587,156,199,43,26,30,118,446,938,2370,4647,7200,11727,12433,3241,193,253,362,576,891,1479,2103,2544,3191,4009,5172,6555,7210,5223,2306,935,225,148,209
Lithuania,2011,42738,145,185,40,22,27,101,413,869,2188,4541,6987,11330,12549,3318,179,234,334,535,834,1354,2078,2463,3150,3837,5011,6319,7162,5387,2422,896,207,128,208
Lithuania,2012,42745,133,170,37,21,25,85,393,813,2064,4484,6873,11227,12833,3537,169,224,313,500,800,1264,2051,2433,3181,3692,4984,6243,7179,5654,2644,893,191,110,217
Lithuania,2013,43297,114,150,36,19,22,75,374,775,1984,4507,6871,11261,13201,3836,162,212,297,478,774,1210,2014,2493,3229,3642,5002,6259,7219,5982,2942,894,169,97,226
Lithuania,2014,42147,125,155,30,18,19,66,339,710,1840,4337,6675,10808,12954,3996,146,193,274,436,720,1120,1889,2448,3092,3583,4781,6027,6930,6024,3098,898,173,85,229
Lithuania,2015,43765,129,160,31,17,17,60,327,694,1822,4391,6961,11050,13575,4452,140,187,272,422,705,1117,1835,2556,3164,3797,4848,6202,7141,6434,3462,990,177,77,240
Lithuania,2016,43359,127,157,30,17,15,55,303,654,1742,4294,6947,10782,13496,4666,123,180,256,398,672,1070,1715,2579,3128,3819,4695,6087,7009,6487,3625,1041,174,70,230
Lithuania,2017,42582,82,112,30,14,14,48,268,606,1625,4072,6836,10409,13403,4950,102,166,240,366,615,1010,1570,2502,3036,3800,4439,5970,6902,6501,3814,1136,126,62,225
Lithuania,2018,42305,94,119,25,15,13,43,246,569,1551,3911,6886,10194,13301,5232,88,158,226,343,585,966,1481,2430,3070,3816,4306,5888,6833,6468,3991,1241,134,56,224
Lithuania,2019,41043,91,114,23,11,12,36,222,526,1445,3672,6706,9868,12837,5363,78,144,209,317,538,907,1379,2293,3033,3673,4253,5615,6595,6242,4045,1318,125,48,227
Lithuania,2020,46127,73,89,16,21,15,61,233,654,1694,4015,6966,10251,14561,7248,98,135,256,398,602,1092,1563,2452,3242,3724,4516,5735,7092,7469,5353,1895,110,76,318
Lithuania,2021,50975,81,93,12,19,18,64,298,780,1712,4139,8340,11265,16314,7620,117,181,315,465,641,1071,1630,2509,3825,4515,5133,6132,8076,8238,5670,1950,112,82,316
Low-income countries,1950,3830846,1109890,1924454,814564,204388,98257,124512,312303,242961,205899,201949,229291,201842,77760,7122,164147,148156,127035,115926,105469,100430,98887,103062,110478,118813,111292,90550,54899,22861,6171,951,2128842,222769,107
Low-income countries,1951,3607735,1076186,1860865,784679,195640,94088,112754,265576,215438,188386,186602,214151,192227,75392,6519,139341,126235,111744,103694,96542,91844,91294,95308,103150,111001,106461,85766,53121,22271,5698,821,2056505,206842,96
Low-income countries,1952,3304670,1053196,1788651,735455,178202,84203,90746,204058,177787,162276,163793,193185,181781,73573,6322,105573,98485,91190,86597,83112,79164,80094,83699,92787,100398,100278,81503,51568,22005,5487,835,1966853,174949,91
Low-income countries,1953,3257980,1057879,1780918,723039,174558,82334,86766,193108,171307,157999,160715,189559,180891,73445,6299,99568,93540,87653,83654,80868,77131,78828,81887,91299,98260,99663,81228,51398,22047,5464,835,1955476,169100,81
Low-income countries,1954,3217306,1060715,1776946,716231,170743,80843,82271,182297,165531,154008,157943,186444,180245,73569,6386,93272,89025,84457,81074,78670,75338,77651,80292,89962,96482,98977,81268,51412,22157,5576,810,1947689,163114,76
Low-income countries,1955,3232205,1066070,1783210,717140,170774,81277,82765,183085,166366,154900,159646,187618,181784,74200,6512,93722,89363,84809,81557,79062,75838,78585,81061,90823,96795,99656,82128,51857,22343,5722,790,1953984,164042,67
Low-income countries,1956,3255760,1070688,1791146,720458,171580,82435,83759,185176,168084,156475,162010,189567,183742,75065,6651,94894,90282,85643,82441,79807,76668,79723,82287,91988,97579,100448,83294,52477,22588,5853,798,1962726,166194,68
Low-income countries,1957,3417376,1119008,1882022,763014,183956,90167,87853,192637,174911,163556,170423,197632,190407,76963,6777,98885,93752,88980,85931,83226,80330,83780,86643,96006,101626,103800,86607,53967,22996,5979,798,2065978,178020,71
Low-income countries,1958,3456093,1124485,1889563,765078,187059,93246,90809,198511,179584,166760,173773,200024,191935,77899,6857,101991,96520,91350,88234,84924,81836,85173,88600,97172,102852,104181,87754,54590,23309,6042,815,2076622,184055,72
Low-income countries,1959,3340159,1088459,1817400,728941,176625,86920,88347,194546,175373,162229,169535,196043,188374,77750,6945,100050,94496,89246,86127,82761,79468,82730,86805,95167,100876,101764,86610,54379,23371,6108,837,1994025,175267,70
Low-income countries,1960,3368490,1096868,1831531,734663,178444,87071,89218,196106,176371,163452,171554,198505,190160,78939,7069,100954,95152,89756,86615,83438,80014,83488,88066,96311,102194,102534,87626,55209,23730,6206,863,2009975,176289,70
Low-income countries,1961,3405580,1105972,1849139,743167,180599,87188,90567,198981,178150,165337,174007,201666,192315,80306,7250,102490,96491,90684,87466,84447,80890,84525,89482,97905,103761,103679,88636,56213,24093,6366,884,2029738,177755,74
Low-income countries,1962,3448216,1117875,1869119,751244,183749,87412,92040,202037,180255,167455,176581,205204,194905,81954,7425,104000,98037,91789,88466,85584,81871,85680,90901,99860,105344,105271,89634,57419,24535,6520,905,2052868,179452,79
Low-income countries,1963,3512075,1134181,1896228,762047,188388,88313,93905,208347,184683,171311,180580,210332,198586,83737,7581,107180,101167,94167,90516,87640,83671,87604,92976,102718,107614,107650,90936,58739,24998,6666,915,2084616,182218,84
Low-income countries,1964,3520794,1144388,1909282,764894,187890,86350,91897,206014,182306,170608,180988,212479,200152,84992,7749,106027,99987,92956,89350,87092,83516,87644,93344,103993,108486,108774,91378,59581,25411,6803,946,2097172,178247,86
Low-income countries,1965,3599090,1160279,1938781,778502,194384,89952,94974,213932,188344,175727,185636,218046,204437,86827,7956,110195,103737,96100,92244,89720,86007,89917,95719,106931,111115,111397,93040,60813,26014,6962,994,2133165,184926,94
Low-income countries,1966,3718368,1191910,1997404,805494,204943,95720,98386,221376,194889,181918,191732,225189,209833,88763,8122,114188,107188,99437,95452,92810,89108,92867,98865,110584,114605,114574,95259,62079,26684,7113,1009,2202347,194106,93
Low-income countries,1967,3710779,1191722,1988618,796896,203426,94827,97549,222116,195067,181950,191666,226555,211039,89581,8286,114779,107337,99664,95403,92766,89184,92758,98908,110903,115652,115185,95854,62411,27170,7241,1045,2192044,192376,98
Low-income countries,1968,3757731,1207570,2014716,807146,206606,96336,98033,223345,196599,183747,193973,230596,214344,90860,8473,115431,107914,100513,96086,93537,90210,93780,100193,112478,118118,116876,97468,63093,27767,7396,1077,2221322,194369,102
Low-income countries,1969,3817974,1223824,2044339,820515,210861,98377,99827,226438,199423,186489,197122,235293,218521,92469,8706,116804,109634,102043,97380,94834,91655,95316,101806,114385,120908,119033,99488,64043,28426,7582,1124,2255200,198204,109
Low-income countries,1970,3868736,1238738,2069881,831143,214527,99999,101214,228219,201227,188448,199859,239610,222752,94033,8858,117362,110857,102998,98229,95761,92687,96676,103183,116162,123448,121258,101494,65062,28971,7731,1127,2284408,201213,109
Low-income countries,1971,3893932,1253814,2093991,840177,214693,98382,99797,224487,198497,187784,201403,243299,226886,95560,9047,115184,109303,101475,97022,95172,92612,97329,104074,117634,125665,123549,103337,66087,29473,7924,1123,2308684,198179,105
Low-income countries,1972,4038443,1279769,2145083,865314,228910,108882,109003,238614,210162,196684,209235,250902,233787,97832,9249,122109,116505,107441,102721,99823,96861,101438,107797,121396,129506,127615,106172,67783,30049,8124,1125,2373993,217885,100
Low-income countries,1973,4001701,1283289,2146648,863359,225127,104969,104125,226131,201591,191494,206486,250591,236039,99100,9304,115551,110580,102644,98947,96959,94535,99880,106606,120936,129655,129032,107007,68767,30333,8206,1098,2371775,209094,95
Low-income countries,1974,4102162,1320217,2215672,895455,232469,106522,104087,225113,201603,193349,210944,257482,243522,101755,9552,115309,109804,102500,99103,97601,95748,101823,109121,124090,133392,133484,110038,70753,31002,8437,1115,2448141,210609,92
Low-income countries,1975,4159345,1336480,2239076,902596,237970,109885,106814,228072,204537,195710,213728,261145,248515,104017,9786,117186,110886,104078,100459,98807,96903,103079,110649,125718,135427,136264,112251,72387,31630,8651,1135,2477046,216699,90
Low-income countries,1976,4138700,1330294,2216797,886503,234725,108180,107582,229933,205125,195122,213215,261381,250943,105704,9908,118725,111208,104757,100368,98611,96511,102690,110525,125593,135788,137315,113628,73566,32138,8764,1144,2451522,215762,85
Low-income countries,1977,4192569,1347867,2242307,894440,238339,110011,109451,232154,206959,196873,215721,265408,256641,108435,10185,120518,111636,105961,100998,99526,97347,103735,111986,127285,138123,140014,116627,75383,33052,9000,1185,2480646,219462,84
Low-income countries,1978,4261554,1366976,2274036,907060,241667,110812,111478,238675,210421,199840,219353,270528,263008,111206,10445,124457,114218,108014,102407,101081,98759,105268,114085,129525,141003,142989,120019,77205,34001,9219,1226,2515703,222290,85
Low-income countries,1979,4317735,1385180,2300573,915393,243431,112223,113135,242171,211882,201644,221941,274882,269142,114991,11564,126454,115717,108611,103271,102007,99637,106359,115582,131470,143412,145744,123398,79470,35521,9969,1595,2544004,225358,156
Low-income countries,1980,4373437,1401913,2325896,923983,244970,113772,114944,247755,214012,203256,224179,278857,274661,118522,12401,129609,118146,109678,104334,102844,100412,107312,116867,133321,145536,148318,126343,81635,36887,10577,1824,2570866,228716,212
Low-income countries,1981,4408209,1406394,2337260,930866,247078,115481,116306,250624,214895,204236,225878,282171,279340,121571,13105,131294,119330,109829,105066,103230,101006,108025,117853,134846,147325,150594,128746,83577,37994,11079,2026,2584338,231787,264
Low-income countries,1982,4463914,1405374,2341322,935948,251143,117534,120482,261843,220595,208440,230014,287533,285706,125266,13760,137462,124381,112612,107983,105221,103219,110015,119999,137429,150104,153939,131767,86050,39216,11634,2126,2592465,238016,276
Low-income countries,1983,4877524,1526019,2576036,1050017,286649,136085,131079,280728,237621,224528,246976,307352,303161,131998,14962,147182,133546,120972,116649,113182,111346,118253,128723,147290,160062,163695,139466,90800,41198,12492,2470,2862685,267164,346
Low-income countries,1984,5040336,1548564,2614438,1065874,297289,141771,141681,310019,256587,238522,258063,317708,312001,136273,15613,162778,147241,131493,125094,120628,117894,123957,134106,152437,165271,168671,143330,93731,42542,13049,2564,2911727,283452,370
Low-income countries,1985,5092210,1563592,2629012,1065420,300583,143076,144143,314406,260398,242127,261420,322961,317320,139917,16436,164870,149536,133759,126639,122650,119477,125512,135908,154826,168135,171430,145890,96046,43871,13668,2768,2929595,287219,410
Low-income countries,1986,5030664,1548079,2585388,1037309,292076,138875,142906,312729,258283,239843,259101,322294,318837,142732,17170,163888,148841,133139,125144,121799,118044,124297,134804,154128,168166,171796,147041,97653,45079,14250,2920,2877464,281781,430
Low-income countries,1987,5007674,1494455,2489553,995098,288998,141124,152559,336536,275441,248601,262125,325574,322473,146171,18054,175785,160751,143057,132384,127535,121066,126216,135909,155437,170137,173407,149066,99585,46586,14903,3151,2778551,293683,464
Low-income countries,1988,5349254,1593953,2692171,1098218,315380,148223,156393,348301,286719,259597,276088,347514,341378,155319,21528,182098,166203,148729,137990,133163,126434,132586,143502,165467,182047,183743,157635,104942,50377,17354,4174,3007551,304616,642
Low-income countries,1989,4989246,1504711,2493890,989179,285579,136832,144878,317776,265894,242544,261335,331217,332357,155114,21199,165561,152215,137578,128316,124041,118503,125349,135986,157143,174074,177903,154454,104536,50578,17129,4070,2779469,281710,629
Low-income countries,1990,5104408,1523534,2524748,1001214,291593,139980,150141,335780,279100,251710,269155,340225,341473,158912,20972,175119,160661,144693,134407,128700,123010,129239,139916,161339,178886,182892,158581,107296,51616,17053,3919,2816341,290121,618
Low-income countries,1991,5269659,1574013,2621698,1047685,308411,148059,151974,335814,284533,256935,275337,349794,352141,163410,20947,174675,161139,147093,137440,131161,125774,132008,143329,165621,184173,188725,163416,110519,52891,17129,3818,2930109,300033,606
Low-income countries,1992,5429598,1586726,2643966,1057240,324514,158202,162934,360874,306399,272006,285401,360877,363004,169022,21777,187407,173467,158513,147886,139070,132936,137006,148395,170832,190045,194784,168220,114190,54832,17817,3960,2968480,321136,621
Low-income countries,1993,5378673,1559895,2578503,1018608,318775,157491,164681,364609,312241,275533,286142,361607,366082,170944,21478,188660,175949,161394,150847,141125,134408,137506,148636,170860,190747,196661,169421,115568,55376,17712,3766,2897278,322172,585
Low-income countries,1994,5845794,1569495,2577748,1008253,322370,170103,214046,480054,425869,349531,331463,397356,378973,176067,21642,247827,232227,220580,205289,186986,162545,161114,170349,191671,205685,204859,174114,119039,57028,17954,3688,2900118,384149,569
Low-income countries,1995,5438448,1577961,2582975,1005014,318414,153681,161142,361875,312341,280131,301301,377733,383453,180913,23671,185923,175952,161015,151326,142370,137761,144240,157061,179358,198375,205158,178295,121882,59031,19105,4566,2901389,314823,817
Low-income countries,1996,5536802,1588028,2593246,1005218,324834,157529,166733,376329,324543,289673,311323,388659,394626,185636,22886,192851,183478,167288,157255,147714,141959,149415,161908,185015,203644,210894,183732,125212,60424,18943,3943,2918080,324262,783
Low-income countries,1997,5563323,1581822,2578676,996854,326532,159533,168633,378636,329401,293971,316496,395727,402537,189883,22624,193547,185089,169592,159809,150606,143365,152279,164217,188846,206881,214699,187838,128086,61797,19089,3535,2905208,328166,673
Low-income countries,1998,5850261,1599500,2626423,1026923,349946,174346,188449,430312,366291,320622,337289,415181,419395,197178,24149,220883,209429,189589,176702,165506,155116,163435,173854,199098,216083,223540,195855,132939,64239,20159,3990,2976369,362795,678
Low-income countries,1999,5601859,1546018,2495716,949698,322973,157946,173417,402159,348502,307818,329573,413854,420904,202464,25832,206055,196104,180519,167983,158617,149201,158454,171119,198516,215338,223044,197860,136106,66358,21408,4424,2818689,331363,699
Low-income countries,2000,5513719,1526404,2447601,921197,321822,157143,166374,373119,333480,301574,327504,418408,428350,209777,27784,190865,182254,171721,161759,154945,146629,156502,171002,200418,217990,226082,202268,140592,69185,22910,4874,2769423,323517,780
Low-income countries,2001,5503947,1499324,2389443,890119,322312,157366,167817,376045,337660,306655,331974,426912,438024,218293,30554,192817,183228,173791,163869,157521,149134,157930,174044,204193,222719,230460,207564,145791,72502,24842,5712,2711755,325183,892
Low-income countries,2002,5507612,1474352,2336848,862496,322142,157704,169936,381203,343596,313367,337240,436399,448387,226973,32781,195778,185425,176625,166971,160669,152698,159602,177638,208045,228354,235327,213060,151213,75760,26399,6382,2658990,327640,1035
Low-income countries,2003,5414095,1440891,2263589,822698,311863,152756,168773,378688,339346,311643,334206,433403,450873,233318,34466,194904,183784,174166,165180,159200,152443,158540,175666,205367,228036,235768,215105,154880,78438,27644,6822,2575452,321529,1171
Low-income countries,2004,5410941,1415736,2213093,797357,309803,152645,170729,383124,341753,316237,339995,442619,462021,241747,35888,197388,185736,174978,166775,160933,155304,161669,178326,209078,233541,241156,220865,160023,81724,28819,7069,2522896,323374,1287
Low-income countries,2005,5383881,1389402,2158298,768896,306058,151905,170904,383711,341074,317711,343130,450062,471938,250015,37692,197696,186015,174163,166911,161145,156566,163356,179774,212109,237953,245912,226026,164835,85180,30254,7438,2464356,322809,1380
Low-income countries,2006,5314431,1365190,2102369,737179,294916,148163,167108,375712,335433,315228,342311,454782,479927,257433,39578,193347,182365,170707,164726,159443,155785,163221,179090,213960,240822,249862,230065,169022,88411,31696,7882,2397285,315271,1469
Low-income countries,2007,5279970,1341800,2051924,710124,286831,145478,165475,375115,334593,316733,344633,461078,490244,265174,41169,193078,182037,169905,164688,159949,156784,165262,179371,216927,244151,255245,234999,173574,91600,33006,8163,2338755,310953,1518
Low-income countries,2008,5246956,1315816,2002717,686901,279865,142772,164018,374360,333774,318732,348361,466186,501108,272078,41497,192740,181620,169265,164509,160814,157918,167831,180530,219207,246979,260897,240211,177988,94090,33501,7996,2282582,306790,1486
Low-income countries,2009,5183213,1292851,1955284,662433,270447,139016,161406,370266,330070,317923,349619,463705,506449,275916,41641,190681,179585,167570,162500,160327,157596,168951,180668,217439,246266,262898,243551,180547,95369,33638,8003,2225731,300422,1468
Low-income countries,2010,5170034,1277078,1921868,644790,267317,137988,161274,370229,329639,319949,353800,465251,514811,283634,42811,190640,179589,167706,161933,161319,158630,171309,182491,217506,247745,266849,247962,185251,98383,34691,8120,2189185,299262,1459
Low-income countries,2011,5137216,1256382,1881352,624970,261078,135193,160135,368068,327237,320302,357214,466475,523040,291420,44213,189335,178733,166877,160360,161301,159001,172997,184217,216890,249585,270345,252695,189937,101483,35889,8324,2142430,295328,1485
Low-income countries,2012,5165875,1235825,1844579,608754,260036,134779,162959,379120,333844,327009,365762,472194,535703,301639,46624,194741,184379,170885,162959,164558,162451,176859,188903,218196,253998,275701,260002,196059,105580,37650,8974,2104615,297738,1624
Low-income countries,2013,5168419,1214336,1808062,593726,257713,133937,163776,383673,336523,330877,372357,476882,545844,310086,47071,196836,186837,172585,163938,166006,164871,179559,192798,219829,257053,279755,266089,201198,108888,38363,8708,2065775,297713,1617
Low-income countries,2014,5170306,1195294,1774332,579038,256386,133803,164495,383893,337284,333926,378348,482696,556322,319276,47990,197103,186790,172770,164514,166827,167099,182142,196206,222975,259721,284336,271986,206660,112616,39392,8598,2030718,298298,1555
Low-income countries,2015,5162981,1177327,1737695,560368,254423,133592,165607,387111,339871,338710,385261,488093,560431,322903,47831,199315,187796,173897,165974,168342,170368,185728,199533,226297,261796,286403,274028,208716,114187,39509,8322,1992118,299199,1453
Low-income countries,2016,5138749,1158513,1699729,541216,248378,131260,163721,383055,337286,338405,389013,493747,572191,331874,48766,197801,185254,172343,164943,167271,171134,187227,201786,229668,264079,292038,280153,214309,117565,40576,8190,1948107,294981,1324
Low-income countries,2017,5153397,1140300,1658968,518668,243358,129781,165816,393401,343864,343014,395483,500735,584903,342176,50597,203992,189409,176061,167803,169217,173797,190534,204949,234605,266130,298444,286459,220964,121212,42091,8506,1902326,295597,1301
Low-income countries,2018,5180718,1128493,1633707,505214,240875,129510,166777,398086,346926,345848,401897,510495,598710,353872,52718,206482,191604,177784,169142,170292,175556,193879,208018,240318,270177,305164,293546,228610,125262,43877,8841,1874582,296287,1296
Low-income countries,2019,5202841,1119924,1614872,494948,238490,129469,166012,393964,345885,347572,408507,522232,612913,366585,55042,204066,189898,176925,168960,170975,176597,197236,211271,245975,276257,311415,301498,236735,129850,45852,9190,1853362,295481,1297
Low-income countries,2020,5455230,1108813,1590589,481776,236831,129205,161792,382906,347065,370690,462165,612055,691308,409263,60059,198013,184893,174913,172152,180303,190387,220314,241851,287461,324594,356423,334885,263218,146045,50288,9771,1827420,290997,1301
Low-income countries,2021,5730952,1099879,1572979,473100,233528,129602,170076,408094,372601,404558,508351,674804,749187,441754,64086,210022,198072,186988,185613,195800,208758,242815,265536,317211,357593,385620,363567,284186,157568,53679,10407,1806507,299678,1331
Lower-middle-income countries,1950,18134002,6262505,9625077,3362572,607781,353357,438825,991973,939404,949558,1041630,1226285,1263387,603025,92827,504435,487538,465652,473752,475975,473583,519226,522404,624913,601372,665313,598074,400486,202539,73312,19515,10232858,792182,871
Lower-middle-income countries,1951,18403604,6342594,9773162,3430568,625003,355407,442593,1004455,949506,967505,1071338,1258228,1265600,603699,85553,510184,494271,471509,477997,483644,483861,533022,538316,637010,621218,662037,603563,404410,199289,69184,16369,10398165,798000,1554
Lower-middle-income countries,1952,18463250,6380035,9811398,3431363,617660,351791,443179,1010546,953573,977299,1090160,1275065,1250079,601175,79333,512289,498257,474730,478843,486262,491037,536864,553296,632639,642426,645934,604145,406493,194682,64649,14684,10429058,794970,1992
Lower-middle-income countries,1953,18622460,6418520,9866519,3447999,640736,352237,448397,1026015,966944,993504,1113502,1293814,1239161,603693,75839,518915,507100,482666,484278,491753,501751,540826,572676,625737,668077,633001,606160,411005,192688,62327,13512,10507255,800634,2099
Lower-middle-income countries,1954,18559186,6439528,9870349,3430821,621217,343890,442077,1014461,956109,987162,1119126,1298588,1226308,604816,73179,512112,502349,477884,478225,485639,501523,537146,581980,616922,681666,624528,601780,412861,191955,60933,12246,10491566,785967,1901
Lower-middle-income countries,1955,18559700,6447090,9864850,3417760,625677,340464,437544,1007882,953166,986492,1129800,1309473,1223072,607899,71804,507606,500276,476980,476186,482858,503634,538138,591662,618456,691017,627223,595849,414270,193629,60270,11534,10490527,778008,1576
Lower-middle-income countries,1956,18644702,6460044,9876415,3416371,638914,339399,433611,1006601,955990,990701,1147816,1331393,1235031,615930,71479,506175,500426,478898,477092,482738,507963,545405,602411,632470,698923,644765,590266,418628,197302,60277,11202,10515329,773010,1419
Lower-middle-income countries,1957,18751646,6478015,9886691,3408676,655373,340072,429323,1005235,960196,995330,1167445,1356919,1255901,626156,71596,505139,500096,481307,478889,483275,512055,556405,611040,655887,701032,674059,581842,424520,201636,60603,10993,10542064,769395,1408
Lower-middle-income countries,1958,18834316,6485956,9883952,3397996,671513,339600,424349,1005065,964484,997483,1182481,1378897,1278754,633873,72492,504959,500106,483795,480689,483513,513970,566635,615846,681597,697300,705157,573597,428555,205318,61434,11058,10555465,763949,1371
Lower-middle-income countries,1959,18831392,6483001,9859176,3376175,675974,340557,418423,993758,961317,992846,1191670,1401435,1297747,622269,74779,498610,495148,481523,479794,481175,511671,572459,619211,703359,698076,729230,568517,419989,202280,62609,12170,10535150,758980,1441
Lower-middle-income countries,1960,18988422,6504771,9870936,3366165,689662,348489,422399,1007221,977652,1003687,1208409,1428460,1323937,627721,78309,504697,502524,489722,487930,487409,516278,582037,626372,721589,706871,745278,578659,422172,205549,65437,12872,10560598,770888,1539
Lower-middle-income countries,1961,19119140,6514575,9869100,3354525,694455,356593,427365,1017216,993589,1015485,1224799,1456189,1353059,630167,79481,508200,509016,497078,496511,494663,520822,589675,635124,733152,723037,753747,599312,420645,209522,66517,12964,10563555,783958,1639
Lower-middle-income countries,1962,19258934,6543806,9890469,3346663,699267,366544,431730,1015903,1003008,1023863,1239979,1485697,1385548,634876,80371,504777,511126,500240,502768,500305,523558,593906,646073,738725,746972,755119,630429,419777,215099,67395,12976,10589736,798274,1679
Lower-middle-income countries,1963,19396254,6564693,9907701,3343008,705723,377873,436912,1016312,1013115,1033830,1254170,1515454,1413942,638914,80624,502231,514081,503601,509514,506594,527236,597069,657101,742089,773365,750678,663264,419479,219435,67837,12787,10613424,814785,1682
Lower-middle-income countries,1964,19494436,6575549,9908275,3332726,703972,383002,441836,1012845,1017007,1039994,1266045,1545103,1444025,648842,81795,499127,513718,504080,512927,510492,529502,599337,666708,748038,797065,753275,690750,425706,223136,68889,12906,10612247,824838,1694
Lower-middle-income countries,1965,20769984,6790264,10375677,3585413,802778,430425,486536,1117639,1107071,1123436,1363499,1660951,1536138,679576,84517,551906,565733,549715,557356,552583,570853,643300,720199,800073,860878,800282,735856,449634,229942,71130,13387,11178455,916961,1741
Lower-middle-income countries,1966,20445048,6724449,10208762,3484313,784435,425045,472680,1033838,1054353,1092421,1347153,1673269,1563225,701383,86759,510917,522921,520077,534276,535460,556961,630828,716325,802617,870652,817493,745732,469525,231858,73156,13603,10993197,897725,1726
Lower-middle-income countries,1967,20513280,6730559,10193541,3462982,788633,413344,466707,1004129,1029315,1089134,1364403,1724950,1614914,732653,89837,500228,503901,506938,522377,530717,558417,634831,729572,830016,894934,858981,755933,498505,234148,75980,13857,10982174,880051,1718
Lower-middle-income countries,1968,20162002,6599392,9905401,3306009,761426,387897,458784,969003,997466,1070734,1359315,1749058,1644808,763784,92625,486536,482467,491121,506345,519439,551295,629372,729943,845393,903665,892690,752118,527070,236714,78474,14151,10666827,846681,1700
Lower-middle-income countries,1969,20265336,6608066,9896521,3288455,775022,383717,456117,948618,975663,1068993,1376800,1798299,1693492,793904,96418,481405,467213,479694,495969,515625,553368,634851,741949,872112,926187,932073,761419,549613,244291,81599,14819,10671543,839834,1770
Lower-middle-income countries,1970,20721706,6669545,10027899,3358354,853075,411173,471668,963154,977935,1089253,1408402,1852984,1747146,817160,99981,495275,467879,479989,497946,523171,566082,648753,759649,901851,951133,968003,779143,563588,253572,84418,15563,10880974,882841,1875
Lower-middle-income countries,1971,22238708,6820215,10364136,3543921,918465,436404,557805,1238721,1150742,1233964,1542154,1994643,1855973,841810,101962,642179,596542,572653,578089,595422,638542,716572,825582,973268,1021375,1028658,827315,576562,265248,85613,16349,11282601,994209,1928
Lower-middle-income countries,1972,20647634,6663799,9917441,3253642,816404,391705,476192,971806,942053,1085692,1416035,1894019,1798329,832679,103289,512566,459240,458119,483934,516143,569549,654961,761074,917852,976167,983040,815289,559513,273166,85712,17577,10733845,867897,1990
Lower-middle-income countries,1973,20629586,6660396,9875905,3215509,812379,390703,481233,986570,928821,1083293,1414313,1899419,1813323,835826,105667,525731,460839,449369,479452,512810,570483,656118,758195,916313,983106,978577,834746,551734,284092,86627,19040,10688284,871936,2131
Lower-middle-income countries,1974,20673756,6644854,9830733,3185879,814711,393367,488509,1001724,918263,1085812,1422055,1915202,1842318,848360,110162,536538,465186,442034,476229,511726,574086,661451,760604,920340,994862,985320,856998,554642,293718,89476,20686,10645444,881876,2539
Lower-middle-income countries,1975,20924000,6606546,9789356,3182810,829405,401211,514921,1074359,941048,1111798,1450940,1944808,1879611,867077,116170,577119,497240,454301,486747,523037,588761,677402,773538,931838,1012970,999053,880558,565763,301314,93694,22476,10618761,916132,3295
Lower-middle-income countries,1976,20950926,6549126,9657206,3108080,850581,439511,534461,1076475,936703,1113690,1459951,1953633,1910091,893808,121104,574351,502124,451757,484946,523508,590182,682703,777248,932582,1021051,1011570,898521,585459,308349,98520,22584,10507787,973972,3709
Lower-middle-income countries,1977,20586994,6475345,9491051,3015706,806426,391428,486122,1011055,874275,1075906,1457195,1969520,1960293,932468,127556,535539,475516,422354,451921,502246,573660,677621,779574,934760,1034760,1038051,922242,616417,316051,105419,22137,10297477,877550,3697
Lower-middle-income countries,1978,20612120,6417499,9369367,2951868,795440,377422,476888,1017155,861047,1074728,1483408,2008562,2028155,980181,136224,535933,481222,419260,441787,501143,573585,687985,795423,950435,1058127,1074966,953189,655243,324938,113988,22236,10164807,854310,3543
Lower-middle-income countries,1979,20630220,6375635,9251650,2876015,791136,368572,466282,1005189,848247,1067777,1504219,2047419,2101076,1030197,145024,526449,478740,416852,431395,497265,570512,695495,808724,966276,1081143,1111232,989844,691870,338327,122057,22967,10042786,834854,3432
Lower-middle-income countries,1980,20703618,6352582,9173049,2820467,790669,363561,457183,992679,842384,1061514,1525878,2084963,2169824,1085550,153004,517170,475509,418609,423775,492367,569147,702810,823068,982201,1102762,1146835,1022989,729908,355642,128803,24201,9963718,820744,3359
Lower-middle-income countries,1981,20824158,6321589,9090713,2769124,795977,360197,456774,1009018,853960,1062147,1546496,2118548,2234827,1132847,159217,524515,484503,429878,424082,490140,572007,709918,836578,999538,1119010,1178112,1056715,758715,374132,133175,26042,9886690,816971,3437
Lower-middle-income countries,1982,20899020,6285167,9016545,2731378,799038,357500,453022,1008903,860634,1058307,1560997,2147826,2294750,1173907,164013,522931,485972,437118,423516,483457,574850,713450,847547,1017407,1130419,1204284,1090466,780165,393742,135786,28227,9815583,810522,3577
Lower-middle-income countries,1983,20911640,6228202,8916179,2687977,795827,353640,447684,1001196,865596,1050787,1569195,2173241,2349421,1216292,168879,517933,483263,443036,422560,474246,576541,713196,855999,1032474,1140767,1226567,1122854,801171,415121,138497,30382,9712006,801324,3703
Lower-middle-income countries,1984,20921332,6165174,8811329,2646155,797373,351944,442252,984123,868637,1043985,1577256,2201468,2404523,1259961,174641,508114,476009,444531,424106,466100,577885,712578,864678,1048250,1153218,1249813,1154710,825401,434560,142578,32063,9608702,794196,3841
Lower-middle-income countries,1985,20939236,6075025,8679528,2604503,802236,353566,442243,981710,881903,1040852,1587647,2232822,2451346,1301244,180256,505921,475789,449814,432089,462421,578431,713764,873883,1065660,1167162,1267632,1183714,847810,453434,147478,32778,9481764,795809,3883
Lower-middle-income countries,1986,20927506,5991696,8541854,2550158,800356,354487,444512,983695,898230,1038879,1598019,2266480,2479126,1332337,185511,505984,477711,456275,441955,462286,576593,716545,881474,1081820,1184660,1276000,1203126,866977,465360,152481,33030,9342210,798999,4018
Lower-middle-income countries,1987,20998328,5891365,8392165,2500800,796318,357641,449213,989564,920214,1045512,1623545,2318505,2524045,1381554,195620,507686,481878,465085,455129,467949,577563,727073,896472,1106208,1212297,1291538,1232507,900063,481491,161624,33996,9188483,806854,4431
Lower-middle-income countries,1988,21050872,5785792,8230173,2444381,786343,359897,453391,994301,942230,1051765,1649182,2372635,2568142,1431572,206385,508642,485659,473096,469134,475017,576748,738914,910268,1131534,1241101,1308169,1259973,933261,498311,171342,35043,9016516,813288,4854
Lower-middle-income countries,1989,21048874,5683787,8065515,2381728,774132,360713,455131,990987,953329,1057849,1667711,2420389,2607726,1474944,215332,505738,485249,476082,477247,483317,574532,747738,919973,1152599,1267790,1324765,1282961,960567,514377,179309,36023,8839647,815844,5116
Lower-middle-income countries,1990,21125280,5578045,7908879,2330834,766476,366550,461143,1002451,974715,1076935,1690737,2474354,2648293,1522170,227225,510617,491834,485190,489525,498899,578036,757504,933233,1175899,1298455,1345015,1303278,990411,531759,189276,37949,8675355,827693,5351
Lower-middle-income countries,1991,21342050,5506794,7812655,2305861,784977,380822,469333,1017794,1000210,1107382,1719525,2536887,2699782,1570109,237097,517867,499927,496144,504066,519019,588363,769245,950280,1202214,1334673,1376638,1323144,1019170,550939,197230,39867,8597632,850155,5476
Lower-middle-income countries,1992,21316972,5399669,7622716,2223047,750509,368025,466083,1030401,1015950,1130380,1734138,2586966,2744787,1616501,245031,523647,506754,502947,513003,534448,595932,771328,962810,1220220,1366746,1409752,1335035,1044753,571748,203348,41683,8373225,834108,5483
Lower-middle-income countries,1993,21457314,5290265,7462216,2171951,740411,370493,470872,1056120,1044287,1170875,1761205,2650681,2806083,1665059,253549,536716,519404,515950,528337,558358,612517,777543,983662,1242313,1408368,1451755,1354328,1070394,594665,210362,43187,8202627,841365,5463
Lower-middle-income countries,1994,21589158,5193386,7309603,2116217,739046,373094,474551,1075127,1067346,1212807,1785572,2704090,2867621,1710601,264176,546209,528918,525709,541637,578970,633837,783233,1002339,1258848,1445242,1493125,1374496,1095544,615057,218647,45529,8048649,847645,5522
Lower-middle-income countries,1995,21703364,5094574,7160086,2065512,732597,374565,478112,1092249,1089538,1257394,1808308,2754598,2929733,1745885,274609,554174,538075,534575,554963,598106,659288,791058,1017250,1274862,1479736,1534562,1395171,1111152,634733,226504,48105,7892683,852677,5688
Lower-middle-income countries,1996,21808666,4980630,6990098,2009468,724726,375252,485370,1118106,1115724,1302489,1830291,2802328,3000953,1771890,285446,566448,551658,545792,569932,618018,684471,802021,1028270,1291214,1511114,1576473,1424480,1120781,651109,234918,50528,7714824,860622,5993
Lower-middle-income countries,1997,21795376,4866616,6813371,1946755,708674,371995,488819,1136289,1133045,1334960,1837052,2827704,3053164,1787453,296422,574461,561828,552795,580250,632900,702060,809431,1027621,1300774,1526930,1603088,1450076,1123322,664131,244014,52408,7522045,860814,6429
Lower-middle-income countries,1998,21777222,4755295,6644060,1888765,694490,369731,492911,1150502,1150366,1366489,1839517,2843343,3104306,1806322,308322,579814,570688,559421,590945,646871,719618,817842,1021675,1307321,1536022,1628269,1476037,1130069,676253,253579,54743,7338550,862642,6864
Lower-middle-income countries,1999,21729292,4635242,6448306,1813064,669792,361503,492960,1159440,1164662,1391974,1852363,2860804,3157121,1840241,322781,582528,576912,564613,600049,658334,733640,833581,1018782,1315388,1545416,1652075,1505046,1147218,693023,265021,57760,7118098,854463,7344
Lower-middle-income countries,2000,21884632,4531730,6273142,1741412,648805,358955,497662,1176470,1187655,1425736,1893398,2906515,3258444,1905309,344582,590247,586223,575193,612462,672656,753080,865042,1028356,1333589,1572926,1697625,1560819,1186909,718400,281833,62749,6921947,856617,7957
Lower-middle-income countries,2001,21999688,4436612,6110842,1674230,636035,357771,500389,1195595,1215121,1458108,1927068,2931079,3340280,1957741,361016,598603,596992,589810,625311,683891,774217,894025,1033043,1339647,1591432,1732270,1608010,1224506,733235,293828,67188,6746877,858160,8642
Lower-middle-income countries,2002,22005066,4315800,5926038,1610238,623424,353064,496403,1190404,1215950,1471300,1951141,2948674,3422215,2020696,376489,597439,592965,591525,624425,681120,790180,917136,1034005,1337944,1610730,1763258,1658957,1270841,749855,305686,70803,6549462,849467,9267
Lower-middle-income countries,2003,22062652,4176595,5724889,1548294,613696,349423,491827,1191594,1228229,1493988,1986322,2970404,3511531,2097330,393659,598274,593320,600202,628027,680826,813162,946830,1039492,1336207,1634197,1794942,1716589,1323298,774032,319440,74219,6338585,841250,9760
Lower-middle-income countries,2004,22296590,4055403,5566771,1511368,624074,357833,497310,1209794,1255009,1532320,2040607,3009619,3603009,2179453,410322,608473,601321,615709,639300,688669,843651,977842,1062765,1346213,1663406,1831443,1771566,1377181,802272,332795,77527,6190845,855143,10467
Lower-middle-income countries,2005,22209920,3910151,5339822,1429671,596056,343148,482056,1184935,1239633,1530569,2068058,3023406,3689844,2273221,428039,595196,589739,609891,629742,676856,853713,988832,1079226,1346346,1677060,1863863,1825981,1438217,835004,346515,81524,5935878,825204,11131
Lower-middle-income countries,2006,22180850,3775258,5132511,1357253,578336,328063,467795,1170529,1236130,1538975,2108193,3040903,3764908,2361253,441657,586103,584426,608040,628090,673955,865020,1003706,1104487,1356007,1684896,1896945,1867963,1493277,867976,356705,84952,5710847,795858,11594
Lower-middle-income countries,2007,22339390,3668171,4963557,1295386,570484,322485,462439,1172883,1247822,1559018,2170819,3081179,3858979,2461683,456053,584691,588192,612059,635763,682116,876902,1025779,1145040,1380697,1700482,1945816,1913163,1555004,906679,366984,89069,5534041,784924,11988
Lower-middle-income countries,2008,22636912,3573083,4830340,1257257,582286,328767,465916,1188215,1270970,1593384,2256875,3132163,3950334,2556695,468604,589820,598395,619485,651485,702086,891298,1054829,1202046,1415282,1716881,1997615,1952719,1614477,942218,376134,92470,5412626,794683,12361
Lower-middle-income countries,2009,22568480,3462188,4648068,1185880,545078,312330,450381,1169229,1260850,1593251,2303307,3167243,3999184,2627759,479122,576358,592871,610026,650824,707736,885515,1065524,1237783,1446372,1720871,2025986,1973198,1655492,972267,384770,94352,5193146,762711,12679
Lower-middle-income countries,2010,22658222,3361018,4505570,1144552,539266,312312,447240,1160489,1260705,1602091,2363778,3227041,4043356,2694467,488994,570297,590192,606128,654577,719376,882715,1083357,1280421,1492390,1734651,2045069,1998287,1693881,1000586,392931,96063,5044836,759552,12913
Lower-middle-income countries,2011,22586152,3252687,4341858,1089171,511532,297887,429363,1122932,1244389,1600521,2416773,3286055,4075776,2746423,499433,549140,573792,593630,650759,725180,875341,1097675,1319098,1536988,1749067,2050713,2025063,1719751,1026672,401997,97436,4853390,727250,13208
Lower-middle-income countries,2012,22610548,3148799,4193731,1044932,500021,293958,419336,1097131,1238558,1608378,2479332,3356617,4107793,2791086,510856,534998,562133,587796,650762,732559,875819,1118088,1361244,1587491,1769126,2047811,2059982,1738735,1052351,411960,98896,4693752,713294,13751
Lower-middle-income countries,2013,22628384,3047880,4055443,1007563,486888,289323,407285,1062583,1225328,1611037,2541250,3437197,4139940,2834818,522924,516584,545999,579805,645523,733800,877237,1139567,1401683,1645329,1791868,2039996,2099944,1754967,1079851,422278,100646,4542331,696608,14369
Lower-middle-income countries,2014,22569422,2925053,3891410,966357,477244,284976,398274,1033586,1214547,1609739,2587597,3506196,4153543,2859030,538175,501499,532087,573421,641126,732117,877622,1155487,1432110,1685198,1820998,2028870,2124673,1760127,1098903,434739,103436,4368654,683250,15102
Lower-middle-income countries,2015,22607948,2828162,3757137,928975,471377,282781,391606,1006905,1206205,1615495,2634294,3590049,4176723,2896992,562506,487735,519170,567508,638697,732445,883050,1171728,1462566,1722607,1867442,2031709,2145014,1774199,1122793,453390,109116,4228514,674387,15876
Lower-middle-income countries,2016,22672844,2738267,3627971,889704,463919,278888,385741,983688,1200225,1623599,2674501,3681609,4208109,2943729,583727,475290,508398,561692,638533,734290,889309,1184306,1490195,1759470,1922139,2048658,2159451,1797219,1146510,468858,114869,4091890,664629,17138
Lower-middle-income countries,2017,22829632,2641058,3496354,855296,456564,275518,382358,969392,1198416,1635940,2707191,3789192,4261372,3023398,615099,467663,501729,557533,640883,739908,896032,1192127,1515064,1796623,1992569,2086838,2174534,1843652,1179746,492755,122344,3952918,657876,18839
Lower-middle-income countries,2018,23108834,2556675,3376979,820304,451430,273281,380795,962814,1201849,1650624,2734534,3921053,4342234,3134827,657673,464190,498624,555076,646773,748498,902126,1196350,1538184,1836276,2084777,2145240,2196994,1909533,1225294,525479,132194,3828409,654076,20740
Lower-middle-income countries,2019,23453300,2467357,3255663,788306,443797,271226,379717,961752,1211440,1675511,2769560,4049919,4459412,3250312,702448,463620,498132,555710,655730,761496,914015,1206147,1563413,1878281,2171638,2231382,2228030,1977617,1272695,558225,144223,3699460,650943,22543
Lower-middle-income countries,2020,25574948,2386588,3144577,757989,436229,265527,359561,902860,1202351,1790287,3113641,4736202,5075117,3707168,815074,433236,469624,537039,665312,802044,988243,1332976,1780665,2182684,2553518,2612175,2462942,2230350,1476818,648027,167047,3580806,625088,26350
Lower-middle-income countries,2021,29801332,2323187,3053852,730665,429319,269976,410689,1037608,1396099,2140440,3756001,5756624,6128781,4460072,931798,498065,539543,620954,775145,943408,1197032,1628065,2127936,2655010,3101614,3192517,2936264,2667742,1792330,745127,186671,3483171,680665,30071
Luxembourg,1950,3647,155,181,26,15,11,33,85,119,259,448,779,940,707,67,45,40,45,74,105,154,197,251,335,444,464,476,403,304,67,0,196,44,0
Luxembourg,1951,3580,170,196,26,14,11,33,81,113,253,444,766,940,659,71,42,39,44,69,103,150,197,247,329,437,470,470,388,271,70,1,210,44,0
Luxembourg,1952,3516,170,197,27,15,11,29,81,105,247,441,744,942,627,74,42,39,41,64,99,148,198,243,320,424,478,464,385,242,71,3,212,40,0
Luxembourg,1953,4092,192,225,33,16,11,32,95,118,285,523,864,1120,715,86,49,46,48,70,114,171,235,288,372,492,578,542,456,259,83,3,241,43,0
Luxembourg,1954,3493,168,197,29,14,11,26,81,97,243,453,733,969,599,71,41,40,40,57,97,146,203,250,321,412,505,464,391,208,68,3,211,37,0
Luxembourg,1955,3593,183,215,32,14,11,23,80,97,241,469,746,1006,620,71,39,41,41,56,94,147,210,259,328,418,522,484,407,213,68,3,229,34,0
Luxembourg,1956,3766,173,206,33,15,11,24,83,100,248,497,779,1074,658,72,40,43,44,56,96,152,221,276,342,437,550,524,432,226,68,4,221,35,0
Luxembourg,1957,3839,180,213,33,16,11,24,80,100,247,510,791,1102,673,71,38,42,44,56,92,155,225,285,351,440,552,550,440,233,65,6,229,35,0
Luxembourg,1958,3547,153,184,31,16,11,22,71,91,219,473,731,1031,635,66,32,39,41,50,80,139,207,266,327,404,505,526,410,225,60,6,200,33,0
Luxembourg,1959,3600,157,187,30,16,11,22,67,92,213,476,740,1049,663,68,29,38,42,50,76,137,204,272,333,407,502,547,425,238,62,6,203,33,0
Luxembourg,1960,3725,147,177,30,16,10,22,67,96,201,516,789,1015,726,90,32,35,44,52,67,134,215,301,365,424,488,527,469,257,77,13,193,32,1
Luxembourg,1961,3593,143,171,28,16,11,21,63,92,187,491,776,978,706,83,30,33,43,49,64,123,202,289,362,414,472,506,450,256,73,10,187,32,1
Luxembourg,1962,4036,143,173,30,16,11,24,69,104,201,545,892,1096,807,99,34,35,47,57,74,127,223,322,420,472,527,569,508,299,84,15,189,35,0
Luxembourg,1963,3886,147,175,28,16,11,21,63,97,183,512,869,1058,777,99,31,32,43,54,71,112,206,306,409,460,511,547,491,286,84,15,191,32,0
Luxembourg,1964,3813,132,158,26,16,11,21,63,98,174,497,868,1038,763,106,31,32,42,56,72,102,198,299,407,461,509,529,478,285,91,15,174,32,0
Luxembourg,1965,4042,129,156,27,16,11,23,66,101,180,512,925,1111,822,122,32,34,41,60,76,104,202,310,429,496,549,562,510,312,106,16,172,34,1
Luxembourg,1966,4024,137,163,26,16,11,24,62,97,175,491,931,1110,808,134,30,32,38,59,73,102,191,300,423,508,550,560,504,304,118,16,179,35,1
Luxembourg,1967,4128,117,143,26,16,11,24,64,98,185,485,970,1151,838,145,31,33,39,59,78,107,182,303,432,538,575,576,516,322,126,19,159,35,2
Luxembourg,1968,4085,100,124,24,15,11,24,63,92,186,453,958,1158,851,146,31,32,35,57,77,109,164,289,421,537,581,577,525,326,127,19,139,35,1
Luxembourg,1969,4185,102,125,23,16,11,26,63,92,196,445,988,1200,865,159,31,32,36,56,82,114,156,289,430,558,603,597,534,331,134,25,141,37,1
Luxembourg,1970,4157,109,130,21,14,11,26,61,87,194,427,974,1212,862,155,30,31,35,52,83,111,149,278,418,556,612,600,529,333,128,27,144,37,1
Luxembourg,1971,4384,104,126,22,15,12,28,65,90,203,436,1016,1311,923,163,33,32,38,52,88,115,157,279,433,583,665,646,567,356,132,31,141,40,1
Luxembourg,1972,4101,84,103,19,13,11,27,63,82,192,393,937,1259,865,157,32,31,35,47,81,111,151,242,397,540,642,617,527,338,128,29,116,38,1
Luxembourg,1973,4210,79,98,19,14,11,29,65,85,198,389,946,1311,898,164,33,32,36,49,81,117,161,228,399,547,665,646,544,354,134,30,112,40,3
Luxembourg,1974,4310,80,97,17,12,11,29,68,83,200,380,945,1372,940,168,36,32,36,47,78,122,164,216,395,550,690,682,574,366,140,28,109,40,3
Luxembourg,1975,4360,74,90,16,12,11,29,71,84,202,378,939,1400,969,173,38,33,36,48,76,126,167,211,387,552,698,702,598,371,144,29,102,40,3
Luxembourg,1976,4537,77,93,16,12,11,30,76,88,207,391,949,1472,1024,187,40,36,37,51,75,132,171,220,383,566,724,748,634,390,151,36,105,41,2
Luxembourg,1977,4100,64,77,13,10,11,27,70,81,183,363,834,1347,933,162,37,33,36,45,65,118,158,205,326,508,654,693,584,349,132,30,87,38,3
Luxembourg,1978,4187,62,76,14,10,9,27,72,81,180,380,811,1386,978,174,36,36,35,46,65,115,164,216,306,505,667,719,614,364,145,29,86,36,3
Luxembourg,1979,3974,62,74,12,10,8,23,69,76,165,366,732,1322,955,172,35,34,34,42,61,104,160,206,268,464,631,691,598,357,145,27,84,31,2
Luxembourg,1980,4135,60,72,12,9,8,23,70,79,162,376,730,1371,1046,188,34,36,36,43,60,102,167,209,266,464,645,726,648,398,157,31,81,31,3
Luxembourg,1981,4126,67,79,12,8,6,21,67,79,155,375,706,1362,1068,192,32,35,36,43,59,96,168,207,266,440,633,729,659,409,162,30,87,27,3
Luxembourg,1982,4106,59,71,12,8,7,23,68,80,151,377,683,1353,1089,190,32,36,36,44,58,93,165,212,270,413,627,726,675,414,158,32,79,30,3
Luxembourg,1983,4121,62,73,11,5,6,20,65,79,149,373,656,1352,1133,203,31,34,36,43,59,90,158,215,275,381,614,738,697,436,170,33,78,26,3
Luxembourg,1984,4057,65,77,12,6,6,19,65,80,142,369,629,1318,1140,205,30,35,37,43,56,86,149,220,279,350,592,726,695,445,172,33,83,25,3
Luxembourg,1985,4011,53,65,12,5,6,18,62,79,140,361,608,1293,1155,217,29,33,36,43,56,84,140,221,273,335,575,718,691,464,178,39,70,24,3
Luxembourg,1986,3966,46,57,11,6,6,17,60,80,138,354,604,1253,1163,227,28,32,37,43,55,83,132,222,271,333,546,707,686,477,185,42,63,23,4
Luxembourg,1987,4004,47,56,9,5,5,15,56,81,138,345,618,1229,1212,234,26,30,37,44,57,81,128,217,278,340,517,712,706,506,196,38,61,20,5
Luxembourg,1988,3822,47,57,10,5,5,14,55,78,133,323,613,1129,1171,231,24,31,35,43,54,79,121,202,274,339,459,670,683,488,194,37,62,19,5
Luxembourg,1989,3974,52,61,9,6,5,14,51,81,134,319,646,1124,1257,269,22,29,37,44,55,79,121,198,288,358,441,683,724,533,226,43,67,19,4
Luxembourg,1990,3770,44,53,9,5,5,12,47,77,130,289,618,1044,1205,276,21,26,34,43,54,76,113,176,281,337,404,640,691,514,230,46,58,17,4
Luxembourg,1991,3746,50,58,8,5,5,12,49,78,131,280,616,1019,1205,291,21,28,34,44,56,75,112,168,282,334,404,615,686,519,242,49,63,17,4
Luxembourg,1992,4012,47,56,9,5,5,12,48,84,141,291,659,1062,1313,329,21,27,36,48,60,81,117,174,293,366,441,621,744,569,272,57,61,17,5
Luxembourg,1993,3896,41,51,10,5,5,11,45,81,140,282,647,1007,1286,333,19,26,34,47,60,80,116,166,279,368,448,559,719,567,274,59,56,16,6
Luxembourg,1994,3792,42,50,8,5,5,10,42,79,137,269,624,957,1272,334,19,23,33,46,59,78,110,159,259,365,451,506,700,572,270,64,55,15,8
Luxembourg,1995,3782,35,44,9,5,5,10,41,77,143,272,633,941,1266,341,18,23,31,46,62,81,112,160,250,383,448,493,685,581,272,69,49,15,7
Luxembourg,1996,3887,44,51,7,5,5,9,38,79,148,274,632,976,1291,370,15,23,33,46,62,86,113,161,241,391,461,515,679,612,296,74,56,14,7
Luxembourg,1997,3910,32,40,8,5,5,11,36,76,149,275,618,1015,1282,392,14,22,32,44,64,85,115,160,233,385,478,537,652,630,315,77,45,16,8
Luxembourg,1998,3885,41,47,6,5,5,10,36,72,152,279,602,1046,1215,408,14,22,28,44,65,87,116,163,229,373,488,558,604,611,328,80,52,15,9
Luxembourg,1999,3779,31,38,7,5,5,10,33,68,150,269,570,1056,1148,421,13,20,26,42,63,87,114,155,221,349,490,566,549,599,333,88,43,15,9
Luxembourg,2000,3762,39,45,6,5,5,10,31,69,152,269,546,1062,1138,426,12,19,27,42,62,90,116,153,217,329,501,561,542,596,337,89,50,15,8
Luxembourg,2001,3703,34,40,6,5,5,8,30,66,148,261,510,1041,1136,444,12,18,25,41,61,87,117,144,206,304,491,550,552,584,351,93,45,13,11
Luxembourg,2002,3721,29,36,7,5,5,9,27,65,150,269,506,1057,1122,458,11,16,25,40,61,89,119,150,207,299,488,569,576,546,358,100,41,14,11
Luxembourg,2003,4053,28,34,6,5,5,8,29,66,162,293,538,1151,1230,517,13,16,26,40,64,98,130,163,225,313,513,638,670,560,396,121,39,13,12
Luxembourg,2004,3589,26,31,5,4,4,7,25,59,146,268,475,1019,1075,466,12,13,22,37,57,89,120,148,199,276,439,580,612,463,351,115,35,11,13
Luxembourg,2005,3621,28,33,5,5,3,7,25,54,143,274,468,1018,1103,476,11,14,20,34,56,87,122,152,196,272,418,600,625,478,358,118,38,10,14
Luxembourg,2006,3772,19,24,5,4,4,7,26,54,147,289,481,1042,1184,497,12,14,20,34,57,90,126,163,201,280,411,631,658,526,367,130,28,11,14
Luxembourg,2007,3872,13,17,4,5,4,7,25,53,149,301,496,1052,1266,477,11,14,20,33,58,91,132,169,212,284,412,640,699,567,340,137,22,11,18
Luxembourg,2008,3607,15,19,4,4,2,7,22,49,134,282,458,943,1241,429,10,12,18,31,50,84,124,158,194,264,370,573,672,569,302,127,23,9,21
Luxembourg,2009,3673,15,19,4,5,2,7,25,47,132,290,463,930,1302,428,10,15,17,30,49,83,127,163,202,261,368,562,702,600,296,132,24,9,25
Luxembourg,2010,3778,22,25,3,4,2,7,24,46,134,302,480,923,1352,457,10,14,17,29,50,84,129,173,213,267,373,550,736,616,321,136,29,9,24
Luxembourg,2011,3833,21,25,4,3,2,7,23,44,130,303,488,901,1393,490,10,13,16,28,47,83,129,174,222,266,374,527,755,638,350,140,28,9,24
Luxembourg,2012,3896,17,21,4,2,2,7,23,45,130,307,498,889,1429,518,10,13,18,27,46,84,129,178,223,275,373,516,755,674,381,137,23,9,25
Luxembourg,2013,3837,27,30,3,1,1,6,20,43,122,303,491,858,1409,527,9,11,17,26,45,77,126,177,223,268,367,491,723,686,399,128,31,7,27
Luxembourg,2014,3845,19,24,5,0,1,6,21,41,122,310,508,855,1400,526,10,11,17,24,46,76,126,184,231,277,365,490,700,700,404,122,24,7,28
Luxembourg,2015,3990,15,20,5,1,1,6,20,42,118,310,530,871,1455,581,9,11,19,23,41,77,127,183,240,290,372,499,697,758,442,139,21,7,35
Luxembourg,2016,3993,23,27,4,2,1,6,22,41,113,311,547,866,1435,590,10,12,17,24,41,72,126,185,244,303,367,499,670,765,445,145,29,7,35
Luxembourg,2017,4281,19,24,5,1,1,6,22,42,118,327,592,930,1508,673,8,14,17,25,41,77,132,195,266,326,406,524,692,816,505,168,25,7,36
Luxembourg,2018,4348,25,29,4,1,1,5,21,44,117,326,612,943,1499,719,9,12,18,26,40,77,128,198,275,337,408,535,688,811,540,179,30,6,35
Luxembourg,2019,4309,27,31,4,2,1,7,20,43,111,313,616,931,1458,748,7,13,16,27,38,73,120,193,277,339,412,519,677,781,561,187,33,8,33
Luxembourg,2020,4780,29,34,5,2,0,6,18,42,114,335,679,1059,1602,853,8,10,15,27,40,74,129,206,297,382,474,585,758,844,639,214,36,6,37
Luxembourg,2021,4341,30,35,5,2,0,4,14,35,95,286,612,985,1424,808,6,8,13,22,34,61,107,179,262,350,452,533,694,730,598,210,37,4,39
Macao,1950,2037,581,711,130,29,21,47,110,136,183,217,195,231,132,20,55,55,59,77,83,100,107,110,93,102,118,113,85,47,15,5,740,68,1
Macao,1951,2121,651,810,159,29,18,43,106,131,182,224,198,227,131,20,55,51,57,74,83,99,109,115,98,100,115,112,84,47,16,4,839,61,1
Macao,1952,2120,611,792,181,27,17,38,100,125,182,230,212,236,138,19,50,50,55,70,83,99,112,118,109,103,119,117,88,50,16,3,819,55,1
Macao,1953,2053,561,742,181,29,16,33,93,116,176,230,220,239,140,19,48,45,51,65,81,95,112,118,115,105,120,119,90,50,17,2,771,49,1
Macao,1954,1975,510,677,167,29,15,29,84,107,169,227,231,243,145,21,44,40,47,60,78,91,110,117,121,110,122,121,92,53,18,3,706,44,1
Macao,1955,1892,463,608,145,31,14,24,75,98,161,223,240,246,149,23,38,37,44,54,73,88,106,117,124,116,124,122,93,56,20,3,639,38,0
Macao,1956,1815,419,545,126,33,15,21,68,91,151,217,244,253,151,26,33,35,40,51,67,84,101,116,123,121,127,126,94,57,22,4,578,36,0
Macao,1957,1741,377,487,110,33,15,19,59,84,140,213,249,258,156,29,29,30,36,48,60,80,98,115,121,128,129,129,97,59,23,6,520,34,0
Macao,1958,1668,341,438,97,32,15,17,53,75,133,203,247,263,160,33,24,29,32,43,56,77,92,111,117,130,132,131,99,61,26,7,470,32,0
Macao,1959,1620,307,395,88,30,16,16,47,70,123,196,248,278,166,39,22,25,30,40,51,72,87,109,115,133,140,138,104,62,29,10,425,32,0
Macao,1960,1580,282,362,80,27,18,15,40,63,114,185,247,289,171,46,19,21,26,37,47,67,83,102,115,132,145,144,111,60,32,14,389,33,0
Macao,1961,1523,247,321,74,24,20,17,37,56,104,175,238,301,183,52,17,20,24,32,42,62,79,96,113,125,151,150,120,63,35,17,345,37,2
Macao,1962,1504,229,304,75,27,20,18,34,54,101,174,239,302,187,40,15,19,23,31,43,58,77,97,116,123,151,151,122,65,29,11,331,38,3
Macao,1963,1490,214,287,73,27,20,19,33,54,99,176,244,303,192,36,15,18,23,31,42,57,79,97,119,125,151,152,124,68,27,9,314,39,2
Macao,1964,1476,196,267,71,28,20,23,32,52,96,174,251,302,196,32,15,17,22,30,41,55,77,97,121,130,149,153,126,70,24,8,295,43,2
Macao,1965,1462,175,244,69,28,21,24,32,51,94,174,254,303,202,30,16,16,21,30,40,54,77,97,117,137,148,155,128,74,23,7,272,45,1
Macao,1966,1443,155,219,64,28,22,25,32,51,93,173,261,304,207,30,17,15,21,30,40,53,75,98,117,144,147,157,129,78,24,6,247,47,1
Macao,1967,1431,134,193,59,28,23,29,33,50,93,168,265,306,212,30,19,14,20,30,39,54,71,97,119,146,151,155,132,80,26,4,221,52,1
Macao,1968,1415,114,169,55,27,24,30,32,47,91,167,266,308,215,34,20,12,18,29,39,52,70,97,119,147,158,150,134,81,29,5,196,54,1
Macao,1969,1404,97,145,48,24,24,34,35,47,92,165,266,316,218,34,23,12,18,29,39,53,68,97,120,146,168,148,136,82,30,4,169,58,1
Macao,1970,1401,83,125,42,23,24,37,38,43,94,161,268,328,216,36,26,12,17,26,40,54,67,94,123,145,179,149,133,83,32,4,148,61,0
Macao,1971,1397,74,110,36,21,24,40,42,41,94,159,270,339,213,41,30,12,15,26,40,54,67,92,124,146,185,154,129,84,35,6,131,64,0
Macao,1972,1396,69,98,29,20,23,39,48,37,92,158,271,355,214,39,34,14,13,24,38,54,67,91,124,147,185,170,128,86,32,7,118,62,0
Macao,1973,1395,67,93,26,16,19,37,50,33,88,157,273,364,219,39,34,16,12,21,35,53,67,90,123,150,181,183,129,90,32,7,109,56,0
Macao,1974,1408,64,90,26,15,18,36,55,32,83,157,276,378,228,39,36,19,12,20,32,51,67,90,122,154,180,198,134,94,33,6,105,54,0
Macao,1975,1424,62,87,25,11,17,34,58,30,79,156,279,386,245,41,37,21,12,18,30,49,66,90,120,159,180,206,147,98,35,6,98,51,0
Macao,1976,1442,60,85,25,10,14,32,60,31,75,156,281,393,264,44,38,22,14,17,27,48,66,90,119,162,183,210,161,103,38,6,95,46,0
Macao,1977,1463,60,83,23,10,12,29,60,31,69,152,283,400,284,50,36,24,15,16,24,45,64,88,120,163,190,210,176,108,44,6,93,41,0
Macao,1978,1486,60,82,22,10,12,27,61,31,63,149,280,404,309,58,35,26,16,15,23,40,62,87,120,160,197,207,193,116,51,7,92,39,0
Macao,1979,1519,63,84,21,9,11,24,61,33,61,146,278,415,333,66,35,26,18,15,21,40,62,84,120,158,208,207,205,128,57,9,93,35,0
Macao,1980,1548,66,86,20,8,8,22,59,34,55,140,274,424,356,80,32,27,19,15,20,35,59,81,120,154,215,209,212,144,67,13,94,30,0
Macao,1981,1579,70,89,19,7,8,19,57,35,49,132,273,435,374,98,30,27,20,15,18,31,55,77,119,154,219,216,214,160,78,20,96,27,1
Macao,1982,1585,76,94,18,7,7,17,56,39,47,131,266,439,376,100,29,27,22,17,18,29,54,77,115,151,213,226,210,166,79,21,101,24,1
Macao,1983,1588,82,103,21,6,7,16,56,43,44,129,262,446,376,99,28,28,24,19,17,27,51,78,110,152,208,238,207,169,78,21,109,23,1
Macao,1984,1588,84,106,22,6,7,16,57,46,43,124,257,441,379,99,28,29,25,21,17,26,47,77,106,151,198,243,208,171,78,21,112,23,2
Macao,1985,1584,86,109,23,6,7,14,56,49,46,123,253,438,382,100,26,30,26,23,20,26,45,78,104,149,193,245,210,172,80,20,115,21,2
Macao,1986,1578,84,109,25,6,6,13,54,53,46,116,249,432,389,102,24,30,28,25,20,26,42,74,102,147,189,243,217,172,82,20,115,19,2
Macao,1987,1565,80,105,25,7,6,13,50,57,46,111,245,423,394,106,22,28,30,27,22,24,40,71,102,143,186,237,223,171,86,20,112,19,2
Macao,1988,1564,76,101,25,7,6,13,47,60,48,107,243,416,399,112,20,27,30,30,24,24,38,69,102,141,186,230,229,170,91,21,108,19,3
Macao,1989,1547,74,100,26,8,5,12,44,64,51,102,240,406,398,117,18,26,34,30,27,24,37,65,103,137,182,224,229,169,94,23,108,17,3
Macao,1990,1533,70,95,25,9,5,12,43,65,55,99,237,398,397,118,18,25,33,32,30,25,36,63,101,136,179,219,226,171,94,24,104,17,2
Macao,1991,1501,64,87,23,9,5,10,40,66,59,93,230,388,390,120,16,24,33,33,32,27,35,58,98,132,178,210,220,170,93,27,96,15,2
Macao,1992,1489,59,80,21,9,5,10,37,70,63,88,227,384,388,121,15,22,32,38,35,28,32,56,95,132,177,207,218,170,92,29,89,15,2
Macao,1993,1491,53,72,19,8,5,9,34,70,68,88,227,385,399,124,15,19,31,39,35,33,33,55,93,134,178,207,222,177,93,31,80,14,3
Macao,1994,1493,47,66,19,8,5,8,32,69,74,84,223,388,407,126,15,17,30,39,37,37,32,52,89,134,179,209,225,182,95,31,74,13,3
Macao,1995,1498,42,58,16,7,5,9,30,66,80,84,218,391,415,131,14,16,27,39,40,40,34,50,85,133,179,212,226,189,99,32,65,14,4
Macao,1996,1464,36,50,14,7,5,8,28,62,84,84,205,382,411,134,13,15,25,37,42,42,37,47,78,127,172,210,218,193,102,32,57,13,4
Macao,1997,1496,32,46,14,6,5,8,27,60,91,87,204,391,423,146,12,15,22,38,45,46,41,46,78,126,174,217,221,202,112,34,52,13,5
Macao,1998,1530,27,38,11,6,5,10,26,59,97,93,199,402,432,156,11,15,21,38,49,48,47,46,75,124,180,222,227,205,122,34,44,15,6
Macao,1999,1547,24,35,11,5,5,10,25,54,101,100,194,407,435,169,10,15,19,35,50,51,52,48,73,121,182,225,229,206,130,39,40,15,7
Macao,2000,1564,20,29,9,5,5,10,23,50,104,104,185,408,443,186,10,13,17,33,49,55,57,47,69,116,181,227,236,207,139,47,34,15,7
Macao,2001,1592,18,26,8,5,5,10,23,50,109,115,181,412,452,200,10,13,17,33,50,59,62,53,68,113,184,228,245,207,144,56,31,15,7
Macao,2002,1643,16,22,6,5,5,10,22,47,115,127,180,420,471,208,10,12,17,30,50,65,67,60,67,113,184,236,256,215,144,64,27,15,8
Macao,2003,1686,16,22,6,5,5,10,21,44,119,141,178,426,495,213,10,11,17,27,49,70,71,70,67,111,182,244,266,229,146,67,27,15,10
Macao,2004,1735,15,21,6,5,5,10,21,44,121,155,175,429,520,219,10,11,17,27,48,73,76,79,69,106,179,250,276,244,151,68,26,15,11
Macao,2005,1759,15,21,6,5,5,10,23,42,119,167,176,421,535,226,13,10,17,25,47,72,81,86,74,102,171,250,277,258,157,69,26,15,12
Macao,2006,1806,16,22,6,2,5,10,25,41,118,183,182,417,549,240,15,10,17,24,45,73,88,95,82,100,167,250,278,271,169,71,24,15,13
Macao,2007,1844,16,22,6,1,4,9,26,40,116,195,189,411,560,255,15,11,16,24,43,73,96,99,91,98,162,249,282,278,182,73,23,13,14
Macao,2008,1872,16,22,6,0,3,8,28,39,110,208,199,396,567,273,15,13,16,23,39,71,102,106,103,96,155,241,288,279,196,77,22,11,18
Macao,2009,1895,17,23,6,0,3,7,29,38,104,211,211,384,566,296,14,15,15,23,36,68,102,109,113,98,151,233,290,276,209,87,23,10,21
Macao,2010,2029,18,25,7,0,2,7,29,39,106,233,243,393,592,332,14,15,15,24,35,71,109,124,133,110,154,239,309,283,229,103,25,9,24
Macao,2011,2107,19,25,6,0,2,7,28,39,106,248,269,390,607,360,13,15,15,24,36,70,110,138,146,123,154,236,318,289,238,122,25,9,28
Macao,2012,2187,20,26,6,0,1,6,28,39,103,259,296,389,628,374,13,15,15,24,36,67,110,149,156,140,155,234,324,304,237,137,26,7,32
Macao,2013,2194,20,26,6,1,1,6,27,38,94,262,316,389,639,364,12,15,16,22,34,60,107,155,161,155,156,233,318,321,229,135,27,7,34
Macao,2014,2266,20,26,6,1,1,5,26,37,92,262,342,398,667,372,11,15,16,21,34,58,105,157,171,171,160,238,322,345,233,139,27,6,38
Macao,2015,2358,20,26,6,1,0,5,25,38,89,260,371,415,697,388,10,15,17,21,33,56,104,156,185,186,171,244,328,369,247,141,27,5,41
Macao,2016,2417,19,25,6,1,0,5,23,38,83,255,396,428,711,405,9,14,17,21,32,51,102,153,197,199,184,244,329,382,263,142,26,5,43
Macao,2017,2452,19,26,7,3,0,5,22,38,80,245,409,435,716,426,9,13,17,21,30,50,96,149,201,208,193,242,331,385,284,142,29,5,46
Macao,2018,2496,18,25,7,2,0,4,19,37,76,235,425,448,724,450,8,11,16,21,29,47,88,147,204,221,208,240,337,387,306,144,27,4,51
Macao,2019,2625,18,25,7,2,0,4,19,38,75,233,451,476,757,490,8,11,17,21,29,46,84,149,209,242,230,246,357,400,333,157,27,4,54
Macao,2020,2718,17,24,7,2,0,3,17,37,74,229,464,501,782,526,7,10,16,21,29,45,79,150,206,258,250,251,368,414,350,176,26,3,56
Macao,2021,2813,17,24,7,2,0,3,16,37,73,222,477,531,806,562,6,10,16,21,29,44,75,147,206,271,272,259,376,430,365,197,26,3,59
Madagascar,1950,96425,26744,41524,14780,6349,2951,2991,6570,6035,7243,6856,7638,6275,1863,132,3350,3220,2910,3125,3793,3450,3305,3551,3776,3862,3601,2674,1329,534,118,14,47873,5942,1
Madagascar,1951,98639,27087,43166,16079,6438,2938,3004,6653,5996,7292,6948,7765,6401,1909,128,3384,3269,2950,3046,3734,3558,3353,3595,3835,3930,3666,2735,1391,518,116,12,49604,5942,1
Madagascar,1952,100264,27425,44552,17127,6506,2903,2987,6685,5971,7244,7001,7848,6486,1956,128,3405,3280,2997,2974,3591,3653,3394,3607,3876,3972,3713,2773,1460,496,115,13,51058,5890,1
Madagascar,1953,101763,27685,45613,17928,6649,2881,2967,6720,5998,7168,7080,7952,6595,2018,130,3431,3289,3063,2935,3427,3741,3450,3630,3928,4024,3778,2817,1530,488,116,14,52262,5848,1
Madagascar,1954,103201,27897,46239,18342,7046,2873,2950,6764,6060,7076,7196,8065,6714,2090,126,3457,3307,3133,2927,3283,3793,3539,3657,3981,4084,3847,2867,1592,498,114,12,53285,5823,1
Madagascar,1955,104264,28092,46526,18434,7573,2873,2922,6769,6102,6928,7307,8154,6820,2160,124,3453,3316,3174,2928,3158,3770,3631,3676,4019,4135,3904,2916,1639,521,112,12,54099,5795,1
Madagascar,1956,105623,28496,47198,18702,8009,2886,2891,6771,6152,6752,7436,8238,6933,2234,122,3440,3331,3203,2949,3062,3690,3727,3709,4052,4186,3964,2969,1681,553,110,12,55207,5777,1
Madagascar,1957,106688,28812,47695,18883,8357,2911,2855,6762,6205,6540,7582,8310,7045,2307,120,3415,3347,3213,2992,2989,3551,3831,3751,4071,4239,4020,3025,1720,587,107,13,56052,5766,1
Madagascar,1958,107697,29068,48111,19043,8644,2961,2827,6750,6266,6335,7731,8395,7173,2383,122,3384,3366,3214,3052,2949,3386,3923,3808,4097,4298,4081,3092,1760,623,108,14,56755,5788,1
Madagascar,1959,108592,29242,48413,19171,8811,3109,2811,6729,6324,6165,7863,8482,7309,2445,127,3352,3377,3219,3105,2931,3234,3970,3893,4124,4358,4147,3162,1805,640,113,14,57224,5920,1
Madagascar,1960,109215,29341,48535,19194,8874,3314,2805,6683,6367,6041,7943,8554,7438,2523,134,3313,3370,3224,3143,2930,3111,3950,3993,4149,4405,4209,3229,1851,672,122,12,57409,6119,1
Madagascar,1961,110068,29558,48868,19310,8941,3501,2816,6624,6402,5965,7971,8647,7578,2605,146,3271,3353,3236,3166,2949,3016,3874,4097,4193,4454,4278,3300,1903,702,134,12,57809,6317,1
Madagascar,1962,110781,29673,48990,19317,9010,3676,2844,6569,6434,5949,7964,8755,7738,2696,157,3236,3333,3256,3178,2997,2952,3744,4220,4256,4499,4360,3378,1963,733,145,12,58000,6520,1
Madagascar,1963,111656,29882,49248,19366,9079,3836,2894,6510,6458,5974,7910,8881,7902,2790,171,3204,3306,3276,3182,3058,2916,3581,4329,4335,4546,4445,3457,2028,762,158,13,58327,6730,1
Madagascar,1964,112467,30158,49533,19375,9128,3922,3016,6453,6463,6004,7800,9021,8056,2884,185,3183,3270,3282,3181,3108,2896,3422,4378,4436,4585,4520,3536,2092,792,170,15,58661,6938,1
Madagascar,1965,113615,30434,49890,19456,9204,3966,3214,6436,6488,6067,7691,9226,8238,2992,197,3191,3245,3289,3199,3160,2907,3311,4380,4578,4648,4609,3629,2166,826,182,15,59094,7180,1
Madagascar,1966,115013,31020,50646,19626,9253,4004,3408,6417,6492,6123,7528,9434,8402,3099,209,3209,3208,3278,3214,3190,2933,3222,4306,4716,4718,4684,3718,2237,862,191,18,59899,7412,1
Madagascar,1967,116047,31521,51129,19608,9278,4034,3602,6407,6481,6173,7309,9655,8552,3203,223,3239,3168,3253,3228,3196,2977,3154,4155,4860,4795,4744,3808,2306,897,203,20,60407,7636,1
Madagascar,1968,116985,31944,51523,19579,9293,4062,3784,6425,6463,6231,7086,9871,8700,3312,235,3293,3132,3219,3244,3197,3034,3117,3969,4986,4885,4802,3898,2376,936,213,22,60816,7846,1
Madagascar,1969,118019,32297,51839,19542,9334,4100,3899,6564,6444,6294,6910,10086,8866,3433,248,3447,3117,3189,3255,3204,3090,3110,3800,5062,5024,4871,3995,2454,979,225,23,61173,7999,1
Madagascar,1970,119342,33066,52796,19730,9329,4109,3921,6756,6376,6313,6749,10194,8992,3543,262,3656,3100,3140,3236,3197,3116,3101,3648,5035,5159,4921,4071,2525,1018,237,25,62125,8030,1
Madagascar,1971,121368,33909,53875,19966,9384,4136,3983,7056,6362,6388,6707,10318,9198,3682,276,3916,3140,3123,3239,3229,3159,3147,3560,4975,5343,5027,4171,2615,1067,250,26,63259,8119,1
Madagascar,1972,122880,34292,54508,20216,9505,4175,4031,7292,6300,6426,6707,10382,9428,3832,291,4129,3163,3082,3218,3250,3176,3209,3498,4833,5549,5155,4273,2715,1117,265,26,64013,8206,1
Madagascar,1973,123949,34514,55019,20505,9538,4168,4060,7534,6214,6433,6736,10340,9634,3971,307,4324,3210,3038,3176,3260,3173,3278,3458,4627,5713,5277,4357,2806,1165,279,28,64557,8228,2
Madagascar,1974,125479,34953,55928,20975,9614,4168,4087,7778,6138,6433,6791,10242,9874,4105,322,4431,3347,3007,3131,3261,3172,3342,3449,4435,5807,5436,4438,2892,1213,294,28,65542,8255,2
Madagascar,1975,127448,35600,57136,21536,9736,4181,4117,8039,6087,6434,6859,10111,10156,4248,338,4477,3562,2998,3089,3253,3181,3397,3462,4290,5821,5628,4528,2982,1266,309,29,66872,8298,2
Madagascar,1976,130555,36933,59451,22518,9871,4198,4143,8297,6048,6432,6940,9931,10485,4399,357,4524,3773,3002,3046,3238,3194,3439,3501,4184,5747,5838,4647,3075,1324,327,30,69322,8341,1
Madagascar,1977,133917,38300,61749,23449,10046,4244,4181,8582,6047,6447,7058,9731,10879,4566,381,4589,3993,3035,3012,3223,3224,3474,3584,4128,5603,6086,4793,3175,1391,348,33,71795,8425,1
Madagascar,1978,137453,39673,64061,24388,10233,4319,4231,8878,6092,6476,7196,9530,11288,4740,406,4668,4210,3100,2992,3211,3265,3507,3689,4119,5411,6324,4964,3280,1460,370,36,74294,8550,1
Madagascar,1979,141014,40985,66321,25336,10389,4411,4287,9105,6255,6499,7339,9383,11674,4917,433,4753,4352,3264,2991,3200,3299,3544,3795,4146,5237,6493,5181,3388,1529,393,40,76710,8698,1
Madagascar,1980,144795,42159,68514,26355,10575,4542,4367,9303,6532,6534,7502,9339,12019,5108,459,4854,4449,3515,3017,3200,3334,3600,3902,4213,5126,6581,5438,3507,1601,417,42,79089,8909,1
Madagascar,1981,148836,43299,70702,27403,10793,4720,4472,9535,6862,6580,7675,9388,12298,5323,490,4971,4564,3787,3075,3208,3372,3672,4003,4321,5067,6578,5720,3649,1674,443,47,81495,9192,1
Madagascar,1982,153080,44636,72952,28316,11007,4909,4598,9793,7226,6626,7849,9528,12505,5555,524,5096,4697,4070,3156,3221,3405,3757,4092,4474,5054,6477,6028,3808,1747,472,52,83959,9507,2
Madagascar,1983,157205,45916,74992,29076,11234,5097,4746,10067,7624,6682,8022,9744,12630,5803,561,5229,4838,4352,3272,3246,3436,3849,4173,4654,5090,6310,6320,3981,1822,502,59,86226,9843,2
Madagascar,1984,161143,47078,76739,29661,11478,5283,4919,10354,8048,6751,8190,10002,12689,6083,594,5370,4984,4559,3489,3286,3465,3933,4257,4835,5167,6158,6531,4188,1895,530,64,88217,10202,3
Madagascar,1985,164487,48073,78068,29995,11660,5432,5098,10626,8472,6821,8343,10266,12684,6381,630,5506,5120,4689,3783,3339,3482,3998,4345,4995,5271,6050,6634,4411,1970,559,71,89728,10530,3
Madagascar,1986,167239,48659,78861,30202,11807,5557,5295,10893,8899,6906,8484,10552,12616,6701,659,5644,5249,4819,4080,3408,3498,4048,4436,5135,5417,5988,6628,4647,2054,584,75,90668,10852,4
Madagascar,1987,168795,49301,79265,29964,11778,5587,5445,11072,9243,6945,8560,10789,12416,7003,690,5747,5325,4903,4340,3465,3480,4057,4503,5214,5575,5938,6478,4868,2135,609,81,91043,11032,5
Madagascar,1988,170539,49707,79528,29821,11778,5625,5603,11293,9601,7041,8663,11079,12266,7333,723,5879,5414,5002,4599,3562,3479,4072,4591,5294,5785,5965,6301,5098,2235,637,86,91306,11228,5
Madagascar,1989,171412,49785,79368,29583,11705,5620,5711,11462,9811,7221,8705,11322,12138,7590,753,5994,5468,5070,4741,3745,3476,4061,4644,5357,5965,6018,6120,5241,2349,662,91,91073,11331,6
Madagascar,1990,171917,49934,79171,29237,11573,5565,5768,11601,9896,7473,8702,11529,12088,7761,786,6100,5501,5110,4786,3995,3478,4035,4667,5415,6114,6101,5987,5289,2472,690,96,90744,11333,6
Madagascar,1991,171929,49999,78886,28887,11408,5474,5764,11701,9924,7704,8644,11674,12090,7837,821,6192,5509,5118,4806,4222,3482,3989,4655,5458,6216,6207,5883,5241,2596,719,102,90294,11238,7
Madagascar,1992,171698,49924,78542,28618,11236,5357,5720,11788,9918,7927,8552,11773,12181,7841,857,6271,5517,5107,4811,4431,3496,3933,4619,5501,6272,6361,5820,5113,2728,751,106,89778,11077,7
Madagascar,1993,170305,49860,78176,28316,10870,5143,5576,11696,9758,8048,8365,11749,12266,7755,894,6242,5454,5015,4743,4554,3494,3842,4523,5494,6255,6493,5773,4920,2835,784,110,89046,10719,8
Madagascar,1994,171197,49879,77974,28095,10918,5113,5578,11892,9842,8363,8350,11901,12566,7740,950,6348,5544,5050,4792,4692,3671,3841,4509,5563,6338,6713,5853,4810,2930,833,117,88892,10691,8
Madagascar,1995,171954,49765,77393,27628,10988,5097,5587,12127,9954,8707,8369,12065,12910,7736,1008,6454,5673,5102,4852,4767,3940,3869,4500,5621,6444,6924,5986,4757,2979,887,121,88381,10684,9
Madagascar,1996,172129,49249,76406,27157,11047,5085,5573,12308,10042,9038,8390,12204,13253,7716,1052,6506,5802,5147,4895,4835,4203,3913,4477,5654,6550,7095,6158,4735,2981,923,129,87453,10658,9
Madagascar,1997,171008,48322,74960,26638,10977,5023,5500,12313,10034,9259,8358,12257,13533,7653,1128,6447,5866,5151,4883,4846,4413,3942,4416,5631,6626,7186,6347,4724,2929,989,139,85937,10523,10
Madagascar,1998,169417,47048,72796,25748,10914,4987,5440,12347,10067,9495,8384,12315,13842,7618,1197,6409,5938,5184,4883,4873,4622,4012,4372,5600,6715,7264,6578,4756,2862,1050,147,83710,10427,11
Madagascar,1999,169426,45784,70768,24984,11122,5081,5486,12568,10299,9779,8641,12472,14256,7683,1255,6473,6095,5327,4972,4975,4804,4244,4397,5623,6849,7410,6846,4860,2823,1095,160,81890,10567,11
Madagascar,2000,168416,44374,68718,24344,11109,5114,5477,12607,10418,9881,8948,12501,14565,7780,1288,6454,6153,5421,4997,5021,4860,4540,4408,5596,6905,7516,7049,4978,2802,1115,173,79827,10591,12
Madagascar,2001,166896,43047,66083,23036,11102,5120,5460,12574,10531,9960,9285,12534,14937,7989,1310,6411,6163,5512,5019,5051,4909,4836,4449,5574,6960,7671,7266,5169,2820,1122,188,77185,10580,13
Madagascar,2002,167805,42018,64126,22108,11340,5278,5591,12803,10894,10243,9801,12680,15402,8305,1323,6511,6292,5733,5161,5184,5059,5222,4579,5615,7065,7903,7499,5436,2869,1118,205,75466,10869,14
Madagascar,2003,166764,41106,62198,21092,11176,5270,5592,12698,10983,10304,10189,12660,15724,8626,1326,6445,6253,5797,5186,5197,5107,5511,4678,5590,7070,8067,7657,5699,2927,1106,220,73374,10862,15
Madagascar,2004,165424,40376,60751,20375,10789,5205,5556,12500,10968,10292,10540,12586,15953,8946,1325,6341,6159,5789,5179,5168,5124,5660,4880,5558,7028,8165,7788,5938,3008,1096,229,71540,10761,16
Madagascar,2005,165990,39725,59284,19559,10714,5266,5671,12593,11216,10473,11056,12701,16330,9327,1338,6391,6202,5901,5315,5251,5222,5792,5264,5631,7070,8325,8005,6195,3132,1105,233,69998,10937,18
Madagascar,2006,164052,39184,58011,18827,10110,5108,5600,12304,11081,10373,11352,12625,16479,9637,1353,6264,6040,5789,5292,5190,5183,5806,5546,5634,6991,8338,8141,6374,3263,1119,234,68121,10708,19
Madagascar,2007,164548,38615,56826,18211,9927,5139,5692,12368,11227,10533,11862,12750,16797,10025,1378,6330,6038,5812,5415,5271,5262,5932,5930,5752,6998,8422,8375,6581,3444,1145,233,66753,10831,21
Madagascar,2008,165489,38060,55661,17601,9857,5179,5815,12495,11420,10727,12382,12971,17127,10418,1410,6437,6058,5861,5559,5381,5346,6066,6316,5935,7036,8505,8622,6775,3643,1179,231,65518,10994,22
Madagascar,2009,164770,37555,54683,17128,9415,5031,5794,12388,11327,10743,12611,13236,17288,10773,1456,6430,5958,5771,5556,5403,5340,6119,6492,6209,7027,8499,8789,6947,3826,1224,232,64098,10825,23
Madagascar,2010,167639,36850,53508,16658,9654,5170,6033,12807,11687,11174,13079,13991,17713,11266,1529,6692,6115,5916,5771,5652,5522,6341,6738,6782,7209,8650,9063,7229,4037,1292,237,63162,11203,24
Madagascar,2011,165990,35871,51973,16102,9203,4957,5969,12697,11468,11185,13144,14445,17731,11590,1601,6677,6020,5782,5686,5682,5503,6363,6781,7193,7252,8596,9135,7407,4183,1360,241,61176,10926,24
Madagascar,2012,169505,35084,50683,15599,9527,5093,6246,13321,11869,11742,13672,15385,18130,12108,1705,7037,6284,5970,5899,6001,5741,6606,7066,7846,7539,8754,9376,7733,4375,1456,249,60210,11339,24
Madagascar,2013,169872,34466,49540,15074,9314,4995,6257,13456,11797,11950,13896,16094,18242,12501,1810,7129,6327,5921,5876,6115,5835,6701,7195,8342,7752,8777,9465,7978,4523,1551,259,58854,11252,24
Madagascar,2014,171370,33878,48384,14506,9259,4945,6335,13801,11907,12253,14190,16956,18479,12922,1916,7320,6481,5972,5935,6271,5982,6828,7362,8715,8241,8891,9588,8232,4690,1644,272,57643,11280,24
Madagascar,2015,175196,33582,47580,13998,9554,5087,6498,14293,12197,12766,14701,18091,18944,13428,2031,7577,6716,6115,6082,6510,6256,7062,7639,9062,9029,9152,9792,8522,4906,1742,289,57134,11585,25
Madagascar,2016,173724,33521,47024,13503,8901,4825,6264,14096,11841,12657,14666,18682,18958,13664,2120,7464,6632,5955,5886,6392,6265,7039,7627,9111,9571,9207,9751,8613,5051,1812,308,55925,11089,26
Madagascar,2017,177726,33290,46423,13133,9045,4962,6391,14659,12177,13152,15184,19863,19479,14132,2233,7745,6914,6155,6022,6579,6573,7299,7885,9457,10406,9556,9923,8846,5286,1901,332,55468,11353,27
Madagascar,2018,180875,32876,45556,12680,9063,5046,6460,15082,12441,13552,15667,20996,20068,14570,2345,7942,7140,6328,6113,6714,6838,7553,8114,9781,11215,9972,10096,9048,5522,1988,357,54619,11506,28
Madagascar,2019,179489,32449,44660,12211,8392,4808,6245,14901,12195,13413,15705,21376,20570,14757,2439,7810,7091,6252,5943,6579,6834,7602,8103,9841,11535,10453,10117,9092,5665,2060,379,53052,11053,29
Madagascar,2020,191982,32089,43902,11813,8501,4910,6079,14474,12214,14400,18191,25753,24272,16529,2724,7533,6941,6203,6011,6888,7512,8671,9520,11810,13943,12971,11301,10057,6472,2306,418,52403,10989,32
Madagascar,2021,205436,31638,43105,11467,8635,5039,6468,15603,13367,15862,20405,28799,27464,17753,2904,8028,7575,6817,6550,7495,8367,9800,10605,13262,15537,15065,12399,10817,6936,2460,444,51740,11507,34
Malawi,1950,95671,30734,59310,28576,6338,2770,2290,4623,3823,2868,3215,4355,4535,1484,58,2434,2189,2106,1717,1392,1476,1528,1687,2018,2337,2493,2042,1140,344,55,3,65648,5060,1
Malawi,1951,95504,30435,58392,27957,6505,2830,2344,4721,3956,2918,3272,4405,4567,1533,59,2495,2226,2143,1813,1439,1479,1565,1707,2045,2360,2512,2055,1159,374,56,3,64897,5174,1
Malawi,1952,96138,31145,58251,27106,6631,2888,2399,4842,4085,2983,3346,4466,4612,1574,62,2559,2283,2161,1924,1513,1470,1620,1726,2080,2386,2538,2074,1178,396,58,4,64882,5287,1
Malawi,1953,97154,31876,58793,26917,6641,2942,2448,4942,4159,3027,3388,4491,4643,1606,70,2610,2332,2146,2013,1587,1440,1662,1726,2097,2394,2552,2091,1193,413,63,7,65434,5390,0
Malawi,1954,97926,32344,59395,27051,6581,2995,2480,5003,4174,3059,3388,4476,4660,1637,78,2642,2361,2114,2060,1650,1409,1671,1717,2091,2385,2555,2105,1208,429,72,6,65976,5475,0
Malawi,1955,98767,33027,60382,27355,6454,3049,2501,5014,4126,3073,3338,4414,4665,1666,88,2654,2360,2071,2055,1687,1386,1642,1696,2056,2358,2548,2117,1223,443,81,7,66836,5550,0
Malawi,1956,99820,33863,61654,27791,6264,3094,2510,4993,4051,3109,3292,4380,4679,1697,96,2649,2344,2033,2018,1724,1385,1600,1692,2033,2347,2547,2132,1240,457,89,7,67918,5604,0
Malawi,1957,101447,34737,63041,28304,6150,3145,2549,5071,4061,3231,3277,4377,4708,1728,104,2690,2381,2058,2003,1800,1431,1560,1717,2022,2355,2556,2152,1260,468,95,9,69191,5694,0
Malawi,1958,103266,35599,64472,28873,6122,3157,2587,5153,4079,3378,3289,4404,4752,1762,109,2733,2420,2096,1983,1880,1498,1527,1762,2025,2379,2575,2177,1281,481,101,8,70594,5744,1
Malawi,1959,105411,36508,66009,29501,6145,3146,2643,5264,4139,3547,3330,4466,4808,1796,118,2790,2474,2152,1987,1958,1589,1523,1807,2052,2414,2603,2205,1304,492,107,11,72154,5789,1
Malawi,1960,107715,37374,67551,30177,6225,3118,2720,5417,4242,3717,3383,4526,4860,1830,123,2866,2551,2223,2019,2030,1687,1550,1833,2086,2440,2628,2232,1325,505,111,12,73776,5838,1
Malawi,1961,110271,38284,69116,30832,6366,3060,2808,5599,4395,3901,3473,4626,4928,1868,131,2956,2643,2312,2083,2095,1806,1618,1855,2149,2477,2666,2262,1350,518,117,14,75482,5868,1
Malawi,1962,112283,39228,70789,31561,6507,2995,2850,5645,4419,3945,3470,4651,4968,1909,136,2982,2663,2328,2091,2068,1877,1663,1807,2183,2468,2686,2282,1376,533,122,14,77296,5845,1
Malawi,1963,115554,40253,72638,32385,6684,2993,2914,5875,4654,4149,3630,4845,5074,1951,142,3093,2782,2445,2209,2119,2030,1804,1826,2311,2534,2755,2319,1403,548,126,16,79322,5907,1
Malawi,1964,118260,41041,74268,33227,6878,3007,2933,6048,4810,4280,3765,4974,5152,1995,148,3183,2865,2521,2289,2143,2137,1927,1838,2390,2584,2802,2350,1431,564,131,17,81146,5940,1
Malawi,1965,121107,41889,75961,34072,7098,3057,2927,6236,4976,4402,3933,5094,5230,2040,156,3286,2950,2607,2369,2182,2220,2053,1880,2446,2648,2844,2386,1459,581,137,19,83059,5984,1
Malawi,1966,123656,42867,77675,34808,7319,3140,2875,6373,5073,4452,4089,5138,5280,2082,162,3369,3004,2656,2417,2205,2247,2159,1930,2442,2696,2863,2417,1485,597,143,19,84994,6015,1
Malawi,1967,126684,43881,79381,35500,7530,3229,2842,6582,5267,4580,4363,5257,5356,2129,168,3477,3105,2755,2512,2289,2291,2316,2047,2449,2808,2898,2458,1513,616,149,19,86911,6071,1
Malawi,1968,129361,44852,81047,36195,7722,3310,2822,6693,5398,4646,4618,5332,5418,2175,175,3518,3175,2822,2576,2355,2291,2447,2171,2424,2908,2920,2498,1540,635,154,21,88769,6132,1
Malawi,1969,131327,45616,82512,36896,7900,3393,2808,6696,5427,4631,4769,5322,5457,2226,182,3492,3204,2837,2590,2376,2255,2506,2263,2380,2942,2932,2525,1570,656,160,22,90412,6201,2
Malawi,1970,132621,46164,83513,37349,8011,3463,2808,6632,5427,4610,4879,5315,5503,2271,189,3409,3223,2835,2592,2383,2227,2532,2347,2374,2941,2956,2547,1597,674,166,23,91524,6271,2
Malawi,1971,133380,46491,83904,37413,8052,3512,2839,6550,5460,4637,4995,5338,5569,2322,200,3296,3254,2850,2610,2406,2231,2545,2450,2420,2918,3002,2567,1628,694,174,26,91956,6351,2
Malawi,1972,133532,46686,83901,37215,8041,3539,2860,6439,5466,4657,5067,5346,5634,2371,209,3176,3263,2849,2617,2417,2240,2516,2551,2496,2850,3062,2572,1658,713,182,27,91942,6399,2
Malawi,1973,133747,46734,83545,36811,7988,3554,2891,6387,5557,4766,5193,5438,5765,2441,220,3117,3270,2892,2665,2470,2296,2508,2685,2633,2805,3163,2602,1704,737,192,28,91533,6445,2
Malawi,1974,133677,46710,83122,36412,7919,3553,2916,6302,5615,4836,5269,5551,5861,2500,231,3073,3229,2923,2692,2498,2338,2491,2778,2771,2780,3225,2636,1740,760,201,30,91041,6469,2
Malawi,1975,132873,46714,82636,35922,7838,3532,2924,6123,5556,4804,5227,5606,5848,2528,244,3023,3100,2897,2659,2476,2328,2441,2786,2851,2755,3201,2647,1751,777,210,34,90474,6456,3
Malawi,1976,132033,46763,82191,35428,7746,3500,2924,5950,5493,4763,5158,5695,5801,2551,255,3009,2941,2872,2621,2451,2312,2404,2754,2926,2769,3134,2667,1758,793,218,37,89937,6424,4
Malawi,1977,131350,46803,81695,34892,7639,3459,2924,5816,5460,4755,5104,5864,5769,2587,273,3004,2812,2855,2605,2445,2310,2399,2705,3025,2839,3047,2722,1770,817,230,43,89334,6383,6
Malawi,1978,130671,46785,81053,34268,7507,3406,2918,5738,5414,4764,5067,6084,5767,2640,300,3006,2732,2818,2596,2445,2319,2416,2651,3131,2953,2971,2796,1792,848,248,52,88560,6324,8
Malawi,1979,131542,46770,80505,33735,7404,3361,2929,5741,5402,4833,5103,6419,5936,3120,750,3043,2698,2778,2624,2476,2357,2462,2641,3272,3147,3006,2930,1968,1152,557,193,87909,6290,34
Malawi,1980,133648,47320,80831,33511,7387,3344,2953,5805,5382,4912,5163,6756,6167,3628,1250,3102,2703,2719,2663,2511,2401,2510,2653,3396,3360,3115,3052,2165,1463,894,356,88218,6297,65
Malawi,1981,136532,47801,81407,33606,7449,3358,3004,5997,5429,5065,5295,7122,6465,4119,1724,3207,2790,2682,2747,2586,2479,2588,2707,3510,3612,3301,3164,2374,1745,1207,517,88856,6362,98
Malawi,1982,140940,48689,82941,34252,7649,3431,3090,6272,5537,5269,5492,7512,6822,4613,2181,3353,2919,2682,2855,2690,2579,2691,2801,3602,3910,3562,3260,2605,2008,1504,677,90590,6521,134
Malawi,1983,146708,50130,85763,35633,8022,3566,3198,6563,5608,5427,5660,7844,7203,5079,2605,3511,3052,2701,2907,2768,2659,2772,2888,3646,4198,3856,3347,2829,2250,1776,829,93785,6764,170
Malawi,1984,155031,52098,89772,37674,8579,3792,3386,7049,5851,5745,5966,8308,7777,5573,3025,3760,3289,2828,3023,2935,2810,2923,3043,3768,4540,4248,3529,3068,2505,2044,981,98351,7178,208
Malawi,1985,164379,54510,94254,39744,9224,4075,3629,7691,6229,6199,6387,8845,8319,5915,3369,4075,3616,3053,3176,3176,3023,3135,3252,3964,4881,4619,3700,3210,2705,2260,1109,103478,7704,243
Malawi,1986,173633,56723,98295,41572,9842,4372,3885,8405,6693,6739,6866,9397,8960,6219,3680,4415,3990,3360,3333,3464,3275,3379,3487,4202,5195,5024,3936,3323,2896,2452,1228,108137,8257,276
Malawi,1987,181834,58408,101244,42836,10325,4658,4145,9192,7288,7398,7464,9974,9671,6362,3816,4769,4423,3741,3547,3810,3588,3687,3777,4503,5471,5468,4203,3367,2995,2526,1290,111569,8803,299
Malawi,1988,198182,60499,104836,44337,10881,4980,4574,10395,8133,8258,8248,11096,11145,8772,6400,5363,5032,4234,3899,4244,4014,4065,4183,5098,5998,6249,4896,4166,4606,4263,2137,115717,9554,465
Malawi,1989,204361,62311,107477,45166,11239,5273,4822,11263,8977,8998,8956,11629,11807,7949,5523,5722,5541,4738,4239,4584,4414,4457,4499,5407,6222,6643,5164,3955,3994,3614,1909,118716,10095,447
Malawi,1990,209951,63247,108875,45628,11452,5562,5098,12159,9980,9795,9788,12254,12460,7369,4727,6090,6069,5311,4669,4912,4883,4905,4883,5749,6505,7000,5460,3859,3510,3053,1674,120327,10660,427
Malawi,1991,213330,63340,108392,45052,11370,5751,5336,12997,11150,10605,10663,12818,12942,6922,3983,6410,6587,5940,5210,5215,5390,5373,5290,6060,6758,7219,5723,3823,3099,2549,1434,119762,11087,397
Malawi,1992,214989,62764,106604,43840,11068,5840,5547,13753,12370,11384,11531,13330,13252,6604,3341,6684,7069,6582,5788,5502,5882,5829,5702,6345,6985,7292,5960,3841,2763,2129,1212,117672,11387,363
Malawi,1993,218558,62555,105757,43202,10963,5988,5836,14589,13714,12214,12448,13873,13543,6473,2833,7014,7575,7275,6439,5870,6344,6308,6140,6651,7222,7326,6217,3943,2530,1810,1023,116720,11824,327
Malawi,1994,214194,60374,101435,41061,10465,5842,5888,14758,14443,12464,12852,13876,13300,6258,2333,7046,7712,7617,6826,6013,6451,6521,6331,6712,7164,7092,6208,3953,2305,1505,828,111900,11730,283
Malawi,1995,206334,57211,95702,38491,9872,5593,5853,14641,14841,12425,12956,13564,12737,6019,1897,6971,7670,7757,7084,6091,6334,6591,6365,6643,6921,6738,5999,3895,2124,1242,655,105574,11446,235
Malawi,1996,211643,56893,94686,37793,9727,5572,6140,15586,16119,13085,13803,14262,13136,6890,2376,7417,8169,8366,7753,6586,6499,7027,6776,7058,7204,6924,6212,4345,2545,1537,839,104413,11712,262
Malawi,1997,217836,56782,93949,37167,9569,5499,6395,16762,17734,13975,14743,15012,13438,7692,2767,7954,8808,9129,8605,7231,6744,7521,7222,7517,7495,7116,6322,4760,2932,1780,987,103518,11894,297
Malawi,1998,223939,56551,92821,36270,9464,5495,6697,18015,19337,15027,15685,15905,13735,8374,3052,8560,9455,9862,9475,7942,7085,7971,7714,8046,7859,7351,6384,5106,3268,1960,1092,102285,12192,331
Malawi,1999,221786,55672,90890,35218,9208,5356,6666,18163,19401,14992,15474,15890,13601,8729,3073,8689,9474,9835,9566,8053,6939,7775,7699,8069,7821,7296,6305,5282,3447,1990,1083,100098,12022,344
Malawi,2000,219949,53452,86530,33078,8568,5010,6414,18244,19309,15011,15439,16329,14268,10303,4111,8739,9505,9749,9560,8133,6878,7584,7855,8254,8075,7580,6688,5850,4453,2785,1326,95098,11424,411
Malawi,2001,214055,50698,80817,30119,7968,4735,6160,17887,18487,14753,15097,16648,14812,11353,4884,8617,9270,9304,9183,7980,6773,7183,7914,8360,8288,7798,7014,6213,5140,3365,1519,88785,10895,454
Malawi,2002,208421,47970,75265,27295,7380,4472,5860,17645,17928,14629,14761,16878,15297,12222,5597,8470,9175,9013,8915,7897,6732,6825,7936,8423,8455,7970,7327,6506,5716,3883,1714,82645,10332,491
Malawi,2003,200645,44915,68985,24070,6473,3973,5333,17109,17421,14512,14382,17007,15662,12963,6295,8079,9030,8753,8668,7811,6701,6546,7836,8445,8562,8091,7571,6750,6213,4377,1918,75458,9306,532
Malawi,2004,193179,42527,64279,21752,5920,3658,4958,16255,16237,13847,13672,16983,16072,13713,7007,7608,8647,8198,8039,7390,6457,6163,7509,8374,8609,8238,7834,7042,6671,4866,2141,70199,8616,579
Malawi,2005,186932,40811,60953,20142,5607,3499,4755,15456,14948,12945,12795,16821,16454,14403,7664,7207,8249,7632,7316,6826,6119,5784,7011,8231,8590,8382,8072,7353,7050,5303,2361,66560,8254,629
Malawi,2006,183254,39625,58791,19166,5366,3351,4559,14847,14204,12370,12183,16840,16856,14987,8217,6839,8008,7341,6863,6448,5922,5612,6571,8200,8640,8567,8289,7653,7334,5659,2558,64157,7910,678
Malawi,2007,182308,38703,57408,18705,5264,3283,4482,14652,14114,12202,11859,17007,17268,15421,8629,6640,8012,7388,6726,6305,5897,5592,6267,8251,8756,8781,8487,7914,7507,5910,2719,62672,7765,722
Malawi,2008,180077,37209,54986,17777,5039,3153,4364,14632,14510,12315,11699,16947,17439,15518,8726,6487,8145,7678,6832,6330,5985,5646,6053,8167,8780,8873,8566,8048,7470,5937,2789,60025,7517,748
Malawi,2009,174279,35794,52695,16901,4913,3079,4239,14201,14703,12268,11430,16480,17049,14597,7906,6216,7985,7821,6882,6281,5987,5648,5782,7863,8617,8711,8338,7781,6816,5325,2581,57608,7318,716
Malawi,2010,168031,34212,50037,15825,4746,2980,4098,13610,14809,12151,11235,15943,16694,13881,7156,5922,7688,7881,6928,6211,5940,5651,5584,7469,8474,8550,8144,7551,6330,4776,2380,54783,7078,684
Malawi,2011,160746,32094,46410,14316,4481,2841,3939,12860,14792,12006,11165,15384,16408,13331,6477,5603,7257,7821,6971,6135,5871,5664,5501,7021,8363,8413,7995,7349,5982,4297,2180,50891,6780,653
Malawi,2012,152506,29621,42338,12717,4146,2672,3733,11950,14504,11760,11058,14790,16150,12908,5876,5252,6698,7570,6934,6016,5744,5636,5422,6568,8222,8271,7879,7168,5740,3885,1991,46484,6405,620
Malawi,2013,145595,27058,38270,11212,3796,2514,3584,11386,14617,11804,11038,14157,15899,12578,5364,5037,6349,7492,7125,6084,5720,5654,5384,6192,7965,8119,7780,7009,5569,3550,1814,42066,6098,586
Malawi,2014,138073,24866,34513,9647,3396,2318,3337,10296,13940,11658,11120,13838,15845,12317,4947,4596,5700,6947,6993,6025,5633,5663,5457,6025,7813,8109,7736,6881,5436,3294,1653,37909,5655,552
Malawi,2015,135632,23322,32055,8733,3170,2260,3329,10201,14245,12132,11492,13626,15869,12116,4621,4574,5627,6944,7301,6316,5816,5836,5656,6003,7623,8154,7715,6789,5327,3112,1509,35225,5589,518
Malawi,2016,131285,21757,29664,7907,2937,2176,3249,9788,13899,12236,11542,13198,15789,11949,4374,4427,5361,6608,7291,6420,5816,5820,5722,5969,7229,8130,7659,6718,5231,2991,1383,32601,5425,485
Malawi,2017,127870,20666,27921,7255,2741,2101,3184,9439,13465,12395,11593,12837,15718,11831,4193,4298,5141,6248,7217,6547,5848,5803,5790,5976,6861,8100,7618,6683,5148,2916,1277,30662,5285,453
Malawi,2018,127786,19716,26627,6911,2630,2080,3223,9607,13817,13192,11987,12753,15634,11755,4060,4371,5236,6296,7521,7025,6167,5993,5994,6104,6649,8030,7604,6672,5083,2871,1189,29257,5303,424
Malawi,2019,124761,19055,25828,6773,2570,2052,3195,9293,13124,13149,11772,12363,15346,11704,3967,4280,5013,5917,7207,7018,6131,5866,5906,6036,6327,7770,7576,6671,5033,2838,1129,28398,5247,396
Malawi,2020,129975,18451,25140,6689,2516,2040,3260,9466,13242,14046,12787,13696,16510,12747,4141,4370,5096,5942,7300,7438,6608,6326,6461,6757,6939,8335,8175,7234,5513,3003,1138,27656,5300,381
Malawi,2021,138931,17975,24651,6676,2475,2032,3376,9667,13701,15858,14324,15428,18236,14391,4421,4475,5192,6076,7625,8312,7546,7112,7212,7665,7763,8962,9274,8180,6211,3243,1178,27126,5408,371
Malaysia,1950,130459,29985,41085,11100,3797,1773,2409,5790,6337,7857,10020,16727,23037,10133,1454,2999,2791,3081,3256,3943,3914,4905,5115,7701,9026,12052,10985,6648,3485,1193,261,44882,4182,37
Malaysia,1951,125343,29961,40877,10916,3589,1725,2432,5807,6312,7964,9922,15681,20943,8980,1082,3000,2807,3071,3241,3943,4021,4885,5037,7198,8483,10824,10119,6143,2837,916,166,44466,4157,26
Malaysia,1952,119625,29271,40012,10741,3462,1646,2425,5543,6099,7938,9835,14720,18949,8137,842,2834,2709,2931,3168,3791,4147,4740,5095,6572,8148,9616,9333,5799,2338,722,120,43474,4071,18
Malaysia,1953,114415,28653,39123,10470,3401,1559,2408,5182,5829,7858,9789,13871,17174,7524,680,2619,2563,2749,3080,3579,4279,4558,5231,5956,7915,8559,8615,5532,1992,589,91,42524,3967,13
Malaysia,1954,110260,28054,38193,10139,3534,1483,2390,4971,5636,7794,9791,13151,15688,7059,556,2504,2467,2623,3013,3420,4374,4457,5334,5517,7634,7765,7923,5264,1795,493,63,41727,3873,7
Malaysia,1955,106240,27512,37275,9763,3495,1426,2327,4737,5412,7659,9789,12520,14452,6676,469,2398,2339,2497,2915,3284,4375,4438,5351,5262,7258,7202,7250,4981,1695,420,49,40770,3753,3
Malaysia,1956,102940,27001,36351,9350,3498,1391,2250,4591,5232,7517,9828,12016,13483,6379,401,2357,2234,2409,2823,3198,4319,4521,5307,5193,6823,6866,6617,4724,1655,363,38,39849,3641,2
Malaysia,1957,99506,26395,35322,8927,3465,1370,2135,4458,5030,7292,9828,11532,12629,6101,344,2343,2115,2329,2701,3131,4161,4676,5152,5273,6259,6673,5956,4468,1633,314,30,38787,3505,1
Malaysia,1958,95943,25528,34008,8480,3410,1366,2001,4328,4818,7023,9807,11119,11911,5839,306,2330,1998,2251,2567,3072,3951,4846,4961,5424,5695,6540,5371,4218,1621,281,25,37418,3367,1
Malaysia,1959,92067,24510,32506,7996,3332,1374,1869,4147,4568,6719,9733,10765,11227,5534,291,2262,1885,2144,2424,2980,3739,4915,4818,5503,5262,6313,4914,3938,1596,270,21,35838,3243,1
Malaysia,1960,88938,23462,30947,7485,3181,1412,1791,4046,4403,6516,9760,10609,10705,5267,294,2208,1838,2070,2333,2906,3610,4941,4819,5545,5064,6059,4646,3691,1576,276,18,34128,3203,1
Malaysia,1961,85817,22377,29339,6962,3058,1451,1731,3933,4237,6314,9762,10498,10205,4981,308,2120,1813,1985,2252,2808,3506,4861,4901,5487,5011,5715,4490,3429,1552,290,18,32397,3182,0
Malaysia,1962,82648,21306,27775,6469,2930,1471,1688,3807,4058,6097,9712,10408,9696,4674,325,2002,1805,1883,2175,2678,3419,4663,5049,5309,5099,5267,4429,3150,1524,309,16,30705,3159,0
Malaysia,1963,80080,20247,26267,6020,2835,1487,1686,3718,3925,5939,9714,10441,9293,4428,345,1897,1821,1802,2123,2565,3374,4450,5264,5141,5300,4861,4432,2923,1505,329,16,29102,3173,0
Malaysia,1964,77751,19184,24834,5650,2741,1502,1711,3616,3807,5779,9669,10513,8972,4240,365,1805,1811,1741,2066,2461,3318,4263,5406,5060,5453,4591,4381,2771,1469,349,16,27575,3213,0
Malaysia,1965,75120,18159,23426,5267,2617,1472,1738,3466,3655,5561,9495,10536,8685,4091,382,1714,1752,1679,1976,2348,3213,4091,5404,5050,5486,4447,4238,2676,1415,362,20,26043,3210,0
Malaysia,1966,74518,17230,22176,4946,2559,1493,1840,3441,3657,5533,9576,10925,8780,4129,413,1709,1732,1705,1952,2333,3200,4093,5483,5305,5620,4599,4181,2733,1396,387,26,24735,3333,0
Malaysia,1967,73930,16412,21088,4676,2504,1512,1928,3396,3651,5471,9552,11297,8904,4189,435,1717,1679,1746,1905,2323,3148,4120,5432,5664,5633,4881,4023,2836,1353,405,30,23592,3440,0
Malaysia,1968,73692,15864,20261,4397,2439,1530,2007,3381,3657,5406,9502,11696,9093,4266,454,1761,1620,1797,1860,2319,3087,4174,5328,6079,5617,5245,3848,2954,1312,422,32,22700,3537,0
Malaysia,1969,73364,15460,19609,4149,2387,1533,2064,3373,3634,5306,9391,12029,9272,4299,461,1814,1559,1811,1823,2293,3013,4184,5207,6378,5651,5527,3745,3008,1291,425,36,21996,3597,0
Malaysia,1970,73054,15120,19071,3951,2294,1532,2088,3415,3603,5202,9281,12338,9466,4300,465,1900,1515,1799,1804,2252,2950,4158,5123,6544,5794,5712,3754,3004,1296,423,42,21365,3620,1
Malaysia,1971,72724,14669,18393,3724,2186,1521,2102,3489,3574,5112,9208,12675,9707,4290,464,1996,1493,1762,1812,2205,2907,4110,5098,6605,6070,5820,3887,2955,1335,418,46,20579,3623,1
Malaysia,1972,72304,14194,17710,3516,2073,1505,2116,3566,3542,5013,9131,12992,9949,4250,456,2075,1491,1696,1846,2137,2876,4022,5109,6519,6473,5811,4138,2848,1402,407,49,19783,3621,1
Malaysia,1973,71977,13875,17175,3300,1958,1478,2125,3648,3503,4917,9050,13258,10207,4203,452,2134,1514,1620,1883,2068,2849,3911,5139,6345,6913,5764,4443,2731,1472,399,53,19133,3603,1
Malaysia,1974,71273,13329,16419,3090,1852,1436,2127,3753,3451,4816,8917,13389,10465,4184,459,2191,1562,1556,1895,2015,2801,3795,5122,6165,7224,5786,4679,2674,1510,401,58,18271,3563,1
Malaysia,1975,70988,12738,15637,2899,1745,1402,2136,3882,3412,4766,8838,13558,10863,4268,478,2233,1649,1521,1891,2002,2764,3728,5110,6099,7459,5987,4876,2735,1533,419,59,17382,3538,1
Malaysia,1976,70486,12156,14867,2711,1659,1357,2111,3925,3322,4697,8717,13610,11299,4410,517,2216,1709,1483,1839,2001,2696,3668,5049,6072,7538,6310,4989,2878,1532,451,66,16526,3468,1
Malaysia,1977,70198,11619,14152,2533,1578,1308,2099,4028,3259,4654,8581,13576,11787,4607,563,2244,1784,1485,1774,2039,2615,3634,4947,6112,7464,6780,5007,3109,1498,490,73,15730,3407,2
Malaysia,1978,70283,11116,13486,2370,1524,1267,2083,4138,3240,4657,8484,13533,12358,4884,624,2277,1861,1526,1714,2105,2552,3633,4851,6201,7332,7324,5034,3406,1478,541,83,15010,3350,4
Malaysia,1979,70369,10645,12842,2197,1460,1219,2051,4219,3244,4659,8390,13502,12929,5170,673,2297,1922,1585,1659,2143,2516,3619,4771,6270,7232,7775,5154,3668,1502,581,92,14302,3270,6
Malaysia,1980,70452,10237,12282,2045,1396,1178,2012,4269,3301,4651,8286,13471,13452,5437,705,2310,1959,1675,1626,2147,2504,3580,4706,6281,7190,8065,5387,3862,1575,602,103,13678,3190,7
Malaysia,1981,69946,9859,11769,1910,1331,1128,1948,4287,3367,4603,8095,13296,13772,5621,718,2303,1984,1765,1602,2101,2502,3485,4610,6173,7123,8100,5672,3945,1676,606,112,13100,3076,8
Malaysia,1982,70463,9482,11274,1792,1279,1107,1894,4290,3477,4634,8068,13419,14356,5917,739,2284,2006,1857,1620,2051,2583,3428,4640,6140,7279,8143,6213,4046,1871,613,126,12553,3001,9
Malaysia,1983,71265,9112,10808,1696,1236,1094,1850,4338,3636,4695,8075,13592,14938,6235,759,2284,2054,1954,1682,2000,2695,3380,4695,6099,7493,8113,6825,4140,2095,619,140,12044,2944,9
Malaysia,1984,71847,8738,10332,1594,1179,1076,1801,4354,3796,4719,8074,13705,15417,6589,797,2265,2089,2036,1760,1952,2767,3358,4716,6053,7652,8089,7328,4302,2287,644,153,11511,2877,10
Malaysia,1985,72387,8344,9858,1514,1141,1054,1751,4346,3964,4720,8072,13766,15814,7010,877,2233,2113,2090,1874,1926,2794,3368,4704,6025,7741,8130,7684,4565,2445,703,174,10999,2805,14
Malaysia,1986,74370,7993,9437,1444,1119,1052,1753,4428,4236,4817,8272,14094,16473,7660,1008,2247,2181,2188,2048,1972,2845,3502,4770,6155,7939,8421,8052,5043,2617,808,200,10556,2805,23
Malaysia,1987,76035,7624,9002,1378,1094,1043,1746,4463,4488,4876,8451,14323,16972,8363,1175,2234,2229,2280,2208,2040,2836,3680,4771,6296,8027,8756,8216,5628,2735,945,230,10096,2789,37
Malaysia,1988,77707,7339,8665,1326,1073,1028,1745,4481,4732,4944,8639,14501,17392,9099,1355,2214,2267,2371,2361,2144,2800,3882,4757,6440,8061,9121,8271,6256,2843,1092,263,9738,2773,55
Malaysia,1989,79376,7001,8258,1257,1054,1008,1738,4488,4966,5069,8842,14694,17839,9828,1521,2195,2293,2460,2506,2287,2782,4046,4796,6567,8127,9464,8375,6813,3015,1222,299,9312,2746,72
Malaysia,1990,81367,6844,8049,1205,1036,993,1732,4500,5172,5284,9066,14919,18342,10524,1664,2184,2316,2545,2627,2482,2802,4163,4903,6673,8246,9760,8582,7256,3268,1329,335,9085,2725,86
Malaysia,1991,83724,6729,7877,1148,1004,984,1731,4518,5386,5585,9352,15229,18959,11216,1791,2185,2333,2632,2754,2713,2872,4246,5106,6780,8449,10039,8920,7597,3619,1415,376,8881,2715,97
Malaysia,1992,86403,6608,7714,1106,977,982,1736,4553,5618,5959,9703,15606,19661,11883,1900,2205,2348,2720,2898,2956,3003,4279,5424,6862,8744,10270,9391,7812,4071,1473,427,8691,2718,106
Malaysia,1993,87583,6472,7562,1090,947,964,1699,4490,5726,6252,9867,15694,20006,12281,1977,2182,2308,2740,2986,3129,3123,4195,5672,6801,8893,10269,9737,7800,4481,1506,471,8509,2663,112
Malaysia,1994,88510,6320,7369,1049,896,932,1647,4403,5791,6565,9971,15783,20310,12643,2080,2147,2256,2736,3055,3279,3286,4123,5848,6793,8990,10277,10033,7828,4815,1573,507,8265,2579,119
Malaysia,1995,90295,6186,7226,1040,861,914,1620,4371,5903,6971,10133,16045,20765,13114,2241,2134,2237,2754,3149,3425,3546,4138,5995,6924,9121,10424,10341,8019,5095,1700,541,8087,2534,128
Malaysia,1996,94179,6065,7143,1078,886,935,1642,4447,6132,7577,10509,16730,21682,13870,2486,2169,2278,2822,3310,3645,3932,4306,6203,7315,9415,10865,10817,8479,5391,1909,577,8029,2577,142
Malaysia,1997,98051,5795,6784,989,826,902,1645,4509,6324,8209,10901,17575,22724,14708,2786,2191,2318,2869,3455,3878,4331,4558,6343,7884,9691,11448,11276,9096,5612,2179,607,7610,2547,157
Malaysia,1998,102602,5444,6391,947,822,897,1673,4615,6556,8922,11404,18575,23865,15601,3104,2228,2387,2936,3620,4154,4768,4930,6474,8571,10004,12126,11739,9807,5794,2469,635,7213,2570,173
Malaysia,1999,105321,5061,5954,893,818,876,1664,4627,6650,9458,11803,19237,24530,16182,3333,2217,2410,2947,3703,4351,5107,5297,6506,9022,10215,12526,12004,10289,5893,2665,668,6772,2540,183
Malaysia,2000,104767,4603,5424,821,782,820,1594,4470,6499,9601,11984,19266,24424,16285,3427,2130,2340,2856,3643,4385,5216,5589,6395,9057,10209,12468,11956,10387,5898,2725,702,6206,2414,188
Malaysia,2001,103942,4100,4854,754,749,786,1537,4289,6246,9551,12223,19080,24285,16728,3433,2048,2241,2741,3505,4326,5225,5872,6351,8860,10220,12235,12050,10635,6093,2732,701,5603,2323,177
Malaysia,2002,106385,3710,4414,704,732,776,1521,4249,6182,9763,12898,19527,24784,17797,3579,2041,2208,2718,3464,4371,5392,6291,6607,8835,10692,12257,12527,11169,6628,2817,762,5146,2297,168
Malaysia,2003,109018,3522,4196,674,706,764,1497,4221,6113,9934,13616,19948,25149,18933,3781,2043,2178,2696,3417,4390,5544,6662,6954,8778,11170,12235,12914,11646,7287,2941,840,4902,2261,158
Malaysia,2004,113037,3363,4030,667,695,765,1481,4236,6104,10163,14514,20553,25801,20385,4151,2064,2172,2695,3409,4433,5730,7051,7463,8896,11657,12484,13317,12259,8126,3216,935,4725,2246,155
Malaysia,2005,116415,3266,3909,643,662,745,1443,4210,6035,10259,15305,20993,26267,21760,4671,2057,2153,2661,3374,4420,5839,7291,8014,9071,11922,12792,13475,12781,8979,3624,1047,4571,2188,156
Malaysia,2006,121343,3233,3869,636,629,733,1420,4229,6041,10431,16248,21687,27050,23375,5445,2056,2173,2659,3382,4444,5987,7583,8665,9469,12218,13391,13659,13415,9960,4241,1204,4498,2153,184
Malaysia,2007,126781,3254,3901,647,610,719,1404,4267,6076,10598,17206,22484,27913,24889,6471,2052,2215,2669,3407,4478,6120,7896,9310,10009,12475,14129,13784,13986,10903,5061,1410,4511,2123,246
Malaysia,2008,132667,3342,3968,626,577,689,1384,4299,6117,10761,18155,23497,28908,26193,7844,2037,2262,2686,3431,4523,6238,8218,9937,10694,12803,14896,14012,14427,11766,6094,1750,4545,2073,276
Malaysia,2009,139454,3384,4006,622,565,665,1377,4366,6226,11005,19159,24896,30089,27194,9583,2034,2332,2742,3484,4615,6390,8588,10571,11564,13332,15624,14465,14666,12528,7321,2262,4571,2042,326
Malaysia,2010,143564,3351,3960,609,539,621,1334,4312,6202,10991,19594,26032,30754,27294,11498,1975,2337,2751,3451,4600,6391,8733,10861,12288,13744,15932,14822,14382,12912,8560,2938,4499,1955,437
Malaysia,2011,143561,3423,4019,596,504,580,1269,4152,6135,10933,19932,26903,31462,26118,11038,1880,2272,2736,3399,4556,6377,8834,11098,12830,14073,16179,15283,13954,12164,8153,2885,4523,1849,515
Malaysia,2012,145323,3458,4044,586,479,541,1210,4002,6111,10937,20393,28093,32555,25704,10684,1797,2205,2739,3372,4533,6404,8963,11430,13482,14611,16570,15985,13952,11752,7793,2891,4523,1751,570
Malaysia,2013,148763,3518,4111,593,456,515,1157,3898,6157,11034,21012,29614,33965,25864,10372,1744,2154,2772,3385,4547,6487,9146,11866,14238,15376,17122,16843,14326,11538,7455,2917,4567,1672,604
Malaysia,2014,152233,3603,4203,600,439,485,1091,3760,6172,11089,21565,31159,35347,26268,10033,1681,2079,2778,3394,4542,6547,9294,12271,14908,16251,17702,17645,14897,11371,7119,2914,4642,1576,622
Malaysia,2015,158136,3649,4263,614,427,466,1045,3696,6291,11311,22450,33250,37246,27211,9844,1654,2042,2818,3473,4611,6700,9591,12859,15722,17528,18631,18615,15819,11392,6935,2909,4690,1511,635
Malaysia,2016,160803,3660,4288,628,416,434,977,3533,6223,11246,22747,34622,38371,27806,9509,1580,1953,2753,3470,4568,6678,9642,13105,16195,18427,19258,19113,16509,11297,6703,2806,4704,1411,633
Malaysia,2017,163884,3699,4344,645,404,408,917,3373,6148,11183,22988,36010,39583,28657,9235,1504,1869,2672,3476,4534,6649,9687,13301,16677,19333,19990,19593,17261,11396,6554,2681,4748,1325,630
Malaysia,2018,167497,3733,4389,656,402,386,862,3213,6059,11118,23193,37409,41010,29794,9036,1420,1793,2581,3478,4507,6611,9731,13462,17172,20237,20874,20136,18075,11719,6474,2562,4791,1248,629
Malaysia,2019,172154,3745,4408,663,398,367,811,3061,5966,11092,23449,38886,42895,31245,8942,1335,1726,2490,3476,4505,6587,9796,13653,17731,21155,22030,20865,18971,12274,6471,2471,4806,1178,629
Malaysia,2020,176170,3767,4429,662,400,349,755,2900,5824,11026,23568,40010,44824,32575,8890,1247,1653,2386,3438,4496,6530,9794,13774,18170,21840,23242,21582,19701,12874,6478,2412,4829,1104,623
Malaysia,2021,202436,3750,4408,658,400,338,709,2759,5866,11760,25709,46245,54498,39327,9775,1173,1586,2305,3561,4803,6957,10541,15168,20627,25618,28264,26234,23666,15661,7231,2544,4808,1047,643
Maldives,1950,1779,691,1105,414,68,52,55,91,64,53,67,88,92,43,4,51,40,34,30,28,25,31,36,43,45,50,42,32,11,4,0,1173,107,0
Maldives,1951,1868,754,1154,400,71,53,59,96,67,58,70,95,95,45,3,54,42,36,31,30,28,32,38,45,50,50,45,32,13,3,0,1225,112,0
Maldives,1952,1940,788,1207,419,58,54,60,102,73,60,73,99,102,49,3,57,45,38,35,30,30,33,40,48,51,55,47,34,15,3,0,1265,114,0
Maldives,1953,2045,822,1260,438,83,54,64,108,75,66,76,103,105,50,3,61,47,40,35,35,31,34,42,49,54,57,48,33,17,3,0,1343,118,0
Maldives,1954,2099,856,1315,459,58,54,64,110,78,70,79,107,110,50,3,62,48,41,37,35,35,36,43,51,56,60,50,32,18,3,0,1373,118,0
Maldives,1955,2171,890,1368,478,54,52,66,115,83,71,79,111,113,50,4,66,49,43,40,36,35,36,43,53,58,60,53,32,18,4,0,1422,118,0
Maldives,1956,2236,923,1415,492,53,50,66,119,85,80,85,113,119,51,4,67,52,45,40,40,40,40,45,53,60,65,54,33,18,4,0,1468,116,0
Maldives,1957,2299,955,1463,508,54,47,66,123,86,80,86,116,120,51,5,69,54,45,41,40,40,40,46,55,61,65,55,35,16,5,0,1517,113,0
Maldives,1958,2355,983,1505,522,54,45,64,126,90,80,91,119,124,51,5,69,57,46,44,40,40,44,47,57,62,67,57,35,16,5,0,1559,109,0
Maldives,1959,2404,1007,1542,535,51,41,63,130,92,88,92,122,129,51,5,72,58,47,45,45,43,45,47,58,64,70,59,35,16,5,0,1593,104,0
Maldives,1960,2456,1033,1577,544,55,40,61,132,94,90,98,124,130,51,5,72,60,49,45,45,45,49,49,58,66,70,60,35,16,5,0,1632,101,0
Maldives,1961,2494,1047,1599,552,56,36,59,134,99,91,100,127,132,52,4,73,61,52,47,45,46,50,50,60,67,72,60,36,16,4,0,1655,95,0
Maldives,1962,2523,1055,1612,557,58,33,55,136,103,99,108,129,139,55,4,72,64,53,50,49,50,53,55,61,68,75,64,38,17,4,0,1670,88,0
Maldives,1963,2532,1053,1608,555,59,34,52,133,105,100,110,131,140,57,4,69,64,55,50,50,50,55,55,61,70,75,65,40,17,4,0,1667,86,0
Maldives,1964,2530,1045,1595,550,60,34,50,132,107,101,116,133,141,57,3,68,64,57,50,50,51,56,60,62,71,76,65,40,17,3,0,1655,84,0
Maldives,1965,2520,1033,1576,543,63,35,45,128,109,103,120,137,143,57,3,64,64,58,51,50,53,58,62,65,72,78,65,40,17,3,0,1639,80,0
Maldives,1966,2533,1050,1599,549,66,36,41,124,116,110,119,132,128,57,6,61,63,60,56,55,55,58,61,65,67,70,58,37,20,6,0,1665,77,0
Maldives,1967,2496,1037,1581,544,68,40,41,116,120,112,119,127,109,52,12,56,60,60,60,57,55,59,60,65,62,63,46,31,21,12,0,1649,81,0
Maldives,1968,2459,1029,1555,526,67,41,42,110,120,116,120,127,101,46,14,54,56,60,60,60,56,60,60,65,62,59,42,27,19,13,1,1622,83,0
Maldives,1969,2470,1032,1553,521,66,42,40,108,119,120,124,130,109,44,10,53,55,59,60,60,60,60,64,65,65,64,45,26,18,9,1,1619,82,0
Maldives,1970,2469,1023,1538,515,65,45,40,101,119,123,129,140,118,43,9,49,52,58,61,63,60,64,65,70,70,68,50,27,16,7,2,1603,85,0
Maldives,1971,2437,1003,1506,503,60,43,41,97,116,120,131,140,124,47,7,47,50,56,60,60,60,65,66,70,70,69,55,30,17,6,1,1566,84,0
Maldives,1972,2406,981,1465,484,59,42,45,95,112,123,133,141,132,52,7,46,49,53,59,61,62,65,68,71,70,72,60,35,17,7,0,1524,87,0
Maldives,1973,2368,962,1421,459,58,41,45,88,109,124,136,149,135,54,6,43,45,52,57,60,64,66,70,74,75,75,60,37,17,6,0,1479,86,0
Maldives,1974,2314,932,1361,429,55,38,45,87,104,124,138,150,140,62,8,42,45,48,56,60,64,68,70,75,75,75,65,41,21,8,0,1416,83,0
Maldives,1975,2269,908,1310,402,53,37,44,82,99,123,140,150,147,70,10,41,41,46,53,59,64,69,71,75,75,79,68,45,25,10,0,1363,81,0
Maldives,1976,2247,895,1280,385,51,36,43,81,95,121,142,157,149,79,13,42,39,43,52,58,63,69,73,78,79,80,69,50,29,12,1,1331,79,0
Maldives,1977,2220,874,1241,367,50,36,42,80,92,120,145,160,154,85,17,42,38,42,50,57,63,70,75,80,80,81,73,53,32,16,1,1291,78,0
Maldives,1978,2414,869,1264,395,72,50,54,102,109,139,163,179,165,94,27,54,48,51,58,66,73,79,84,89,90,89,76,57,37,24,3,1336,104,0
Maldives,1979,2134,830,1155,325,45,35,41,77,82,115,149,165,160,90,23,42,35,37,45,53,62,72,77,82,83,85,75,55,35,19,4,1200,76,0
Maldives,1980,2088,810,1120,310,43,33,40,75,76,115,150,169,160,89,20,42,33,34,42,53,62,72,78,85,84,85,75,54,35,16,4,1163,73,0
Maldives,1981,2059,792,1087,295,40,33,40,75,73,113,154,170,166,89,18,43,32,33,40,51,62,73,81,85,85,87,79,55,34,14,4,1127,73,0
Maldives,1982,2027,778,1061,283,39,32,39,75,69,110,155,173,169,88,16,43,32,32,37,49,61,73,82,88,85,88,81,55,33,13,3,1100,71,0
Maldives,1983,1998,763,1031,268,38,31,39,77,65,109,156,176,172,93,15,43,34,30,35,48,61,73,83,91,85,90,82,60,33,12,3,1069,70,0
Maldives,1984,1955,740,991,251,36,28,38,77,58,105,158,180,171,96,14,43,34,26,32,45,60,73,85,94,86,90,81,61,35,12,2,1027,66,0
Maldives,1985,1936,738,976,238,33,27,37,76,56,100,158,185,169,102,16,42,34,26,30,42,58,73,85,97,88,90,79,65,37,14,2,1009,64,0
Maldives,1986,1929,726,963,237,33,27,35,75,55,96,160,191,173,106,17,40,35,27,28,39,57,74,86,99,92,91,82,66,40,16,1,996,62,0
Maldives,1987,1904,701,933,232,32,26,33,74,54,90,160,194,172,113,20,40,34,27,27,36,54,73,87,99,95,90,82,68,45,18,2,965,59,0
Maldives,1988,1864,668,889,221,31,25,32,72,54,85,158,200,178,116,26,38,34,28,26,34,51,71,87,101,99,92,86,68,48,22,4,920,57,0
Maldives,1989,1821,630,835,205,31,25,32,68,54,82,156,203,180,123,34,35,33,29,25,32,50,69,87,103,100,95,85,70,53,28,6,866,57,0
Maldives,1990,1782,595,782,187,31,25,30,67,54,75,154,207,184,126,49,35,32,29,25,30,45,68,86,106,101,100,84,72,54,37,12,813,55,0
Maldives,1991,1740,561,736,175,30,25,28,65,55,70,150,212,191,130,51,35,30,30,25,28,42,65,85,106,106,103,88,72,58,39,12,766,53,1
Maldives,1992,1690,518,680,162,30,25,27,62,56,67,149,215,199,133,51,32,30,30,26,27,40,64,85,106,109,107,92,72,61,39,12,710,52,1
Maldives,1993,1638,475,622,147,28,25,26,60,56,63,145,218,205,138,58,30,30,30,26,26,37,60,85,107,111,109,96,76,62,43,15,650,51,1
Maldives,1994,1583,429,559,130,25,24,25,60,57,59,135,219,210,143,67,30,30,30,27,25,34,55,80,107,112,112,98,80,63,48,19,584,49,1
Maldives,1995,1513,383,498,115,24,22,25,54,53,56,128,215,213,142,80,29,25,27,26,25,31,50,78,104,111,115,98,80,62,53,27,522,47,2
Maldives,1996,1405,341,439,98,22,20,22,50,50,54,118,210,209,134,71,25,25,25,25,25,29,45,73,100,110,112,97,76,58,46,25,461,42,3
Maldives,1997,1357,296,382,86,20,20,24,50,50,52,118,221,222,136,61,25,25,25,25,25,27,45,73,105,116,119,103,77,59,39,22,402,44,4
Maldives,1998,1337,255,327,72,17,21,25,50,54,54,116,237,241,142,52,25,25,25,29,27,27,42,74,110,127,129,112,80,62,34,18,344,46,4
Maldives,1999,1306,217,276,59,17,21,25,50,54,55,112,247,258,147,46,25,25,25,29,29,26,41,71,114,133,140,118,84,63,32,14,293,46,4
Maldives,2000,1259,184,232,48,16,19,25,46,52,56,104,248,270,147,40,25,21,25,27,30,26,38,66,112,136,148,122,84,63,31,9,248,44,4
Maldives,2001,1173,159,197,38,13,17,20,40,47,55,91,235,270,143,40,20,20,22,25,30,25,33,58,104,131,147,123,85,58,31,9,210,37,3
Maldives,2002,1115,141,173,32,11,16,20,40,43,54,81,222,272,141,38,20,20,20,23,28,26,30,51,95,127,147,125,86,55,29,9,184,36,2
Maldives,2003,1095,126,153,27,10,14,20,40,42,55,75,217,285,146,39,20,20,20,22,27,28,29,46,90,127,151,134,88,58,30,9,163,34,2
Maldives,2004,1203,120,155,35,20,23,29,53,51,66,78,221,305,158,40,28,25,25,26,32,34,32,46,88,133,159,146,95,63,31,9,175,52,2
Maldives,2005,1143,105,124,19,7,13,19,38,41,59,73,215,326,177,43,20,18,20,21,27,32,30,43,81,134,167,159,105,72,34,9,131,32,2
Maldives,2006,1167,99,117,18,7,12,19,38,41,60,75,210,345,193,48,20,18,20,21,26,34,33,42,76,134,175,170,116,77,39,9,124,31,2
Maldives,2007,1167,97,113,16,6,11,18,41,40,59,76,198,353,201,51,22,19,19,21,26,33,35,41,71,127,178,175,123,78,41,10,119,29,2
Maldives,2008,1132,96,110,14,5,9,17,42,38,57,73,178,346,203,51,23,19,18,20,25,32,35,38,63,115,172,174,127,76,41,10,115,26,2
Maldives,2009,1129,93,107,14,5,8,16,43,40,56,76,165,350,212,53,23,20,20,20,25,31,39,37,58,107,172,178,133,79,42,11,112,24,2
Maldives,2010,1116,88,102,14,5,7,15,43,40,54,76,152,348,220,53,23,20,20,20,24,30,40,36,54,98,167,181,137,83,42,11,107,22,2
Maldives,2011,1115,84,98,14,5,6,13,44,40,55,77,141,347,230,57,23,21,20,20,25,30,39,38,51,90,162,185,142,88,45,12,103,19,2
Maldives,2012,1104,78,90,12,5,5,12,42,40,53,82,132,343,238,61,20,22,20,20,24,29,41,41,49,83,156,187,146,92,47,14,95,17,2
Maldives,2013,1110,72,84,12,5,5,10,42,40,54,85,125,341,248,66,19,23,20,20,24,30,41,44,48,77,150,191,152,96,50,16,89,15,2
Maldives,2014,1116,67,79,12,5,5,9,42,40,54,90,121,337,262,71,18,24,20,20,24,30,41,49,47,74,143,194,160,102,54,17,84,14,3
Maldives,2015,1167,63,74,11,5,5,8,41,43,56,96,124,340,288,87,17,24,23,20,25,31,42,54,51,73,139,201,173,115,61,26,79,13,5
Maldives,2016,1227,58,69,11,5,5,7,40,50,58,101,131,345,318,97,17,23,25,25,26,32,43,58,57,74,136,209,189,129,66,31,74,12,7
Maldives,2017,1299,54,64,10,5,5,7,39,50,62,108,141,349,353,110,16,23,25,25,27,35,45,63,66,75,134,215,208,145,75,35,69,12,10
Maldives,2018,1370,49,57,8,5,5,7,38,58,66,112,153,354,389,123,15,23,29,29,30,36,47,65,74,79,134,220,226,163,83,40,62,12,13
Maldives,2019,1432,45,53,8,5,5,6,36,59,67,117,166,354,418,132,14,22,29,30,30,37,49,68,84,82,134,220,239,179,91,41,58,11,14
Maldives,2020,1542,41,49,8,4,5,6,35,63,74,125,187,367,469,146,13,22,31,32,35,39,54,71,96,91,139,228,264,205,102,44,53,11,15
Maldives,2021,1573,37,44,7,1,5,5,27,57,70,127,208,376,496,141,10,17,27,30,31,39,52,75,104,104,149,227,274,222,103,38,45,10,13
Mali,1950,176134,51408,108713,57305,7095,3016,3957,9831,8781,7654,7249,9314,8524,1967,29,5041,4790,4509,4272,3999,3655,3529,3720,4483,4831,4875,3649,1693,274,29,0,115808,6973,0
Mali,1951,177579,51871,109448,57577,7136,3103,3982,9852,8868,7854,7441,9366,8470,2044,14,5054,4798,4531,4337,4084,3770,3654,3787,4521,4845,4842,3628,1714,330,14,0,116584,7085,0
Mali,1952,178178,51777,109414,57637,7204,3193,3997,9858,8920,8023,7648,9421,8409,2079,9,5058,4800,4528,4392,4158,3865,3798,3850,4557,4864,4802,3607,1718,361,9,0,116618,7190,0
Mali,1953,178587,51716,109268,57552,7288,3279,4012,9848,8935,8164,7865,9476,8350,2088,12,5053,4795,4503,4432,4219,3945,3949,3916,4592,4884,4764,3586,1711,377,12,0,116556,7291,0
Mali,1954,179084,51695,109173,57478,7353,3357,4045,9835,8941,8304,8104,9553,8309,2093,18,5049,4786,4480,4461,4282,4022,4098,4006,4641,4912,4747,3562,1703,390,18,0,116526,7402,0
Mali,1955,179901,51759,109221,57462,7464,3412,4119,9844,8954,8448,8366,9665,8290,2096,21,5062,4782,4469,4485,4344,4104,4239,4127,4715,4950,4751,3539,1695,401,21,0,116685,7531,0
Mali,1956,180285,51961,109344,57383,7523,3410,4189,9775,8885,8527,8578,9722,8228,2080,24,5036,4739,4425,4460,4371,4156,4338,4240,4763,4959,4734,3494,1678,402,24,0,116867,7599,0
Mali,1957,181696,52288,109842,57554,7643,3443,4322,9805,8885,8669,8867,9862,8246,2082,26,5062,4743,4426,4459,4432,4237,4454,4413,4852,5010,4767,3479,1679,403,26,0,117485,7765,0
Mali,1958,183178,52718,110550,57832,7735,3474,4452,9821,8854,8777,9140,10008,8262,2075,26,5086,4735,4418,4436,4474,4303,4546,4594,4944,5064,4799,3463,1675,400,26,0,118285,7926,0
Mali,1959,185177,53382,111761,58379,7820,3508,4566,9843,8810,8870,9408,10195,8301,2068,26,5123,4720,4401,4409,4504,4366,4638,4770,5065,5130,4840,3461,1669,399,26,0,119581,8074,0
Mali,1960,187194,54052,112943,58891,7899,3556,4643,9934,8779,8945,9655,10419,8339,2056,25,5213,4721,4389,4390,4519,4426,4726,4929,5210,5209,4874,3465,1659,397,25,0,120842,8199,0
Mali,1961,189425,54603,114122,59519,7991,3627,4691,10106,8773,9023,9907,10703,8409,2046,26,5364,4742,4388,4385,4533,4490,4822,5085,5396,5307,4924,3485,1651,395,26,0,122113,8318,0
Mali,1962,191452,55119,115209,60090,8062,3677,4725,10287,8758,9070,10122,11004,8479,2037,23,5530,4757,4381,4377,4525,4545,4907,5215,5607,5397,4971,3508,1641,396,23,0,123271,8402,0
Mali,1963,192776,55580,116068,60488,8085,3692,4728,10401,8683,9031,10252,11275,8515,2020,23,5654,4747,4344,4339,4471,4560,4956,5296,5805,5470,4998,3517,1628,392,23,0,124153,8420,0
Mali,1964,193822,55990,116582,60592,8121,3714,4737,10522,8613,8987,10373,11568,8570,2010,23,5760,4762,4312,4301,4422,4565,5002,5371,5996,5572,5040,3530,1622,388,23,0,124703,8451,0
Mali,1965,195475,56440,117164,60724,8228,3755,4804,10698,8598,8994,10554,11945,8693,2018,23,5847,4851,4310,4288,4406,4588,5075,5479,6202,5743,5127,3566,1632,386,23,0,125392,8559,0
Mali,1966,196976,56808,117625,60817,8337,3788,4887,10854,8583,8976,10718,12334,8825,2027,21,5877,4977,4313,4270,4386,4590,5137,5581,6389,5945,5221,3604,1645,382,21,0,125962,8675,0
Mali,1967,197872,57039,117782,60743,8407,3805,4928,10978,8530,8915,10839,12692,8939,2038,18,5881,5097,4294,4236,4354,4561,5179,5660,6529,6163,5302,3637,1657,381,18,0,126189,8733,0
Mali,1968,198304,57157,117688,60531,8453,3809,4940,11078,8467,8817,10914,13019,9052,2046,20,5878,5200,4275,4192,4311,4506,5198,5716,6632,6387,5383,3669,1668,378,20,0,126141,8749,0
Mali,1969,198619,57068,117380,60312,8513,3829,4967,11167,8439,8739,10985,13325,9195,2058,18,5884,5283,4282,4157,4276,4463,5210,5775,6728,6597,5489,3706,1679,379,18,0,125893,8796,0
Mali,1970,198472,56843,116570,59727,8585,3841,4988,11228,8439,8637,11025,13634,9424,2086,20,5919,5309,4321,4118,4226,4411,5200,5825,6831,6803,5651,3773,1702,384,20,0,125155,8829,0
Mali,1971,199016,56904,116270,59366,8691,3890,5012,11297,8529,8589,11069,13893,9649,2108,18,5985,5312,4421,4108,4200,4389,5191,5878,6924,6969,5821,3828,1719,389,18,0,124961,8902,0
Mali,1972,196100,56645,115091,58446,8469,3755,4839,10931,8290,8234,10773,13811,9771,2116,18,5817,5114,4353,3937,4021,4213,5007,5766,6845,6966,5932,3839,1723,393,18,0,123560,8594,0
Mali,1973,194985,56667,114526,57859,8404,3708,4754,10749,8218,8032,10605,13833,9988,2148,21,5729,5020,4368,3850,3917,4115,4886,5719,6831,7002,6102,3886,1747,401,21,0,122930,8462,0
Mali,1974,193041,56713,114172,57459,8181,3599,4595,10408,8019,7732,10304,13697,10135,2178,21,5558,4850,4290,3729,3765,3967,4710,5594,6736,6961,6203,3932,1767,411,21,0,122353,8194,0
Mali,1975,191635,56814,113817,57003,8030,3523,4482,10160,7860,7480,10045,13629,10351,2227,21,5420,4740,4195,3665,3642,3838,4566,5479,6670,6959,6321,4030,1806,421,21,0,121847,8005,0
Mali,1976,189129,56637,112865,56228,7815,3425,4335,9820,7634,7182,9722,13483,10545,2284,22,5220,4600,4030,3604,3497,3685,4398,5324,6562,6921,6397,4148,1849,435,22,0,120680,7760,0
Mali,1977,187032,56416,111806,55390,7670,3359,4226,9528,7470,6936,9440,13412,10806,2355,22,5055,4473,3894,3576,3379,3557,4262,5178,6493,6919,6488,4318,1907,448,22,0,119476,7585,0
Mali,1978,184876,56244,110884,54640,7455,3282,4110,9215,7300,6693,9139,13287,11048,2443,22,4887,4328,3763,3537,3264,3429,4123,5016,6395,6892,6551,4497,1973,470,22,0,118339,7392,0
Mali,1979,183338,56204,110146,53942,7275,3225,4020,8964,7154,6504,8890,13220,11350,2565,24,4751,4213,3655,3499,3184,3320,4008,4882,6319,6901,6650,4700,2070,495,24,0,117421,7245,0
Mali,1980,182308,56016,109250,53234,7197,3203,3973,8803,7066,6408,8706,13226,11720,2731,25,4668,4135,3609,3457,3163,3245,3919,4787,6273,6953,6797,4923,2202,529,25,0,116447,7176,0
Mali,1981,183174,55782,108441,52659,7394,3292,4058,8919,7170,6513,8711,13447,12252,2950,28,4740,4179,3685,3485,3258,3255,3916,4795,6325,7122,7047,5205,2378,572,28,0,115835,7350,0
Mali,1982,182707,55154,106866,51712,7523,3338,4110,8963,7181,6571,8662,13571,12714,3182,31,4778,4185,3706,3475,3337,3234,3888,4774,6322,7249,7260,5454,2569,613,31,0,114389,7448,0
Mali,1983,183781,54487,105273,50786,7905,3485,4279,9229,7368,6775,8758,13885,13330,3460,33,4934,4295,3811,3557,3488,3287,3928,4830,6404,7481,7570,5760,2797,663,33,0,113178,7764,0
Mali,1984,183336,54036,103794,49758,8034,3551,4355,9302,7404,6866,8715,13907,13685,3683,36,4985,4317,3838,3566,3564,3302,3905,4810,6361,7546,7729,5956,2974,709,36,0,111828,7906,0
Mali,1985,183021,53562,102634,49072,8128,3613,4417,9327,7421,6926,8660,13902,14043,3911,39,5008,4319,3842,3579,3585,3341,3881,4779,6316,7586,7885,6158,3147,764,39,0,110762,8030,0
Mali,1986,180847,53016,100996,47980,8049,3583,4382,9145,7257,6836,8472,13722,14264,4097,41,4927,4218,3738,3519,3493,3343,3795,4677,6203,7519,7959,6305,3287,810,41,0,109045,7965,0
Mali,1987,178595,52369,99413,47044,7954,3562,4339,8937,7061,6764,8295,13512,14447,4269,38,4834,4103,3622,3439,3402,3362,3717,4578,6093,7419,8014,6433,3410,859,38,0,107367,7901,0
Mali,1988,176439,51883,98066,46183,7830,3537,4288,8707,6828,6683,8122,13284,14615,4442,38,4734,3973,3493,3335,3310,3373,3643,4479,5987,7297,8056,6559,3526,916,38,0,105896,7825,0
Mali,1989,175524,51389,96766,45377,7899,3592,4343,8677,6737,6674,8049,13192,14894,4661,41,4745,3932,3440,3297,3268,3406,3623,4426,5940,7252,8155,6739,3679,982,41,0,104665,7935,0
Mali,1990,173067,50900,95745,44845,7580,3502,4253,8460,6494,6519,7881,12853,14895,4832,48,4652,3808,3315,3179,3179,3340,3577,4304,5775,7078,8081,6814,3784,1048,48,0,103325,7755,0
Mali,1991,172243,51097,95295,44198,7501,3503,4240,8329,6316,6399,7834,12674,15032,5061,57,4600,3729,3228,3088,3133,3266,3602,4232,5677,6997,8076,6956,3936,1125,57,0,102796,7743,0
Mali,1992,173228,51280,95083,43803,7634,3597,4358,8496,6321,6411,7934,12692,15308,5328,68,4713,3783,3240,3081,3149,3262,3706,4228,5672,7020,8141,7167,4119,1209,68,0,102717,7955,0
Mali,1993,174455,51340,95018,43678,7764,3691,4486,8729,6354,6443,8072,12717,15548,5555,80,4859,3870,3270,3084,3168,3275,3829,4243,5668,7049,8181,7367,4297,1258,80,0,102782,8177,0
Mali,1994,177257,51702,95358,43656,8028,3840,4723,9225,6539,6575,8295,12844,15853,5879,96,5146,4079,3383,3156,3241,3334,3975,4320,5717,7127,8274,7579,4487,1392,95,1,103386,8563,0
Mali,1995,179350,51545,95020,43475,8386,4031,4966,9628,6695,6693,8503,12987,16163,6168,112,5379,4249,3477,3218,3295,3398,4066,4437,5780,7207,8386,7777,4686,1482,111,1,103406,8997,0
Mali,1996,182138,51662,94905,43243,8804,4248,5266,10192,6950,6869,8752,13151,16440,6440,125,5697,4495,3631,3319,3367,3502,4133,4619,5859,7292,8501,7939,4874,1566,124,1,103709,9514,0
Mali,1997,180364,52009,94589,42580,8500,4122,5172,10066,6772,6674,8675,12852,16233,6570,139,5629,4437,3556,3216,3252,3422,4026,4649,5724,7128,8366,7867,4950,1620,137,2,103089,9294,0
Mali,1998,179859,52529,94792,42263,8291,4047,5125,10044,6699,6538,8674,12651,16102,6738,155,5609,4435,3540,3159,3175,3363,3958,4716,5641,7010,8284,7818,5048,1690,153,2,103083,9172,0
Mali,1999,180168,53395,95237,41842,8152,3992,5118,10170,6736,6470,8691,12525,16011,6882,182,5663,4507,3589,3147,3136,3334,3913,4778,5606,6919,8217,7794,5151,1731,180,2,103389,9110,0
Mali,2000,179831,53934,95310,41376,7995,3919,5065,10212,6747,6386,8653,12441,15885,7003,213,5669,4543,3619,3128,3094,3292,3886,4767,5618,6823,8124,7761,5220,1783,210,3,103305,8984,0
Mali,2001,179544,54247,95320,41073,7778,3827,4989,10275,6794,6318,8593,12432,15796,7173,247,5683,4592,3665,3129,3068,3250,3885,4708,5691,6741,8043,7753,5279,1894,243,4,103098,8816,0
Mali,2002,178064,54542,95237,40695,7395,3664,4799,10107,6736,6176,8431,12341,15613,7288,282,5564,4543,3646,3090,3005,3171,3827,4604,5737,6604,7903,7710,5296,1992,278,4,102632,8463,0
Mali,2003,178293,54831,95095,40264,7318,3618,4755,10226,6880,6173,8393,12452,15618,7442,318,5600,4626,3734,3146,3018,3155,3817,4576,5874,6578,7869,7749,5350,2092,312,6,102413,8373,0
Mali,2004,178745,55247,95025,39778,7305,3587,4717,10336,7047,6191,8377,12584,15628,7590,359,5626,4710,3830,3217,3041,3150,3819,4558,5990,6594,7842,7786,5412,2178,351,8,102330,8304,0
Mali,2005,180345,55616,94939,39323,7493,3628,4762,10626,7348,6306,8477,12832,15762,7779,394,5745,4881,3999,3349,3115,3191,3858,4619,6090,6742,7893,7869,5517,2262,384,10,102432,8390,0
Mali,2006,180450,55537,94472,38935,7533,3600,4708,10674,7529,6351,8497,12961,15778,7916,426,5729,4945,4096,3433,3154,3197,3842,4655,6062,6899,7886,7892,5593,2323,415,11,102005,8308,0
Mali,2007,182224,55344,93798,38454,7866,3692,4815,11036,7927,6557,8636,13323,15993,8117,459,5883,5153,4310,3617,3282,3275,3893,4743,6125,7198,7989,8004,5724,2393,446,13,101664,8507,0
Mali,2008,183682,55181,92992,37811,8158,3778,4910,11378,8326,6784,8745,13668,16175,8281,487,6029,5349,4521,3805,3427,3357,3940,4805,6179,7489,8084,8091,5834,2447,473,14,101150,8688,0
Mali,2009,183494,55130,92248,37118,8213,3780,4864,11318,8500,6892,8748,13808,16234,8380,506,5964,5354,4599,3901,3508,3384,3937,4811,6156,7652,8133,8101,5892,2488,491,15,100461,8644,0
Mali,2010,183696,55029,91419,36390,8328,3828,4864,11315,8727,7058,8786,13937,16431,8485,518,5934,5381,4702,4025,3620,3438,3957,4829,6197,7740,8292,8139,5949,2536,503,15,99747,8692,0
Mali,2011,184727,54794,90487,35693,8571,3950,4935,11465,9061,7319,8888,14102,16804,8616,527,5989,5476,4861,4200,3779,3540,4021,4867,6313,7789,8582,8222,6025,2591,512,15,99058,8885,0
Mali,2012,185967,54533,89499,34966,8772,4070,5040,11758,9462,7632,9007,14230,17224,8739,529,6133,5625,5058,4404,3964,3668,4098,4909,6398,7832,8923,8301,6097,2642,514,15,98271,9110,0
Mali,2013,186210,53736,87914,34178,9036,4232,5152,11890,9748,7931,9118,14327,17630,8762,473,6206,5684,5179,4569,4133,3798,4174,4944,6453,7874,9257,8373,6125,2637,462,11,96950,9384,0
Mali,2014,185448,53125,86473,33348,9038,4293,5146,11695,9810,8136,9159,14340,17984,8876,500,6111,5584,5170,4640,4241,3895,4216,4943,6471,7869,9503,8481,6182,2694,492,8,95511,9439,0
Mali,2015,185256,52669,85142,32473,9054,4363,5210,11670,9945,8403,9250,14414,18306,8972,527,6118,5552,5200,4745,4381,4022,4282,4968,6489,7925,9624,8682,6236,2736,516,11,94196,9573,0
Mali,2016,185829,52172,83796,31624,9225,4491,5358,11717,10126,8726,9421,14599,18708,9109,554,6161,5556,5252,4874,4549,4177,4390,5031,6528,8071,9688,9020,6320,2789,540,14,93021,9849,0
Mali,2017,186309,51810,82701,30891,9193,4540,5485,11875,10315,9068,9606,14656,19062,9227,580,6262,5613,5312,5003,4720,4348,4513,5093,6529,8127,9694,9368,6389,2838,565,15,91894,10025,0
Mali,2018,188002,51497,81745,30248,9314,4655,5703,12214,10599,9512,9910,14803,19539,9394,611,6468,5746,5426,5173,4941,4571,4702,5208,6588,8215,9778,9761,6498,2896,592,19,91059,10358,0
Mali,2019,189579,51062,80629,29567,9490,4786,5921,12502,10820,9927,10229,15004,20009,9621,636,6650,5852,5509,5311,5141,4786,4900,5329,6669,8335,9887,10122,6662,2959,617,19,90119,10707,0
Mali,2020,202371,50695,79624,28929,9249,4749,6065,12866,11506,11647,12589,18529,23626,11204,715,6869,5997,5723,5783,5917,5730,6013,6576,8257,10272,11922,11704,7760,3444,690,25,88873,10814,0
Mali,2021,203297,50342,78489,28147,9099,4749,6153,12949,11542,12102,13120,18949,23996,11423,719,6953,5996,5716,5826,6091,6011,6332,6788,8499,10450,12203,11793,8031,3392,691,28,87588,10902,0
Malta,1950,4433,711,781,70,22,15,23,60,80,179,426,743,1199,848,59,29,31,35,45,74,105,164,262,335,408,497,702,593,255,56,3,803,38,0
Malta,1951,4143,637,711,74,22,13,22,55,76,174,415,729,1095,779,47,25,30,35,41,71,103,158,257,335,394,472,623,549,230,45,2,733,35,0
Malta,1952,3796,566,636,70,21,12,21,54,70,163,386,698,983,708,39,25,29,32,38,65,98,146,240,328,370,443,540,500,208,37,2,657,33,0
Malta,1953,3522,554,616,62,21,12,21,51,65,150,352,664,888,647,35,25,26,31,34,58,92,134,218,317,347,414,474,453,194,33,2,637,33,0
Malta,1954,3805,618,685,67,23,15,21,54,70,162,381,735,945,677,36,25,29,33,37,60,102,148,233,351,384,452,493,469,208,34,2,708,36,0
Malta,1955,3291,483,542,59,22,15,19,45,64,140,331,665,830,581,32,21,24,31,33,51,89,129,202,315,350,404,426,396,185,31,1,564,34,0
Malta,1956,3505,501,562,61,24,15,20,51,69,146,355,729,894,606,35,25,26,32,37,52,94,142,213,339,390,436,458,403,203,34,1,586,35,0
Malta,1957,3631,504,565,61,26,19,22,51,70,147,372,777,941,603,37,25,26,32,38,53,94,150,222,352,425,459,482,394,209,36,1,591,41,0
Malta,1958,3014,427,475,48,21,16,19,41,59,116,307,653,788,486,33,20,21,27,32,42,74,125,182,288,365,384,404,313,173,32,1,496,35,0
Malta,1959,3234,397,447,50,23,17,20,44,63,125,339,719,876,520,38,20,24,27,36,47,78,137,202,310,409,430,446,335,185,37,1,470,37,0
Malta,1960,2970,389,431,42,20,16,20,38,58,107,308,656,812,466,37,18,20,26,32,42,65,122,186,279,377,401,411,303,163,36,1,451,36,0
Malta,1961,3081,322,365,43,19,18,23,38,61,114,325,696,887,495,42,18,20,27,34,46,68,125,200,293,403,444,443,326,169,40,2,384,41,0
Malta,1962,2971,317,355,38,17,17,24,36,54,108,314,669,866,470,42,17,19,23,31,45,63,118,196,285,384,441,425,317,153,40,2,372,41,0
Malta,1963,3154,264,302,38,18,18,25,38,59,115,335,722,963,509,48,19,19,26,33,49,66,122,213,312,410,496,467,350,159,45,3,320,43,0
Malta,1964,2923,238,269,31,17,18,24,36,52,105,304,671,909,475,44,19,17,23,29,44,61,107,197,296,375,471,438,329,146,41,3,286,42,0
Malta,1965,3041,210,238,28,15,15,27,37,52,112,313,710,969,496,46,21,16,23,29,47,65,108,205,319,391,500,469,348,148,43,3,253,42,0
Malta,1966,3003,193,219,26,13,15,27,38,52,111,297,711,977,497,45,23,15,23,29,45,66,102,195,325,386,497,480,349,148,42,3,232,42,0
Malta,1967,2945,184,205,21,13,14,26,38,49,111,280,704,969,492,45,23,15,22,27,45,66,95,185,323,381,484,485,344,148,41,4,218,40,0
Malta,1968,2783,181,201,20,10,13,24,39,46,102,255,673,912,465,41,23,16,20,26,40,62,89,166,306,367,446,466,325,140,37,4,211,37,0
Malta,1969,3045,183,204,21,11,12,27,44,48,112,271,746,1002,520,45,26,18,20,28,43,69,98,173,333,413,482,520,364,156,39,6,215,39,0
Malta,1970,2964,203,223,20,10,12,25,45,45,107,257,726,961,508,43,26,19,18,27,40,67,96,161,316,410,459,502,356,152,39,4,233,37,0
Malta,1971,3001,196,217,21,9,12,23,49,44,107,252,735,974,533,44,27,22,17,27,40,67,99,153,310,425,466,508,373,160,39,5,226,35,0
Malta,1972,2741,144,163,19,7,10,21,46,40,98,233,680,899,502,42,25,21,17,23,36,62,95,138,278,402,438,461,354,148,38,4,170,31,0
Malta,1973,2839,164,182,18,7,10,21,47,42,99,234,684,930,537,47,25,22,18,24,37,62,97,137,269,415,461,469,378,159,41,6,189,31,0
Malta,1974,2682,137,154,17,7,9,18,44,40,92,223,634,896,523,47,24,20,18,22,36,56,92,131,242,392,453,443,366,157,41,6,161,27,0
Malta,1975,2744,140,157,17,6,7,18,46,43,91,229,625,932,542,50,23,23,21,22,36,55,95,134,232,393,480,452,375,167,43,7,163,25,0
Malta,1976,2849,131,147,16,7,7,16,48,45,93,238,625,993,571,55,22,26,24,21,36,57,96,142,230,395,515,478,391,180,48,7,154,23,0
Malta,1977,2838,123,138,15,7,7,18,47,46,91,243,604,1019,563,55,22,25,25,21,35,56,95,148,222,382,529,490,381,182,48,7,145,25,0
Malta,1978,2844,125,140,15,6,6,16,48,48,90,245,582,1047,559,56,22,26,26,22,35,55,94,151,217,365,537,510,375,184,49,7,146,22,0
Malta,1979,2868,127,142,15,7,6,14,46,50,90,246,566,1074,561,59,20,26,27,23,33,57,91,155,218,348,541,533,377,184,52,7,149,20,0
Malta,1980,2883,119,134,15,6,6,15,44,55,89,246,556,1102,564,63,20,24,28,27,33,56,90,156,223,333,541,561,381,183,53,10,140,21,0
Malta,1981,2857,97,112,15,6,6,13,43,56,85,239,538,1109,583,67,19,24,28,28,31,54,87,152,225,313,524,585,397,186,57,10,118,19,1
Malta,1982,3387,135,149,14,7,8,14,49,69,99,278,623,1306,701,79,22,27,34,35,36,63,102,176,272,351,594,712,488,213,65,14,156,22,1
Malta,1983,2925,118,130,12,6,6,12,40,62,87,235,539,1118,621,66,17,23,30,32,33,54,87,148,242,297,492,626,441,180,55,11,136,18,1
Malta,1984,2917,96,109,13,6,6,11,40,65,88,233,543,1106,645,64,17,23,30,35,35,53,88,145,246,297,472,634,464,181,53,11,115,17,1
Malta,1985,2875,113,126,13,5,6,12,37,65,87,226,539,1057,655,60,15,22,29,36,36,51,85,141,242,297,441,616,475,180,49,11,131,18,2
Malta,1986,2866,83,95,12,5,5,12,34,64,88,221,542,1031,707,64,15,19,28,36,39,49,83,138,238,304,421,610,510,197,53,11,100,17,2
Malta,1987,2728,71,82,11,5,5,9,30,59,87,205,517,949,710,62,12,18,25,34,41,46,76,129,221,296,384,565,509,201,50,12,87,14,2
Malta,1988,2778,66,74,8,5,5,11,28,60,91,205,526,938,766,68,11,17,26,34,43,48,75,130,218,308,381,557,539,227,54,14,79,16,2
Malta,1989,2644,87,96,9,5,5,10,25,55,88,190,488,860,760,65,10,15,22,33,41,47,69,121,197,291,357,503,525,235,52,13,101,15,2
Malta,1990,2602,74,82,8,5,5,8,24,52,92,182,474,835,777,68,10,14,22,30,42,50,66,116,188,286,360,475,522,255,56,12,87,13,2
Malta,1991,2857,69,78,9,5,5,9,26,54,105,191,506,902,890,84,12,14,22,32,47,58,67,124,201,305,403,499,578,312,69,15,83,14,2
Malta,1992,2952,76,85,9,5,5,9,25,54,113,191,511,926,933,95,12,13,22,32,47,66,67,124,204,307,428,498,586,347,79,16,90,14,2
Malta,1993,2678,62,70,8,5,5,8,21,46,106,173,455,840,852,95,10,11,18,28,43,63,62,111,183,272,397,443,520,332,80,15,75,13,2
Malta,1994,2814,57,64,7,5,5,7,20,43,110,179,460,886,915,116,10,10,17,26,46,64,68,111,187,273,415,471,537,378,100,16,69,12,3
Malta,1995,2744,61,68,7,3,5,7,20,41,106,177,435,872,882,126,10,10,17,24,41,65,73,104,178,257,399,473,504,378,108,18,71,12,3
Malta,1996,3076,77,84,7,3,4,8,24,43,118,201,483,989,964,152,10,14,17,26,45,73,91,110,199,284,439,550,541,423,132,20,87,12,3
Malta,1997,2924,50,57,7,4,4,7,22,38,110,196,452,948,917,163,10,12,14,24,42,68,96,100,184,268,408,540,506,411,141,22,61,11,3
Malta,1998,2896,52,58,6,5,3,7,22,34,108,199,441,937,905,177,10,12,13,21,41,67,98,101,179,262,392,545,496,409,153,24,63,10,4
Malta,1999,2984,45,51,6,4,3,6,22,34,107,208,443,955,945,203,10,12,14,20,38,69,100,108,178,265,390,565,523,422,173,30,55,9,4
Malta,2000,3176,43,49,6,4,4,8,22,36,108,238,464,1003,1012,225,10,12,15,21,39,69,110,128,183,281,407,596,576,436,190,35,53,12,4
Malta,2001,2920,22,27,5,2,3,7,19,32,96,233,413,908,954,226,9,10,14,18,34,62,102,131,157,256,366,542,555,399,188,38,29,10,4
Malta,2002,3177,30,34,4,3,3,6,20,31,98,264,432,967,1053,260,9,11,14,17,34,64,108,156,163,269,391,576,621,432,212,48,37,9,5
Malta,2003,3186,31,35,4,2,3,6,19,31,93,270,432,950,1071,270,9,10,14,17,32,61,107,163,166,266,389,561,636,435,217,53,37,9,5
Malta,2004,3163,30,33,3,1,2,6,18,28,85,266,430,919,1087,282,8,10,12,16,29,56,106,160,174,256,380,539,640,447,222,60,34,8,6
Malta,2005,3148,27,30,3,0,2,5,17,26,82,262,432,899,1099,285,7,10,11,15,27,55,100,162,189,243,374,525,634,465,221,64,30,7,7
Malta,2006,3244,22,25,3,0,2,5,16,26,78,267,453,912,1150,300,7,9,11,15,26,52,99,168,219,234,382,530,649,501,230,70,25,7,8
Malta,2007,3215,29,32,3,0,1,5,15,25,71,256,453,891,1148,304,7,8,11,14,22,49,93,163,235,218,370,521,634,514,230,74,32,6,10
Malta,2008,3296,37,40,3,0,2,5,14,25,67,256,474,898,1177,323,5,9,10,15,23,44,91,165,247,227,370,528,634,543,243,80,40,7,12
Malta,2009,3261,27,30,3,0,2,5,13,25,63,246,486,878,1162,335,5,8,10,15,21,42,84,162,245,241,358,520,615,547,251,84,30,7,13
Malta,2010,3024,24,27,3,0,1,5,11,22,54,213,469,791,1079,337,5,6,10,12,19,35,73,140,228,241,314,477,563,516,253,84,27,6,15
Malta,2011,3336,30,33,3,0,0,5,13,23,58,226,550,848,1178,384,5,8,10,13,22,36,76,150,253,297,324,524,611,567,291,93,33,5,18
Malta,2012,3381,28,32,4,0,0,4,12,23,55,222,580,831,1196,408,5,7,10,13,21,34,76,146,251,329,309,522,623,573,309,99,32,4,20
Malta,2013,3262,29,32,3,0,0,3,11,22,51,203,572,798,1141,403,5,6,10,12,20,31,66,137,240,332,301,497,600,541,305,98,32,3,22
Malta,2014,3184,22,25,3,0,0,2,11,20,49,183,552,785,1111,415,5,6,9,11,19,30,61,122,231,321,312,473,586,525,313,102,25,2,24
Malta,2015,3208,27,30,3,0,0,3,10,20,49,175,547,795,1118,436,5,5,9,11,19,30,57,118,217,330,341,454,590,528,324,112,30,3,26
Malta,2016,3245,36,39,3,0,0,2,11,18,48,167,535,802,1133,461,5,6,8,10,17,31,54,113,207,328,376,426,596,537,336,125,39,2,29
Malta,2017,3240,29,32,3,0,0,1,11,18,46,157,524,817,1127,468,5,6,8,10,17,29,50,107,202,322,416,401,589,538,338,130,32,1,31
Malta,2018,3471,27,30,3,0,0,1,12,20,49,158,549,890,1210,512,5,7,8,12,17,32,52,106,209,340,464,426,627,583,363,149,30,1,36
Malta,2019,3644,28,31,3,0,0,1,13,22,52,160,554,958,1262,548,5,8,9,13,18,34,53,107,202,352,486,472,646,616,384,164,31,1,41
Malta,2020,3837,15,19,4,0,0,0,8,21,51,157,546,1072,1346,574,3,5,9,12,19,32,55,102,204,342,526,546,674,672,404,170,19,0,44
Malta,2021,3819,17,21,4,0,0,0,5,18,44,144,515,1125,1305,590,0,5,6,12,16,28,52,92,190,325,526,599,635,670,411,179,21,0,50
Marshall Islands,1950,236,56,77,21,7,5,5,10,10,14,16,26,35,28,0,5,5,5,5,5,9,6,10,14,12,17,18,25,3,0,0,84,10,0
Marshall Islands,1951,230,57,78,21,9,5,5,10,10,13,15,26,30,28,0,5,5,5,5,5,8,6,9,14,12,15,15,22,6,0,0,87,10,0
Marshall Islands,1952,219,57,78,21,9,5,5,10,10,12,15,24,25,24,0,5,5,5,5,5,7,7,8,12,12,13,12,17,7,0,0,87,10,0
Marshall Islands,1953,205,59,81,22,9,5,5,10,10,11,14,22,20,16,0,5,5,5,5,5,6,8,6,11,11,10,10,10,6,0,0,90,10,0
Marshall Islands,1954,190,60,82,22,9,5,5,10,10,10,13,20,11,10,0,5,5,5,5,5,5,8,5,10,10,5,6,5,5,0,0,91,10,0
Marshall Islands,1955,202,62,85,23,9,5,5,10,10,10,14,20,19,10,0,5,5,5,5,5,5,9,5,10,10,10,9,5,5,0,0,94,10,0
Marshall Islands,1956,215,62,85,23,9,5,5,10,10,10,19,24,21,13,0,5,5,5,5,5,5,9,10,10,14,11,10,8,5,0,0,94,10,0
Marshall Islands,1957,228,63,86,23,9,5,5,10,10,10,18,25,29,16,2,5,5,5,5,5,5,8,10,10,15,15,14,10,6,2,0,95,10,0
Marshall Islands,1958,241,63,86,23,9,5,5,10,10,10,19,27,31,21,3,5,5,5,5,5,5,9,10,12,15,16,15,13,8,3,0,95,10,0
Marshall Islands,1959,249,63,86,23,9,5,5,10,10,10,20,28,36,23,4,5,5,5,5,5,5,10,10,13,15,19,17,14,9,4,0,95,10,0
Marshall Islands,1960,248,63,85,22,9,5,5,10,10,11,20,28,38,23,4,5,5,5,5,5,6,10,10,13,15,20,18,14,9,4,0,94,10,0
Marshall Islands,1961,248,62,83,21,8,5,5,10,10,11,20,29,39,23,4,5,5,5,5,5,6,10,10,13,16,20,19,14,9,4,0,91,10,0
Marshall Islands,1962,247,61,82,21,7,5,5,10,10,10,20,29,39,22,4,5,5,5,5,5,5,10,10,13,16,20,19,14,8,4,0,89,10,0
Marshall Islands,1963,248,61,82,21,7,5,5,10,10,11,20,31,40,21,3,5,5,5,5,5,6,10,10,14,17,20,20,14,7,3,0,89,10,0
Marshall Islands,1964,250,61,80,19,7,5,5,10,10,12,20,31,40,24,3,5,5,5,5,5,7,10,10,14,17,20,20,16,8,3,0,87,10,0
Marshall Islands,1965,254,61,80,19,7,5,5,10,10,12,20,31,40,27,3,5,5,5,5,5,7,10,10,14,17,20,20,17,10,3,0,87,10,0
Marshall Islands,1966,259,61,80,19,7,5,5,10,10,11,20,31,45,30,3,5,5,5,5,5,6,10,10,14,17,22,23,18,12,3,0,87,10,0
Marshall Islands,1967,266,62,81,19,7,5,5,10,10,12,20,31,48,32,5,5,5,5,5,5,7,10,10,14,17,23,25,19,13,5,0,88,10,0
Marshall Islands,1968,267,62,81,19,7,5,5,10,10,14,20,30,43,33,5,5,5,5,5,5,9,10,10,14,16,20,23,19,14,5,0,88,10,0
Marshall Islands,1969,267,65,84,19,7,5,5,10,10,18,20,28,38,31,5,5,5,5,5,8,10,10,10,13,15,18,20,17,14,5,0,91,10,0
Marshall Islands,1970,266,66,85,19,8,5,5,11,12,20,25,30,30,29,6,6,5,5,7,10,10,10,15,15,15,15,15,15,14,6,0,93,10,0
Marshall Islands,1971,264,67,86,19,8,5,7,12,12,20,28,30,28,22,6,7,5,5,7,10,10,13,15,15,15,15,13,10,12,6,0,94,12,0
Marshall Islands,1972,267,67,86,19,7,5,7,13,10,20,27,30,30,23,7,8,5,5,5,10,10,12,15,15,15,15,15,13,10,7,0,93,12,0
Marshall Islands,1973,271,68,87,19,7,5,7,14,10,18,25,30,34,26,7,9,5,5,5,8,10,10,15,15,15,15,19,15,11,7,0,94,12,0
Marshall Islands,1974,278,69,88,19,7,5,7,15,10,16,24,31,39,31,5,10,5,5,5,6,10,10,14,15,16,19,20,19,12,5,0,95,12,0
Marshall Islands,1975,280,71,90,19,7,5,7,16,10,16,24,30,39,30,5,10,6,5,5,6,10,10,14,15,15,19,20,18,12,5,0,97,12,0
Marshall Islands,1976,282,74,93,19,7,5,7,17,10,15,24,30,37,30,5,10,7,5,5,5,10,10,14,15,15,19,18,18,12,5,0,100,12,0
Marshall Islands,1977,284,75,94,19,8,5,7,19,10,14,24,32,36,29,5,10,9,5,5,5,9,10,14,16,16,18,18,18,11,5,0,102,12,0
Marshall Islands,1978,287,77,97,20,9,5,7,20,10,14,24,36,35,26,4,10,10,5,5,5,9,10,14,19,17,18,17,15,11,4,0,106,12,0
Marshall Islands,1979,290,79,99,20,9,5,7,20,11,14,23,39,35,25,4,10,10,6,5,5,9,10,13,20,19,17,18,15,10,4,0,108,12,0
Marshall Islands,1980,292,79,99,20,9,5,7,20,13,14,23,39,35,22,4,10,10,8,5,5,9,10,13,19,20,16,19,13,9,4,0,108,12,0
Marshall Islands,1981,295,80,100,20,9,5,7,20,15,14,23,39,33,23,4,10,10,10,5,5,9,10,13,19,20,18,15,14,9,4,0,109,12,0
Marshall Islands,1982,299,82,102,20,9,5,8,20,17,14,23,38,35,22,4,10,10,10,7,5,9,10,13,18,20,20,15,14,8,4,0,111,13,0
Marshall Islands,1983,302,82,103,21,9,5,8,20,19,13,25,40,36,21,4,10,10,10,9,5,8,10,15,18,22,20,16,13,8,4,0,112,13,0
Marshall Islands,1984,305,83,103,20,9,5,9,20,20,15,25,40,37,21,4,10,10,10,10,6,9,10,15,17,23,20,17,13,8,4,0,112,14,0
Marshall Islands,1985,310,83,105,22,10,5,9,20,20,19,25,41,39,22,4,10,10,10,10,10,9,10,15,17,24,21,18,14,8,4,0,115,14,0
Marshall Islands,1986,316,82,104,22,10,5,9,20,20,20,25,40,42,22,3,10,10,10,10,10,10,10,15,17,23,23,19,14,8,3,0,114,14,0
Marshall Islands,1987,323,81,102,21,10,5,9,20,20,20,24,40,45,20,3,10,10,10,10,10,10,10,14,17,23,24,21,13,7,3,0,112,14,0
Marshall Islands,1988,328,79,98,19,11,5,10,20,20,20,24,42,47,21,3,10,10,10,10,10,10,10,14,20,22,25,22,14,7,3,0,109,15,0
Marshall Islands,1989,333,76,95,19,12,6,10,20,20,20,24,43,48,23,3,10,10,10,10,10,10,10,14,20,23,25,23,15,8,3,0,107,16,0
Marshall Islands,1990,336,74,93,19,12,6,11,22,25,23,25,43,47,24,3,12,10,10,15,13,10,10,15,20,23,25,22,16,8,3,0,105,17,0
Marshall Islands,1991,337,71,88,17,12,7,12,24,26,25,25,41,48,23,3,14,10,11,15,15,10,10,15,19,22,25,23,16,7,3,0,100,19,0
Marshall Islands,1992,338,68,84,16,12,8,13,26,27,28,26,40,48,26,3,15,11,12,15,15,13,11,15,19,21,25,23,18,8,3,0,96,21,0
Marshall Islands,1993,340,66,82,16,11,10,13,30,30,30,25,38,48,26,3,15,15,15,15,15,15,10,15,18,20,25,23,18,8,3,0,93,23,0
Marshall Islands,1994,342,65,80,15,11,10,13,30,30,30,29,37,48,27,3,15,15,15,15,15,15,14,15,17,20,24,24,18,9,3,0,91,23,0
Marshall Islands,1995,341,64,78,14,11,10,14,30,30,30,30,37,47,26,3,15,15,15,15,15,15,15,15,17,20,23,24,17,9,3,0,89,24,0
Marshall Islands,1996,340,63,77,14,11,10,14,30,30,31,30,36,45,28,3,15,15,15,15,15,16,15,15,16,20,21,24,18,10,3,0,88,24,0
Marshall Islands,1997,340,63,77,14,11,10,14,30,30,34,30,36,43,28,3,15,15,15,15,15,19,15,15,16,20,20,23,18,10,3,0,88,24,0
Marshall Islands,1998,340,63,77,14,11,8,14,30,30,35,31,38,40,27,3,15,15,15,15,15,20,16,15,17,21,20,20,17,10,3,0,88,22,0
Marshall Islands,1999,341,64,79,15,11,8,14,30,30,35,33,38,39,27,3,15,15,15,15,15,20,18,15,17,21,19,20,17,10,3,0,90,22,0
Marshall Islands,2000,351,65,81,16,11,10,14,30,30,35,35,38,39,28,3,15,15,15,15,15,20,20,15,17,21,21,18,18,10,3,0,92,24,0
Marshall Islands,2001,346,64,79,15,10,7,14,30,30,35,37,36,40,27,4,15,15,15,15,15,20,20,17,16,20,23,17,18,9,4,0,89,21,0
Marshall Islands,2002,348,63,77,14,9,7,14,30,30,35,41,35,40,25,4,15,15,15,15,15,20,22,19,15,20,23,17,15,10,4,0,86,21,0
Marshall Islands,2003,351,63,77,14,9,7,14,30,30,35,44,36,41,25,4,15,15,15,15,15,20,23,21,16,20,23,18,15,10,4,0,86,21,0
Marshall Islands,2004,356,62,75,13,9,7,14,31,30,36,47,38,41,25,4,16,15,15,15,16,20,25,22,19,19,22,19,15,10,4,0,84,21,0
Marshall Islands,2005,361,61,74,13,9,6,15,32,30,36,49,38,41,25,4,17,15,15,15,16,20,25,24,20,18,21,20,15,10,4,0,83,21,0
Marshall Islands,2006,366,60,73,13,9,6,15,33,30,38,52,39,42,24,4,18,15,15,15,18,20,25,27,20,19,20,22,15,9,4,0,82,21,0
Marshall Islands,2007,370,58,70,12,9,6,14,33,30,39,52,40,42,24,4,18,15,15,15,19,20,25,27,21,19,20,22,15,9,4,0,79,20,0
Marshall Islands,2008,374,56,69,13,9,6,14,34,31,41,57,45,41,24,4,19,15,15,16,20,21,27,30,26,19,20,21,15,9,4,0,78,20,0
Marshall Islands,2009,373,54,66,12,9,6,14,34,31,41,57,47,39,24,4,19,15,15,16,20,21,27,30,27,20,19,20,15,9,4,0,75,20,0
Marshall Islands,2010,372,51,63,12,8,6,12,34,31,43,56,52,37,24,4,19,15,15,16,20,23,26,30,30,22,18,19,15,9,4,0,71,18,0
Marshall Islands,2011,369,49,60,11,8,6,12,30,30,44,58,54,32,23,4,15,15,15,15,20,24,26,32,31,23,17,15,14,9,4,0,68,18,0
Marshall Islands,2012,364,45,56,11,8,6,12,30,30,44,57,56,31,21,4,15,15,15,15,20,24,25,32,32,24,16,15,14,7,4,0,64,18,0
Marshall Islands,2013,361,41,52,11,8,6,12,30,31,43,59,59,32,22,4,15,15,15,16,20,23,26,33,33,26,17,15,14,8,4,0,60,18,0
Marshall Islands,2014,356,38,48,10,8,6,11,28,32,43,58,62,34,21,4,13,15,15,17,20,23,26,32,34,28,19,15,13,8,4,0,56,17,0
Marshall Islands,2015,351,35,43,8,7,5,10,26,31,44,56,65,33,20,4,11,15,15,16,20,24,25,31,35,30,19,14,12,8,4,0,50,15,0
Marshall Islands,2016,346,32,40,8,7,5,10,24,30,44,57,68,32,18,4,10,14,15,15,20,24,26,31,36,32,19,13,10,8,4,0,47,15,0
Marshall Islands,2017,342,29,37,8,7,5,9,23,31,43,57,71,33,18,3,10,13,15,16,20,23,28,29,37,34,21,12,10,8,3,0,44,14,0
Marshall Islands,2018,337,27,35,8,5,5,9,22,31,42,57,71,36,19,3,10,12,15,16,19,23,27,30,36,35,23,13,10,9,3,0,40,14,0
Marshall Islands,2019,333,25,31,6,5,5,8,20,32,41,57,72,40,19,3,10,10,15,17,19,22,27,30,36,36,26,14,10,9,3,0,36,13,0
Marshall Islands,2020,329,22,26,4,5,5,8,20,30,41,56,74,45,16,4,10,10,14,16,20,21,26,30,36,38,29,16,9,7,4,0,31,13,0
Marshall Islands,2021,325,20,24,4,5,5,8,18,27,41,55,73,48,16,3,10,8,12,15,20,21,25,30,34,39,32,16,9,7,3,0,29,13,0
Martinique,1950,3971,626,883,257,43,28,47,152,234,345,407,574,734,493,34,68,84,99,135,162,183,200,207,260,314,355,379,335,158,33,1,926,75,0
Martinique,1951,3784,604,852,248,45,27,47,148,223,339,399,544,689,448,29,66,82,95,128,159,180,197,202,249,295,335,354,309,139,28,1,897,74,0
Martinique,1952,3648,591,830,239,47,26,48,144,215,337,396,514,650,415,24,65,79,94,121,157,180,194,202,238,276,315,335,290,125,23,1,877,74,0
Martinique,1953,3528,575,808,233,50,25,48,139,210,336,395,492,616,390,23,63,76,94,116,157,179,190,205,229,263,297,319,275,115,22,1,858,73,0
Martinique,1954,3290,546,763,217,49,23,44,133,191,320,375,455,562,357,19,61,72,86,105,148,172,180,195,213,242,270,292,253,104,19,0,812,67,0
Martinique,1955,3065,528,729,201,46,22,42,120,176,299,353,420,512,325,18,55,65,80,96,137,162,171,182,197,223,245,267,231,94,18,0,775,64,0
Martinique,1956,3123,541,748,207,46,24,40,122,177,304,367,432,512,331,18,58,64,80,97,137,167,178,189,205,227,246,266,235,96,18,0,794,64,0
Martinique,1957,3101,543,752,209,45,25,38,119,177,299,370,432,500,325,19,57,62,79,98,131,168,180,190,209,223,241,259,230,95,18,1,797,63,0
Martinique,1958,3111,548,759,211,44,25,37,117,175,299,377,438,497,324,20,57,60,77,98,128,171,185,192,216,222,239,258,228,96,19,1,803,62,0
Martinique,1959,3058,532,743,211,44,25,36,113,170,290,375,434,485,320,21,54,59,75,95,122,168,184,191,217,217,233,252,224,96,20,1,787,61,0
Martinique,1960,2989,513,720,207,42,26,34,107,165,279,372,430,473,317,21,51,56,72,93,117,162,182,190,216,214,228,245,220,97,20,1,762,60,0
Martinique,1961,2910,485,685,200,42,26,35,101,158,269,370,428,461,311,21,46,55,68,90,114,155,180,190,214,214,224,237,213,98,20,1,727,61,0
Martinique,1962,2900,465,662,197,42,26,38,98,155,266,377,438,463,315,22,44,54,66,89,114,152,183,194,217,221,226,237,216,99,21,1,704,64,0
Martinique,1963,2756,423,607,184,43,26,37,93,144,247,366,426,440,305,22,41,52,61,83,108,139,177,189,210,216,213,227,207,98,21,1,650,63,0
Martinique,1964,2714,400,574,174,41,24,39,88,138,241,363,432,440,309,26,39,49,58,80,107,134,174,189,211,221,212,228,210,99,24,2,615,63,0
Martinique,1965,2618,367,529,162,40,23,39,82,131,228,355,426,429,307,26,37,45,56,75,101,127,168,187,208,218,205,224,208,99,24,2,569,62,0
Martinique,1966,2608,347,502,155,39,25,39,81,124,227,350,438,438,315,28,39,42,54,70,100,127,162,188,215,223,210,228,211,104,26,2,541,64,0
Martinique,1967,2600,332,481,149,41,26,40,81,123,224,347,443,441,322,29,42,39,53,70,98,126,157,190,218,225,214,227,214,108,27,2,522,66,0
Martinique,1968,2623,313,455,142,39,26,40,81,121,224,350,459,457,335,33,44,37,53,68,97,127,155,195,226,233,226,231,221,114,31,2,494,66,0
Martinique,1969,2558,286,417,131,37,26,39,82,114,216,340,460,454,338,34,46,36,50,64,92,124,148,192,227,233,228,226,222,116,32,2,454,65,0
Martinique,1970,2553,271,401,130,43,30,41,81,111,210,334,466,457,340,36,46,35,47,64,89,121,144,190,228,238,231,226,223,117,32,4,444,71,0
Martinique,1971,2477,239,353,114,33,26,38,77,104,203,326,470,461,345,40,44,33,43,61,84,119,144,182,230,240,234,227,226,119,36,4,386,64,0
Martinique,1972,2463,222,328,106,32,25,40,77,101,199,319,478,472,352,42,42,35,40,61,82,117,142,177,232,246,239,233,228,124,38,4,360,65,0
Martinique,1973,2439,200,296,96,29,24,41,78,95,193,313,485,484,354,43,41,37,36,59,78,115,142,171,234,251,245,239,228,126,39,4,325,65,0
Martinique,1974,2421,182,271,89,27,24,41,80,90,186,307,491,493,361,47,41,39,34,56,77,109,142,165,235,256,248,245,229,132,43,4,298,65,0
Martinique,1975,2374,163,243,80,26,23,42,80,85,179,300,485,500,363,50,41,39,33,52,74,105,138,162,229,256,252,248,230,133,43,7,269,65,0
Martinique,1976,2350,141,212,71,24,22,40,79,86,175,298,483,514,367,51,41,38,36,50,73,102,136,162,223,260,261,253,231,136,44,7,236,62,0
Martinique,1977,2330,126,188,62,21,19,40,80,82,172,292,479,527,374,55,43,37,37,45,74,98,132,160,216,263,267,260,236,138,48,7,209,59,0
Martinique,1978,2312,114,169,55,19,19,40,80,84,166,287,471,539,380,57,44,36,39,45,72,94,128,159,208,263,272,267,242,138,50,7,188,59,1
Martinique,1979,2307,105,154,49,18,17,39,81,83,160,285,465,552,390,62,46,35,41,42,68,92,126,159,201,264,276,276,249,141,52,10,172,56,1
Martinique,1980,2293,99,143,44,16,17,36,82,82,156,277,458,564,398,67,46,36,41,41,66,90,121,156,199,259,279,285,253,145,56,11,159,53,1
Martinique,1981,2290,97,138,41,13,15,35,81,84,149,270,450,576,410,67,44,37,41,43,61,88,117,153,197,253,283,293,262,148,56,11,151,50,1
Martinique,1982,2291,93,130,37,12,14,32,83,85,145,262,440,588,427,71,45,38,40,45,57,88,113,149,196,244,286,302,272,155,59,12,142,46,1
Martinique,1983,2278,91,128,37,11,12,30,85,85,139,252,427,592,440,72,45,40,38,47,54,85,107,145,193,234,284,308,281,159,60,12,139,42,1
Martinique,1984,2266,89,125,36,11,12,30,86,85,133,243,418,592,457,77,44,42,37,48,51,82,104,139,191,227,282,310,292,165,62,15,136,42,1
Martinique,1985,2260,87,122,35,9,10,27,87,84,128,238,408,592,476,79,44,43,37,47,50,78,103,135,187,221,279,313,304,172,64,15,131,37,1
Martinique,1986,2301,86,121,35,8,9,25,87,88,127,235,412,597,507,86,43,44,40,48,53,74,102,133,187,225,276,321,324,183,70,16,129,34,2
Martinique,1987,2301,85,119,34,8,8,25,86,87,125,228,405,591,529,90,41,45,41,46,56,69,101,127,181,224,268,323,336,193,74,16,127,33,2
Martinique,1988,2344,84,119,35,7,7,21,87,91,125,228,409,596,557,94,40,47,44,47,58,67,102,126,181,228,265,331,351,206,78,16,126,28,2
Martinique,1989,2383,83,117,34,7,6,20,84,92,130,226,410,602,585,103,37,47,46,46,63,67,101,125,179,231,263,339,363,222,84,19,124,26,2
Martinique,1990,2365,78,112,34,9,6,18,79,94,128,219,400,594,595,107,34,45,48,46,63,65,96,123,174,226,260,334,365,230,88,19,121,24,2
Martinique,1991,2458,76,109,33,7,6,17,75,100,135,222,409,612,640,121,31,44,50,50,64,71,94,128,177,232,271,341,387,253,98,23,116,23,3
Martinique,1992,2504,74,107,33,8,5,15,73,108,142,220,406,618,671,131,29,44,53,55,65,77,91,129,174,232,276,342,401,270,107,24,115,20,3
Martinique,1993,2529,70,101,31,8,5,14,70,109,147,219,400,617,695,140,29,41,53,56,65,82,90,129,171,229,277,340,413,282,114,26,109,19,3
Martinique,1994,2555,67,96,29,7,5,14,65,113,153,217,393,616,721,151,26,39,53,60,66,87,89,128,169,224,279,337,425,296,124,27,103,19,3
Martinique,1995,2577,65,93,28,7,5,12,60,116,158,216,388,616,736,165,24,36,52,64,67,91,91,125,168,220,278,338,430,306,134,31,100,17,4
Martinique,1996,2605,63,90,27,7,5,12,56,117,162,218,384,615,750,180,22,34,51,66,71,91,97,121,170,214,273,342,431,319,146,34,97,17,4
Martinique,1997,2630,61,88,27,7,5,12,53,117,167,221,381,619,764,192,20,33,49,68,75,92,104,117,171,210,272,347,432,332,155,37,95,17,5
Martinique,1998,2650,59,84,25,7,6,12,48,115,170,225,379,619,776,203,18,30,46,69,79,91,110,115,171,208,268,351,431,345,164,39,91,18,5
Martinique,1999,2670,57,82,25,7,5,12,46,109,174,229,375,618,787,217,17,29,43,66,83,91,115,114,170,205,264,354,431,356,173,44,89,17,6
Martinique,2000,2687,53,77,24,6,5,12,43,106,173,230,375,613,805,234,17,26,41,65,83,90,115,115,166,209,261,352,439,366,184,50,83,17,6
Martinique,2001,2764,48,71,23,6,5,12,40,100,179,234,381,625,843,259,16,24,38,62,86,93,115,119,164,217,266,359,460,383,202,57,77,17,7
Martinique,2002,2697,45,66,21,6,5,12,36,90,178,231,369,605,826,264,15,21,34,56,84,94,109,122,154,215,258,347,454,372,205,59,72,17,8
Martinique,2003,2663,42,60,18,6,5,10,33,81,174,228,362,597,825,275,15,18,30,51,80,94,104,124,146,216,256,341,456,369,212,63,66,15,9
Martinique,2004,2623,39,55,16,5,5,9,31,72,169,225,350,587,820,285,15,16,27,45,75,94,100,125,143,207,253,334,452,368,218,67,60,14,10
Martinique,2005,2575,36,52,16,5,5,8,23,64,161,218,340,577,814,296,10,13,24,40,69,92,98,120,143,197,252,325,443,371,224,72,57,13,11
Martinique,2006,2611,35,49,14,5,5,8,21,59,157,221,343,586,838,313,10,11,21,38,65,92,101,120,149,194,258,328,447,391,233,80,54,13,13
Martinique,2007,2608,39,52,13,5,5,8,21,54,151,219,336,574,847,322,10,11,19,35,61,90,100,119,148,188,250,324,446,401,236,86,57,13,15
Martinique,2008,2663,40,54,14,5,5,8,20,49,149,225,339,579,876,340,10,10,17,32,59,90,105,120,153,186,250,329,457,419,247,93,59,13,17
Martinique,2009,2687,39,53,14,3,3,7,20,46,144,224,340,576,889,361,10,10,15,31,56,88,105,119,156,184,249,327,459,430,260,101,56,10,19
Martinique,2010,2630,36,51,15,4,5,7,20,41,134,224,335,557,868,369,10,10,14,27,50,84,107,117,156,179,238,319,445,423,265,104,55,12,21
Martinique,2011,2614,33,46,13,3,2,6,20,35,123,223,332,546,869,389,10,10,12,23,45,78,107,116,155,177,230,316,444,425,280,109,49,8,24
Martinique,2012,2699,30,43,13,3,2,5,19,33,120,227,342,552,905,426,9,10,11,22,44,76,108,119,157,185,229,323,459,446,305,121,46,7,28
Martinique,2013,2755,28,39,11,3,1,5,15,31,112,230,344,554,930,457,5,10,11,20,40,72,107,123,156,188,225,329,466,464,327,130,42,6,32
Martinique,2014,2894,28,39,11,3,1,5,14,29,111,242,364,571,977,500,5,9,10,19,40,71,110,132,163,201,229,342,486,491,354,146,42,6,36
Martinique,2015,3011,30,41,11,3,1,5,14,27,103,248,379,586,1018,539,5,9,10,17,35,68,110,138,169,210,237,349,506,512,376,163,44,6,41
Martinique,2016,3112,29,41,12,4,1,5,14,27,99,253,393,599,1059,573,5,9,10,17,35,64,108,145,174,219,249,350,527,532,395,178,45,6,44
Martinique,2017,3178,27,39,12,3,1,5,13,25,90,253,403,608,1086,599,5,8,10,15,30,60,105,148,179,224,259,349,538,548,409,190,42,6,48
Martinique,2018,3187,27,38,11,3,1,5,11,23,82,245,405,605,1095,620,5,6,10,13,26,56,100,145,182,223,263,342,544,551,420,200,41,6,51
Martinique,2019,3219,27,38,11,2,1,5,10,23,76,237,411,608,1103,644,5,5,10,13,24,52,93,144,189,222,270,338,547,556,433,211,40,6,56
Martinique,2020,3226,28,39,11,2,1,5,10,21,69,225,412,611,1106,661,5,5,9,12,22,47,86,139,190,222,273,338,540,566,441,220,41,6,62
Martinique,2021,4135,31,42,11,2,1,5,10,20,75,274,570,855,1425,777,5,5,8,12,23,52,102,172,257,313,392,463,683,742,527,250,44,6,72
Mauritania,1950,15148,4637,8490,3853,955,460,523,1177,981,820,727,628,332,49,4,618,559,511,470,433,387,377,350,340,288,217,115,34,15,4,0,9445,983,0
Mauritania,1951,15160,4697,8415,3718,949,459,518,1170,979,829,750,663,365,57,5,614,556,508,471,437,392,387,363,358,305,234,131,42,15,5,0,9364,977,0
Mauritania,1952,15244,4733,8382,3649,948,459,518,1169,980,841,773,699,401,65,5,613,556,508,472,442,399,395,378,374,325,255,146,52,13,5,0,9330,977,0
Mauritania,1953,15369,4771,8373,3602,945,462,518,1173,989,857,795,736,437,74,6,616,557,513,476,448,409,404,391,391,345,275,162,61,13,6,0,9318,980,0
Mauritania,1954,15454,4814,8400,3586,919,460,514,1162,983,862,814,773,474,86,5,610,552,508,475,449,413,412,402,410,363,296,178,73,13,5,0,9319,974,0
Mauritania,1955,15530,4866,8424,3558,890,457,511,1151,977,869,831,806,510,100,4,604,547,504,473,451,418,418,413,425,381,315,195,83,17,4,0,9314,968,0
Mauritania,1956,15675,4919,8465,3546,875,458,512,1150,979,874,851,844,549,114,5,603,547,504,475,452,422,427,424,442,402,337,212,93,21,5,0,9340,970,0
Mauritania,1957,15811,4971,8499,3528,861,458,513,1145,980,882,868,881,588,132,5,601,544,504,476,454,428,433,435,459,422,358,230,106,26,5,0,9360,971,0
Mauritania,1958,15903,5022,8525,3503,848,452,510,1134,971,884,882,916,627,149,3,595,539,499,472,454,430,440,442,475,441,379,248,118,31,3,0,9373,962,0
Mauritania,1959,15969,5072,8569,3497,835,442,507,1110,954,875,893,947,667,165,4,583,527,490,464,448,427,444,449,486,461,400,267,128,37,4,0,9404,949,0
Mauritania,1960,15951,5121,8590,3469,821,423,496,1073,926,863,895,973,705,183,4,565,508,473,453,439,424,442,453,496,477,420,285,141,42,4,0,9411,919,0
Mauritania,1961,16052,5172,8610,3438,815,413,495,1065,918,865,909,1006,748,200,7,561,504,469,449,439,426,449,460,509,497,443,305,153,47,7,0,9425,908,0
Mauritania,1962,16182,5213,8629,3416,813,404,494,1062,916,873,927,1042,792,218,7,561,501,467,449,442,431,455,472,524,518,467,325,166,52,7,0,9442,898,0
Mauritania,1963,16292,5254,8642,3388,811,396,491,1054,913,876,946,1077,835,240,11,557,497,464,449,442,434,463,483,537,540,489,346,181,59,11,0,9453,887,0
Mauritania,1964,16333,5293,8652,3359,803,388,477,1034,897,872,953,1103,881,259,12,549,485,455,442,438,434,464,489,547,556,513,368,194,65,12,0,9455,865,0
Mauritania,1965,16458,5338,8662,3324,802,389,468,1032,894,880,972,1135,927,280,14,549,483,453,441,441,439,472,500,560,575,538,389,209,71,13,1,9464,857,0
Mauritania,1966,16543,5376,8662,3286,798,387,457,1026,889,880,986,1166,974,303,17,546,480,449,440,439,441,477,509,573,593,562,412,225,78,16,1,9460,844,0
Mauritania,1967,16627,5397,8645,3248,795,385,446,1020,884,884,1001,1198,1022,324,17,541,479,445,439,441,443,482,519,587,611,588,434,239,85,16,1,9440,831,0
Mauritania,1968,16673,5400,8629,3229,790,384,437,1000,868,881,1012,1228,1072,349,20,531,469,437,431,438,443,487,525,601,627,612,460,256,93,18,2,9419,821,0
Mauritania,1969,16759,5425,8636,3211,787,383,432,984,861,881,1022,1255,1119,372,24,518,466,431,430,435,446,489,533,613,642,635,484,272,100,22,2,9423,815,0
Mauritania,1970,16967,5483,8701,3218,794,386,436,979,862,890,1042,1288,1166,397,25,511,468,431,431,439,451,498,544,627,661,659,507,289,108,23,2,9495,822,0
Mauritania,1971,17229,5573,8846,3273,805,391,436,965,857,894,1053,1317,1213,423,26,501,464,429,428,440,454,502,551,640,677,681,532,307,116,24,2,9651,827,0
Mauritania,1972,17550,5689,9017,3328,817,398,441,958,859,901,1070,1347,1259,448,30,494,464,431,428,443,458,509,561,652,695,701,558,324,124,27,3,9834,839,0
Mauritania,1973,17900,5818,9212,3394,830,403,448,956,863,909,1083,1380,1304,473,34,492,464,433,430,446,463,515,568,665,715,722,582,342,131,30,4,10042,851,0
Mauritania,1974,18220,5942,9390,3448,840,412,454,951,864,914,1097,1410,1350,504,37,493,458,435,429,447,467,520,577,678,732,743,607,362,142,33,4,10230,866,0
Mauritania,1975,18408,6042,9522,3480,836,413,453,929,850,907,1101,1434,1392,531,38,488,441,427,423,443,464,522,579,687,747,762,630,380,151,34,4,10358,866,0
Mauritania,1976,18707,6113,9595,3482,844,423,466,941,868,923,1129,1475,1441,560,42,499,442,435,433,449,474,534,595,705,770,786,655,400,160,38,4,10439,889,0
Mauritania,1977,18868,6158,9618,3460,840,425,472,936,867,928,1144,1510,1488,592,43,502,434,434,433,451,477,540,604,720,790,812,676,422,170,39,4,10458,897,0
Mauritania,1978,18965,6171,9583,3412,831,428,479,936,866,935,1161,1543,1539,619,47,506,430,433,433,453,482,547,614,734,809,839,700,440,179,42,5,10414,907,0
Mauritania,1979,18933,6147,9500,3353,814,426,478,925,849,930,1169,1567,1581,646,48,504,421,419,430,448,482,549,620,742,825,860,721,459,187,43,5,10314,904,0
Mauritania,1980,18947,6152,9446,3294,798,420,479,919,832,925,1180,1595,1627,673,51,502,417,406,426,444,481,554,626,754,841,884,743,477,196,46,5,10244,899,0
Mauritania,1981,18970,6179,9415,3236,784,413,478,910,813,922,1188,1619,1673,700,54,499,411,392,421,442,480,555,633,763,856,906,767,494,206,49,5,10199,891,0
Mauritania,1982,18950,6167,9344,3177,767,406,474,902,795,918,1195,1644,1719,730,55,496,406,380,415,440,478,557,638,772,872,928,791,512,218,50,5,10111,880,0
Mauritania,1983,19053,6126,9231,3105,766,407,485,922,798,935,1224,1690,1778,758,61,508,414,379,419,447,488,569,655,793,897,956,822,531,227,54,7,9997,892,0
Mauritania,1984,19075,6058,9067,3009,759,407,494,940,799,950,1248,1728,1832,788,63,517,423,381,418,456,494,579,669,811,917,983,849,550,238,56,7,9826,901,1
Mauritania,1985,19118,5962,8861,2899,755,408,505,966,810,971,1279,1780,1895,821,68,532,434,391,419,466,505,592,687,834,946,1014,881,571,250,61,7,9616,913,1
Mauritania,1986,19156,5863,8669,2806,755,413,513,990,815,990,1306,1824,1952,853,72,545,445,398,417,473,517,604,702,854,970,1042,910,593,260,65,7,9424,926,1
Mauritania,1987,19059,5778,8474,2696,738,406,509,990,806,991,1321,1857,2003,886,73,545,445,398,408,472,519,609,712,868,989,1066,937,614,272,66,7,9212,915,1
Mauritania,1988,19007,5728,8326,2598,721,399,504,990,796,992,1333,1889,2053,919,79,544,446,397,399,469,523,613,720,881,1008,1090,963,638,281,71,8,9047,903,1
Mauritania,1989,19338,5763,8324,2561,726,405,517,1034,827,1020,1373,1948,2122,958,83,566,468,415,412,478,542,630,743,908,1040,1125,997,664,294,74,9,9050,922,1
Mauritania,1990,19303,5762,8270,2508,716,402,512,1013,814,1003,1378,1972,2163,982,80,554,459,408,406,464,539,631,747,917,1055,1144,1019,681,301,72,8,8986,914,1
Mauritania,1991,19689,5847,8360,2513,722,411,523,1041,840,1017,1413,2027,2231,1023,83,567,474,422,418,464,553,648,765,942,1085,1178,1053,708,315,77,6,9082,934,1
Mauritania,1992,19976,5974,8521,2547,716,410,521,1037,840,1008,1423,2057,2287,1063,91,564,473,422,418,455,553,652,771,954,1103,1204,1083,732,331,83,8,9237,931,1
Mauritania,1993,20919,6303,8916,2613,728,420,541,1102,900,1045,1475,2129,2378,1140,139,594,508,455,445,470,575,678,797,987,1142,1248,1130,776,364,108,31,9644,961,6
Mauritania,1994,21679,6497,9197,2700,749,434,563,1158,954,1084,1535,2206,2464,1188,143,620,538,483,471,492,592,709,826,1022,1184,1294,1170,806,382,114,29,9946,997,8
Mauritania,1995,22464,6670,9477,2807,772,449,585,1215,1017,1127,1597,2282,2550,1237,146,648,567,516,501,519,608,739,858,1058,1224,1338,1212,839,398,117,29,10249,1034,8
Mauritania,1996,23030,6707,9637,2930,813,471,608,1258,1068,1158,1653,2350,2622,1262,122,669,589,541,527,541,617,766,887,1089,1261,1378,1244,860,402,109,13,10450,1079,4
Mauritania,1997,22902,6687,9646,2959,801,458,590,1200,1033,1127,1644,2356,2657,1275,107,640,560,521,512,531,596,758,886,1089,1267,1393,1264,871,404,99,8,10447,1048,2
Mauritania,1998,23218,6746,9736,2990,815,460,594,1202,1050,1135,1669,2403,2723,1317,114,642,560,528,522,540,595,768,901,1108,1295,1427,1296,898,419,106,8,10551,1054,1
Mauritania,1999,23532,6856,9861,3005,832,464,598,1196,1056,1143,1679,2438,2787,1356,120,641,555,529,527,546,597,764,915,1122,1316,1457,1330,922,434,111,9,10693,1062,1
Mauritania,2000,23883,6958,9983,3025,841,466,602,1196,1069,1161,1687,2479,2856,1402,132,642,554,532,537,556,605,757,930,1139,1340,1490,1366,952,450,120,12,10824,1068,1
Mauritania,2001,24306,7065,10115,3050,853,473,609,1209,1088,1190,1706,2535,2932,1448,142,651,558,539,549,571,619,757,949,1165,1370,1528,1404,981,467,128,14,10968,1082,0
Mauritania,2002,24644,7121,10201,3080,862,481,617,1221,1103,1220,1727,2592,3001,1479,137,659,562,541,562,586,634,758,969,1193,1399,1563,1438,1004,475,124,13,11063,1098,1
Mauritania,2003,25011,7168,10265,3097,866,492,627,1242,1123,1259,1751,2653,3079,1517,134,673,569,548,575,606,653,764,987,1223,1430,1602,1477,1030,487,123,11,11131,1119,1
Mauritania,2004,25233,7248,10331,3083,854,499,625,1227,1118,1277,1758,2701,3146,1556,134,666,561,541,577,613,664,770,988,1248,1453,1634,1512,1057,499,125,9,11185,1124,0
Mauritania,2005,25727,7354,10440,3086,858,514,642,1263,1145,1326,1791,2778,3231,1600,138,688,575,551,594,637,689,795,996,1285,1493,1677,1554,1087,513,127,11,11298,1156,0
Mauritania,2006,26018,7431,10478,3047,851,519,647,1264,1146,1360,1813,2843,3312,1646,140,688,576,550,596,651,709,815,998,1312,1531,1717,1595,1118,528,130,10,11329,1166,0
Mauritania,2007,26172,7474,10497,3023,834,515,646,1253,1131,1374,1817,2891,3378,1691,146,682,571,541,590,655,719,827,990,1332,1559,1748,1630,1148,543,136,10,11331,1161,0
Mauritania,2008,26566,7517,10504,2987,829,516,666,1280,1152,1425,1861,2970,3467,1740,151,697,583,552,600,677,748,857,1004,1364,1606,1792,1675,1180,560,139,12,11333,1182,0
Mauritania,2009,27391,7554,10544,2990,813,496,655,1258,1131,1430,1904,3024,3764,2159,210,683,575,543,588,672,758,880,1024,1365,1659,1896,1868,1438,721,191,19,11357,1151,1
Mauritania,2010,28452,7584,10591,3007,810,484,650,1263,1131,1447,1972,3072,4042,2681,300,683,580,543,588,675,772,909,1063,1369,1703,1994,2048,1717,964,265,35,11401,1134,3
Mauritania,2011,29744,7647,10682,3035,818,477,647,1265,1140,1470,2051,3135,4309,3299,449,682,583,548,592,680,790,944,1107,1392,1743,2088,2221,2006,1293,383,66,11500,1124,3
Mauritania,2012,31123,7686,10749,3063,834,479,643,1267,1151,1488,2128,3194,4529,3971,683,680,587,554,597,685,803,974,1154,1423,1771,2161,2368,2279,1692,567,116,11583,1122,5
Mauritania,2013,32373,7631,10686,3055,843,474,627,1252,1149,1496,2190,3251,4693,4659,1047,670,582,553,596,688,808,996,1194,1464,1787,2206,2487,2528,2131,854,193,11529,1101,9
Mauritania,2014,31919,7401,10341,2940,848,482,638,1273,1173,1530,2249,3319,4648,4357,1046,681,592,566,607,701,829,1019,1230,1506,1813,2208,2440,2387,1970,867,179,11189,1120,14
Mauritania,2015,31503,7342,10127,2785,841,482,638,1273,1177,1549,2295,3384,4612,4079,1028,683,590,569,608,706,843,1035,1260,1546,1838,2210,2402,2269,1810,859,169,10968,1120,18
Mauritania,2016,31243,7277,9940,2663,841,488,643,1284,1194,1574,2349,3462,4601,3848,997,689,595,578,616,714,860,1056,1293,1589,1873,2221,2380,2178,1670,833,164,10781,1131,20
Mauritania,2017,30991,7197,9759,2562,832,488,645,1286,1202,1591,2394,3545,4607,3661,957,691,595,581,621,717,874,1074,1320,1632,1913,2240,2367,2109,1552,791,166,10591,1133,20
Mauritania,2018,30971,7148,9637,2489,819,497,657,1306,1226,1625,2457,3649,4645,3526,911,701,605,592,634,732,893,1101,1356,1684,1965,2275,2370,2064,1462,741,170,10456,1154,19
Mauritania,2019,30716,7054,9479,2425,775,491,654,1288,1218,1627,2492,3738,4671,3411,857,691,597,585,633,729,898,1117,1375,1724,2014,2301,2370,2026,1385,684,173,10254,1145,18
Mauritania,2020,33598,6978,9341,2363,753,494,667,1300,1306,1863,2997,4631,5480,3854,894,695,605,611,695,825,1038,1328,1669,2131,2500,2763,2717,2298,1556,710,184,10094,1161,18
Mauritania,2021,34347,6917,9209,2292,736,503,706,1392,1396,1980,3185,4934,5687,3786,813,741,651,655,741,877,1103,1421,1764,2279,2655,2897,2790,2309,1477,639,174,9945,1209,18
Mauritius,1950,8070,1871,2567,696,158,62,95,288,369,608,1003,1469,1187,259,1,139,149,157,212,264,344,454,549,702,767,709,478,218,41,1,0,2725,157,0
Mauritius,1951,8409,2106,2913,807,194,66,100,300,378,628,1014,1441,1161,210,0,140,160,162,216,275,353,463,551,693,748,697,464,190,20,0,0,3107,166,0
Mauritius,1952,8929,2380,3340,960,236,74,107,314,397,656,1041,1434,1148,179,0,145,169,174,223,290,366,479,562,693,741,692,456,168,11,0,0,3576,181,0
Mauritius,1953,9016,2487,3494,1007,268,80,111,319,407,667,1045,1379,1096,146,0,145,174,183,224,297,370,483,562,667,712,663,433,140,6,0,0,3762,191,0
Mauritius,1954,8708,2303,3191,888,219,83,105,306,396,651,1034,1345,1103,263,13,140,166,182,214,288,363,474,560,651,694,650,453,205,58,13,0,3410,188,0
Mauritius,1955,8238,2070,2814,744,193,82,100,284,383,626,1007,1303,1089,335,20,130,154,179,204,274,352,456,551,632,671,628,461,244,91,20,0,3007,182,0
Mauritius,1956,8104,1973,2655,682,188,85,95,272,382,626,1015,1298,1082,383,22,126,146,179,203,269,357,457,558,633,665,616,466,271,112,22,0,2843,180,0
Mauritius,1957,8292,1995,2679,684,191,90,97,269,393,637,1042,1334,1108,422,28,126,143,182,211,268,369,467,575,655,679,626,482,294,128,28,0,2870,187,0
Mauritius,1958,8522,2055,2757,702,190,96,101,268,405,653,1078,1372,1130,444,29,126,142,185,220,273,380,482,596,682,690,637,493,307,137,29,0,2947,197,0
Mauritius,1959,8461,2091,2797,706,182,96,105,257,398,632,1058,1351,1109,444,29,121,136,177,221,262,370,475,583,678,673,625,484,307,137,29,0,2979,201,0
Mauritius,1960,8348,2098,2799,701,186,98,113,248,393,613,1032,1323,1080,438,29,116,132,170,223,255,358,467,565,668,655,608,472,302,136,29,0,2985,211,0
Mauritius,1961,8244,2037,2695,658,170,88,108,237,374,586,1012,1336,1095,506,35,113,124,156,218,242,344,456,556,675,661,615,480,331,175,35,0,2865,196,0
Mauritius,1962,8169,1917,2530,613,159,86,104,230,359,567,995,1362,1126,596,60,111,119,143,216,236,331,449,546,686,676,630,496,360,236,59,1,2689,190,0
Mauritius,1963,7997,1812,2383,571,151,86,104,223,342,551,978,1364,1136,604,78,108,115,133,209,238,313,445,533,680,684,635,501,359,245,76,2,2534,190,0
Mauritius,1964,7677,1731,2279,548,146,83,104,217,319,534,955,1330,1105,535,72,106,111,125,194,240,294,437,518,655,675,617,488,336,199,69,3,2425,187,0
Mauritius,1965,7555,1708,2264,556,148,81,106,212,305,531,948,1312,1095,495,64,105,107,122,183,246,285,434,514,638,674,609,486,326,169,61,3,2412,187,0
Mauritius,1966,7834,1769,2379,610,158,83,112,220,303,547,978,1350,1136,504,59,112,108,126,177,258,289,442,536,650,700,628,508,343,161,56,3,2537,195,0
Mauritius,1967,8324,1837,2509,672,170,86,123,236,308,589,1034,1435,1227,549,58,123,113,133,175,276,313,456,578,688,747,676,551,378,171,55,3,2679,209,0
Mauritius,1968,8237,1767,2420,653,167,84,127,238,296,588,1016,1421,1243,580,54,126,112,130,166,270,318,436,580,679,742,683,560,397,183,51,3,2587,211,0
Mauritius,1969,7810,1546,2092,546,151,82,125,239,286,574,982,1386,1233,604,54,130,109,127,159,253,321,411,571,665,721,680,553,406,198,49,5,2243,207,0
Mauritius,1970,7456,1354,1808,454,141,79,122,237,274,563,956,1364,1222,631,59,129,108,121,153,235,328,393,563,660,704,676,546,411,220,53,6,1949,201,0
Mauritius,1971,7659,1317,1751,434,142,80,126,254,281,574,976,1418,1279,702,79,139,115,122,159,226,348,400,576,690,728,707,572,440,262,71,8,1893,206,0
Mauritius,1972,7970,1366,1816,450,156,82,127,270,283,578,991,1467,1325,767,108,149,121,121,162,218,360,414,577,718,749,732,593,462,305,98,10,1972,209,0
Mauritius,1973,7953,1381,1817,436,148,80,124,279,279,559,974,1469,1331,767,128,153,126,120,159,206,353,420,554,723,746,734,597,459,308,115,13,1965,204,0
Mauritius,1974,7898,1272,1643,371,128,83,126,295,288,564,1015,1534,1371,726,120,160,135,124,164,208,356,458,557,756,778,758,613,449,277,108,12,1771,209,0
Mauritius,1975,7773,1112,1414,302,111,85,128,309,296,557,1046,1580,1413,715,116,165,144,131,165,212,345,491,555,778,802,777,636,452,263,105,11,1525,213,1
Mauritius,1976,7794,1008,1259,251,101,87,132,329,307,559,1099,1642,1461,711,111,170,159,140,167,222,337,529,570,802,840,800,661,460,251,100,11,1360,219,0
Mauritius,1977,7487,937,1160,223,96,83,127,324,299,519,1073,1583,1427,695,103,162,162,140,159,214,305,516,557,760,823,778,649,455,240,92,11,1256,210,0
Mauritius,1978,7246,888,1095,207,86,78,123,317,295,488,1056,1526,1400,685,96,155,162,142,153,208,280,498,558,716,810,761,639,451,234,85,11,1181,201,0
Mauritius,1979,7079,843,1038,195,78,74,120,310,296,467,1039,1478,1385,695,94,149,161,145,151,201,266,470,569,675,803,750,635,457,238,82,12,1116,194,0
Mauritius,1980,7025,786,968,182,69,69,120,308,304,456,1030,1463,1403,733,100,148,160,151,153,194,262,440,590,655,808,759,644,476,257,86,14,1037,189,0
Mauritius,1981,6862,709,874,165,64,64,118,300,312,441,991,1420,1402,766,108,145,155,158,154,185,256,397,594,633,787,759,643,489,277,94,14,938,182,1
Mauritius,1982,6854,629,774,145,61,59,117,298,326,439,972,1423,1440,817,125,145,153,166,160,182,257,369,603,644,779,778,662,510,307,107,18,835,176,1
Mauritius,1983,6989,565,694,129,60,57,117,303,345,448,970,1458,1511,879,150,149,154,175,170,185,263,358,612,679,779,818,693,541,338,127,23,754,174,1
Mauritius,1984,7178,518,635,117,57,56,116,312,368,461,973,1513,1590,925,173,154,158,183,185,193,268,362,611,735,778,866,724,570,355,146,27,692,172,1
Mauritius,1985,7253,482,592,110,57,55,110,321,383,470,954,1558,1639,936,176,159,162,187,196,201,269,366,588,784,774,893,746,582,354,151,25,649,165,1
Mauritius,1986,7246,458,566,108,56,52,103,321,394,471,919,1584,1658,940,178,158,163,185,209,208,263,372,547,813,771,895,763,586,354,153,25,622,155,2
Mauritius,1987,7264,470,575,105,53,50,97,319,405,477,885,1606,1663,949,181,156,163,184,221,217,260,376,509,825,781,885,778,591,358,155,26,628,147,3
Mauritius,1988,7372,473,571,98,49,49,93,321,421,493,877,1651,1684,978,185,155,166,186,235,231,262,382,495,832,819,878,806,607,371,157,28,620,142,2
Mauritius,1989,7308,458,545,87,43,46,87,309,421,502,854,1649,1661,994,198,145,164,183,238,240,262,374,480,797,852,842,819,612,382,163,35,588,133,2
Mauritius,1990,7241,436,515,79,38,44,82,297,417,517,836,1632,1641,1012,208,135,162,182,235,250,267,363,473,746,886,814,827,625,387,169,39,553,126,2
Mauritius,1991,7074,411,485,74,34,42,77,282,404,527,812,1575,1609,1019,216,123,159,178,226,259,268,347,465,678,897,793,816,631,388,174,42,519,119,3
Mauritius,1992,7189,412,486,74,31,40,75,277,407,559,820,1563,1644,1056,226,118,159,181,226,276,283,345,475,641,922,819,825,654,402,182,44,517,115,4
Mauritius,1993,7393,409,485,76,32,37,73,276,417,598,843,1571,1710,1111,238,116,160,186,231,294,304,354,489,630,941,874,836,690,421,192,46,517,110,5
Mauritius,1994,7531,408,488,80,32,35,72,268,428,629,854,1551,1766,1159,249,112,156,191,237,305,324,364,490,625,926,937,829,721,438,201,48,520,107,5
Mauritius,1995,7591,402,485,83,31,32,70,258,430,651,860,1509,1813,1190,256,109,149,192,238,309,342,375,485,627,882,992,821,739,451,206,50,516,102,6
Mauritius,1996,7851,406,489,83,33,29,69,251,447,693,892,1506,1915,1248,269,107,144,199,248,317,376,400,492,654,852,1063,852,773,475,216,53,522,98,6
Mauritius,1997,7911,392,473,81,31,28,66,240,448,716,906,1470,1969,1277,278,103,137,198,250,315,401,419,487,666,804,1091,878,786,491,222,56,504,94,7
Mauritius,1998,8038,360,435,75,30,27,63,234,454,742,942,1464,2039,1312,292,101,133,198,256,318,424,449,493,679,785,1106,933,796,516,234,58,465,90,7
Mauritius,1999,7943,356,424,68,28,26,56,220,439,735,953,1420,2027,1307,302,94,126,187,252,312,423,461,492,659,761,1058,969,775,532,240,62,452,82,7
Mauritius,2000,8037,325,385,60,28,26,51,215,438,748,998,1425,2057,1343,319,93,122,181,257,318,430,489,509,657,768,1021,1036,784,559,254,65,413,77,8
Mauritius,2001,8144,297,352,55,26,25,48,207,429,753,1058,1438,2064,1397,340,90,117,170,259,322,431,525,533,653,785,970,1094,809,588,270,70,378,73,9
Mauritius,2002,8336,285,335,50,26,26,43,200,424,767,1138,1470,2073,1454,370,87,113,162,262,330,437,568,570,657,813,935,1138,848,606,289,81,361,69,11
Mauritius,2003,8415,270,319,49,26,24,40,190,411,767,1196,1482,2053,1498,395,80,110,155,256,332,435,594,602,661,821,909,1144,888,610,304,91,345,64,14
Mauritius,2004,8533,265,312,47,25,22,40,181,400,776,1245,1498,2035,1559,422,74,107,151,249,336,440,611,634,676,822,906,1129,946,613,323,99,337,62,16
Mauritius,2005,8652,256,303,47,23,22,40,170,381,789,1294,1522,2012,1631,445,66,104,144,237,342,447,621,673,703,819,920,1092,1009,622,339,106,326,62,18
Mauritius,2006,8749,238,285,47,21,22,39,162,364,795,1343,1549,1984,1702,465,61,101,140,224,344,451,623,720,734,815,941,1043,1060,642,354,111,306,61,20
Mauritius,2007,8875,227,271,44,21,22,38,152,350,805,1401,1589,1966,1761,478,56,96,135,215,346,459,627,774,777,812,965,1001,1093,668,363,115,292,60,21
Mauritius,2008,8960,213,254,41,21,20,37,144,335,802,1432,1637,1955,1808,494,54,90,131,204,339,463,624,808,819,818,975,980,1104,704,373,121,275,57,23
Mauritius,2009,9023,198,238,40,17,19,35,131,321,790,1450,1695,1947,1842,511,51,80,126,195,324,466,625,825,859,836,970,977,1093,749,381,130,255,54,24
Mauritius,2010,9040,191,227,36,16,17,35,122,306,764,1446,1750,1940,1854,531,50,72,121,185,303,461,623,823,894,856,958,982,1058,796,393,138,243,52,26
Mauritius,2011,9147,190,226,36,16,16,34,112,294,744,1442,1844,1961,1867,560,48,64,116,178,283,461,623,819,954,890,952,1009,1025,842,414,146,242,50,28
Mauritius,2012,9344,192,228,36,16,16,32,109,282,727,1449,1960,2000,1892,602,48,61,111,171,268,459,630,819,1018,942,956,1044,1005,887,443,159,244,48,32
Mauritius,2013,9350,181,218,37,16,14,30,103,265,701,1436,2033,1998,1873,628,46,57,101,164,253,448,628,808,1051,982,953,1045,982,891,462,166,234,44,34
Mauritius,2014,9577,174,206,32,12,12,29,101,254,680,1464,2135,2053,1912,678,46,55,93,161,246,434,641,823,1090,1045,992,1061,1005,907,500,178,218,41,38
Mauritius,2015,9803,164,195,31,12,12,27,98,243,658,1493,2229,2117,1946,732,44,54,85,158,240,418,653,840,1113,1116,1043,1074,1039,907,542,190,207,39,42
Mauritius,2016,10095,166,196,30,11,12,26,98,233,634,1525,2342,2195,1989,784,44,54,78,155,235,399,665,860,1131,1211,1105,1090,1089,900,580,204,207,38,45
Mauritius,2017,10524,173,203,30,12,12,25,99,226,621,1570,2484,2320,2064,838,44,55,74,152,233,388,680,890,1160,1324,1198,1122,1153,911,619,219,215,37,47
Mauritius,2018,10786,176,207,31,12,11,24,95,214,599,1583,2575,2429,2116,871,41,54,71,143,226,373,674,909,1175,1400,1277,1152,1191,925,642,229,219,35,49
Mauritius,2019,10891,180,213,33,11,11,22,94,199,579,1565,2612,2531,2131,875,40,54,70,129,221,358,650,915,1181,1431,1344,1187,1193,938,641,234,224,33,48
Mauritius,2020,11243,188,221,33,11,23,64,224,381,822,1531,2428,2486,2133,873,92,132,148,233,387,435,652,879,1112,1316,1276,1210,1171,962,634,239,232,87,47
Mauritius,2021,12527,193,227,34,11,16,57,214,362,805,1586,2725,3016,2504,955,90,124,143,219,357,448,638,948,1219,1506,1565,1451,1343,1161,694,261,238,73,50
Mayotte,1950,540,166,254,88,17,10,11,30,22,20,27,45,60,36,5,15,15,12,10,10,10,12,15,19,26,30,30,24,12,5,0,271,21,0
Mayotte,1951,536,165,254,89,17,10,10,30,20,20,26,43,60,36,4,15,15,10,10,10,10,11,15,19,24,30,30,24,12,4,0,271,20,0
Mayotte,1952,515,159,242,83,17,10,10,20,20,20,26,42,60,35,4,10,10,10,10,10,10,11,15,18,24,30,30,23,12,4,0,259,20,0
Mayotte,1953,497,153,230,77,17,10,10,20,20,20,25,41,59,35,4,10,10,10,10,10,10,10,15,18,23,29,30,23,12,4,0,247,20,0
Mayotte,1954,477,147,217,70,17,7,10,20,20,20,25,40,58,35,4,10,10,10,10,10,10,10,15,18,22,29,29,23,12,4,0,234,17,0
Mayotte,1955,458,141,205,64,17,6,10,20,20,20,24,39,57,34,4,10,10,10,10,10,10,10,14,17,22,28,29,22,12,4,0,222,16,0
Mayotte,1956,441,135,194,59,17,6,9,20,20,20,24,39,56,34,4,10,10,10,10,10,10,10,14,17,22,27,29,22,12,4,0,211,15,0
Mayotte,1957,425,130,184,54,16,6,9,20,20,20,24,38,54,34,4,10,10,10,10,10,10,10,14,17,21,26,28,22,12,4,0,200,15,0
Mayotte,1958,410,125,175,50,16,6,8,20,20,20,24,38,50,33,4,10,10,10,10,10,10,10,14,17,21,25,25,21,12,4,0,191,14,0
Mayotte,1959,399,120,166,46,16,6,8,20,20,20,24,37,50,33,4,10,10,10,10,10,10,10,14,17,20,25,25,21,12,4,0,182,14,0
Mayotte,1960,387,115,158,43,14,7,8,20,20,20,23,37,50,31,4,10,10,10,10,10,10,10,13,17,20,25,25,20,11,4,0,172,15,0
Mayotte,1961,374,110,150,40,14,7,9,16,16,20,23,36,49,31,4,10,6,6,10,10,10,10,13,16,20,24,25,20,11,4,0,164,16,0
Mayotte,1962,364,106,142,36,13,7,10,15,15,20,23,36,49,31,4,10,5,5,10,10,10,10,13,16,20,24,25,20,11,4,0,155,17,0
Mayotte,1963,353,102,137,35,13,7,10,14,13,20,23,36,49,29,4,9,5,5,8,10,10,10,13,16,20,24,25,19,10,4,0,150,17,0
Mayotte,1964,345,98,130,32,13,6,10,13,12,20,23,36,47,29,4,8,5,5,7,10,10,10,13,16,20,23,24,19,10,4,0,143,16,0
Mayotte,1965,338,95,126,31,12,6,10,13,11,20,24,36,47,28,3,8,5,5,6,10,10,10,14,16,20,23,24,18,10,3,0,138,16,0
Mayotte,1966,328,93,122,29,10,5,10,13,10,19,23,36,46,28,3,8,5,5,5,9,10,10,13,16,20,23,23,18,10,3,0,132,15,0
Mayotte,1967,323,91,117,26,10,5,10,13,10,18,24,35,43,28,3,8,5,5,5,8,10,10,14,15,20,22,21,18,10,3,0,127,15,0
Mayotte,1968,318,90,116,26,10,5,10,13,10,17,24,35,43,28,3,8,5,5,5,7,10,10,14,15,20,22,21,18,10,3,0,126,15,0
Mayotte,1969,315,89,114,25,9,5,10,14,10,17,24,35,43,27,3,9,5,5,5,7,10,10,14,15,20,22,21,17,10,3,0,123,15,0
Mayotte,1970,309,87,111,24,9,5,9,14,10,16,24,35,43,27,3,9,5,5,5,6,10,10,14,15,20,22,21,17,10,3,0,120,14,0
Mayotte,1971,303,85,108,23,9,5,9,14,10,15,24,35,41,27,3,9,5,5,5,5,10,10,14,15,20,21,20,17,10,3,0,117,14,0
Mayotte,1972,297,84,105,21,7,5,8,14,10,14,23,35,40,27,3,9,5,5,5,5,9,10,13,15,20,20,20,17,10,3,0,112,13,0
Mayotte,1973,294,82,103,21,7,5,8,15,10,13,23,36,40,27,3,10,5,5,5,5,8,10,13,16,20,20,20,17,10,3,0,110,13,0
Mayotte,1974,292,81,100,19,7,5,8,15,10,13,24,36,43,26,3,10,5,5,5,5,8,10,14,16,20,22,21,17,9,3,0,107,13,0
Mayotte,1975,287,79,98,19,7,5,8,15,10,12,23,36,43,26,3,10,5,5,5,5,7,10,13,16,20,22,21,17,9,3,0,105,13,0
Mayotte,1976,284,77,96,19,7,5,8,15,10,12,23,36,42,26,3,10,5,5,5,5,7,10,13,16,20,21,21,17,9,3,0,103,13,0
Mayotte,1977,281,75,93,18,7,5,7,15,10,11,23,36,43,26,3,10,5,5,5,5,6,10,13,16,20,21,22,17,9,3,0,100,12,0
Mayotte,1978,279,74,91,17,7,5,7,15,10,11,23,37,43,27,3,10,5,5,5,5,6,10,13,17,20,21,22,17,10,3,0,98,12,0
Mayotte,1979,277,73,89,16,7,5,7,14,10,10,23,37,44,27,4,9,5,5,5,5,5,10,13,17,20,22,22,17,10,4,0,96,12,0
Mayotte,1980,278,72,87,15,7,5,7,14,10,10,23,37,46,28,4,9,5,5,5,5,5,10,13,17,20,23,23,18,10,4,0,94,12,0
Mayotte,1981,279,71,85,14,6,5,7,14,10,10,23,37,47,28,4,9,5,5,5,5,5,10,13,17,20,24,23,18,10,4,0,91,12,0
Mayotte,1982,280,71,85,14,6,5,7,15,10,10,23,37,48,28,4,10,5,5,5,5,5,10,13,17,20,25,23,18,10,4,0,91,12,0
Mayotte,1983,285,70,84,14,6,5,7,17,10,11,23,38,49,28,4,10,7,5,5,5,6,10,13,18,20,25,24,18,10,4,0,90,12,0
Mayotte,1984,282,70,84,14,6,5,7,15,10,10,22,38,49,30,4,10,5,5,5,5,5,10,12,17,21,25,24,19,11,4,0,90,12,0
Mayotte,1985,287,69,83,14,6,5,7,17,10,12,22,40,49,31,4,10,7,5,5,5,7,10,12,18,22,25,24,19,12,4,0,89,12,0
Mayotte,1986,294,68,82,14,6,5,7,20,19,13,23,41,50,31,4,10,10,10,9,5,8,10,13,18,23,25,25,19,12,4,0,88,12,0
Mayotte,1987,295,68,80,12,6,5,7,20,20,14,22,41,50,31,4,10,10,10,10,6,8,10,12,18,23,25,25,19,12,4,0,86,12,0
Mayotte,1988,305,68,80,12,6,5,7,20,20,20,23,42,55,33,4,10,10,10,10,10,10,10,13,18,24,28,27,21,12,4,0,86,12,0
Mayotte,1989,315,67,79,12,6,5,8,20,20,20,24,42,57,35,4,10,10,10,10,10,10,10,14,18,24,29,28,22,13,4,0,85,13,0
Mayotte,1990,321,67,79,12,6,5,8,20,20,20,24,42,60,36,5,10,10,10,10,10,10,10,14,18,24,30,30,23,13,5,0,85,13,0
Mayotte,1991,327,66,78,12,6,5,8,20,20,20,26,42,60,38,6,10,10,10,10,10,10,11,15,18,24,30,30,25,13,6,0,84,13,0
Mayotte,1992,338,65,76,11,6,5,8,20,20,20,27,43,61,41,6,10,10,10,10,10,10,12,15,19,24,30,31,27,14,6,0,82,13,0
Mayotte,1993,350,64,75,11,6,5,8,20,20,30,30,45,65,42,6,10,10,10,10,15,15,15,15,20,25,31,34,27,15,6,0,81,13,0
Mayotte,1994,358,64,75,11,6,5,8,20,21,30,30,45,66,47,6,10,10,10,11,15,15,15,15,20,25,31,35,29,18,6,0,81,13,0
Mayotte,1995,374,62,73,11,6,5,8,20,23,30,32,46,67,51,7,10,10,10,13,15,15,15,17,20,26,32,35,31,20,7,0,79,13,0
Mayotte,1996,378,61,72,11,6,5,8,20,23,31,33,47,68,54,8,10,10,10,13,15,16,15,18,21,26,33,35,33,21,7,1,78,13,0
Mayotte,1997,393,59,70,11,6,5,8,20,25,35,40,48,71,57,9,10,10,10,15,15,20,20,20,22,26,33,38,35,22,8,1,76,13,0
Mayotte,1998,403,57,67,10,6,5,8,20,26,37,40,50,72,61,10,10,10,11,15,17,20,20,20,23,27,33,39,37,24,9,1,73,13,0
Mayotte,1999,402,55,65,10,5,5,8,20,25,36,40,51,72,62,11,10,10,10,15,16,20,20,20,24,27,33,39,37,25,10,1,70,13,0
Mayotte,2000,412,52,62,10,5,5,9,20,25,39,46,53,73,63,12,10,10,10,15,18,21,25,21,25,28,33,40,38,25,11,1,67,14,0
Mayotte,2001,422,50,59,9,5,5,9,20,26,42,50,54,73,65,13,10,10,11,15,19,23,25,25,25,29,33,40,38,27,11,2,64,14,0
Mayotte,2002,433,48,57,9,5,5,9,20,27,43,53,56,74,67,13,10,10,12,15,19,24,28,25,26,30,34,40,39,28,11,2,62,14,0
Mayotte,2003,443,46,55,9,5,5,9,20,27,45,60,57,75,68,14,10,10,12,15,20,25,30,30,27,30,35,40,39,29,12,2,60,14,0
Mayotte,2004,455,44,53,9,5,5,9,20,27,46,61,61,75,70,16,10,10,12,15,20,26,30,31,30,31,35,40,40,30,13,3,58,14,0
Mayotte,2005,456,43,51,8,5,5,9,20,28,44,60,63,77,71,18,10,10,13,15,20,24,30,30,30,33,37,40,40,31,15,3,56,14,0
Mayotte,2006,459,42,50,8,5,5,9,20,29,42,58,64,78,73,18,10,10,14,15,19,23,28,30,30,34,38,40,40,33,15,3,55,14,0
Mayotte,2007,457,41,48,7,5,5,9,20,30,40,56,66,79,73,20,10,10,15,15,19,21,26,30,31,35,39,40,40,33,17,3,53,14,0
Mayotte,2008,467,39,46,7,5,5,9,20,30,42,59,70,80,75,21,10,10,14,16,20,22,27,32,35,35,40,40,40,35,17,4,51,14,0
Mayotte,2009,475,36,43,7,5,5,10,20,30,43,61,71,83,76,23,10,10,14,16,20,23,28,33,35,36,40,43,40,36,18,5,48,15,1
Mayotte,2010,484,34,41,7,5,5,10,20,31,44,64,72,85,78,24,10,10,14,17,20,24,29,35,35,37,40,45,42,36,19,5,46,15,1
Mayotte,2011,494,33,40,7,5,5,9,20,31,46,66,80,86,80,26,10,10,14,17,21,25,30,36,40,40,41,45,43,37,21,5,45,14,1
Mayotte,2012,509,32,38,6,5,5,12,21,32,47,69,80,89,83,27,11,10,14,18,22,25,32,37,40,40,43,46,45,38,21,6,43,17,1
Mayotte,2013,534,33,39,6,5,5,12,22,32,51,72,87,92,85,30,12,10,14,18,24,27,33,39,45,42,45,47,48,37,23,7,44,17,1
Mayotte,2014,565,35,41,6,5,5,12,24,34,56,77,92,96,89,31,13,11,15,19,26,30,35,42,47,45,46,50,50,39,24,7,46,17,1
Mayotte,2015,602,38,45,7,5,5,13,30,36,62,82,100,100,94,32,15,15,15,21,28,34,38,44,50,50,50,50,54,40,24,8,50,18,1
Mayotte,2016,633,41,48,7,5,5,13,30,38,63,87,106,104,97,34,15,15,16,22,28,35,40,47,52,54,50,54,55,42,25,9,53,18,1
Mayotte,2017,662,43,51,8,5,6,13,30,39,68,91,111,106,100,35,15,15,17,22,30,38,42,49,53,58,52,54,55,45,26,9,56,19,1
Mayotte,2018,701,44,53,9,5,6,13,33,43,73,99,118,114,109,36,15,18,20,23,32,41,46,53,56,62,57,57,60,49,27,9,58,19,1
Mayotte,2019,732,45,54,9,6,6,14,34,45,76,105,125,118,110,36,15,19,20,25,33,43,50,55,60,65,61,57,60,50,26,10,60,20,1
Mayotte,2020,871,43,52,9,6,6,16,34,46,82,131,169,153,132,40,15,19,20,26,34,48,61,70,80,89,83,70,70,62,30,10,58,22,2
Mayotte,2021,999,43,52,9,6,6,16,37,57,105,156,193,178,148,45,17,20,25,32,44,61,74,82,93,100,98,80,80,68,34,11,58,22,2
Mexico,1950,592738,216786,322225,105439,26016,12140,14491,26265,31031,33106,30906,36730,34502,22330,2988,12017,14248,15278,15753,16561,16545,15722,15184,18505,18225,17832,16670,14129,8201,2630,358,348241,26631,13
Mexico,1951,587209,217669,323062,105393,26833,10611,13350,28450,30493,32850,28784,35897,32343,20912,3560,13698,14752,14451,16042,16225,16625,15436,13348,18289,17608,16784,15559,12891,8021,2933,627,349895,23961,65
Mexico,1952,570356,213137,313817,100680,25501,9647,12269,29080,29509,31782,27745,34636,30653,20633,4920,14271,14809,13870,15639,15513,16269,15124,12621,17469,17167,16054,14599,12239,8394,3766,1154,339318,21916,162
Mexico,1953,553076,208536,304899,96363,23723,9010,11276,28569,28380,30356,27391,33332,29389,20480,6037,14018,14551,13467,14913,14655,15701,14820,12571,16478,16854,15594,13795,11785,8695,4463,1574,328622,20286,239
Mexico,1954,537419,204305,296701,92396,22015,8559,10497,27548,27324,28886,27416,32091,28580,20463,7031,13418,14130,13161,14163,13812,15074,14533,12883,15564,16527,15349,13231,11521,8942,5080,1951,318716,19056,311
Mexico,1955,523892,199652,288393,88741,20718,8219,10002,26665,26527,27652,27572,30940,28297,20611,7920,12937,13728,12906,13621,13116,14536,14273,13299,14944,15996,15326,12971,11401,9210,5642,2278,309111,18221,373
Mexico,1956,513334,195589,280774,85185,19942,7939,9753,26080,26019,26653,27705,29993,28436,20865,8734,12678,13402,12675,13344,12575,14078,14048,13657,14690,15303,15468,12968,11374,9491,6154,2580,300716,17692,436
Mexico,1957,505265,192129,273962,81833,19556,7714,9676,25662,25733,25828,27807,29387,28778,21151,9504,12536,13126,12457,13276,12171,13657,13888,13919,14749,14638,15665,13113,11407,9744,6630,2874,293518,17390,503
Mexico,1958,498762,188802,267624,78822,19341,7555,9681,25324,25586,25146,27899,29137,29169,21436,10269,12444,12880,12252,13334,11889,13257,13770,14129,15032,14105,15853,13316,11478,9958,7056,3213,286965,17236,594
Mexico,1959,492873,185842,261856,76014,19132,7421,9677,25010,25490,24547,27929,29194,29501,21725,10787,12366,12644,12066,13424,11689,12858,13656,14273,15451,13743,15953,13548,11576,10149,7410,3377,280988,17098,605
Mexico,1960,488005,183715,257295,73580,18837,7280,9610,24711,25470,24116,27955,29638,29647,21782,11015,12242,12469,11963,13507,11589,12527,13597,14358,15987,13651,15841,13806,11626,10156,7510,3505,276132,16890,650
Mexico,1961,481373,182009,253590,71581,18479,7145,9457,24311,25424,23893,28006,30587,29634,20665,9627,12010,12301,11906,13518,11601,12292,13575,14431,16619,13968,15635,13999,11304,9361,6632,2995,272069,16602,557
Mexico,1962,477192,181195,251035,69840,18140,7024,9301,23982,25414,23842,28065,31766,29683,19852,8580,11810,12172,11912,13502,11718,12124,13531,14534,17207,14559,15451,14232,11097,8755,5926,2654,269175,16325,504
Mexico,1963,474550,180653,248958,68305,17911,6909,9210,23702,25396,23950,28146,33117,29869,19264,7687,11640,12062,11935,13461,11907,12043,13471,14675,17758,15359,15381,14488,10969,8295,5349,2338,266869,16119,437
Mexico,1964,473677,180306,247320,67014,17900,6840,9187,23524,25396,24202,28299,34560,30206,18914,6954,11520,12004,11968,13428,12144,12058,13416,14883,18249,16311,15469,14737,10946,7968,4896,2058,265220,16027,370
Mexico,1965,474221,179610,245465,65855,18194,6868,9227,23492,25476,24604,28545,36004,30701,18875,6435,11499,11993,12022,13454,12422,12182,13379,15166,18610,17394,15797,14904,11091,7784,4570,1865,263659,16095,334
Mexico,1966,475946,178609,243292,64683,18732,6976,9339,23603,25654,25154,28849,37385,31424,19118,6102,11576,12027,12101,13553,12722,12432,13373,15476,18876,18509,16417,15007,11398,7720,4346,1756,262024,16315,320
Mexico,1967,477932,177237,240656,63419,19349,7128,9495,23844,25832,25799,29152,38686,32464,19524,5747,11738,12106,12153,13679,13009,12790,13407,15745,19128,19558,17303,15161,11795,7729,4191,1556,260005,16623,252
Mexico,1968,480514,175913,237984,62071,19876,7305,9661,24236,26023,26479,29456,39911,33772,20052,5528,12018,12218,12198,13825,13267,13212,13507,15949,19393,20518,18362,15410,12262,7790,4086,1442,257860,16966,229
Mexico,1969,482780,174353,235013,60660,20115,7473,9846,24687,26226,27101,29719,41007,35272,20691,5404,12353,12334,12260,13966,13473,13628,13663,16056,19686,21321,19506,15766,12763,7928,4031,1373,255128,17319,219
Mexico,1970,483743,172111,231312,59201,19869,7610,10080,25130,26437,27602,29903,41837,36971,21437,5352,12660,12470,12327,14110,13623,13979,13865,16038,20017,21820,20688,16283,13225,8212,4040,1312,251181,17690,198
Mexico,1971,483615,169436,227038,57602,19144,7707,10348,25585,26674,27995,30085,42390,38808,22288,5369,12942,12643,12403,14271,13745,14250,14151,15934,20324,22066,21805,17003,13650,8638,4102,1267,246182,18055,179
Mexico,1972,486584,167531,223116,55585,18080,7735,10583,26056,27343,28525,30542,43187,41393,24095,5740,13139,12917,12696,14647,13990,14535,14638,15904,20666,22521,23153,18240,14580,9515,4384,1356,241196,18318,190
Mexico,1973,488957,164349,218095,53746,16918,7750,10867,26636,28015,29089,31168,43783,44083,26135,6216,13357,13279,12970,15045,14276,14813,15189,15979,20870,22913,24430,19653,15589,10546,4763,1453,235013,18617,205
Mexico,1974,491830,160766,212611,51845,15811,7752,11206,27352,28734,29798,32003,44263,46800,28390,6888,13672,13680,13236,15498,14654,15144,15769,16234,20960,23303,25601,21199,16659,11731,5308,1580,228422,18958,219
Mexico,1975,495424,156453,206445,49992,14888,7743,11621,28224,29529,30799,33081,44672,49371,30935,7884,14149,14075,13544,15985,15192,15607,16359,16722,20952,23720,26552,22819,17912,13023,6092,1792,221333,19364,231
Mexico,1976,500754,152561,200673,48112,14189,7713,12087,29211,30315,32083,34389,45024,51690,33848,9247,14737,14474,13885,16430,15881,16202,16949,17440,20922,24102,27297,24393,19476,14372,7116,2131,214862,19800,286
Mexico,1977,506071,148072,194166,46094,13626,7637,12536,30155,31004,33543,35875,45349,53804,37020,10944,15334,14821,14210,16794,16662,16881,17546,18329,20957,24392,27915,25889,21323,15697,8337,2607,207792,20173,408
Mexico,1978,511642,144071,188163,44092,13074,7514,12926,31183,31460,34830,37312,45691,55800,40181,13053,15966,15217,14523,16937,17313,17517,18103,19209,21125,24566,28419,27381,23341,16840,9746,3307,201237,20440,459
Mexico,1979,513955,138120,180063,41943,12445,7324,13130,31944,31591,35920,38594,46059,57644,43124,15568,16438,15506,14683,16908,17818,18102,18606,19988,21453,24606,28807,28837,25366,17758,11314,4254,192508,20454,549
Mexico,1980,513740,131927,171488,39561,11683,7068,13072,32247,31321,36560,39569,46445,59155,45850,18476,16641,15606,14625,16696,18014,18546,19042,20527,21920,24525,29050,30105,27096,18754,12966,5510,183171,20140,805
Mexico,1981,508536,127099,164156,37057,10795,6745,12717,32043,30758,36463,40121,46797,59853,47543,19494,16524,15519,14442,16316,17742,18721,19331,20790,22394,24403,29042,30811,27929,19614,13562,5932,174951,19462,1052
Mexico,1982,499114,122122,156943,34821,9905,6416,12154,31427,30088,35783,40348,47176,60018,48611,19081,16123,15304,14220,15868,17131,18652,19462,20886,22860,24316,28916,31102,28221,20390,13266,5815,166848,18570,1161
Mexico,1983,489816,116880,149592,32712,9139,6141,11566,30607,29424,34913,40476,47721,60081,49849,19011,15581,15026,13981,15443,16434,18479,19557,20919,23360,24361,28772,31309,28524,21325,12900,6111,158731,17707,1296
Mexico,1984,482031,112560,143206,30646,8566,5945,11079,29755,28849,34042,40654,48421,60046,51186,19083,15016,14739,13778,15071,15789,18253,19665,20989,23832,24589,28599,31447,28877,22309,12685,6398,151772,17024,1197
Mexico,1985,476791,108641,137334,28693,8259,5843,10768,28991,28438,33303,40956,49248,59897,52486,20078,14509,14482,13641,14797,15299,18004,19788,21168,24227,25021,28418,31479,29287,23199,12994,7084,145593,16611,1190
Mexico,1986,473627,104525,131431,26906,8197,5817,10655,28386,28214,32738,41417,50219,59719,53772,21636,14102,14284,13578,14636,15013,17725,19952,21465,24557,25662,28301,31418,29782,23990,13837,7799,139628,16472,1421
Mexico,1987,471234,99312,124552,25240,8217,5800,10688,27894,28151,32329,42017,51356,59656,55157,23223,13773,14121,13587,14564,14902,17427,20152,21865,24872,26484,28326,31330,30366,24791,14973,8250,132769,16488,2190
Mexico,1988,470257,94437,118148,23711,8187,5752,10799,27534,28219,32113,42723,52637,59838,56618,24873,13548,13986,13649,14570,14938,17175,20347,22376,25238,27399,28556,31282,31016,25602,16279,8594,126335,16551,2818
Mexico,1989,471608,90737,113071,22334,8000,5642,10919,27318,28380,32117,43486,54017,60329,57993,26797,13448,13870,13731,14649,15090,17027,20537,22949,25721,28296,29028,31301,31638,26355,17672,9125,121071,16561,3536
Mexico,1990,473031,86844,107830,20986,7570,5432,11002,27223,28581,32358,44227,55424,61204,59118,28886,13476,13747,13797,14784,15338,17020,20700,23527,26324,29100,29769,31435,32062,27056,18958,9928,115400,16434,4180
Mexico,1991,474400,83976,103834,19858,6972,5121,10983,27466,28979,32936,45168,57097,62873,59595,28918,13700,13766,13978,15001,15655,17281,20909,24259,27178,29919,31014,31859,32161,27434,19199,9719,110806,16104,4456
Mexico,1992,475508,80946,99780,18834,6318,4774,10800,27727,29468,33622,46074,58885,65063,60006,28867,13929,13798,14198,15270,15951,17671,21040,25034,28219,30666,32535,32528,32201,27805,19400,9467,106098,15574,4126
Mexico,1993,476582,77719,95516,17797,5713,4468,10546,27898,29927,34302,46838,60751,67490,60558,29079,14085,13813,14373,15554,16218,18084,21119,25719,29348,31403,34092,33398,32307,28251,19695,9384,101229,15014,3497
Mexico,1994,478018,74185,90960,16775,5230,4221,10255,27883,30258,34882,47471,62620,69930,61201,29913,14091,13792,14466,15792,16439,18443,21192,26279,30430,32190,35511,34419,32478,28723,20025,9888,96190,14476,3195
Mexico,1995,479154,70653,86449,15796,4928,4058,9960,27657,30354,35278,47922,64370,72129,61901,31151,13930,13727,14441,15913,16580,18698,21293,26629,31349,33021,36618,35511,32771,29130,20494,10657,91377,14018,3001
Mexico,1996,480313,67190,82033,14843,4796,3972,9643,27153,30194,35452,48180,66068,74004,62773,32904,13548,13605,14287,15907,16637,18815,21471,26709,32091,33977,37360,36644,33288,29485,21058,11846,86829,13615,3139
Mexico,1997,480966,63600,77484,13884,4748,3937,9343,26438,29829,35501,48346,67827,75694,63939,34523,13011,13427,14036,15793,16675,18826,21732,26614,32694,35133,37872,37822,34066,29873,21634,12889,82232,13280,3357
Mexico,1998,482794,60442,73403,12961,4729,3934,9062,25554,29305,35545,48542,69654,77415,65417,36131,12394,13160,13725,15580,16716,18829,22039,26503,33216,36438,38373,39042,35122,30295,22241,13890,78132,12996,4102
Mexico,1999,486055,58038,70160,12122,4687,3941,8793,24573,28673,35680,48879,71552,79349,67166,37436,11770,12803,13374,15299,16784,18896,22377,26502,33728,37824,39046,40303,36441,30725,22891,14545,74847,12734,5165
Mexico,2000,490035,55403,66778,11375,4573,3931,8543,23519,27985,35945,49524,73462,81659,69237,38661,11166,12353,13002,14983,16890,19055,22775,26749,34199,39263,40043,41616,37967,31270,23498,15163,71351,12474,6217
Mexico,2001,494017,53025,63826,10801,4375,3882,8252,22534,27446,36364,50603,75238,84478,71423,38773,10601,11933,12750,14696,16993,19371,23249,27354,34641,40597,41544,42934,39439,31984,23906,14867,68201,12134,6826
Mexico,2002,499949,50622,60906,10284,4141,3825,8028,21755,27093,36942,51984,77087,88101,74601,38650,10187,11568,12606,14487,17122,19820,23776,28208,35119,41968,43634,44467,41261,33340,24352,14298,65047,11853,6831
Mexico,2003,508888,48396,58168,9772,3928,3779,7912,21317,27060,37758,53654,78974,92203,78238,39129,9965,11352,12612,14448,17343,20415,24433,29221,35685,43289,45983,46220,43261,34977,24901,14228,62096,11691,6771
Mexico,2004,520537,46290,55569,9279,3767,3749,7950,21336,27456,38835,55557,80940,96715,82353,39898,9978,11358,12822,14634,17685,21150,25247,30310,36380,44560,48441,48274,45460,36893,25592,14306,59336,11699,6409
Mexico,2005,536265,44345,53195,8850,3712,3756,8214,22080,28453,40253,57665,82926,101512,86929,41195,10375,11705,13319,15134,18224,22029,26194,31471,37274,45652,50870,50642,47879,39050,26520,14675,56907,11970,6372
Mexico,2006,554109,42459,50829,8370,3693,3760,8639,23363,29967,41846,59854,84919,106537,92024,42713,11057,12306,14043,15924,18888,22958,27258,32596,38398,46521,53142,53395,50555,41469,27797,14916,54522,12399,5963
Mexico,2007,574989,40795,48752,7957,3728,3779,9198,25092,31863,43566,62155,87031,111700,97410,44759,11966,13126,14927,16936,19651,23915,28465,33690,39726,47305,55224,56476,53365,44045,29307,15452,52480,12977,5958
Mexico,2008,596032,39303,46884,7581,3762,3793,9770,26908,33766,45216,64517,89188,116773,102834,46740,12938,13970,15800,17966,20414,24802,29707,34810,41110,48078,57152,59621,56203,46631,30881,15859,50646,13563,5879
Mexico,2009,615243,37918,45157,7239,3758,3774,10204,28381,35271,46591,66878,91355,121518,107947,48584,13761,14620,16471,18800,21054,25537,30911,35967,42444,48911,58901,62617,58927,49020,32385,16199,48915,13978,5823
Mexico,2010,629665,36621,43546,6925,3691,3713,10342,29074,35900,47501,69031,93610,125510,112248,49939,14186,14888,16702,19198,21443,26058,31961,37070,43718,49892,60248,65262,61272,50976,33636,16303,47237,14055,5563
Mexico,2011,638875,35502,42134,6632,3556,3628,10199,29000,35584,48030,71004,95920,128408,115347,50655,14222,14778,16474,19110,21634,26396,32821,38183,44855,51065,61071,67337,63115,52232,34353,16302,45690,13827,5408
Mexico,2012,653197,34365,40731,6366,3397,3537,9839,28327,34847,48463,73220,99080,131727,120716,53920,13926,14401,16052,18795,21778,26685,33668,39552,46226,52854,62094,69633,65861,54855,36666,17254,44128,13376,5388
Mexico,2013,668396,33181,39285,6104,3239,3448,9448,27683,34237,49159,75770,102788,135360,126063,56304,13588,14095,15703,18534,22050,27109,34562,41208,47886,54902,63256,72104,68784,57279,38290,18014,42524,12896,5611
Mexico,2014,689666,31506,37342,5836,3121,3385,9180,27497,34205,50448,78904,107255,139492,132951,60072,13427,14070,15627,18578,22619,27829,35661,43243,50012,57243,64745,74747,72285,60666,40963,19109,40463,12565,5817
Mexico,2015,721944,29667,35221,5554,3060,3370,9175,28233,35254,52742,82883,112756,144510,142187,66280,13668,14565,16087,19167,23713,29029,37166,45717,52714,60042,66892,77618,76685,65502,45166,21114,38281,12545,6272
Mexico,2016,765905,28171,33452,5281,3058,3398,9451,29966,37448,56119,87592,119206,150353,153782,75039,14345,15621,17118,20330,25347,30772,39076,48516,56002,63204,69787,80566,81862,71920,50888,24151,36510,12849,7036
Mexico,2017,812498,26795,31810,5015,3064,3431,9835,32247,40095,59715,92073,125764,156106,165853,84783,15252,16995,18424,21671,27042,32673,40992,51081,59457,66307,73064,83042,86873,78980,57190,27593,34874,13266,7725
Mexico,2018,850431,25417,30166,4749,3017,3395,10038,34110,42390,62559,95486,131349,160619,175765,94004,15934,18176,19643,22747,28223,34336,42511,52975,62411,68938,76157,84462,90661,85104,62755,31249,33183,13433,7531
Mexico,2019,867074,23656,28129,4473,2877,3231,9799,34545,43251,63478,96660,134757,162738,180464,100344,15958,18587,20279,22972,28205,35273,43094,53566,64135,70622,78487,84251,92054,88410,66048,34296,31006,13030,6803
Mexico,2020,1175636,22767,26997,4230,2703,3364,9551,35729,52671,94920,160294,224364,241177,221148,97451,15799,19930,23276,29395,39758,55162,71009,89285,108337,116027,122157,119020,119860,101288,67418,30033,29700,12915,5267
Mexico,2021,1191718,21468,25899,4431,2637,3336,9011,35245,52164,93846,163143,230941,246465,221952,100746,15591,19654,23184,28980,39825,54021,71555,91588,111051,119890,125542,120923,119886,102066,68883,31863,28536,12347,6333
Micronesia (country),1950,548,162,225,63,21,10,15,35,30,30,40,51,55,32,0,20,15,15,15,15,15,20,20,25,26,30,25,28,4,0,0,246,25,0
Micronesia (country),1951,564,171,237,66,21,10,15,35,30,31,40,51,56,34,0,20,15,15,15,15,16,20,20,25,26,30,26,27,7,0,0,258,25,0
Micronesia (country),1952,564,171,240,69,21,10,15,35,30,31,40,51,56,35,0,20,15,15,15,15,16,20,20,25,26,30,26,25,10,0,0,261,25,0
Micronesia (country),1953,561,171,240,69,21,10,14,30,30,30,40,51,56,33,0,15,15,15,15,15,15,20,20,25,26,30,26,20,13,0,0,261,24,0
Micronesia (country),1954,554,171,240,69,18,10,14,30,30,30,39,51,56,34,0,15,15,15,15,15,15,19,20,25,26,30,26,20,14,0,0,258,24,0
Micronesia (country),1955,552,171,240,69,18,10,14,30,30,30,39,52,56,31,1,15,15,15,15,15,15,19,20,25,27,30,26,18,13,1,0,258,24,0
Micronesia (country),1956,549,171,240,69,20,10,13,30,30,30,39,52,57,32,2,15,15,15,15,15,15,19,20,25,27,30,27,18,14,2,0,260,23,0
Micronesia (country),1957,546,171,238,67,19,10,13,30,30,30,39,52,57,30,4,15,15,15,15,15,15,19,20,25,27,30,27,18,12,4,0,257,23,0
Micronesia (country),1958,545,171,237,66,20,10,13,30,30,30,39,52,57,30,4,15,15,15,15,15,15,19,20,25,27,30,27,19,11,4,0,257,23,0
Micronesia (country),1959,539,169,232,63,20,10,12,30,30,30,39,53,57,30,4,15,15,15,15,15,15,19,20,25,28,30,27,19,11,4,0,252,22,0
Micronesia (country),1960,531,168,230,62,18,10,12,27,24,30,38,53,57,29,4,15,12,10,14,15,15,18,20,25,28,30,27,19,10,4,0,248,22,0
Micronesia (country),1961,531,167,226,59,18,10,12,27,22,30,38,54,58,30,5,15,12,10,12,15,15,18,20,25,29,30,28,20,10,5,0,244,22,0
Micronesia (country),1962,531,166,224,58,18,10,12,26,21,30,39,55,60,30,5,15,11,10,11,15,15,18,21,25,30,31,29,20,10,5,0,242,22,0
Micronesia (country),1963,537,165,223,58,17,10,12,27,23,30,40,56,66,31,4,15,12,10,13,15,15,19,21,26,30,35,31,21,10,4,0,240,22,0
Micronesia (country),1964,540,163,218,55,17,10,12,28,24,30,42,58,67,32,4,15,13,10,14,15,15,20,22,27,31,35,32,22,10,4,0,235,22,0
Micronesia (country),1965,538,161,214,53,17,10,12,27,24,30,42,58,67,33,3,15,12,10,14,15,15,20,22,27,31,35,32,23,10,3,0,231,22,0
Micronesia (country),1966,544,160,211,51,17,10,12,28,26,31,43,60,68,34,3,15,13,11,15,15,16,20,23,28,32,35,33,24,10,3,0,228,22,0
Micronesia (country),1967,543,159,209,50,17,10,14,27,25,31,43,60,68,35,3,15,12,10,15,15,16,20,23,28,32,35,33,24,11,3,0,226,24,0
Micronesia (country),1968,547,158,207,49,17,10,14,27,26,32,44,62,68,35,3,15,12,11,15,15,17,20,24,29,33,35,33,24,11,3,0,224,24,0
Micronesia (country),1969,547,157,204,47,17,10,14,27,25,32,45,63,68,35,3,15,12,10,15,15,17,20,25,29,34,35,33,24,11,3,0,221,24,0
Micronesia (country),1970,550,156,203,47,17,10,14,26,25,32,45,65,71,38,3,15,11,10,15,15,17,20,25,30,35,37,34,25,13,3,0,220,24,0
Micronesia (country),1971,550,156,201,45,16,10,14,26,24,32,45,65,74,40,3,15,11,10,14,15,17,20,25,30,35,39,35,26,14,3,0,217,24,0
Micronesia (country),1972,552,153,198,45,16,10,14,25,24,32,46,66,76,40,4,15,10,10,14,15,17,21,25,31,35,40,36,26,14,4,0,214,24,0
Micronesia (country),1973,552,150,193,43,16,10,14,25,24,32,47,67,77,40,4,15,10,10,14,15,17,21,26,31,36,40,37,26,14,4,0,209,24,0
Micronesia (country),1974,551,148,191,43,16,10,14,25,23,32,47,68,77,40,4,15,10,10,13,15,17,21,26,31,37,40,37,26,14,4,0,207,24,0
Micronesia (country),1975,551,146,186,40,16,10,14,26,23,33,47,69,78,40,4,15,11,10,13,15,18,21,26,32,37,40,38,26,14,4,0,202,24,0
Micronesia (country),1976,549,145,185,40,16,10,14,27,22,33,47,69,78,40,4,15,12,10,12,15,18,21,26,32,37,40,38,26,14,4,0,201,24,0
Micronesia (country),1977,548,144,184,40,16,10,14,27,22,33,47,69,79,39,5,15,12,10,12,15,18,21,26,32,37,40,39,26,13,5,0,200,24,0
Micronesia (country),1978,546,144,182,38,14,10,14,28,21,33,47,70,79,38,5,15,13,10,11,15,18,21,26,32,38,40,39,26,12,5,0,196,24,0
Micronesia (country),1979,557,145,184,39,14,10,14,30,22,33,49,71,79,39,6,16,14,10,12,15,18,22,27,32,39,40,39,27,12,6,0,198,24,0
Micronesia (country),1980,558,145,184,39,14,10,14,30,21,33,49,71,80,42,5,15,15,10,11,15,18,22,27,33,38,40,40,29,13,5,0,198,24,0
Micronesia (country),1981,563,146,185,39,14,10,14,30,22,33,49,72,83,44,5,15,15,11,11,15,18,22,27,33,39,43,40,30,14,5,0,199,24,0
Micronesia (country),1982,567,147,187,40,14,10,14,30,22,33,48,73,86,46,5,15,15,12,10,15,18,22,26,34,39,45,41,32,14,5,0,201,24,0
Micronesia (country),1983,566,147,187,40,14,10,14,29,20,31,48,72,87,48,5,15,14,10,10,14,17,22,26,33,39,45,42,33,15,5,0,201,24,0
Micronesia (country),1984,565,147,187,40,14,10,14,28,20,29,47,72,87,50,6,15,13,10,10,13,16,21,26,33,39,45,42,33,17,6,0,201,24,0
Micronesia (country),1985,570,146,186,40,14,10,14,29,20,29,48,73,88,51,5,15,14,10,10,13,16,22,26,33,40,45,43,34,17,5,0,200,24,0
Micronesia (country),1986,575,143,180,37,14,10,14,29,20,29,49,75,92,52,5,15,14,10,10,13,16,22,27,34,41,47,45,34,18,5,0,194,24,0
Micronesia (country),1987,584,142,180,38,14,10,14,30,24,31,50,78,94,54,6,15,15,12,12,14,17,22,28,35,43,48,46,35,19,6,0,194,24,0
Micronesia (country),1988,576,139,175,36,13,10,14,29,22,29,50,78,96,56,6,15,14,10,12,13,16,22,28,35,43,48,48,36,20,6,0,188,24,0
Micronesia (country),1989,577,135,169,34,13,10,14,28,23,29,50,78,97,56,7,15,13,10,13,13,16,22,28,35,43,49,48,36,20,7,0,182,24,0
Micronesia (country),1990,574,132,166,34,13,10,14,28,23,29,49,78,99,59,7,15,13,10,13,13,16,21,28,35,43,50,49,37,22,7,0,179,24,0
Micronesia (country),1991,577,129,161,32,13,10,14,28,23,30,49,80,100,60,7,15,13,10,13,14,16,21,28,37,43,50,50,38,22,7,0,174,24,0
Micronesia (country),1992,579,128,160,32,13,10,14,27,24,31,49,80,100,62,7,15,12,10,14,15,16,21,28,37,43,50,50,40,22,7,0,173,24,0
Micronesia (country),1993,602,128,159,31,13,10,14,26,26,30,49,83,108,74,10,15,11,11,15,15,15,21,28,38,45,57,51,46,28,9,1,172,24,0
Micronesia (country),1994,634,127,158,31,13,10,14,25,27,38,49,88,115,84,14,15,10,12,15,18,20,20,29,41,47,62,53,49,35,13,1,171,24,0
Micronesia (country),1995,642,126,155,29,12,10,14,24,25,38,46,87,120,89,18,14,10,10,15,18,20,20,26,41,46,64,56,49,40,17,1,167,24,0
Micronesia (country),1996,631,124,153,29,12,10,14,24,25,38,46,87,120,83,18,14,10,10,15,18,20,20,26,41,46,60,60,45,38,16,2,165,24,0
Micronesia (country),1997,609,121,147,26,11,8,13,23,23,37,44,85,115,77,18,13,10,10,13,17,20,20,24,39,46,56,59,42,35,16,2,158,21,0
Micronesia (country),1998,593,117,143,26,10,8,13,23,23,38,44,88,112,72,19,13,10,10,13,17,21,21,23,41,47,53,59,41,31,16,3,153,21,0
Micronesia (country),1999,574,112,137,25,10,7,13,23,22,39,46,87,105,68,17,13,10,10,12,17,22,23,23,41,46,51,54,41,27,14,3,147,20,0
Micronesia (country),2000,561,109,135,26,11,10,14,23,22,39,46,87,99,61,12,13,10,10,12,17,22,24,22,40,47,50,49,38,23,9,3,146,24,0
Micronesia (country),2001,534,102,124,22,8,6,13,22,20,36,47,86,98,61,12,12,10,10,10,15,21,25,22,37,49,50,48,38,23,9,3,132,19,0
Micronesia (country),2002,582,102,133,31,17,10,15,24,23,40,53,85,103,62,12,14,10,10,13,17,23,28,25,35,50,52,51,39,23,9,3,150,25,0
Micronesia (country),2003,529,92,113,21,7,5,12,22,20,38,53,80,103,64,11,12,10,10,10,16,22,27,26,31,49,51,52,41,23,9,2,120,17,0
Micronesia (country),2004,529,88,107,19,7,5,11,22,20,38,56,79,105,67,11,12,10,10,10,16,22,28,28,30,49,52,53,41,26,9,2,114,16,0
Micronesia (country),2005,528,85,104,19,7,5,11,22,20,37,59,79,108,67,11,12,10,10,10,15,22,29,30,31,48,55,53,41,26,9,2,111,16,0
Micronesia (country),2006,520,82,101,19,7,5,10,20,20,35,62,74,106,69,11,10,10,10,10,14,21,29,33,30,44,55,51,42,27,9,2,108,15,0
Micronesia (country),2007,520,79,97,18,7,5,10,20,20,36,64,73,106,69,12,10,10,10,10,14,22,29,35,32,41,55,51,42,27,10,2,104,15,0
Micronesia (country),2008,514,76,92,16,6,5,10,20,20,36,68,75,104,68,13,10,10,10,10,14,22,31,37,36,39,53,51,41,27,11,2,98,15,0
Micronesia (country),2009,510,73,88,15,6,5,10,20,20,37,68,76,97,65,13,10,10,10,10,15,22,31,37,38,38,49,48,40,25,11,2,94,15,0
Micronesia (country),2010,497,70,85,15,6,5,10,20,20,36,71,81,94,60,12,10,10,10,10,15,21,31,40,42,39,47,47,37,23,10,2,91,15,0
Micronesia (country),2011,502,67,82,15,6,5,10,20,20,36,70,85,93,60,12,10,10,10,10,14,22,30,40,45,40,46,47,37,23,10,2,88,15,0
Micronesia (country),2012,510,65,79,14,6,5,10,20,20,35,75,92,95,62,12,10,10,10,10,14,21,32,43,49,43,47,48,39,23,10,2,85,15,0
Micronesia (country),2013,519,62,76,14,6,5,10,20,20,35,75,100,96,64,12,10,10,10,10,14,21,31,44,52,48,47,49,39,25,10,2,82,15,0
Micronesia (country),2014,532,60,74,14,6,5,10,20,20,36,79,108,100,65,12,10,10,10,10,14,22,33,46,56,52,50,50,40,25,10,2,80,15,0
Micronesia (country),2015,552,58,72,14,6,5,10,22,20,37,81,118,102,68,12,12,10,10,10,15,22,33,48,59,59,50,52,42,26,10,2,78,15,0
Micronesia (country),2016,561,55,66,11,6,5,9,22,20,37,80,126,108,70,12,12,10,10,10,15,22,33,47,62,64,54,54,43,27,10,2,72,14,0
Micronesia (country),2017,585,53,64,11,5,5,10,23,20,38,82,138,112,73,13,13,10,10,10,15,23,34,48,67,71,57,55,46,27,11,2,69,15,0
Micronesia (country),2018,610,51,62,11,5,5,10,25,21,40,86,145,121,76,13,15,10,10,11,16,24,35,51,69,76,65,56,48,28,11,2,67,15,0
Micronesia (country),2019,642,50,61,11,5,5,12,28,22,41,89,156,131,79,13,15,13,10,12,17,24,36,53,73,83,72,59,49,30,11,2,66,17,0
Micronesia (country),2020,682,48,58,10,5,5,12,30,27,44,93,168,143,81,14,15,15,12,15,18,26,38,55,77,91,81,62,51,30,12,2,63,17,0
Micronesia (country),2021,705,47,57,10,5,5,12,30,29,45,94,174,157,84,14,15,15,14,15,18,27,38,56,77,97,92,65,53,31,12,2,62,17,0
Moldova,1950,36301,6278,8041,1763,464,351,485,1284,1466,2446,3144,5749,7540,4154,1122,643,641,540,926,1072,1374,1462,1682,2578,3171,3664,3876,2485,1669,852,270,8505,836,53
Moldova,1951,36719,6879,8864,1985,508,345,495,1300,1454,2468,3186,5559,7288,4103,1094,645,655,570,884,1104,1364,1516,1670,2471,3088,3554,3734,2554,1549,832,262,9372,840,53
Moldova,1952,36318,6868,9060,2192,421,335,508,1305,1433,2480,3244,5356,7003,4057,1064,640,665,612,821,1146,1334,1570,1674,2348,3008,3435,3568,2625,1432,807,257,9481,843,55
Moldova,1953,36142,6862,9157,2295,498,320,521,1308,1422,2493,3321,5197,6774,4041,1035,633,675,656,766,1183,1310,1622,1699,2251,2946,3338,3436,2678,1363,779,256,9655,841,56
Moldova,1954,35685,6843,9182,2339,508,304,528,1311,1421,2479,3372,5028,6522,3983,989,626,685,685,736,1185,1294,1644,1728,2170,2858,3218,3304,2647,1336,735,254,9690,832,54
Moldova,1955,35382,6811,9136,2325,562,286,529,1321,1445,2463,3430,4909,6355,3957,940,628,693,705,740,1159,1304,1654,1776,2130,2779,3132,3223,2596,1361,686,254,9698,815,52
Moldova,1956,35073,6766,9041,2275,625,269,520,1332,1486,2441,3478,4800,6213,3931,885,636,696,716,770,1109,1332,1645,1833,2114,2686,3062,3151,2524,1407,632,253,9666,789,52
Moldova,1957,34764,6693,8913,2220,643,261,505,1337,1542,2415,3520,4723,6109,3909,832,645,692,728,814,1044,1371,1624,1896,2127,2596,3020,3089,2450,1459,584,248,9556,766,53
Moldova,1958,34574,6586,8748,2162,704,266,481,1339,1598,2394,3573,4688,6035,3893,795,654,685,741,857,994,1400,1620,1953,2165,2523,2994,3041,2395,1498,558,237,9452,747,56
Moldova,1959,34470,6436,8532,2096,694,288,451,1341,1651,2390,3642,4727,6013,3903,782,661,680,762,889,982,1408,1641,2001,2233,2494,2990,3023,2382,1521,560,222,9226,739,59
Moldova,1960,34322,6233,8252,2019,695,320,414,1334,1679,2388,3708,4796,5990,3898,783,656,678,775,904,1005,1383,1683,2025,2313,2483,2975,3015,2381,1517,580,203,8947,734,62
Moldova,1961,34351,5936,7869,1933,680,362,386,1336,1710,2411,3820,4956,6037,3925,798,648,688,788,922,1063,1348,1764,2056,2433,2523,2977,3060,2411,1514,613,185,8549,748,63
Moldova,1962,34060,5485,7315,1830,656,396,364,1319,1718,2414,3905,5107,6050,3937,814,623,696,786,932,1129,1285,1843,2062,2536,2571,2945,3105,2434,1503,645,169,7971,760,61
Moldova,1963,33887,5030,6734,1704,648,420,363,1288,1725,2426,3998,5289,6107,3994,839,584,704,779,946,1190,1236,1908,2090,2634,2655,2935,3172,2478,1516,674,165,7382,783,57
Moldova,1964,33649,4548,6108,1560,617,431,388,1243,1737,2451,4078,5456,6168,4062,856,537,706,772,965,1223,1228,1935,2143,2700,2756,2939,3229,2522,1540,691,165,6725,819,52
Moldova,1965,33868,4255,5668,1413,602,434,435,1190,1759,2516,4164,5663,6303,4200,884,487,703,772,987,1244,1272,1927,2237,2762,2901,2992,3311,2603,1597,709,175,6270,869,47
Moldova,1966,34366,4038,5318,1280,582,432,495,1146,1796,2632,4266,5902,6461,4375,914,451,695,788,1008,1264,1368,1890,2376,2821,3081,3083,3378,2709,1666,725,189,5900,927,43
Moldova,1967,34986,3859,5038,1179,558,430,545,1106,1823,2765,4345,6137,6647,4593,953,432,674,809,1014,1285,1480,1820,2525,2871,3266,3211,3436,2845,1748,751,202,5596,975,40
Moldova,1968,35771,3728,4832,1104,537,432,586,1088,1853,2912,4446,6390,6854,4807,996,445,643,836,1017,1320,1592,1772,2674,2950,3440,3369,3485,2975,1832,780,216,5369,1018,38
Moldova,1969,36640,3658,4711,1053,509,431,605,1089,1865,3026,4537,6628,7116,5034,1050,491,598,851,1014,1364,1662,1773,2764,3054,3574,3562,3554,3109,1925,823,227,5220,1036,38
Moldova,1970,37812,3670,4693,1023,481,432,614,1116,1890,3128,4660,6912,7459,5275,1115,565,551,864,1026,1416,1712,1860,2800,3217,3695,3799,3660,3243,2032,876,239,5174,1046,39
Moldova,1971,39226,3738,4749,1011,455,432,618,1169,1926,3218,4791,7233,7885,5518,1192,655,514,870,1056,1458,1760,2021,2770,3432,3801,4078,3807,3361,2157,938,254,5204,1050,40
Moldova,1972,40117,3740,4717,977,429,426,624,1214,1937,3263,4854,7480,8240,5645,1249,721,493,851,1086,1470,1793,2192,2662,3631,3849,4309,3931,3397,2248,984,265,5146,1050,42
Moldova,1973,40875,3750,4704,954,393,410,621,1264,1915,3283,4880,7687,8595,5770,1310,762,502,806,1109,1454,1829,2331,2549,3785,3902,4504,4091,3426,2344,1033,277,5097,1031,44
Moldova,1974,42036,3746,4686,940,376,393,629,1356,1900,3360,4997,7963,9018,5934,1377,792,564,759,1141,1455,1905,2448,2549,3915,4048,4691,4327,3487,2447,1085,292,5062,1022,46
Moldova,1975,42831,3704,4631,927,361,370,632,1453,1851,3433,5138,8116,9341,6034,1426,799,654,698,1153,1461,1972,2499,2639,3905,4211,4786,4555,3521,2513,1120,306,4992,1002,47
Moldova,1976,43619,3634,4545,911,348,345,630,1546,1782,3490,5345,8205,9677,6176,1486,793,753,640,1142,1479,2011,2525,2820,3788,4417,4853,4824,3597,2579,1165,321,4893,975,50
Moldova,1977,44757,3560,4451,891,348,323,629,1644,1744,3577,5665,8338,10077,6356,1555,803,841,617,1127,1532,2045,2586,3079,3645,4693,4947,5130,3726,2630,1217,338,4799,952,52
Moldova,1978,45844,3487,4353,866,344,305,620,1721,1726,3644,5990,8458,10464,6546,1618,815,906,641,1085,1590,2054,2670,3320,3521,4937,5069,5395,3887,2659,1265,353,4697,925,54
Moldova,1979,46022,3452,4291,839,344,284,586,1727,1703,3607,6127,8412,10607,6629,1644,809,918,706,997,1597,2010,2717,3410,3440,4972,5130,5477,4003,2626,1287,357,4635,870,57
Moldova,1980,45941,3416,4229,813,338,268,541,1699,1703,3547,6150,8331,10690,6720,1670,798,901,810,893,1575,1972,2746,3404,3497,4834,5221,5469,4128,2592,1307,363,4567,809,59
Moldova,1981,45654,3390,4176,786,333,255,489,1645,1709,3469,6069,8208,10738,6823,1679,776,869,914,795,1519,1950,2724,3345,3658,4550,5337,5401,4257,2566,1311,368,4509,744,61
Moldova,1982,45094,3370,4127,757,317,243,439,1575,1702,3366,5919,8023,10733,6912,1673,739,836,975,727,1432,1934,2643,3276,3839,4184,5438,5295,4357,2555,1298,375,4444,682,64
Moldova,1983,48092,3395,4119,724,328,256,435,1647,1886,3538,6288,8553,11643,7553,1777,761,886,1097,789,1433,2105,2758,3530,4333,4220,5974,5669,4777,2776,1370,407,4447,691,69
Moldova,1984,49468,3355,4052,697,305,262,415,1633,2032,3525,6448,8832,12121,7944,1825,731,902,1130,902,1348,2177,2754,3694,4578,4254,6202,5919,4992,2952,1395,430,4357,677,72
Moldova,1985,50591,3176,3848,672,297,267,405,1606,2206,3458,6635,9200,12464,8276,1856,692,914,1131,1075,1239,2219,2775,3860,4715,4485,6238,6226,5131,3145,1411,445,4145,672,74
Moldova,1986,44880,3062,3702,640,282,231,344,1347,2047,2876,5832,8288,10861,7365,1637,557,790,963,1084,968,1908,2426,3406,4100,4188,5212,5649,4483,2882,1239,398,3984,575,68
Moldova,1987,44634,2916,3524,608,231,224,331,1262,2102,2704,5762,8521,10729,7491,1686,506,756,934,1168,886,1818,2423,3339,4051,4470,4868,5861,4470,3021,1276,410,3755,555,72
Moldova,1988,45466,2631,3208,577,254,221,338,1220,2196,2661,5833,8993,10894,7786,1784,480,740,945,1251,921,1740,2510,3323,4169,4824,4706,6188,4594,3192,1358,426,3462,559,77
Moldova,1989,44584,2326,2871,545,232,210,334,1126,2153,2590,5642,9031,10691,7783,1841,444,682,922,1231,1021,1569,2478,3164,4170,4861,4535,6156,4587,3196,1412,429,3103,544,81
Moldova,1990,47513,2178,2692,514,244,214,357,1124,2257,2781,5929,9752,11477,8498,2091,454,670,976,1281,1278,1503,2620,3309,4547,5205,4996,6481,5047,3451,1619,472,2936,571,92
Moldova,1991,52267,2076,2568,492,278,227,392,1161,2422,3099,6459,10772,12770,9585,2435,487,674,1058,1364,1624,1475,2825,3634,5068,5704,5913,6857,5780,3805,1900,535,2846,619,104
Moldova,1992,51586,2064,2543,479,268,218,428,1288,2541,3213,6356,10498,12418,9326,2386,573,715,1126,1415,1828,1385,2717,3639,4955,5543,6195,6223,5747,3579,1866,520,2811,646,102
Moldova,1993,54229,2043,2517,474,291,221,398,1122,2443,3431,6556,11084,13324,10102,2619,512,610,1036,1407,1958,1473,2666,3890,5126,5958,7018,6306,6301,3801,2039,580,2808,619,112
Moldova,1994,60798,2016,2499,483,264,247,440,1231,2670,4110,7170,12513,15201,11383,2944,583,648,1090,1580,2212,1898,2759,4411,5634,6879,8182,7019,7121,4262,2271,673,2763,687,125
Moldova,1995,60108,1908,2377,469,255,241,428,1222,2594,4428,6851,12529,15301,10962,2801,593,629,1011,1583,2173,2255,2480,4371,5533,6996,8150,7151,6793,4169,2132,669,2632,669,119
Moldova,1996,64372,1806,2253,447,213,253,448,1296,2678,5096,7023,13627,17020,11427,2913,636,660,995,1683,2281,2815,2401,4622,5981,7646,8767,8253,6907,4520,2184,729,2466,701,124
Moldova,1997,59610,1796,2209,413,227,229,405,1192,2377,4967,6239,12663,16317,10119,2552,586,606,853,1524,2101,2866,2105,4134,5615,7048,8108,8209,5926,4193,1890,662,2436,634,113
Moldova,1998,58597,1643,2012,369,158,217,388,1168,2224,5043,6022,12452,16680,9702,2417,569,599,784,1440,2078,2965,2198,3824,5630,6822,8105,8575,5546,4156,1781,636,2170,605,113
Moldova,1999,58751,1464,1792,328,175,200,384,1173,2105,5094,6133,12405,17202,9631,2338,563,610,748,1357,2102,2992,2588,3545,5687,6718,8347,8855,5518,4113,1733,605,1967,584,114
Moldova,2000,55528,1301,1581,280,127,172,359,1104,1874,4785,5972,11637,16500,9146,2161,522,582,688,1186,2003,2782,2938,3034,5336,6301,8102,8398,5415,3731,1621,540,1708,531,111
Moldova,2001,54472,1156,1394,238,116,153,345,1070,1760,4640,6016,11343,16211,9252,2065,501,569,673,1087,1967,2673,3293,2723,5086,6257,8008,8203,5801,3451,1575,490,1510,498,107
Moldova,2002,54401,1027,1228,201,114,135,337,1044,1689,4573,6146,11232,16136,9613,2046,486,558,668,1021,1929,2644,3566,2580,4900,6332,7956,8180,6354,3259,1588,458,1342,472,103
Moldova,2003,52745,959,1133,174,92,119,320,992,1597,4388,6202,10694,15536,9626,1957,460,532,650,947,1814,2574,3626,2576,4518,6176,7559,7977,6558,3068,1540,417,1225,439,95
Moldova,2004,50971,920,1073,153,87,108,296,943,1524,4196,6345,10031,14932,9495,1851,439,504,632,892,1681,2515,3536,2809,4117,5914,7142,7790,6463,3032,1467,384,1160,404,85
Moldova,2005,50345,861,1005,144,72,100,270,911,1459,4057,6763,9523,14834,9514,1757,427,484,616,843,1556,2501,3453,3310,3725,5798,6957,7877,6353,3161,1387,370,1077,370,79
Moldova,2006,49383,823,962,139,65,90,239,882,1404,3875,7139,8908,14633,9477,1636,416,466,599,805,1423,2452,3338,3801,3296,5612,6799,7834,6137,3340,1274,362,1027,329,73
Moldova,2007,47762,803,936,133,65,79,202,831,1315,3592,7270,8261,14168,9442,1533,396,435,565,750,1276,2316,3194,4076,2942,5319,6607,7561,5955,3487,1171,362,1001,281,68
Moldova,2008,46304,801,933,132,55,69,174,778,1240,3310,7283,7826,13636,9453,1484,373,405,531,709,1152,2158,3090,4193,2895,4931,6462,7174,5887,3566,1121,363,988,243,65
Moldova,2009,45777,804,935,131,59,62,152,739,1200,3091,7250,7831,13302,9581,1512,345,394,509,691,1073,2018,3064,4186,3269,4562,6388,6914,5966,3615,1149,363,994,214,64
Moldova,2010,46819,776,908,132,51,56,145,720,1197,2963,7356,8251,13471,10000,1638,323,397,503,694,1044,1919,3143,4213,3995,4256,6478,6993,6261,3739,1272,366,959,201,66
Moldova,2011,47580,724,848,124,44,53,136,686,1187,2825,7367,8661,13626,10310,1767,291,395,494,693,1025,1800,3175,4192,4750,3911,6488,7138,6480,3830,1417,350,892,189,67
Moldova,2012,47761,687,805,118,47,48,127,643,1156,2676,7287,8930,13655,10440,1877,255,388,478,678,998,1678,3113,4174,5324,3606,6432,7223,6523,3917,1546,331,852,175,67
Moldova,2013,47772,652,762,110,45,47,113,604,1117,2552,7192,9328,13524,10451,1968,230,374,460,657,979,1573,2992,4200,5695,3633,6237,7287,6440,4011,1646,322,807,160,66
Moldova,2014,47778,676,782,106,49,43,105,560,1084,2455,7053,9926,13185,10436,2034,210,350,448,636,964,1491,2824,4229,5720,4206,5922,7263,6354,4082,1707,327,831,148,63
Moldova,2015,46735,662,768,106,39,40,91,511,1042,2340,6771,10547,12314,10186,2030,192,319,435,607,936,1404,2594,4177,5523,5024,5320,6994,6122,4064,1692,338,807,131,57
Moldova,2016,44013,636,743,107,38,37,79,438,963,2147,6202,10715,11025,9601,1971,168,270,408,555,868,1279,2274,3928,5126,5589,4496,6529,5711,3890,1622,349,781,116,50
Moldova,2017,41894,581,688,107,42,34,68,372,901,1990,5682,10846,10088,9172,1968,146,226,386,515,809,1181,2017,3665,4867,5979,3856,6232,5451,3721,1597,371,730,102,47
Moldova,2018,42140,547,650,103,44,33,64,338,892,1964,5476,11381,9995,9198,2052,131,207,385,507,796,1168,1910,3566,4955,6426,3913,6082,5516,3682,1645,407,694,97,48
Moldova,2019,40874,510,606,96,42,31,59,297,839,1869,5013,11073,10027,8898,2068,114,183,354,485,753,1116,1749,3264,4842,6231,4461,5566,5361,3537,1641,427,648,90,51
Moldova,2020,44655,480,571,91,40,30,50,245,797,1937,5166,12348,11495,9637,2281,91,154,314,483,764,1173,1815,3351,5444,6904,5994,5501,5745,3892,1805,476,611,80,60
Moldova,2021,50200,465,551,86,43,32,58,277,900,2201,5562,13884,13330,10780,2508,102,175,338,562,861,1340,2019,3543,6176,7708,7691,5639,6454,4326,1979,529,594,90,72
Monaco,1950,308,18,21,3,0,0,0,3,6,17,33,63,94,58,7,0,3,1,5,7,10,15,18,28,35,51,43,37,21,7,0,21,0,0
Monaco,1951,347,18,19,1,0,0,0,6,7,16,37,68,102,73,15,1,5,2,5,6,10,16,21,31,37,52,50,50,23,13,2,19,0,0
Monaco,1952,314,16,21,5,0,0,0,2,5,16,33,62,100,64,8,0,2,1,4,6,10,14,19,26,36,50,50,40,24,7,1,21,0,0
Monaco,1953,293,11,14,3,0,0,0,0,2,13,29,58,98,63,7,0,0,0,2,5,8,12,17,24,34,46,52,38,25,7,0,14,0,0
Monaco,1954,296,10,11,1,0,0,0,0,1,13,30,59,98,66,8,0,0,0,1,5,8,12,18,24,35,44,54,40,26,8,0,11,0,0
Monaco,1955,302,9,9,0,0,0,0,0,1,13,30,60,100,70,11,0,0,0,1,5,8,12,18,24,36,44,56,44,26,10,1,9,0,0
Monaco,1956,314,9,9,0,0,0,0,0,0,13,30,61,101,79,13,0,0,0,0,5,8,12,18,25,36,45,56,51,28,11,2,9,0,0
Monaco,1957,319,9,9,0,0,0,0,0,0,11,30,61,102,83,13,0,0,0,0,4,7,12,18,25,36,46,56,53,30,11,2,9,0,0
Monaco,1958,325,9,10,1,0,0,0,0,0,11,29,61,103,89,15,0,0,0,0,4,7,11,18,26,35,47,56,56,33,12,3,10,0,0
Monaco,1959,330,9,9,0,0,0,0,0,0,11,29,61,103,93,16,0,0,0,0,5,6,11,18,26,35,48,55,57,36,13,3,9,0,0
Monaco,1960,332,8,8,0,0,0,0,0,1,11,28,60,103,99,17,0,0,0,1,5,6,11,17,26,34,48,55,59,40,15,2,8,0,0
Monaco,1961,335,8,8,0,0,0,0,0,1,10,28,60,101,99,21,0,0,0,1,5,5,11,17,26,34,46,55,59,40,17,4,8,0,0
Monaco,1962,340,8,8,0,0,0,0,0,1,10,27,60,102,104,25,0,0,0,1,5,5,10,17,26,34,46,56,59,45,20,5,8,0,0
Monaco,1963,345,8,8,0,0,0,0,0,0,10,26,61,103,104,26,0,0,0,0,5,5,9,17,26,35,46,57,59,45,21,5,8,0,0
Monaco,1964,357,8,8,0,0,0,0,0,0,10,26,63,108,107,28,0,0,0,0,5,5,9,17,26,37,49,59,60,47,22,6,8,0,0
Monaco,1965,373,8,8,0,0,0,0,0,1,10,25,65,115,113,29,0,0,0,1,5,5,8,17,26,39,51,64,63,50,23,6,8,0,1
Monaco,1966,386,8,8,0,0,0,0,0,1,10,26,68,118,120,31,0,0,0,1,5,5,8,18,27,41,51,67,67,53,25,6,8,0,1
Monaco,1967,394,8,8,0,0,0,0,0,1,10,25,68,121,123,32,0,0,0,1,5,5,8,17,27,41,53,68,70,53,26,6,8,0,1
Monaco,1968,402,8,8,0,0,0,0,0,0,10,24,69,125,127,33,0,0,0,0,5,5,7,17,27,42,57,68,72,55,27,6,8,0,1
Monaco,1969,407,8,8,0,0,0,0,0,0,10,22,68,125,129,35,0,0,0,0,5,5,6,16,27,41,57,68,74,55,28,7,8,0,1
Monaco,1970,413,8,8,0,0,0,0,0,0,11,24,69,127,131,36,0,0,0,0,5,6,8,16,28,41,58,69,76,55,29,7,8,0,1
Monaco,1971,420,8,8,0,0,0,0,0,0,10,24,69,130,136,38,0,0,0,0,5,5,10,14,27,42,59,71,78,58,30,8,8,0,1
Monaco,1972,428,8,8,0,0,0,0,0,0,9,24,69,133,140,38,0,0,0,0,4,5,10,14,27,42,60,73,79,61,30,8,8,0,1
Monaco,1973,437,7,7,0,0,0,0,0,0,10,22,70,137,144,39,0,0,0,0,4,6,10,12,27,43,60,77,80,64,31,8,7,0,1
Monaco,1974,448,7,7,0,0,0,0,0,0,10,22,70,139,151,42,0,0,0,0,4,6,10,12,27,43,61,78,82,69,33,9,7,0,1
Monaco,1975,460,6,6,0,0,0,0,0,0,9,22,69,140,154,46,0,0,0,0,4,5,10,12,25,44,61,79,84,70,36,10,6,0,1
Monaco,1976,463,6,6,0,0,0,0,0,0,10,25,67,142,157,49,0,0,0,0,5,5,10,15,23,44,62,80,87,70,39,10,6,0,1
Monaco,1977,466,6,6,0,0,0,0,0,0,10,26,65,142,158,48,0,0,0,0,5,5,11,15,22,43,62,80,88,70,39,9,6,0,1
Monaco,1978,468,6,6,0,0,0,0,0,1,10,26,64,142,161,50,0,0,0,1,5,5,11,15,23,41,63,79,89,72,39,11,6,0,1
Monaco,1979,472,6,6,0,0,0,0,0,1,10,27,63,142,165,51,0,0,0,1,5,5,11,16,23,40,63,79,91,74,40,11,6,0,1
Monaco,1980,477,6,6,0,0,0,0,0,2,10,27,64,141,166,53,0,0,0,2,5,5,10,17,24,40,61,80,91,75,42,11,6,0,1
Monaco,1981,481,6,6,0,0,0,0,0,3,10,26,64,140,168,59,0,0,0,3,5,5,9,17,24,40,60,80,90,78,44,15,6,0,1
Monaco,1982,453,5,5,0,0,0,0,0,1,10,23,59,129,159,59,0,0,0,1,5,5,8,15,22,37,56,73,84,75,43,16,5,0,2
Monaco,1983,426,5,5,0,0,0,0,0,0,10,22,57,120,148,58,0,0,0,0,5,5,8,14,22,35,52,68,79,69,42,16,5,0,2
Monaco,1984,436,5,5,0,0,0,0,0,1,10,23,58,123,149,57,0,0,0,1,5,5,8,15,23,35,53,70,80,69,41,16,5,0,3
Monaco,1985,456,6,6,0,0,0,0,0,2,10,24,62,129,155,58,0,0,0,2,5,5,9,15,25,37,56,73,84,71,42,16,6,0,3
Monaco,1986,469,6,6,0,0,0,0,0,2,10,25,65,132,160,59,0,0,0,2,5,5,10,15,26,39,57,75,85,75,43,16,6,0,3
Monaco,1987,471,6,6,0,0,0,0,0,2,10,26,65,132,159,60,0,0,0,2,5,5,10,16,26,39,57,75,85,74,44,16,6,0,3
Monaco,1988,468,6,6,0,0,0,0,0,2,10,26,66,131,158,60,0,0,0,2,5,5,10,16,25,41,57,74,85,73,44,16,6,0,3
Monaco,1989,462,6,6,0,0,0,0,0,2,10,25,65,130,155,60,0,0,0,2,5,5,10,15,24,41,57,73,84,71,44,16,6,0,3
Monaco,1990,454,5,5,0,0,0,0,0,2,10,25,63,129,152,58,0,0,0,2,5,5,10,15,23,40,56,73,82,70,42,16,5,0,3
Monaco,1991,445,5,5,0,0,0,0,0,1,10,24,62,127,150,57,0,0,0,1,5,5,10,14,22,40,56,71,80,70,41,16,5,0,3
Monaco,1992,434,5,5,0,0,0,0,0,0,10,23,56,124,149,57,0,0,0,0,5,5,9,14,21,35,55,69,80,69,40,17,5,0,3
Monaco,1993,423,4,4,0,0,0,0,0,0,9,22,55,120,148,56,0,0,0,0,4,5,9,13,20,35,54,66,79,69,40,16,4,0,4
Monaco,1994,409,4,4,0,0,0,0,0,0,8,21,50,117,148,55,0,0,0,0,3,5,8,13,19,31,54,63,79,69,40,15,4,0,4
Monaco,1995,398,4,4,0,0,0,0,0,0,7,20,47,110,143,55,0,0,0,0,2,5,8,12,18,29,50,60,74,69,40,15,4,0,4
Monaco,1996,388,3,3,0,0,0,0,0,0,6,19,44,107,140,57,0,0,0,0,1,5,7,12,17,27,47,60,71,69,43,14,3,0,4
Monaco,1997,379,3,3,0,0,0,0,0,0,6,18,41,106,138,60,0,0,0,0,1,5,7,11,16,25,45,61,66,72,45,15,3,0,5
Monaco,1998,376,3,3,0,0,0,0,0,0,5,18,40,102,134,63,0,0,0,0,0,5,7,11,16,24,41,61,62,72,48,15,3,0,5
Monaco,1999,374,3,3,0,0,0,0,0,0,5,17,38,101,131,71,0,0,0,0,0,5,7,10,15,23,40,61,58,73,54,17,3,0,4
Monaco,2000,373,3,3,0,0,0,0,0,0,5,16,37,97,129,80,0,0,0,0,0,5,6,10,15,22,37,60,58,71,58,22,3,0,4
Monaco,2001,367,3,3,0,0,0,0,0,0,5,15,35,88,127,84,0,0,0,0,0,5,5,10,14,21,33,55,62,65,60,24,3,0,4
Monaco,2002,358,2,2,0,0,0,0,0,0,4,14,32,82,127,85,0,0,0,0,0,4,5,9,13,19,32,50,67,60,58,27,2,0,5
Monaco,2003,335,2,2,0,0,0,0,0,0,3,14,31,75,118,81,0,0,0,0,0,3,5,9,12,19,29,46,65,53,54,27,2,0,5
Monaco,2004,313,2,2,0,0,0,0,0,0,2,13,28,68,112,78,0,0,0,0,0,2,5,8,11,17,26,42,63,49,50,28,2,0,6
Monaco,2005,303,2,2,0,0,0,0,0,0,1,12,26,64,110,78,0,0,0,0,0,1,5,7,10,16,25,39,58,52,48,30,2,0,8
Monaco,2006,313,2,2,0,0,0,0,0,0,1,11,27,66,115,79,0,0,0,0,0,1,5,6,10,17,26,40,57,58,49,30,2,0,9
Monaco,2007,338,2,2,0,0,0,0,0,0,2,12,30,72,124,81,0,0,0,0,0,2,5,7,12,18,29,43,60,64,50,31,2,0,11
Monaco,2008,363,2,2,0,0,0,0,0,0,4,13,33,77,133,86,0,0,0,0,0,4,5,8,13,20,30,47,64,69,55,31,2,0,12
Monaco,2009,360,2,2,0,0,0,0,0,0,2,11,30,72,130,96,0,0,0,0,0,2,5,6,12,18,28,44,61,69,60,36,2,0,13
Monaco,2010,398,2,2,0,0,0,0,0,0,2,10,28,73,143,123,0,0,0,0,0,2,5,5,11,17,28,45,65,78,73,50,2,0,14
Monaco,2011,420,1,1,0,0,0,0,0,0,0,10,25,68,146,151,0,0,0,0,0,0,5,5,9,16,26,42,65,81,82,69,1,0,14
Monaco,2012,529,2,2,0,0,0,0,0,0,1,10,30,81,177,203,0,0,0,0,0,1,5,5,11,19,31,50,79,98,105,98,2,0,21
Monaco,2013,592,2,2,0,0,0,0,0,0,1,10,30,82,188,232,0,0,0,0,0,1,5,5,11,19,32,50,82,106,117,115,2,0,43
Monaco,2014,668,2,2,0,0,0,0,0,0,1,11,30,87,201,269,0,0,0,0,0,1,5,6,11,19,32,55,86,115,133,136,2,0,65
Monaco,2015,728,2,2,0,0,0,0,0,0,0,11,29,86,211,302,0,0,0,0,0,0,5,6,10,19,31,55,89,122,147,155,2,0,87
Monaco,2016,780,1,1,0,0,0,0,0,0,0,9,27,82,216,333,0,0,0,0,0,0,4,5,10,17,29,53,89,127,159,174,1,0,108
Monaco,2017,790,1,1,0,0,0,0,0,0,0,11,27,83,221,323,0,0,0,0,0,0,5,6,10,17,30,53,92,129,158,165,1,0,121
Monaco,2018,741,1,1,0,0,0,0,0,0,0,9,24,76,207,299,0,0,0,0,0,0,4,5,9,15,28,48,85,122,148,151,1,0,123
Monaco,2019,745,1,1,0,0,0,0,0,0,0,8,23,76,208,295,0,0,0,0,0,0,3,5,9,14,28,48,86,122,148,147,1,0,127
Monaco,2020,753,1,1,0,0,0,0,0,0,0,8,23,79,214,296,0,0,0,0,0,0,3,5,9,14,28,51,88,126,149,147,1,0,128
Monaco,2021,778,1,1,0,0,0,0,0,0,0,7,27,87,231,298,0,0,0,0,0,0,2,5,10,17,32,55,95,136,154,144,1,0,126
Mongolia,1950,20002,5704,8439,2735,379,203,257,697,935,1514,2453,2872,1706,512,32,319,378,444,491,693,821,1144,1309,1426,1446,1103,603,370,142,29,3,8818,460,0
Mongolia,1951,20612,6210,9106,2896,396,202,256,695,928,1505,2421,2852,1743,474,33,320,375,442,486,682,823,1118,1303,1425,1427,1125,618,338,136,30,3,9502,458,0
Mongolia,1952,21009,6374,9568,3194,383,200,256,690,931,1497,2381,2833,1796,439,32,318,372,435,496,655,842,1087,1294,1439,1394,1154,642,308,131,28,4,9951,456,0
Mongolia,1953,21325,6521,9893,3372,473,198,254,686,930,1483,2323,2809,1835,411,30,315,371,421,509,621,862,1051,1272,1456,1353,1171,664,286,125,27,3,10366,452,0
Mongolia,1954,21420,6639,10124,3485,393,195,252,683,932,1467,2280,2800,1869,393,29,313,370,411,521,591,876,1030,1250,1471,1329,1180,689,277,116,26,3,10517,447,0
Mongolia,1955,21512,6785,10305,3520,411,193,250,679,924,1445,2236,2779,1877,388,26,311,368,400,524,573,872,1015,1221,1467,1312,1172,705,280,108,24,2,10716,443,0
Mongolia,1956,21597,6917,10428,3511,433,191,246,671,912,1422,2208,2780,1884,389,25,307,364,394,518,566,856,1018,1190,1462,1318,1160,724,291,98,23,2,10861,437,0
Mongolia,1957,23354,7231,10935,3704,551,274,313,794,1006,1520,2378,3039,2078,439,26,373,421,449,557,639,881,1122,1256,1569,1470,1258,820,339,100,24,2,11486,587,0
Mongolia,1958,22591,7187,10819,3632,433,186,233,657,859,1373,2274,3055,2180,499,26,301,356,382,477,592,781,1081,1193,1533,1522,1292,888,390,109,24,2,11252,419,0
Mongolia,1959,22950,7177,10835,3658,426,182,226,645,837,1350,2279,3165,2382,597,29,294,351,374,463,584,766,1074,1205,1546,1619,1396,986,462,135,27,2,11261,408,0
Mongolia,1960,23327,7114,10750,3636,429,181,219,635,823,1335,2279,3277,2634,727,35,285,350,366,457,565,770,1050,1229,1569,1708,1527,1107,552,175,34,1,11179,400,0
Mongolia,1961,23616,7021,10577,3556,442,180,212,621,810,1310,2254,3355,2904,896,53,276,345,358,452,537,773,1012,1242,1589,1766,1664,1240,662,234,50,3,11019,392,0
Mongolia,1962,23840,6853,10252,3399,460,181,205,606,801,1285,2229,3418,3207,1112,81,270,336,356,445,515,770,985,1244,1615,1803,1806,1401,798,314,74,7,10712,386,0
Mongolia,1963,24093,6678,9864,3186,480,184,200,588,790,1252,2207,3476,3544,1380,126,260,328,358,432,505,747,987,1220,1648,1828,1948,1596,962,418,113,13,10344,384,0
Mongolia,1964,23746,6668,9756,3088,482,189,199,570,771,1210,2171,3406,3491,1374,124,255,315,357,414,509,701,998,1173,1634,1772,1914,1577,961,413,110,14,10238,388,0
Mongolia,1965,23467,6560,9627,3067,482,201,199,559,757,1181,2146,3378,3437,1374,122,248,311,351,406,509,672,992,1154,1613,1765,1874,1563,957,417,109,13,10109,400,0
Mongolia,1966,23299,6505,9569,3064,487,215,203,554,746,1158,2114,3369,3376,1380,126,241,313,339,407,495,663,961,1153,1575,1794,1816,1560,953,427,113,13,10056,418,0
Mongolia,1967,22947,6379,9380,3001,483,223,204,543,734,1135,2066,3352,3310,1389,131,232,311,324,410,474,661,914,1152,1531,1821,1755,1555,948,441,117,14,9863,427,1
Mongolia,1968,22692,6249,9164,2915,489,232,211,537,727,1115,2019,3344,3289,1417,151,228,309,317,410,458,657,874,1145,1509,1835,1732,1557,960,457,133,18,9653,443,1
Mongolia,1969,22416,6098,8880,2782,492,239,220,528,718,1096,1974,3328,3311,1450,177,228,300,316,402,450,646,858,1116,1511,1817,1763,1548,985,465,155,22,9372,459,1
Mongolia,1970,21989,6115,8796,2681,477,244,232,508,705,1065,1907,3189,3254,1442,171,226,282,320,385,450,615,851,1056,1479,1710,1773,1481,1000,442,152,19,9273,476,1
Mongolia,1971,21611,6119,8764,2645,462,247,240,493,689,1034,1844,3053,3184,1433,165,228,265,321,368,450,584,841,1003,1441,1612,1778,1406,1003,430,146,19,9226,487,1
Mongolia,1972,21285,6155,8799,2644,438,250,247,486,673,1002,1777,2928,3093,1424,163,231,255,318,355,447,555,821,956,1390,1538,1753,1340,994,430,143,20,9237,497,1
Mongolia,1973,21063,6232,8901,2669,420,249,253,485,656,974,1718,2822,3006,1416,160,234,251,308,348,439,535,795,923,1333,1489,1698,1308,971,445,140,20,9321,502,1
Mongolia,1974,20916,6342,9060,2718,404,247,259,487,638,947,1658,2729,2924,1398,160,238,249,293,345,426,521,761,897,1278,1451,1620,1304,934,464,139,21,9464,506,1
Mongolia,1975,20911,6444,9226,2782,400,242,266,496,629,933,1617,2661,2888,1383,166,246,250,279,350,417,516,729,888,1229,1432,1554,1334,897,486,143,23,9626,508,1
Mongolia,1976,21532,6538,9388,2850,413,250,289,538,653,973,1667,2743,3014,1418,184,270,268,282,371,428,545,738,929,1248,1495,1578,1436,896,522,158,26,9801,539,1
Mongolia,1977,21840,6652,9549,2897,428,249,301,564,663,989,1669,2755,3057,1413,205,287,277,281,382,428,561,727,942,1239,1516,1573,1484,882,531,174,31,9977,550,1
Mongolia,1978,22131,6767,9685,2918,440,246,314,593,674,1011,1675,2770,3088,1403,227,304,289,288,386,434,577,723,952,1234,1536,1581,1507,885,518,190,37,10125,560,2
Mongolia,1979,22407,6859,9778,2919,486,247,323,625,684,1036,1676,2788,3113,1400,251,325,300,300,384,445,591,724,952,1238,1550,1598,1515,916,484,208,43,10264,570,2
Mongolia,1980,22710,6968,9893,2925,480,248,329,664,685,1059,1674,2784,3153,1483,251,347,317,308,377,459,600,734,940,1246,1538,1628,1525,1007,476,211,40,10373,577,3
Mongolia,1981,23081,7091,10035,2944,488,254,330,709,689,1078,1686,2779,3194,1578,254,368,341,319,370,473,605,757,929,1263,1516,1666,1528,1095,483,213,41,10523,584,4
Mongolia,1982,23450,7219,10184,2965,492,259,330,753,701,1091,1701,2775,3237,1671,253,388,365,332,369,486,605,787,914,1286,1489,1706,1531,1166,505,212,41,10676,589,4
Mongolia,1983,23402,7159,10029,2870,486,265,326,792,714,1089,1712,2748,3248,1736,254,401,391,343,371,486,603,811,901,1292,1456,1720,1528,1196,540,211,43,10515,591,4
Mongolia,1984,23358,7100,9879,2779,483,274,325,826,737,1087,1723,2722,3253,1797,253,408,418,355,382,480,607,828,895,1286,1436,1716,1537,1206,591,210,43,10362,599,4
Mongolia,1985,23640,7004,9694,2690,479,288,333,878,793,1120,1787,2774,3331,1892,267,422,456,390,403,484,636,859,928,1300,1474,1737,1594,1234,658,221,46,10173,621,4
Mongolia,1986,23966,6826,9430,2604,491,303,348,931,862,1162,1863,2857,3431,1989,294,433,498,430,432,490,672,883,980,1320,1537,1757,1674,1268,721,244,50,9921,651,5
Mongolia,1987,23803,6666,9182,2516,480,308,354,946,911,1171,1883,2843,3400,2001,320,429,517,461,450,485,686,872,1011,1290,1553,1705,1695,1260,741,265,55,9662,662,5
Mongolia,1988,23528,6433,8854,2421,479,308,360,954,959,1179,1905,2824,3356,1988,356,425,529,493,466,489,690,863,1042,1264,1560,1654,1702,1250,738,291,65,9333,668,5
Mongolia,1989,23143,6113,8420,2307,476,307,369,952,1015,1188,1925,2801,3311,1976,394,421,531,527,488,504,684,862,1063,1250,1551,1619,1692,1247,729,314,80,8896,676,5
Mongolia,1990,22707,5796,7974,2178,456,310,380,953,1064,1190,1946,2778,3277,1991,383,421,532,552,512,517,673,878,1068,1252,1526,1615,1662,1260,731,306,77,8430,690,6
Mongolia,1991,22084,5368,7395,2027,438,304,384,946,1109,1184,1949,2754,3235,2007,372,422,524,572,537,530,654,896,1053,1267,1487,1622,1613,1275,732,299,73,7833,688,7
Mongolia,1992,21448,4872,6747,1875,423,302,389,944,1156,1189,1951,2749,3202,2027,366,427,517,588,568,547,642,918,1033,1306,1443,1642,1560,1293,734,295,71,7170,691,7
Mongolia,1993,20826,4400,6117,1717,411,298,389,947,1200,1205,1944,2750,3162,2035,362,435,512,599,601,563,642,924,1020,1345,1405,1654,1508,1300,735,294,68,6528,687,8
Mongolia,1994,20354,4050,5607,1557,389,293,389,955,1241,1239,1941,2764,3127,2035,365,446,509,603,638,583,656,920,1021,1378,1386,1650,1477,1296,739,299,66,5996,682,8
Mongolia,1995,20153,3748,5145,1397,372,291,391,984,1287,1298,1963,2815,3152,2061,384,465,519,608,679,618,680,907,1056,1404,1411,1652,1500,1298,763,313,71,5517,682,9
Mongolia,1996,20577,3456,4719,1263,367,305,414,1057,1394,1434,2078,2979,3287,2123,409,503,554,643,751,692,742,928,1150,1465,1514,1692,1595,1319,804,332,77,5086,719,8
Mongolia,1997,20019,3153,4264,1111,338,295,405,1062,1405,1491,2071,2986,3229,2057,407,504,558,634,771,732,759,902,1169,1432,1554,1622,1607,1257,800,328,79,4602,700,7
Mongolia,1998,18963,2900,3886,986,301,275,383,1031,1357,1492,1987,2891,3049,1914,390,485,546,603,754,745,747,858,1129,1350,1541,1503,1546,1152,762,308,82,4187,658,6
Mongolia,1999,18243,2691,3562,871,275,262,368,1015,1324,1522,1934,2852,2930,1817,379,469,546,582,742,772,750,850,1084,1313,1539,1430,1500,1083,734,292,87,3837,630,6
Mongolia,2000,18069,2502,3278,776,240,258,369,1038,1344,1625,1933,2908,2912,1784,376,471,567,592,752,830,795,877,1056,1357,1551,1433,1479,1071,713,282,94,3518,627,9
Mongolia,2001,17928,2263,2942,679,209,250,367,1050,1370,1755,1945,2962,2917,1790,363,470,580,610,760,887,868,921,1024,1419,1543,1483,1434,1104,686,280,83,3151,617,10
Mongolia,2002,18058,2064,2653,589,192,240,366,1070,1411,1907,2002,3034,2982,1824,362,474,596,634,777,943,964,979,1023,1483,1551,1574,1408,1155,669,286,76,2845,606,10
Mongolia,2003,17645,1863,2384,521,179,220,353,1044,1397,1982,2012,2968,2959,1781,355,459,585,638,759,957,1025,1006,1006,1466,1502,1615,1344,1147,634,286,69,2563,573,9
Mongolia,2004,17451,1706,2162,456,156,198,337,1020,1390,2048,2065,2932,2981,1786,363,446,574,643,747,961,1087,1043,1022,1434,1498,1655,1326,1153,633,296,67,2318,535,8
Mongolia,2005,17915,1593,1995,402,144,186,335,1035,1445,2184,2226,3010,3103,1858,384,450,585,675,770,993,1191,1144,1082,1427,1583,1714,1389,1182,676,311,73,2139,521,9
Mongolia,2006,17781,1556,1912,356,128,164,314,999,1425,2192,2297,2956,3108,1873,400,431,568,667,758,970,1222,1200,1097,1351,1605,1680,1428,1152,721,321,79,2040,478,10
Mongolia,2007,17873,1544,1866,322,119,149,294,979,1424,2218,2416,2941,3146,1891,418,421,558,665,759,958,1260,1284,1132,1315,1626,1651,1495,1130,761,331,87,1985,443,13
Mongolia,2008,18000,1533,1837,304,120,140,273,956,1426,2229,2540,2930,3187,1901,446,409,547,661,765,944,1285,1369,1171,1306,1624,1629,1558,1115,786,348,98,1957,413,13
Mongolia,2009,18188,1490,1776,286,99,128,249,929,1432,2240,2687,2935,3243,1934,526,394,535,655,777,937,1303,1463,1224,1332,1603,1638,1605,1126,808,376,150,1875,377,15
Mongolia,2010,18202,1384,1657,273,87,117,222,899,1427,2233,2840,2910,3284,1971,544,378,521,643,784,928,1305,1541,1299,1356,1554,1670,1614,1158,813,414,130,1744,339,11
Mongolia,2011,18500,1340,1603,263,78,109,203,873,1429,2230,3012,2928,3354,2057,611,362,511,637,792,928,1302,1616,1396,1403,1525,1728,1626,1231,826,459,152,1681,312,14
Mongolia,2012,18209,1330,1578,248,74,98,180,820,1393,2175,3096,2877,3298,2028,576,334,486,615,778,913,1262,1634,1462,1418,1459,1729,1569,1254,774,433,143,1652,278,16
Mongolia,2013,18209,1332,1568,236,72,88,165,777,1369,2147,3206,2904,3289,2054,555,308,469,598,771,911,1236,1657,1549,1462,1442,1736,1553,1302,752,419,136,1640,253,17
Mongolia,2014,18227,1312,1542,230,68,77,150,732,1341,2127,3302,2970,3274,2087,543,280,452,582,759,917,1210,1665,1637,1517,1453,1716,1558,1335,752,410,133,1610,227,18
Mongolia,2015,18252,1268,1494,226,65,69,137,685,1307,2113,3372,3066,3264,2132,533,252,433,563,744,924,1189,1653,1719,1597,1469,1670,1594,1348,784,398,135,1559,206,18
Mongolia,2016,18382,1195,1419,224,63,64,127,640,1285,2119,3437,3215,3280,2194,524,225,415,549,736,933,1186,1645,1792,1705,1510,1621,1659,1354,840,389,135,1482,191,18
Mongolia,2017,18517,1116,1335,219,62,58,117,593,1259,2121,3471,3379,3303,2267,528,201,392,534,725,935,1186,1628,1843,1828,1551,1589,1714,1358,909,385,143,1397,175,20
Mongolia,2018,17878,1070,1278,208,57,52,100,521,1177,2052,3365,3408,3152,2197,503,176,345,498,679,898,1154,1545,1820,1869,1539,1497,1655,1279,918,364,139,1335,152,17
Mongolia,2019,17738,1026,1229,203,55,51,88,468,1126,2026,3307,3540,3107,2200,525,161,307,475,651,873,1153,1491,1816,1958,1582,1478,1629,1260,940,382,143,1284,139,19
Mongolia,2020,18030,965,1156,191,55,49,80,423,1102,2044,3313,3771,3125,2298,593,148,275,462,640,865,1179,1491,1822,2095,1676,1522,1603,1334,964,446,147,1211,129,24
Mongolia,2021,20520,899,1077,178,51,49,71,381,1120,2250,3719,4552,3659,2852,709,135,246,450,670,936,1314,1665,2054,2468,2084,1834,1825,1682,1170,559,150,1128,120,31
Montenegro,1950,5767,1083,1330,247,76,61,91,162,130,254,447,864,1287,910,151,96,66,50,80,111,143,192,255,385,479,607,680,574,336,124,27,1406,152,3
Montenegro,1951,5927,1174,1435,261,73,62,93,175,126,263,459,878,1288,911,151,103,72,52,74,119,144,200,259,393,485,608,680,574,337,124,27,1508,155,3
Montenegro,1952,5616,1145,1406,261,68,56,89,176,118,252,438,827,1195,846,140,101,75,54,64,116,136,194,244,366,461,565,630,533,313,116,24,1474,145,3
Montenegro,1953,5609,1220,1494,274,67,54,87,180,116,250,434,805,1158,824,138,101,79,57,59,113,137,192,242,351,454,548,610,518,306,114,24,1561,141,3
Montenegro,1954,5413,1170,1447,277,68,49,83,176,114,243,428,771,1103,790,134,97,79,59,55,105,138,185,243,330,441,522,581,495,295,110,24,1515,132,3
Montenegro,1955,5399,1140,1419,279,71,45,84,180,121,243,442,770,1099,790,134,97,83,64,57,98,145,186,256,328,442,520,579,494,296,110,24,1490,129,3
Montenegro,1956,5237,1087,1352,265,73,42,80,178,124,234,438,743,1064,766,133,94,84,68,56,88,146,180,258,320,423,505,559,478,288,109,24,1425,122,3
Montenegro,1957,5123,1027,1283,256,75,40,76,174,129,228,441,732,1053,753,132,92,82,71,58,81,147,180,261,323,409,504,549,469,284,108,24,1358,116,3
Montenegro,1958,4832,940,1176,236,74,39,68,167,130,210,426,697,999,716,126,88,79,72,58,73,137,177,249,318,379,481,518,445,271,103,23,1250,107,3
Montenegro,1959,4827,907,1139,232,73,41,63,167,139,201,432,708,1006,723,130,89,78,76,63,69,132,184,248,332,376,488,518,447,276,106,24,1212,104,3
Montenegro,1960,4588,856,1071,215,69,41,57,159,138,184,413,684,954,688,125,85,74,74,64,65,119,179,234,329,355,464,490,424,264,102,23,1140,98,3
Montenegro,1961,4516,805,1014,209,67,43,53,154,143,174,413,692,942,689,130,82,72,74,69,63,111,179,234,334,358,454,488,422,267,106,24,1081,96,3
Montenegro,1962,4436,803,999,196,65,42,51,147,145,165,401,683,920,680,131,74,73,73,72,64,101,173,228,323,360,435,485,415,265,107,24,1064,93,3
Montenegro,1963,4245,734,920,186,63,41,52,136,145,159,389,661,887,661,131,66,70,70,75,67,92,165,224,302,359,411,476,402,259,107,24,983,93,3
Montenegro,1964,4200,701,879,178,61,42,54,131,147,156,388,657,884,665,137,60,71,69,78,71,85,160,228,292,365,404,480,402,263,111,26,940,96,3
Montenegro,1965,4048,627,794,167,57,41,55,122,145,156,375,638,865,660,139,54,68,66,79,76,80,148,227,277,361,394,471,397,263,112,27,851,96,4
Montenegro,1966,3889,567,722,155,53,37,55,113,142,156,358,614,842,654,142,51,62,65,77,78,78,136,222,268,346,388,454,394,260,114,28,775,92,4
Montenegro,1967,3945,538,687,149,53,38,58,113,144,167,358,621,864,686,155,54,59,65,79,86,81,130,228,277,344,407,457,413,273,123,32,740,96,4
Montenegro,1968,3926,500,641,141,51,38,57,108,145,177,344,619,871,703,163,54,54,67,78,91,86,120,224,286,333,421,450,425,278,129,34,692,95,5
Montenegro,1969,4071,486,626,140,52,38,60,111,150,196,343,648,918,750,176,60,51,69,81,99,97,118,225,312,336,450,468,453,297,138,38,678,98,5
Montenegro,1970,4135,461,595,134,50,38,61,111,149,213,336,664,948,780,187,63,48,68,81,105,108,116,220,329,335,466,482,471,309,146,41,645,99,6
Montenegro,1971,4095,445,569,124,49,37,62,114,144,222,319,670,942,772,189,68,46,64,80,107,115,113,206,335,335,457,485,461,311,147,42,618,99,6
Montenegro,1972,3969,406,518,112,45,34,58,111,136,223,302,662,919,760,192,66,45,58,78,103,120,113,189,327,335,433,486,445,315,148,44,563,92,7
Montenegro,1973,4006,386,492,106,44,33,58,118,133,232,302,678,931,778,201,68,50,53,80,102,130,121,181,325,353,424,507,447,331,154,47,536,91,8
Montenegro,1974,3929,360,457,97,39,32,53,119,126,234,297,677,913,771,205,67,52,48,78,100,134,130,167,316,361,402,511,436,335,156,49,496,85,8
Montenegro,1975,4051,342,438,96,37,32,54,122,127,243,309,709,940,813,220,67,55,48,79,101,142,145,164,322,387,406,534,459,354,168,52,475,86,9
Montenegro,1976,4050,313,403,90,37,32,53,124,122,247,319,715,938,825,231,66,58,46,76,103,144,159,160,314,401,407,531,469,356,176,55,440,85,10
Montenegro,1977,4218,309,397,88,34,31,54,130,123,256,345,739,973,875,249,70,60,48,75,107,149,177,168,313,426,434,539,505,370,190,59,431,85,11
Montenegro,1978,4397,291,378,87,34,31,55,133,125,267,385,761,1016,927,271,70,63,54,71,112,155,198,187,304,457,474,542,544,383,207,64,412,86,13
Montenegro,1979,4668,279,377,98,44,39,65,153,138,291,436,782,1068,974,289,80,73,64,74,124,167,221,215,295,487,521,547,578,396,221,68,421,104,14
Montenegro,1980,4458,270,346,76,32,28,55,134,121,268,443,734,1044,956,285,69,65,59,62,114,154,217,226,262,472,523,521,567,389,217,68,378,83,14
Montenegro,1981,4680,278,355,77,31,28,54,136,127,276,491,744,1117,1003,302,70,66,65,62,114,162,231,260,261,483,569,548,586,417,229,73,386,82,15
Montenegro,1982,4804,258,334,76,32,26,54,140,133,280,524,742,1188,1028,311,71,69,68,65,111,169,238,286,269,473,605,583,587,441,232,79,366,80,16
Montenegro,1983,4895,257,329,72,30,24,51,143,140,279,549,733,1251,1035,315,73,70,71,69,105,174,242,307,290,443,631,620,575,460,233,82,359,75,17
Montenegro,1984,4384,243,303,60,24,22,43,125,129,243,498,633,1153,910,283,63,62,64,65,86,157,214,284,274,359,573,580,494,416,207,76,327,65,16
Montenegro,1985,4162,190,247,57,22,20,39,114,125,223,482,585,1129,875,284,57,57,61,64,75,148,201,281,273,312,550,579,468,407,207,77,269,59,17
Montenegro,1986,4097,217,268,51,21,17,35,107,125,209,472,563,1110,860,291,53,54,59,66,69,140,193,279,278,285,524,586,463,397,212,79,289,52,18
Montenegro,1987,3973,174,225,51,18,17,31,99,120,194,466,555,1074,851,300,48,51,55,65,67,127,189,277,284,271,483,591,470,381,219,81,243,48,20
Montenegro,1988,3749,159,205,46,16,15,30,92,117,177,442,543,991,814,291,44,48,53,64,65,112,180,262,288,255,419,572,467,347,213,78,221,45,20
Montenegro,1989,4093,142,189,47,18,15,30,95,124,184,479,622,1056,920,339,45,50,56,68,73,111,197,282,338,284,417,639,543,377,248,91,207,45,25
Montenegro,1990,4212,145,189,44,18,15,30,96,128,184,493,676,1046,962,348,45,51,57,71,81,103,205,288,376,300,387,659,582,380,253,95,207,45,27
Montenegro,1991,4347,121,163,42,18,16,29,96,130,191,505,744,1042,1020,361,45,51,58,72,89,102,207,298,417,327,375,667,622,398,258,103,181,45,30
Montenegro,1992,4860,142,183,41,19,16,30,99,141,211,540,857,1111,1193,422,46,53,62,79,100,111,215,325,471,386,409,702,722,471,295,127,202,46,38
Montenegro,1993,4860,127,165,38,19,13,29,93,139,216,531,900,1056,1239,420,43,50,61,78,102,114,201,330,473,427,410,646,742,497,286,134,184,42,40
Montenegro,1994,5516,133,173,40,18,16,30,96,149,248,568,1043,1145,1480,503,44,52,64,85,115,133,201,367,515,528,473,672,872,608,334,169,191,46,50
Montenegro,1995,5222,120,154,34,16,14,26,89,142,249,536,1052,1041,1409,448,41,48,61,81,112,137,180,356,493,559,461,580,820,589,298,150,170,40,46
Montenegro,1996,5585,121,155,34,17,14,27,87,146,275,548,1154,1101,1520,489,40,47,63,83,118,157,178,370,519,635,513,588,859,661,329,160,172,41,51
Montenegro,1997,5642,121,153,32,15,14,27,83,145,284,540,1202,1140,1496,486,38,45,60,85,121,163,179,361,534,668,559,581,814,682,336,150,168,41,51
Montenegro,1998,5777,126,158,32,13,15,25,82,145,297,542,1253,1230,1467,499,38,44,60,85,124,173,193,349,562,691,636,594,760,707,354,145,171,40,52
Montenegro,1999,6184,131,164,33,14,15,26,83,147,315,552,1328,1400,1526,558,38,45,59,88,129,186,214,338,598,730,755,645,747,779,405,153,178,41,57
Montenegro,2000,5725,109,138,29,11,12,23,70,129,289,496,1225,1386,1364,531,32,38,51,78,116,173,211,285,551,674,772,614,640,724,393,138,149,35,52
Montenegro,2001,5596,123,149,26,11,12,23,67,121,278,479,1186,1431,1268,526,31,36,47,74,110,168,221,258,528,658,808,623,588,680,392,134,160,35,48
Montenegro,2002,5833,98,127,29,11,11,21,67,120,292,507,1227,1584,1263,558,31,36,47,73,114,178,239,268,529,698,879,705,601,662,417,141,138,32,46
Montenegro,2003,5938,96,124,28,11,10,23,66,114,290,526,1223,1698,1228,583,30,36,44,70,111,179,247,279,505,718,902,796,611,617,434,149,135,33,44
Montenegro,2004,5768,70,95,25,9,8,21,63,105,279,541,1170,1742,1134,562,30,33,41,64,107,172,250,291,459,711,878,864,596,538,416,146,104,29,40
Montenegro,2005,6131,67,91,24,9,8,20,61,105,288,597,1191,1936,1180,604,29,32,42,63,110,178,266,331,439,752,928,1008,648,532,442,162,100,28,41
Montenegro,2006,6319,80,100,20,10,7,18,60,103,286,641,1171,2062,1211,603,29,31,41,62,109,177,273,368,417,754,954,1108,694,517,433,170,110,25,41
Montenegro,2007,6239,63,83,20,8,7,16,58,99,274,642,1123,2081,1239,566,28,30,39,60,102,172,271,371,411,712,949,1132,741,498,396,170,91,23,41
Montenegro,2008,5957,58,74,16,8,6,13,54,90,256,623,1045,2005,1248,495,26,28,36,54,94,162,258,365,407,638,919,1086,782,466,334,161,82,19,38
Montenegro,2009,6162,51,65,14,8,6,14,53,89,252,643,1048,2073,1389,484,25,28,35,54,90,162,260,383,441,607,955,1118,902,487,317,167,73,20,40
Montenegro,2010,5822,45,57,12,5,5,12,45,79,229,604,970,1950,1397,427,20,25,31,48,81,148,239,365,451,519,901,1049,932,465,275,152,62,17,39
Montenegro,2011,6059,33,45,12,6,5,12,43,81,231,626,1006,2008,1536,421,19,24,32,49,80,151,243,383,504,502,915,1093,1032,504,271,150,51,17,41
Montenegro,2012,6108,34,44,10,5,5,11,40,76,216,613,1008,1985,1640,420,17,23,30,46,76,140,234,379,505,503,878,1107,1080,560,275,145,49,16,44
Montenegro,2013,6082,36,44,8,5,5,11,38,71,205,603,1035,1935,1691,392,16,22,28,43,72,133,229,374,521,514,821,1114,1075,616,265,127,49,16,43
Montenegro,2014,6168,35,45,10,5,5,9,37,68,197,598,1084,1906,1784,387,16,21,27,41,70,127,226,372,536,548,767,1139,1087,697,270,117,50,14,43
Montenegro,2015,6400,21,31,10,5,6,9,35,70,193,598,1169,1907,1933,406,15,20,29,41,69,124,225,373,559,610,721,1186,1133,800,290,116,36,15,45
Montenegro,2016,6518,29,36,7,5,5,10,32,68,187,591,1235,1863,2023,420,15,17,28,40,67,120,222,369,569,666,682,1181,1157,866,308,112,41,15,43
Montenegro,2017,6592,17,24,7,5,5,9,30,65,182,583,1269,1839,2090,449,14,16,27,38,67,115,215,368,583,686,693,1146,1185,905,339,110,29,14,39
Montenegro,2018,6618,15,21,6,5,5,9,29,63,173,566,1284,1798,2135,496,13,16,26,37,63,110,205,361,576,708,713,1085,1213,922,386,110,26,14,37
Montenegro,2019,6801,19,24,5,4,4,8,30,63,170,565,1334,1811,2205,554,14,16,25,38,60,110,200,365,587,747,775,1036,1261,944,442,112,28,12,34
Montenegro,2020,7473,16,21,5,3,5,9,29,65,182,601,1466,1967,2440,655,14,15,25,40,65,117,210,391,632,834,926,1041,1398,1042,531,124,24,14,34
Montenegro,2021,7556,6,11,5,3,4,7,30,63,180,597,1491,2007,2443,689,14,16,23,40,65,115,206,391,633,858,1018,989,1389,1054,561,128,14,11,32
Montserrat,1950,276,60,91,31,9,5,5,10,10,10,13,23,52,39,0,5,5,5,5,5,5,5,8,10,13,27,25,35,4,0,0,100,10,0
Montserrat,1951,269,59,87,28,9,5,5,10,10,10,13,22,50,38,0,5,5,5,5,5,5,5,8,10,12,25,25,31,7,0,0,96,10,0
Montserrat,1952,260,54,78,24,9,5,5,10,10,10,13,21,48,43,0,5,5,5,5,5,5,5,8,10,11,22,26,30,13,0,0,87,10,0
Montserrat,1953,251,51,72,21,9,5,5,10,10,10,13,22,48,40,0,5,5,5,5,5,5,5,8,10,12,20,28,24,16,0,0,81,10,0
Montserrat,1954,242,49,68,19,8,5,5,10,10,10,12,22,45,39,0,5,5,5,5,5,5,5,7,10,12,17,28,21,18,0,0,76,10,0
Montserrat,1955,236,50,69,19,8,5,5,10,10,10,12,21,42,35,1,5,5,5,5,5,5,5,7,10,11,16,26,18,17,1,0,77,10,0
Montserrat,1956,230,48,66,18,7,5,5,10,10,10,17,22,38,36,3,5,5,5,5,5,5,7,10,10,12,15,23,19,17,3,0,73,10,0
Montserrat,1957,225,44,61,17,6,5,5,10,10,10,17,24,37,35,4,5,5,5,5,5,5,7,10,10,14,15,22,20,15,4,0,67,10,0
Montserrat,1958,218,41,56,15,6,5,5,10,10,10,18,25,38,36,5,5,5,5,5,5,5,8,10,10,15,17,21,21,15,5,0,62,10,0
Montserrat,1959,210,35,49,14,6,5,5,10,10,10,19,26,38,35,6,5,5,5,5,5,5,9,10,11,15,18,20,20,15,6,0,55,10,0
Montserrat,1960,212,35,49,14,6,5,5,10,10,10,19,27,38,34,7,5,5,5,5,5,5,9,10,12,15,18,20,20,14,7,0,55,10,0
Montserrat,1961,202,30,41,11,5,5,5,8,6,10,18,28,39,34,7,5,3,1,5,5,5,8,10,13,15,19,20,20,14,7,0,46,10,0
Montserrat,1962,184,24,30,6,5,2,5,7,4,10,18,28,39,32,6,5,2,0,4,5,5,8,10,13,15,19,20,19,13,6,0,35,7,0
Montserrat,1963,176,21,27,6,4,1,5,7,3,10,17,28,39,30,7,5,2,0,3,5,5,7,10,13,15,19,20,18,12,6,1,31,6,0
Montserrat,1964,173,18,23,5,3,1,5,7,3,10,17,29,39,30,7,5,2,0,3,5,5,7,10,14,15,19,20,18,12,6,1,26,6,0
Montserrat,1965,173,18,22,4,3,0,5,8,3,10,17,30,38,30,6,5,3,0,3,5,5,7,10,15,15,18,20,19,11,5,1,25,5,0
Montserrat,1966,176,17,21,4,3,1,5,9,3,10,18,30,38,31,5,5,4,0,3,5,5,7,11,15,15,18,20,19,12,5,0,24,6,0
Montserrat,1967,174,15,19,4,3,0,5,8,2,10,17,30,39,31,5,5,3,0,2,5,5,6,11,15,15,17,22,19,12,5,0,22,5,0
Montserrat,1968,172,14,18,4,3,0,5,6,1,10,16,30,40,34,5,5,1,0,1,5,5,6,10,15,15,17,23,21,13,5,0,21,5,0
Montserrat,1969,169,12,16,4,2,0,4,5,0,9,15,30,39,37,6,5,0,0,0,4,5,5,10,15,15,16,23,23,14,6,0,18,4,0
Montserrat,1970,161,9,13,4,1,0,2,4,0,7,14,31,38,39,6,4,0,0,0,2,5,5,9,14,17,16,22,24,15,6,0,14,2,0
Montserrat,1971,155,9,13,4,0,0,0,3,0,6,13,31,37,39,7,3,0,0,0,1,5,5,8,13,18,17,20,24,15,7,0,13,0,0
Montserrat,1972,152,9,12,3,0,0,0,0,0,5,13,30,37,39,7,0,0,0,0,0,5,5,8,12,18,19,18,23,16,7,0,12,0,0
Montserrat,1973,146,9,11,2,0,0,0,0,0,4,12,29,37,36,7,0,0,0,0,0,4,5,7,12,17,20,17,20,16,6,1,11,0,0
Montserrat,1974,143,9,11,2,0,0,0,0,0,3,11,27,38,35,7,0,0,0,0,0,3,5,6,11,16,20,18,20,15,6,1,11,0,0
Montserrat,1975,142,8,9,1,0,0,0,0,0,2,11,27,39,35,7,0,0,0,0,0,2,5,6,11,16,20,19,20,15,6,1,9,0,0
Montserrat,1976,142,8,9,1,0,0,0,0,0,1,10,25,40,35,8,0,0,0,0,0,1,5,5,10,15,20,20,19,16,7,1,9,0,0
Montserrat,1977,142,8,9,1,0,0,0,0,0,1,10,25,43,36,8,0,0,0,0,0,1,5,5,10,15,20,23,20,16,7,1,9,0,0
Montserrat,1978,141,7,8,1,0,0,0,0,0,0,10,24,45,38,7,0,0,0,0,0,0,5,5,9,15,21,24,20,18,7,0,8,0,0
Montserrat,1979,142,6,6,0,0,0,0,0,0,0,9,22,45,39,8,0,0,0,0,0,0,4,5,8,14,20,25,20,19,7,1,6,0,0
Montserrat,1980,143,6,6,0,0,0,0,0,0,0,9,22,45,42,9,0,0,0,0,0,0,4,5,8,14,20,25,22,20,8,1,6,0,0
Montserrat,1981,142,5,5,0,0,0,0,0,0,0,10,22,43,42,11,0,0,0,0,0,0,5,5,8,14,19,24,22,20,10,1,5,0,0
Montserrat,1982,141,6,6,0,0,0,0,0,0,0,10,22,43,39,11,0,0,0,0,0,0,5,5,9,13,20,23,23,16,10,1,6,0,0
Montserrat,1983,138,5,5,0,0,0,0,0,0,0,9,22,41,39,11,0,0,0,0,0,0,4,5,10,12,19,22,23,16,10,1,5,0,0
Montserrat,1984,135,5,5,0,0,0,0,0,0,0,8,21,40,35,10,0,0,0,0,0,0,3,5,9,12,19,21,21,14,9,1,5,0,0
Montserrat,1985,128,4,4,0,0,0,0,0,0,0,9,20,38,34,11,0,0,0,0,0,0,4,5,9,11,18,20,20,14,9,2,4,0,0
Montserrat,1986,127,3,3,0,0,0,0,0,0,0,8,19,37,35,10,0,0,0,0,0,0,3,5,8,11,17,20,20,15,8,2,3,0,0
Montserrat,1987,124,3,3,0,0,0,0,0,0,0,8,19,37,35,9,0,0,0,0,0,0,3,5,8,11,17,20,20,15,7,2,3,0,0
Montserrat,1988,122,3,3,0,0,0,0,0,0,0,8,17,36,35,9,0,0,0,0,0,0,3,5,7,10,16,20,20,15,7,2,3,0,0
Montserrat,1989,134,4,8,4,1,0,0,0,0,2,10,22,36,35,9,0,0,0,0,0,2,5,5,8,14,16,20,20,15,7,2,9,0,0
Montserrat,1990,120,3,3,0,0,0,0,0,0,0,8,20,35,35,9,0,0,0,0,0,0,3,5,7,13,15,20,20,15,7,2,3,0,0
Montserrat,1991,120,3,3,0,0,0,0,0,0,0,8,19,36,36,9,0,0,0,0,0,0,3,5,6,13,16,20,20,16,7,2,3,0,0
Montserrat,1992,114,2,2,0,0,0,0,0,0,0,7,17,35,34,8,0,0,0,0,0,0,2,5,5,12,15,20,20,14,7,1,2,0,0
Montserrat,1993,105,2,2,0,0,0,0,0,0,0,6,15,32,34,8,0,0,0,0,0,0,1,5,5,10,15,17,20,14,7,1,2,0,0
Montserrat,1994,103,2,2,0,0,0,0,0,0,0,5,13,33,35,8,0,0,0,0,0,0,0,5,5,8,15,18,20,15,7,1,2,0,0
Montserrat,1995,97,1,1,0,0,0,0,0,0,0,4,12,31,35,8,0,0,0,0,0,0,0,4,5,7,14,17,20,15,7,1,1,0,0
Montserrat,1996,94,1,1,0,0,0,0,0,0,0,3,11,29,35,10,0,0,0,0,0,0,0,3,5,6,13,16,20,15,8,2,1,0,0
Montserrat,1997,122,2,3,1,0,0,0,0,8,10,10,11,31,36,10,0,0,5,3,5,5,5,5,5,6,14,17,20,16,8,2,3,0,0
Montserrat,1998,76,1,1,0,0,0,0,0,0,0,1,10,20,29,9,0,0,0,0,0,0,0,1,5,5,8,12,15,14,7,2,1,0,0
Montserrat,1999,68,0,0,0,0,0,0,0,0,0,0,10,17,28,8,0,0,0,0,0,0,0,0,5,5,7,10,14,14,7,1,0,0,0
Montserrat,2000,72,1,1,0,0,0,0,0,0,0,0,10,17,29,9,0,0,0,0,0,0,0,0,5,5,7,10,14,15,7,2,1,0,0
Montserrat,2001,68,1,1,0,0,0,0,0,0,0,0,9,16,24,11,0,0,0,0,0,0,0,0,4,5,6,10,11,13,8,3,1,0,0
Montserrat,2002,61,1,1,0,0,0,0,0,0,0,0,8,15,20,12,0,0,0,0,0,0,0,0,3,5,5,10,10,10,8,4,1,0,0
Montserrat,2003,53,0,0,0,0,0,0,0,0,0,0,7,12,20,11,0,0,0,0,0,0,0,0,2,5,5,7,10,10,7,4,0,0,0
Montserrat,2004,51,0,0,0,0,0,0,0,0,0,0,8,11,20,8,0,0,0,0,0,0,0,0,3,5,5,6,10,10,6,2,0,0,0
Montserrat,2005,60,1,1,0,0,0,0,0,0,0,2,10,13,20,9,0,0,0,0,0,0,0,2,5,5,5,8,10,10,7,2,1,0,1
Montserrat,2006,59,1,1,0,0,0,0,0,0,0,2,10,13,20,9,0,0,0,0,0,0,0,2,5,5,5,8,10,10,7,2,1,0,1
Montserrat,2007,58,1,1,0,0,0,0,0,0,0,3,10,13,20,8,0,0,0,0,0,0,0,3,5,5,5,8,10,10,6,2,1,0,0
Montserrat,2008,51,0,0,0,0,0,0,0,0,0,4,10,10,17,7,0,0,0,0,0,0,0,4,5,5,5,5,9,8,5,2,0,0,0
Montserrat,2009,58,1,1,0,0,0,0,0,0,0,4,10,12,20,6,0,0,0,0,0,0,0,4,5,5,5,7,10,10,5,1,1,0,0
Montserrat,2010,58,1,1,0,0,0,0,0,0,0,4,10,11,20,7,0,0,0,0,0,0,0,4,5,5,5,6,10,10,6,1,1,0,0
Montserrat,2011,59,1,1,0,0,0,0,0,0,0,4,10,12,20,8,0,0,0,0,0,0,0,4,5,5,6,6,10,10,7,1,1,0,0
Montserrat,2012,58,1,1,0,0,0,0,0,0,0,3,10,13,18,8,0,0,0,0,0,0,0,3,5,5,5,8,8,10,7,1,1,0,0
Montserrat,2013,57,1,1,0,0,0,0,0,0,0,4,10,15,18,6,0,0,0,0,0,0,0,4,5,5,6,9,8,10,6,0,1,0,0
Montserrat,2014,56,1,1,0,0,0,0,0,0,0,3,10,15,16,7,0,0,0,0,0,0,0,3,5,5,5,10,7,9,7,0,1,0,0
Montserrat,2015,57,1,1,0,0,0,0,0,0,0,3,10,14,19,6,0,0,0,0,0,0,0,3,5,5,5,9,9,10,5,1,1,0,0
Montserrat,2016,56,1,1,0,0,0,0,0,0,0,2,10,14,16,6,0,0,0,0,0,0,0,2,5,5,5,9,8,8,5,1,1,0,0
Montserrat,2017,57,1,1,0,0,0,0,0,0,0,2,10,14,17,6,0,0,0,0,0,0,0,2,5,5,6,8,9,8,5,1,1,0,0
Montserrat,2018,44,0,0,0,0,0,0,0,0,0,4,10,12,7,2,0,0,0,0,0,0,0,4,5,5,5,7,7,0,1,1,0,0,1
Montserrat,2019,48,0,0,0,0,0,0,0,0,0,4,10,14,13,0,0,0,0,0,0,0,0,4,5,5,7,7,9,4,0,0,0,0,0
Montserrat,2020,51,0,0,0,0,0,0,0,0,0,4,12,15,15,1,0,0,0,0,0,0,0,4,5,7,8,7,10,5,1,0,0,0,0
Montserrat,2021,49,0,0,0,0,0,0,0,0,0,5,11,19,14,1,0,0,0,0,0,0,0,5,5,6,10,9,9,5,1,0,0,0,0
More developed regions,1950,9054967,1152226,1452764,300538,79555,66405,109707,335566,354090,616718,984674,1588600,2033757,1225353,203059,172660,162906,143869,210221,269610,347108,438142,546532,710288,878312,1019008,1014749,777750,447603,163552,39507,1532319,176112,4719
More developed regions,1951,9157189,1078541,1398767,320226,75344,63010,101836,317057,338717,615371,1007661,1624309,2122947,1282257,204617,159527,157530,141237,197480,268094,347277,449466,558195,721377,902932,1049945,1073002,816669,465588,168236,36381,1474111,164846,5293
More developed regions,1952,8753687,998975,1281969,282994,70683,56269,94959,290002,307704,586720,983391,1573467,2059291,1249885,194283,142699,147303,133662,174042,253971,332749,440776,542615,697073,876394,1016000,1043291,800543,449342,161005,33278,1352652,151228,5064
More developed regions,1953,8733600,936234,1196703,260469,70066,51051,90544,272037,288354,573388,986319,1581428,2110553,1308461,199745,129510,142527,132886,155468,246264,327124,439805,546514,694166,887262,1037768,1072785,842494,465967,166125,33620,1266769,141595,4950
More developed regions,1954,8494416,889258,1121205,231947,69221,43675,84116,255482,273613,553745,972096,1551675,2071261,1295800,197798,117878,137604,132710,140903,234666,319079,433121,538975,677155,874520,1020653,1050608,837992,457808,164256,33542,1190426,127791,4727
More developed regions,1955,8428682,845500,1056391,210891,70718,40733,81199,243527,264303,534891,965520,1543135,2088811,1332816,202081,110804,132723,130515,133788,222157,312734,425366,540154,673438,869697,1026779,1062032,857125,475691,167230,34851,1127109,121932,4555
More developed regions,1956,8415365,771611,958640,187029,68165,37304,75372,227733,258740,513032,966144,1552202,2138001,1401978,213410,104070,123663,127765,130975,206728,306304,418470,547674,678682,873520,1045902,1092099,902724,499254,176282,37128,1026805,112676,4643
More developed regions,1957,8577949,770870,955759,184889,70489,39554,76419,230318,273831,510749,996646,1605048,2177706,1420541,216188,106591,123727,134956,138875,198653,312096,427993,568653,706015,899033,1073723,1103983,911095,509446,178274,37914,1026248,115973,4701
More developed regions,1958,8201490,714995,878340,163345,64242,36678,67531,210593,265680,469002,954151,1524626,2098752,1411635,215507,99675,110918,129029,136651,175624,293378,408801,545350,679509,845117,1027211,1071541,901236,510399,177282,38225,942582,104209,4752
More developed regions,1959,8398646,701539,861606,160067,63434,41059,67525,210125,278636,463094,977944,1563274,2161527,1462603,241579,100409,109716,133941,144695,168216,294878,415189,562755,702924,860350,1058957,1102570,922744,539859,194192,47387,925040,108584,6240
More developed regions,1960,8434539,650327,794337,144010,58570,40563,62561,200384,276441,451981,975169,1589722,2199445,1522881,255520,97111,103273,130850,145591,163589,288392,414876,560293,718871,870851,1068815,1130630,957290,565591,206749,48771,852907,103124,6963
More developed regions,1961,8382808,621839,761151,139312,56551,42138,60349,196419,279656,440215,970896,1596142,2182485,1529546,259735,96488,99931,131142,148514,166069,274146,413723,557173,723832,872310,1055928,1126557,952583,576963,210328,49407,817702,102487,7524
More developed regions,1962,8734450,597627,731091,133464,55349,42857,60478,195307,288719,442561,1003918,1675354,2298551,1647918,283969,94593,100714,131454,157265,176643,265918,425730,578188,758785,916569,1104965,1193586,1019172,628746,230418,53551,786440,103335,8377
More developed regions,1963,8763253,564000,690050,126050,53843,41937,63313,190237,286763,438937,1007446,1707568,2310137,1671617,292942,89649,100588,125886,160877,187372,251565,424280,583166,772866,934702,1103803,1206334,1032949,638668,238813,54129,743893,105250,8462
More developed regions,1964,8569300,527837,644004,116167,51545,41071,66877,185489,280774,430604,993504,1695979,2254798,1627635,288608,84726,100763,119318,161456,194307,236297,416905,576599,770527,925452,1076867,1177931,1009172,618463,235014,53594,695549,107948,8411
More developed regions,1965,8845945,490242,601015,110773,50891,41034,71463,182629,285287,439613,1008811,1763386,2347867,1729696,315280,80054,102575,117183,168104,202395,237218,417802,591009,791720,971666,1118259,1229608,1067796,661900,256172,59108,651906,112497,8973
More developed regions,1966,8869281,456393,560880,104487,50087,40740,77819,182670,284001,451172,999380,1780025,2357789,1748058,327396,79576,103094,115345,168656,208056,243116,403490,595890,793751,986274,1130150,1227639,1077847,670211,265033,62363,610967,118559,9264
More developed regions,1967,8997544,454477,551954,97477,49169,40662,79589,184435,284792,474194,986557,1814007,2394041,1786880,341646,82404,102031,116530,168262,217512,256682,383162,603395,804123,1009884,1154839,1239202,1098551,688329,276125,65521,601123,120251,9616
More developed regions,1968,9319495,439763,533556,93793,48931,40668,82575,185950,285845,503200,982720,1879996,2494695,1905085,366206,87924,98026,119522,166323,227428,275772,368212,614508,827934,1052062,1211172,1283523,1167809,737276,295382,70824,582487,123243,10068
More developed regions,1969,9544742,430387,522388,92001,48427,41137,86973,192419,292594,536689,984282,1962641,2569227,1927008,370468,96705,95714,127068,165526,239404,297285,358453,625829,858097,1104544,1265100,1304127,1179101,747907,298007,72461,570815,128110,10485
More developed regions,1970,9524639,419971,508107,88136,46570,40665,87135,194159,287765,545154,959767,1944179,2570257,1949387,380509,103780,90379,128736,159029,243057,302097,351321,608446,851572,1092607,1266827,1303430,1188041,761346,305961,74548,554677,127800,10983
More developed regions,1971,9568348,398866,484844,85978,44779,39937,87647,197907,284129,554554,940495,1936737,2596696,1991335,397640,110157,87750,127910,156219,243939,310615,359770,580725,849473,1087264,1278402,1318294,1203831,787504,319035,78605,529623,127584,11647
More developed regions,1972,9633702,373820,457147,83327,42862,39087,87225,203716,281349,561951,927397,1947100,2645238,2015342,413154,113679,90037,125097,156252,240877,321074,378290,549107,852065,1095035,1302697,1342541,1211826,803516,331058,82096,500009,126312,12132
More developed regions,1973,9782615,360574,442808,82234,41490,38262,87268,209609,276789,563918,917776,1955065,2712920,2085252,438583,114915,94694,118224,158565,234576,329342,399800,517976,850439,1104626,1330910,1382010,1240896,844356,351872,86711,484298,125530,12874
More developed regions,1974,9759688,351707,429706,77999,38250,36261,84213,210364,270506,557350,903971,1946354,2730550,2088835,450328,111467,98897,109807,160699,224257,333093,417646,486325,840425,1105929,1344455,1386095,1233980,854855,361768,88560,467956,120474,13000
More developed regions,1975,9894787,338462,415506,77044,37439,35276,83529,221823,268797,561575,911684,1949152,2797684,2133525,465337,113735,108088,103750,165047,218906,342669,429427,482257,828659,1120493,1365722,1431962,1261521,872004,373447,91890,452945,118805,13457
More developed regions,1976,9994317,325573,399912,74339,36244,33568,82255,225634,263860,560032,937610,1926548,2841297,2181345,491522,111671,113963,99763,164097,214929,345103,441111,496499,797963,1128585,1376736,1464561,1284269,897076,392534,98988,436156,115823,14490
More developed regions,1977,9921651,313958,386922,72964,35790,32332,82565,229908,262397,555521,967997,1864339,2836710,2159771,492727,112034,117874,102474,159923,215303,340218,451007,516990,744732,1119607,1369901,1466809,1280337,879434,392037,100690,422712,114897,14672
More developed regions,1978,10099907,303407,375705,72298,34871,31618,81994,233245,261655,553088,1015279,1829435,2914489,2231638,521386,112672,120573,109611,152044,219944,333144,463795,551484,703390,1126045,1396344,1518145,1330798,900840,413832,107554,410576,113612,15503
More developed regions,1979,10168469,294968,365226,70258,33851,30287,81150,237311,262531,549220,1055896,1785374,2951929,2262389,537091,113432,123879,119117,143414,227150,322070,476138,579758,667076,1118298,1405091,1546838,1353106,909283,424801,112290,399077,111437,16212
More developed regions,1980,10438459,286154,355915,69761,33921,29486,78991,238825,266961,547522,1091462,1783882,3042335,2377257,573997,113540,125285,130862,136099,233415,314107,490371,601091,666198,1117684,1442829,1599506,1423332,953925,452421,121576,389836,108477,17902
More developed regions,1981,10410133,270054,336624,66570,31965,28716,74745,232218,267189,535198,1097409,1740176,3037731,2426847,582549,109558,122660,137760,129429,229234,305964,487303,610106,679300,1060876,1438515,1599216,1451814,975033,457833,124716,368589,103461,18765
More developed regions,1982,10376381,261137,324366,63229,30859,27498,70270,224744,270601,520962,1096093,1701315,3040658,2459709,589573,105779,118965,139923,130678,219568,301394,475228,620865,709252,992063,1433948,1606710,1473773,985936,461306,128267,355225,97768,19733
More developed regions,1983,10636258,250202,312385,62183,30286,27009,67395,223959,284401,519628,1113173,1700833,3114470,2592141,628811,104330,119629,144612,139789,210700,308928,469140,644033,761467,939366,1459132,1655338,1546354,1045787,489001,139810,342671,94404,21767
More developed regions,1984,10685859,243876,304585,60709,29225,26740,64627,222317,302108,521876,1113289,1694578,3114963,2626495,642010,102635,119682,148371,153737,201003,320873,453673,659616,803085,891493,1449557,1665406,1565687,1060808,496159,145851,333810,91367,23045
More developed regions,1985,10877921,231525,289702,58177,28349,26288,62778,215372,314008,511654,1108602,1707926,3153105,2750862,684379,98144,117228,147065,166943,187963,323691,438108,670494,822995,884931,1440365,1712740,1624302,1126560,527551,156828,318051,89066,24895
More developed regions,1986,10617150,215769,268532,52763,25849,24583,61416,204266,311621,483922,1056586,1701803,3022619,2739302,691156,92240,112026,140659,170962,176829,307093,413408,643178,814111,887692,1344496,1678123,1606078,1133224,532553,158603,294381,85999,25495
More developed regions,1987,10625721,212149,263730,51581,25283,23745,60503,201173,318822,479601,1050710,1760186,2935028,2771084,708695,89306,111867,141253,177569,179810,299791,413783,636927,832047,928139,1256061,1678967,1614488,1156596,544688,164007,289013,84248,27160
More developed regions,1988,10792102,202558,253504,50946,25031,23652,60501,200968,328168,480723,1041822,1843009,2879301,2875326,750576,88809,112159,143606,184562,192184,288539,419177,622645,854068,988941,1182411,1696890,1663501,1211825,577569,173007,278535,84153,29520
More developed regions,1989,10829343,190332,239322,48990,24546,23487,60523,199399,335017,483911,1032340,1896930,2800917,2927950,773759,87163,112236,146109,188908,209166,274745,430348,601992,863190,1033740,1114377,1686540,1684494,1243456,595496,178263,263868,84010,31242
More developed regions,1990,11010351,177416,224347,46931,23824,23367,61164,199698,343568,496066,1030072,1950432,2789883,3020438,814349,87677,112021,148473,195095,231524,264542,441587,588485,888558,1061874,1110399,1679484,1732697,1287741,627397,186952,248171,84531,33143
More developed regions,1991,11160692,163966,208323,44357,23506,23193,60788,199110,350541,515246,1031941,1993909,2773434,3094582,851507,88316,110794,151844,198697,252845,262401,447589,584352,901053,1092856,1149916,1623518,1771722,1322860,656122,195385,231829,83981,34609
More developed regions,1992,11342207,153090,196607,43517,24195,23550,61661,206581,367271,547699,1046976,2040025,2756934,3151259,883958,92775,113806,159407,207864,272541,275158,449650,597326,906282,1133743,1217966,1538968,1797799,1353460,681278,202680,220802,85211,35491
More developed regions,1993,11942802,144765,187758,42993,25158,24837,63659,208979,390943,603170,1092436,2141789,2848924,3353575,963480,94381,114598,167961,222982,299034,304136,453920,638516,927069,1214720,1342980,1505944,1898521,1455054,742381,221099,212916,88496,38093
More developed regions,1994,12041508,137544,176144,38600,23546,24372,62834,203715,395236,646972,1101579,2147465,2841872,3391901,987369,92590,111125,167734,227502,310241,336731,435118,666461,901793,1245672,1412465,1429407,1908311,1483590,761302,226067,199690,87206,38502
More developed regions,1995,12188932,126455,161824,35369,22695,24160,63266,205443,392091,681628,1088599,2140687,2883024,3447115,1038195,94252,111191,164601,227490,311701,369927,410003,678596,872025,1268662,1454455,1428569,1904147,1542968,799187,239008,184519,87426,40203
More developed regions,1996,12011513,118809,150616,31807,20152,22302,58795,189270,358786,674252,1043379,2080612,2921577,3384301,1065827,86831,102439,146546,212240,293776,380476,386896,656483,838409,1242203,1468209,1453368,1818547,1565754,818415,247412,170768,81097,41644
More developed regions,1997,11881579,111505,141046,29541,18355,21058,56250,176918,326228,659343,1013068,2023715,2994591,3299124,1107847,81719,95199,129827,196401,278860,380483,387435,625633,821449,1202266,1481525,1513066,1705192,1593932,845960,261887,159401,77308,44035
More developed regions,1998,11882360,106903,134174,27271,16572,20188,54066,173203,310410,657413,993610,1983451,3106454,3231266,1155177,80648,92555,121706,188704,274238,383175,405101,588509,825138,1158313,1504099,1602355,1606328,1624938,878679,276498,150746,74254,46376
More developed regions,1999,12203100,102356,128957,26601,15835,20085,55577,181140,313429,680677,1016120,1998748,3256629,3257270,1228868,84345,96795,122587,190842,281699,398978,446226,569894,863193,1135555,1546377,1710252,1572496,1684774,933701,295167,144792,75662,49764
More developed regions,2000,12190303,99347,124069,24722,14311,18970,53716,179874,305150,683402,1027438,1972327,3293701,3210427,1255641,83844,96030,120101,185049,281217,402185,489345,538093,877999,1094328,1560611,1733090,1551869,1658558,953623,302018,138380,72686,51276
More developed regions,2001,12179106,95052,118737,23685,13236,17797,51930,176018,296657,678249,1041091,1934219,3306843,3194035,1296127,81575,94443,118398,178259,278269,399980,520842,520249,868916,1065303,1547404,1759439,1594614,1599421,981248,314879,131973,69727,54166
More developed regions,2002,12388070,93260,115721,22461,12788,16954,51422,176532,291149,680612,1080284,1930796,3360046,3248610,1364701,81867,94665,119242,171907,279239,401373,544202,536082,855659,1075137,1539808,1820238,1703441,1545169,1031077,333624,128509,68376,58455
More developed regions,2003,12566909,90818,112355,21537,11945,15887,49543,174869,284120,677215,1130910,1917503,3373930,3322642,1433187,80672,94197,118175,165945,274411,402804,558950,571960,818827,1098676,1503829,1870101,1830791,1491851,1078656,354531,124300,65430,62802
More developed regions,2004,12262333,88861,109063,20202,11154,14236,47168,169470,271554,652802,1156277,1860203,3246755,3254753,1405523,77417,92053,114454,157100,260581,392221,552599,603678,757058,1103145,1410270,1836485,1864373,1390380,1050789,354734,120217,61404,63375
More developed regions,2005,12490137,86714,106405,19691,10965,13341,45392,168071,268136,641423,1214399,1838229,3250488,3389530,1474739,76394,91677,114582,153554,251796,389627,553135,661264,717824,1120405,1374714,1875774,1942951,1446579,1090072,384667,117370,58733,69018
More developed regions,2006,12218714,85203,103581,18378,10112,11983,42610,159900,255890,604791,1213430,1758176,3130145,3417538,1438832,72193,87707,109000,146890,232469,372322,531133,682297,679236,1078940,1308448,1821697,1936275,1481263,1043364,395468,113693,54593,71726
More developed regions,2007,12206710,84738,102566,17828,9437,11366,39508,154115,247874,576185,1203454,1726940,3073311,3555003,1430332,69213,84902,105424,142450,217858,358327,514417,689037,688067,1038873,1296114,1777197,1973591,1581412,1011940,418392,112003,50874,76618
More developed regions,2008,12309469,82421,99887,17466,8906,10346,36546,148892,242881,555623,1202748,1709411,3044091,3719463,1446772,66013,82879,103964,138917,207739,347884,509275,693473,723562,985849,1312288,1731803,2015086,1704377,998777,447995,108793,46892,83903
More developed regions,2009,12181545,78931,95660,16729,8612,9989,32967,141232,235748,528738,1178442,1682995,2961534,3788273,1429247,61988,79244,100603,135145,197667,331071,496015,682427,760828,922167,1315952,1645582,2008911,1779362,972645,456602,104272,42956,88108
More developed regions,2010,12305653,74778,91248,16470,7973,9333,30086,135069,230316,504621,1163106,1693771,2942202,3894297,1507727,59169,75900,98672,131644,189362,315259,485872,677234,817441,876330,1334002,1608200,2049842,1844455,1034688,473039,99221,39419,95904
More developed regions,2011,12255592,71447,87324,15877,8194,9149,28427,129600,223200,479463,1131421,1694136,2874741,3910147,1577563,56686,72914,96222,126978,183552,295911,472416,659005,849652,844484,1306194,1568547,2029230,1880917,1106604,470959,95518,37576,102226
More developed regions,2012,12414465,72161,87539,15378,7618,8542,26054,123132,215785,459423,1107050,1730549,2855753,3993614,1688790,52524,70608,92808,122977,178790,280633,459858,647192,864537,866012,1275147,1580606,2031208,1962406,1214026,474764,95157,34596,110615
More developed regions,2013,12440304,69335,84622,15287,7553,8133,24137,117040,212035,444159,1088979,1780118,2820785,3977735,1759318,49047,67993,90865,121170,174551,269608,446744,642235,870828,909290,1223190,1597595,1986657,1991078,1292998,466320,92175,32270,115690
More developed regions,2014,12409271,66994,81733,14739,7432,8014,23591,114446,211459,432243,1068756,1830908,2783346,3906484,1820157,47144,67302,90536,120923,172861,259382,434134,634622,869215,961693,1166325,1617021,1919587,1986897,1348630,471527,89165,31605,120701
More developed regions,2015,12734593,64245,78801,14556,7321,8036,23734,112403,209958,424212,1049542,1907924,2791343,4021463,1972126,45829,66574,89621,120337,170080,254132,419954,629588,870859,1037065,1133345,1657998,1935228,2086235,1452381,519745,86122,31770,127730
More developed regions,2016,12614054,62159,76063,13904,7239,7783,23430,111822,211552,417999,1021021,1938276,2727523,3940174,2004157,45237,66585,90238,121314,167850,250149,400545,620476,855460,1082816,1098749,1628774,1884459,2055715,1452548,551609,83302,31213,127013
More developed regions,2017,12781108,57937,71030,13093,7021,7994,23279,107678,209690,410543,988933,1940379,2739077,4013639,2130605,43205,64473,89398,120292,164180,246363,383248,605685,842384,1097995,1133195,1605882,1922018,2091621,1524379,606226,78051,31273,131240
More developed regions,2018,12860331,54319,66857,12538,6978,7917,22682,102802,208295,409117,975049,1969200,2766875,4023664,2169600,41283,61519,87853,120442,164856,244261,373470,601579,850976,1118224,1195726,1571149,1958086,2065578,1530342,639258,73835,30599,131295
More developed regions,2019,12801279,51970,63633,11663,6835,7796,22155,99127,205403,403754,944654,1954418,2768888,4004183,2186494,40626,58501,86170,119233,163136,240618,360673,583981,841889,1112529,1259827,1509061,1983731,2020452,1525767,660727,70468,29951,133939
More developed regions,2020,14369538,49452,59460,10008,6686,8467,26349,116023,261158,472523,1043901,2163935,3145368,4508566,2408194,47004,69019,109792,151366,198728,273795,404983,638918,930942,1232993,1502316,1643052,2244737,2263829,1692675,715519,66146,34816,148906
More developed regions,2021,15010052,48718,58491,9773,6757,8394,26796,119009,276379,503098,1127728,2335532,3340904,4597727,2446423,49129,69880,114490,161889,211729,291369,439129,688599,1022900,1312632,1660068,1680836,2340724,2257003,1709772,736651,65248,35190,162813
Morocco,1950,223341,85225,120501,35276,7169,5208,6821,15801,11008,12837,14621,14854,11140,3111,262,8493,7308,5807,5201,6020,6817,7297,7324,6844,8010,6243,4897,2154,957,231,31,127670,12029,3
Morocco,1951,231110,88177,126453,38276,7277,5157,6793,16276,11395,12646,14986,14978,11588,3288,267,8608,7668,6131,5264,5865,6781,7430,7556,7027,7951,6593,4995,2373,915,238,29,133730,11950,3
Morocco,1952,235992,89876,130213,40337,7351,5051,6714,16524,11788,12311,15209,15009,12043,3490,284,8573,7951,6445,5343,5666,6645,7535,7674,7347,7662,7052,4991,2629,861,251,33,137564,11765,4
Morocco,1953,240481,91560,133481,41921,7500,4958,6637,16687,12258,11961,15382,15088,12517,3710,294,8487,8200,6780,5478,5489,6472,7637,7745,7764,7324,7520,4997,2874,836,260,34,140981,11595,4
Morocco,1954,244354,92960,136030,43070,7851,4892,6542,16732,12759,11639,15495,15272,12928,3917,293,8368,8364,7101,5658,5361,6278,7678,7817,8146,7126,7820,5108,3045,872,259,34,143881,11434,3
Morocco,1955,247793,94177,138040,43863,8337,4860,6430,16696,13280,11385,15553,15571,13242,4112,286,8244,8452,7399,5881,5303,6082,7648,7905,8447,7124,7924,5318,3159,953,252,34,146377,11290,3
Morocco,1956,250778,95157,139678,44521,8783,4861,6301,16583,13815,11189,15556,15977,13466,4286,276,8121,8462,7675,6140,5311,5878,7553,8003,8674,7303,7845,5621,3228,1058,239,37,148461,11162,2
Morocco,1957,252459,95569,140457,44888,9146,4871,6139,16326,14302,11015,15480,16440,13593,4424,264,7969,8357,7896,6406,5360,5655,7376,8104,8795,7645,7572,6021,3245,1179,226,38,149603,11010,3
Morocco,1958,254037,95846,141063,45217,9482,4921,5995,16042,14782,10928,15365,16951,13675,4563,263,7832,8210,8084,6698,5469,5459,7165,8200,8869,8082,7254,6421,3273,1290,224,39,150545,10916,3
Morocco,1959,255275,95933,141388,45455,9728,5069,5884,15705,15177,10936,15169,17435,13756,4742,278,7666,8039,8197,6980,5623,5313,6932,8237,8948,8487,7083,6673,3372,1370,239,39,151116,10953,3
Morocco,1960,267971,96954,144470,47516,11403,6336,6564,16733,16683,11808,15739,18597,14286,5043,307,8189,8544,8907,7776,6221,5587,7100,8639,9446,9151,7351,6935,3599,1444,269,38,155873,12900,3
Morocco,1961,256762,95519,141111,45592,10027,5563,5801,15005,15683,11289,14560,18190,13979,5217,333,7300,7705,8206,7477,6057,5232,6466,8094,9145,9045,7296,6683,3753,1464,298,35,151138,11364,3
Morocco,1962,257521,95420,140921,45501,10124,5765,5767,14722,15827,11545,14138,18640,14166,5530,370,7126,7596,8130,7697,6295,5250,6198,7940,9377,9263,7683,6483,4045,1485,335,35,151045,11532,3
Morocco,1963,257074,94205,139541,45336,10214,5986,5780,14429,15879,11902,13681,18996,14413,5844,404,6953,7476,7995,7884,6568,5334,5958,7723,9558,9438,8157,6256,4328,1516,369,35,149755,11766,4
Morocco,1964,255766,92731,137584,44853,10234,6078,5848,14134,15825,12229,13213,19353,14745,6087,433,6798,7336,7841,7984,6799,5430,5742,7471,9698,9655,8591,6154,4506,1581,394,39,147818,11926,3
Morocco,1965,254662,91631,135801,44170,10250,6114,6017,13849,15707,12607,12814,19614,15172,6252,456,6678,7171,7686,8021,7025,5582,5609,7205,9706,9908,8946,6226,4574,1678,413,43,146051,12131,3
Morocco,1966,253641,90626,133944,43318,10242,6157,6242,13594,15562,13059,12502,19787,15712,6353,480,6598,6996,7549,8013,7262,5797,5569,6933,9609,10178,9253,6459,4551,1802,430,50,144186,12399,3
Morocco,1967,252257,89467,131847,42380,10183,6182,6481,13331,15327,13534,12249,19853,16360,6406,497,6536,6795,7407,7920,7480,6054,5599,6650,9404,10449,9511,6849,4445,1961,441,56,142030,12663,3
Morocco,1968,251036,88120,129689,41569,10118,6225,6749,13145,15078,14040,12110,19836,17077,6445,520,6532,6613,7283,7795,7688,6352,5707,6403,9149,10687,9758,7319,4334,2111,457,63,139807,12974,3
Morocco,1969,250283,86937,127807,40870,10041,6271,6951,13143,14830,14508,12114,19706,17825,6533,551,6667,6476,7158,7672,7844,6664,5886,6228,8876,10830,10055,7770,4323,2210,485,66,137848,13222,4
Morocco,1970,250544,86499,126737,40238,9980,6325,7082,13320,14581,14924,12272,19472,18558,6699,593,6935,6385,7019,7562,7948,6976,6125,6147,8607,10865,10402,8156,4443,2256,522,71,136717,13407,4
Morocco,1971,251565,86363,125997,39634,9918,6365,7239,13687,14400,15322,12606,19167,19289,6930,640,7307,6380,6910,7490,8018,7304,6437,6169,8347,10820,10780,8509,4674,2256,565,75,135915,13604,5
Morocco,1972,252258,86238,125387,39149,9858,6373,7340,13947,14106,15551,13035,18755,19974,7227,697,7609,6338,6730,7376,7964,7587,6775,6260,8076,10679,11156,8818,5009,2218,619,78,135245,13713,5
Morocco,1973,252773,85719,124386,38667,9791,6374,7441,14266,13871,15785,13670,18242,20612,7581,748,7921,6345,6574,7297,7900,7885,7206,6464,7794,10448,11493,9119,5395,2186,667,81,134177,13815,6
Morocco,1974,252362,84665,122691,38026,9686,6333,7513,14583,13605,15909,14377,17746,21162,7962,787,8122,6461,6427,7178,7804,8105,7634,6743,7591,10155,11706,9456,5754,2208,699,88,132377,13846,6
Morocco,1975,251415,83642,120750,37108,9550,6254,7549,14876,13312,15919,15105,17324,21603,8359,806,8206,6670,6297,7015,7684,8235,8027,7078,7495,9829,11778,9825,6062,2297,711,95,130300,13803,7
Morocco,1976,248833,81793,117685,35892,9355,6131,7516,15072,12941,15786,15836,16969,21929,8787,817,8221,6851,6152,6789,7527,8259,8381,7455,7504,9465,11728,10201,6345,2442,714,103,127040,13647,7
Morocco,1977,245109,79357,113870,34513,9119,5975,7418,15176,12519,15536,16583,16704,22142,9243,818,8180,6996,5998,6521,7352,8184,8703,7880,7614,9090,11566,10576,6604,2639,705,113,122989,13393,8
Morocco,1978,241143,76856,109892,33036,8873,5821,7314,15262,12131,15228,17285,16576,22212,9717,824,8137,7125,5876,6255,7176,8052,8968,8317,7820,8756,11307,10905,6861,2856,701,123,118765,13135,8
Morocco,1979,236732,74311,105718,31407,8586,5647,7163,15201,11844,14849,17891,16640,22115,10216,847,8059,7142,5844,6000,6961,7888,9146,8745,8116,8524,10991,11124,7155,3061,719,128,114304,12810,9
Morocco,1980,232612,72184,101959,29775,8285,5463,6991,15027,11678,14440,18384,16904,21862,10722,889,7963,7064,5904,5774,6720,7720,9238,9146,8483,8421,10648,11214,7480,3242,759,130,110244,12454,10
Morocco,1981,229218,70329,98698,28369,8008,5304,6837,14873,11590,14043,18788,17387,21497,11234,947,7873,7000,5995,5595,6477,7566,9255,9533,8925,8462,10285,11212,7820,3414,817,130,106706,12141,10
Morocco,1982,224945,67939,94871,26932,7683,5117,6640,14645,11496,13608,19068,18029,21015,11742,1022,7733,6912,6072,5424,6204,7404,9173,9895,9414,8615,9910,11105,8162,3580,892,130,102554,11757,11
Morocco,1983,220007,64698,90277,25579,7364,4936,6444,14403,11440,13186,19263,18835,20508,12231,1103,7579,6824,6147,5293,5942,7244,9036,10227,9946,8889,9590,10918,8476,3755,973,130,97641,11380,12
Morocco,1984,215058,61198,85439,24241,7079,4783,6275,14139,11429,12815,19387,19770,20075,12669,1184,7410,6729,6150,5279,5729,7086,8899,10488,10488,9282,9391,10684,8713,3956,1049,135,92518,11058,13
Morocco,1985,209596,57702,80318,22616,6779,4607,6081,13799,11383,12434,19409,20753,19742,13017,1261,7202,6597,6051,5332,5540,6894,8753,10656,10997,9756,9332,10410,8843,4174,1116,145,87097,10688,13
Morocco,1986,204609,54504,75477,20973,6510,4435,5900,13462,11367,12079,19363,21817,19542,13300,1342,7003,6459,5956,5411,5387,6692,8618,10745,11500,10317,9428,10114,8901,4399,1184,158,81987,10335,13
Morocco,1987,200028,51216,70693,19477,6281,4274,5732,13116,11390,11777,19304,22993,19503,13530,1426,6801,6315,5873,5517,5280,6497,8528,10776,12022,10971,9679,9824,8895,4635,1253,173,76974,10006,13
Morocco,1988,195898,47959,66018,18059,6059,4128,5584,12797,11434,11546,19214,24230,19675,13684,1516,6620,6177,5801,5633,5222,6324,8453,10761,12530,11700,10079,9596,8828,4856,1326,190,72077,9712,13
Morocco,1989,192243,44923,61542,16619,5814,3983,5455,12506,11419,11456,19117,25443,20123,13759,1617,6467,6039,5736,5683,5270,6186,8369,10748,12978,12465,10628,9495,8726,5033,1412,205,67356,9438,14
Morocco,1990,189752,42851,58120,15269,5554,3857,5330,12200,11325,11491,18990,26558,20839,13744,1727,6309,5891,5660,5665,5407,6084,8258,10732,13337,13221,11294,9545,8591,5153,1506,221,63674,9187,15
Morocco,1991,188670,41688,55792,14104,5290,3746,5217,11953,11245,11606,18860,27601,21837,13665,1838,6185,5768,5594,5651,5581,6025,8131,10729,13610,13991,12078,9759,8432,5233,1604,234,61082,8963,16
Morocco,1992,187631,40058,53245,13187,5027,3655,5105,11720,11179,11783,18756,28561,23093,13541,1950,6071,5649,5528,5651,5781,6002,8000,10756,13783,14778,12974,10119,8270,5271,1700,250,58272,8760,18
Morocco,1993,185933,37745,50059,12314,4735,3549,4979,11476,11075,11986,18625,29395,24562,13415,2056,5954,5522,5439,5636,5972,6014,7858,10767,13864,15531,13939,10623,8148,5267,1791,265,54794,8528,20
Morocco,1994,184508,35689,47082,11393,4433,3430,4851,11228,10935,12213,18489,30111,26216,13356,2146,5836,5392,5329,5606,6083,6130,7743,10746,13921,16190,14939,11277,8125,5231,1861,285,51515,8281,21
Morocco,1995,184265,34054,44730,10676,4217,3332,4758,11037,10821,12503,18395,30774,28038,13421,2216,5745,5292,5233,5588,6133,6370,7689,10706,14004,16770,15959,12079,8244,5177,1911,305,48947,8090,23
Morocco,1996,183074,32412,42042,9630,3930,3151,4623,10813,10696,12740,18147,31123,29922,13589,2268,5621,5192,5145,5551,6149,6591,7626,10521,13940,17183,16945,12977,8488,5101,1944,324,45972,7774,24
Morocco,1997,183260,31161,40057,8896,3746,3006,4534,10647,10617,13066,17992,31361,31997,13897,2311,5525,5122,5078,5539,6207,6859,7623,10369,13890,17471,17983,14014,8869,5028,1965,346,43803,7540,26
Morocco,1998,183441,29795,38022,8227,3560,2857,4435,10462,10517,13400,17899,31442,34124,14361,2334,5417,5045,5003,5514,6264,7136,7670,10229,13831,17611,18988,15136,9376,4985,1970,364,41582,7292,28
Morocco,1999,183408,28152,35773,7621,3371,2714,4316,10254,10381,13659,17966,31404,36171,15027,2340,5299,4955,4912,5469,6312,7347,7841,10125,13750,17654,19878,16293,10018,5009,1962,378,39144,7030,30
Morocco,2000,183928,26938,34012,7074,3186,2582,4187,10038,10235,13858,18195,31270,38091,15912,2334,5178,4860,4820,5415,6350,7508,8114,10081,13671,17599,20638,17453,10790,5122,1947,387,37198,6769,32
Morocco,2001,184372,25679,32248,6569,2995,2455,4039,9799,10053,14020,18477,31097,39847,16991,2317,5047,4752,4715,5338,6362,7658,8415,10062,13615,17482,21230,18617,11673,5318,1924,393,35243,6494,34
Morocco,2002,185403,24705,30838,6133,2827,2343,3895,9570,9867,14180,18832,31007,41445,18258,2301,4926,4644,4617,5250,6372,7808,8764,10068,13575,17432,21632,19813,12666,5592,1903,398,33665,6238,36
Morocco,2003,186478,23730,29429,5699,2663,2233,3745,9331,9665,14308,19285,30960,42835,19687,2297,4800,4531,4521,5144,6363,7945,9137,10148,13510,17450,21858,20977,13739,5948,1898,399,32092,5978,38
Morocco,2004,188182,22814,28147,5333,2559,2176,3645,9148,9518,14460,19907,30974,44027,21263,2322,4700,4448,4456,5062,6363,8097,9514,10393,13485,17489,21989,22038,14862,6401,1922,400,30706,5821,39
Morocco,2005,188186,21880,26766,4886,2345,1992,3433,8794,9190,14304,20432,30880,44763,22874,2374,4508,4286,4312,4878,6218,8086,9772,10660,13405,17475,21896,22867,15945,6929,1979,395,29111,5425,40
Morocco,2006,189261,21061,25592,4531,2199,1856,3263,8475,8930,14185,21121,31240,45312,24585,2464,4330,4145,4198,4732,6089,8096,10020,11101,13594,17646,21769,23543,17049,7536,2072,392,27791,5119,41
Morocco,2007,189756,20101,24264,4163,2041,1715,3066,8078,8607,13938,21735,31640,45668,26383,2581,4110,3968,4042,4565,5898,8040,10165,11570,13781,17859,21692,23976,18175,8208,2193,388,26305,4781,41
Morocco,2008,190642,19243,23099,3856,1901,1592,2887,7695,8315,13684,22365,32137,45954,28230,2738,3891,3804,3893,4422,5715,7969,10285,12080,14060,18077,21712,24242,19290,8940,2348,390,25000,4479,42
Morocco,2009,192115,18639,22223,3584,1778,1483,2720,7333,8059,13447,22981,32903,46171,30026,2948,3683,3650,3757,4302,5557,7890,10397,12584,14517,18386,21765,24406,20314,9712,2549,399,24001,4203,42
Morocco,2010,193934,17989,21352,3363,1678,1390,2562,7010,7837,13236,23536,33943,46405,31738,3208,3499,3511,3636,4201,5423,7813,10490,13046,15111,18832,21930,24475,21232,10506,2792,416,23030,3952,41
Morocco,2011,194690,17347,20497,3150,1581,1305,2395,6667,7574,12916,23830,34809,46458,33123,3489,3312,3355,3500,4074,5259,7657,10481,13349,15669,19140,22130,24328,21868,11255,3051,438,22078,3700,41
Morocco,2012,195641,16573,19543,2970,1501,1226,2244,6345,7333,12610,24067,35747,46768,34402,3812,3138,3207,3379,3954,5122,7488,10465,13602,16307,19440,22450,24318,22351,12051,3344,468,21044,3470,41
Morocco,2013,196141,15736,18514,2778,1419,1144,2093,5993,7059,12264,24132,36716,47096,35499,4171,2956,3037,3243,3816,4980,7284,10371,13761,16918,19798,22722,24374,22659,12840,3666,505,19933,3237,41
Morocco,2014,196795,14736,17342,2606,1355,1078,1961,5658,6807,11960,24157,37856,47553,36460,4567,2783,2875,3117,3690,4855,7105,10256,13901,17491,20365,23093,24460,22885,13575,4011,556,18697,3039,43
Morocco,2015,198094,13941,16367,2426,1288,1015,1846,5340,6572,11704,24171,39121,48326,37299,4996,2613,2727,2998,3574,4751,6953,10146,14025,18012,21109,23642,24684,23040,14259,4378,618,17655,2861,45
Morocco,2016,199321,12919,15188,2269,1238,964,1751,5039,6356,11469,24124,40385,49299,38005,5452,2451,2588,2885,3471,4653,6816,10011,14113,18457,21928,24179,25120,23150,14855,4761,691,16426,2715,49
Morocco,2017,200656,12309,14432,2123,1196,923,1666,4784,6149,11234,23951,41544,50198,38601,5926,2315,2469,2777,3372,4550,6684,9825,14126,18778,22766,24610,25588,23305,15296,5158,768,15628,2589,53
Morocco,2018,202762,11653,13644,1991,1159,891,1592,4561,5968,11078,23834,42847,51366,39331,6432,2200,2361,2674,3294,4470,6608,9676,14158,19114,23733,25250,26116,23637,15694,5574,858,14803,2483,59
Morocco,2019,205653,11054,12938,1884,1124,870,1532,4357,5806,10974,23779,44191,52998,40076,6942,2098,2259,2578,3228,4407,6567,9578,14201,19470,24721,26207,26791,24017,16059,5983,959,14062,2402,66
Morocco,2020,222905,10512,12288,1776,1084,828,1243,3516,5204,11107,25852,51339,59409,43239,7714,1685,1831,2210,2994,4348,6759,10183,15669,22324,29015,30240,29169,25821,17418,6623,1091,13372,2071,77
Morocco,2021,228888,10034,11719,1685,1043,814,1236,3465,5166,11194,26018,53158,62319,44477,8191,1662,1803,2183,2983,4328,6866,10269,15749,22816,30342,31949,30370,26706,17771,6983,1208,12762,2050,87
Mozambique,1950,160132,57032,91280,34248,8407,3775,3209,8190,9018,8029,6944,8026,8269,4399,572,3966,4224,4478,4540,4277,3752,3541,3403,3739,4287,4404,3865,2887,1512,484,88,99687,6984,9
Mozambique,1951,159997,56720,90899,34179,8396,3863,3201,8171,9026,8170,7070,8042,8280,4311,562,3969,4202,4461,4565,4338,3832,3605,3465,3759,4283,4460,3820,2829,1482,475,87,99295,7064,9
Mozambique,1952,159141,56611,90132,33521,8276,3895,3202,8113,8991,8268,7152,8024,8302,4224,552,3939,4174,4423,4568,4372,3896,3650,3502,3777,4247,4503,3799,2772,1452,467,85,98408,7097,8
Mozambique,1953,158624,56480,89454,32974,8206,3918,3229,8071,8991,8382,7263,8058,8361,4143,540,3896,4175,4405,4586,4414,3968,3710,3553,3829,4229,4550,3811,2719,1424,457,83,97660,7147,8
Mozambique,1954,157952,56352,88833,32481,8152,3908,3267,8020,8952,8421,7308,8065,8419,4069,529,3834,4186,4378,4574,4420,4001,3737,3571,3869,4196,4575,3844,2673,1396,447,82,96985,7175,8
Mozambique,1955,157596,56269,88421,32152,8060,3886,3323,7963,8929,8482,7387,8120,8489,4006,520,3760,4203,4362,4567,4436,4046,3783,3604,3926,4194,4596,3893,2635,1371,439,81,96481,7209,8
Mozambique,1956,157146,56190,88069,31879,7961,3844,3359,7916,8878,8500,7446,8161,8539,3956,510,3714,4202,4339,4539,4434,4066,3822,3624,3962,4199,4589,3950,2612,1344,431,79,96030,7203,8
Mozambique,1957,157128,56157,87815,31658,7877,3791,3388,7918,8869,8568,7572,8294,8605,3926,500,3723,4195,4342,4527,4456,4112,3893,3679,4031,4263,4592,4013,2607,1319,423,77,95692,7179,8
Mozambique,1958,156789,56120,87543,31423,7785,3754,3411,7911,8843,8558,7615,8335,8617,3918,491,3752,4159,4347,4496,4443,4115,3922,3693,4042,4293,4560,4057,2622,1296,416,75,95328,7165,8
Mozambique,1959,157058,56461,87734,31273,7712,3727,3421,7930,8845,8541,7662,8422,8643,3929,484,3817,4113,4371,4474,4431,4110,3947,3715,4068,4354,4546,4097,2653,1276,409,75,95446,7148,7
Mozambique,1960,157926,57096,88342,31246,7698,3722,3429,7928,8852,8560,7760,8516,8675,3957,475,3885,4043,4390,4462,4428,4132,3997,3763,4098,4418,4552,4123,2695,1262,402,73,96040,7151,7
Mozambique,1961,158996,57796,89192,31396,7726,3730,3419,7900,8815,8562,7867,8601,8715,3996,468,3919,3981,4377,4438,4410,4152,4044,3823,4127,4474,4581,4134,2743,1253,396,72,96918,7149,7
Mozambique,1962,161189,58695,90740,32045,7823,3757,3422,8022,8837,8601,8008,8687,8785,4043,460,3996,4026,4384,4453,4415,4186,4099,3909,4164,4523,4648,4137,2787,1256,389,71,98563,7179,7
Mozambique,1963,164026,59664,92381,32717,7980,3803,3467,8230,8934,8730,8225,8833,8888,4096,452,4104,4126,4412,4522,4467,4263,4192,4033,4252,4581,4744,4144,2828,1268,382,70,100361,7270,7
Mozambique,1964,168738,60799,94522,33723,8299,3902,3649,8858,9242,9008,8523,9040,9067,4170,448,4424,4434,4543,4699,4600,4408,4329,4194,4385,4655,4881,4186,2878,1292,378,70,102821,7551,7
Mozambique,1965,171814,61850,96264,34414,8567,3995,3728,9088,9310,9119,8719,9180,9185,4213,443,4507,4581,4534,4776,4648,4471,4415,4304,4494,4686,4978,4207,2901,1312,374,69,104831,7723,7
Mozambique,1966,175547,63122,98210,35088,8866,4127,3856,9379,9462,9291,8963,9378,9324,4248,441,4629,4750,4590,4872,4730,4561,4530,4433,4635,4743,5069,4255,2913,1335,373,68,107076,7983,7
Mozambique,1967,178891,64430,100263,35833,9147,4255,3956,9496,9527,9359,9133,9578,9452,4272,438,4658,4838,4635,4892,4765,4594,4607,4526,4768,4810,5130,4322,2914,1358,373,65,109410,8211,7
Mozambique,1968,182510,65822,102362,36540,9420,4402,4057,9651,9618,9488,9352,9834,9583,4293,444,4722,4929,4716,4902,4833,4655,4711,4641,4921,4913,5178,4405,2916,1377,379,65,111782,8459,6
Mozambique,1969,186084,67292,104532,37240,9646,4550,4141,9805,9682,9591,9547,10103,9708,4319,449,4807,4998,4812,4870,4893,4698,4800,4747,5068,5035,5214,4494,2924,1395,385,64,114178,8691,6
Mozambique,1970,189632,68591,106522,37931,9835,4719,4266,9949,9771,9735,9766,10418,9837,4351,455,4903,5046,4929,4842,4972,4763,4899,4867,5227,5191,5250,4587,2944,1407,391,64,116357,8985,6
Mozambique,1971,193726,70014,108747,38733,10058,4934,4444,10058,9881,9934,10049,10779,9978,4393,465,5010,5048,5019,4862,5066,4868,5029,5020,5400,5379,5309,4669,2982,1411,401,64,118805,9378,6
Mozambique,1972,198967,71295,110578,39283,10201,5118,4770,10778,10391,10343,10477,11241,10137,4448,471,5456,5322,5308,5083,5263,5080,5234,5243,5627,5614,5405,4732,3035,1413,407,64,120779,9888,6
Mozambique,1973,203780,73199,113535,40336,10435,5284,4956,10982,10515,10418,10733,11651,10278,4509,478,5606,5376,5368,5147,5261,5157,5330,5403,5817,5834,5509,4769,3093,1416,413,65,123970,10240,6
Mozambique,1974,207727,75401,116837,41436,10706,5418,4996,10674,10331,10279,10900,12066,10442,4583,487,5447,5227,5228,5103,5122,5157,5370,5530,6000,6066,5643,4799,3160,1423,420,67,127543,10414,6
Mozambique,1975,210861,77636,119879,42243,10878,5471,5000,10409,10102,10055,10960,12399,10570,4644,490,5322,5087,5061,5041,4944,5111,5361,5599,6142,6257,5768,4802,3212,1432,423,67,130757,10471,6
Mozambique,1976,217696,80411,124037,43626,11254,5597,5207,10875,10298,10175,11244,12924,10857,4727,495,5589,5286,5134,5164,4971,5204,5473,5771,6390,6534,5992,4865,3273,1454,426,69,135291,10804,6
Mozambique,1977,224853,83507,128663,45156,11658,5736,5397,11326,10430,10267,11470,13422,11180,4799,497,5838,5488,5187,5243,5022,5245,5565,5905,6629,6793,6232,4948,3316,1483,426,71,140321,11133,6
Mozambique,1978,232960,86968,134081,47113,12119,5867,5568,11847,10629,10312,11673,13928,11559,4868,502,6116,5731,5302,5327,5084,5228,5638,6035,6871,7057,6499,5060,3349,1519,429,73,146200,11435,6
Mozambique,1979,242767,90986,140346,49360,12719,6077,5762,12494,10982,10441,11940,14518,12028,4946,506,6452,6042,5524,5458,5221,5220,5751,6189,7152,7366,6809,5219,3388,1558,433,73,153065,11839,6
Mozambique,1980,251266,94596,145913,51317,13227,6274,5885,13027,11242,10509,12123,15025,12503,5016,514,6711,6316,5710,5532,5342,5167,5831,6292,7372,7653,7110,5393,3423,1593,439,75,159140,12159,6
Mozambique,1981,276813,101957,160087,58130,15455,7479,6499,14382,12339,11548,13270,16427,13602,5191,524,7397,6985,6319,6020,5908,5640,6404,6866,8026,8401,7775,5827,3549,1642,449,75,175542,13978,7
Mozambique,1982,279916,102660,161236,58576,15640,7734,6625,14613,12524,11708,13363,16707,14010,5220,529,7503,7110,6473,6051,5998,5710,6450,6913,8097,8610,8009,6001,3575,1645,454,75,176876,14359,7
Mozambique,1983,283512,103712,162446,58734,15705,7965,6796,14905,12835,11995,13526,17033,14490,5279,537,7639,7266,6657,6178,6138,5857,6505,7021,8196,8837,8277,6213,3630,1649,462,75,178151,14761,7
Mozambique,1984,310560,104936,163684,58748,15638,8280,9306,24314,18441,15474,15556,18405,15476,5433,547,12740,11574,9871,8570,8065,7409,7537,8019,8899,9506,8859,6617,3768,1665,471,76,179322,17586,7
Mozambique,1985,313280,105805,164750,58945,15599,8415,9578,24532,18688,15663,15562,18526,15899,5503,553,12859,11673,9995,8693,8094,7569,7467,8095,8915,9611,9083,6816,3843,1660,477,76,180349,17993,7
Mozambique,1986,295109,100073,152697,52624,13551,7432,9436,24298,18441,15136,14831,17678,15598,5455,548,12760,11538,9875,8566,7790,7346,7096,7735,8472,9206,8875,6723,3825,1630,472,76,166248,16868,7
Mozambique,1987,298030,100566,153252,52686,13433,7445,9764,24848,18879,15335,15024,17853,16046,5590,551,13102,11746,10075,8804,7848,7487,7212,7812,8555,9298,9106,6940,3946,1644,474,77,166685,17209,7
Mozambique,1988,269242,98446,150032,51586,13064,7099,7272,15318,13421,12036,12935,16469,15541,5513,533,7906,7412,6915,6506,6027,6009,6164,6771,7812,8657,8752,6789,3907,1606,457,76,163096,14371,7
Mozambique,1989,267642,97643,148602,50959,12882,6962,7286,15233,13374,12058,12893,16431,15760,5632,529,7921,7312,6869,6505,6056,6002,6230,6663,7814,8617,8826,6934,4008,1624,453,76,161484,14248,7
Mozambique,1990,267567,97402,148297,50895,12935,6924,7265,14981,13280,12079,12909,16501,16059,5800,527,7851,7130,6775,6505,6093,5986,6333,6576,7872,8629,8929,7130,4141,1659,451,76,161232,14189,7
Mozambique,1991,269651,97288,148084,50796,13000,6902,7380,15415,13608,12368,13158,16749,16433,6014,532,8147,7268,6912,6696,6296,6072,6508,6650,8016,8733,9074,7359,4299,1715,455,77,161084,14282,7
Mozambique,1992,270754,96896,147216,50320,13019,6865,7420,15726,13819,12629,13444,17032,16794,6244,540,8356,7370,6990,6829,6486,6143,6651,6793,8152,8880,9213,7581,4461,1783,462,78,160235,14285,7
Mozambique,1993,270497,96275,145816,49541,12924,6789,7292,15764,13980,12930,13734,17179,17058,6472,550,8348,7416,7032,6948,6659,6271,6793,6941,8193,8986,9292,7766,4619,1853,471,79,158740,14081,7
Mozambique,1994,276463,96977,146222,49245,13001,6866,7423,16663,14774,13819,14618,17911,17735,6848,572,8765,7898,7404,7370,7101,6718,7202,7416,8493,9418,9626,8109,4879,1969,492,80,159223,14289,8
Mozambique,1995,286768,99166,148724,49558,13196,7040,7668,17867,15806,14978,15785,18939,18752,7395,615,9302,8565,7897,7909,7682,7296,7729,8056,8912,10027,10144,8608,5259,2136,531,84,161920,14708,8
Mozambique,1996,287439,98122,146289,48167,12920,6975,7621,18394,16302,15648,16305,19382,19199,7757,641,9450,8944,8130,8172,8009,7639,7937,8368,9088,10294,10358,8841,5504,2253,556,85,159209,14596,8
Mozambique,1997,286722,97227,143544,46317,12533,6877,7526,18677,16613,16139,16670,19749,19601,8109,678,9462,9215,8298,8315,8216,7923,8080,8590,9288,10461,10552,9049,5740,2369,590,88,156077,14403,8
Mozambique,1998,285319,94993,139433,44440,12152,6803,7476,18932,17098,16748,17240,20236,20039,8441,712,9440,9492,8565,8533,8488,8260,8353,8887,9600,10636,10803,9236,5955,2486,622,90,151585,14279,8
Mozambique,1999,281732,92222,134380,42158,11587,6605,7352,18875,17423,17168,17757,20630,20450,8750,750,9266,9609,8776,8647,8667,8501,8635,9122,9928,10702,11046,9404,6146,2604,655,95,145967,13957,8
Mozambique,2000,279069,89620,129682,40062,11060,6410,7258,18855,17897,17728,18338,21090,20904,9046,786,9124,9731,9083,8814,8905,8823,8976,9362,10319,10771,11325,9579,6321,2725,688,98,140742,13668,8
Mozambique,2001,277046,86607,124379,37772,10522,6219,7229,19044,18725,18571,19112,21716,21374,9316,827,9091,9953,9566,9159,9284,9287,9455,9657,10735,10981,11614,9760,6473,2843,724,103,134901,13448,9
Mozambique,2002,275764,84103,120052,35949,10162,6076,7244,19157,19485,19240,19794,22308,21785,9578,872,9065,10092,9997,9488,9580,9660,9899,9895,11056,11252,11828,9957,6618,2960,762,110,130214,13320,9
Mozambique,2003,277355,82215,116531,34316,9810,5925,7289,19580,20780,20357,20893,23229,22211,9822,918,9188,10392,10659,10121,10115,10242,10510,10383,11538,11691,12025,10186,6753,3069,801,117,126341,13214,9
Mozambique,2004,277482,80035,112876,32841,9527,5807,7324,19802,21763,21107,21753,23983,22509,10059,962,9284,10518,11118,10645,10465,10642,10936,10817,11880,12103,12089,10420,6885,3174,841,121,122403,13131,10
Mozambique,2005,278369,78051,109566,31515,9300,5732,7411,20217,22922,21908,22627,24623,22759,10284,1012,9479,10738,11622,11300,10848,11060,11389,11238,12127,12496,12096,10663,7018,3266,882,130,118866,13143,10
Mozambique,2006,278213,76167,106374,30207,9075,5643,7422,20371,23706,22459,23387,25102,23093,10510,1059,9579,10792,11889,11817,11111,11348,11762,11625,12296,12806,12203,10890,7156,3354,922,137,115449,13065,11
Mozambique,2007,275480,73572,101878,28306,8680,5486,7332,20305,24174,22877,24007,25438,23451,10738,1107,9587,10718,11957,12217,11341,11536,12026,11981,12412,13026,12399,11052,7304,3434,962,145,110558,12818,11
Mozambique,2008,274321,72716,99666,26950,8406,5389,7263,20221,24322,23111,24322,25728,23757,10976,1151,9588,10633,11865,12457,11517,11594,12138,12184,12535,13193,12623,11134,7466,3510,999,152,108072,12652,12
Mozambique,2009,273021,72112,97843,25731,8109,5282,7171,20056,24201,23274,24516,26065,24067,11228,1194,9532,10524,11651,12550,11685,11589,12199,12317,12731,13334,12920,11147,7644,3584,1034,160,105952,12453,13
Mozambique,2010,274867,72916,98656,25740,8083,5321,7194,20047,24010,23403,24652,26352,24404,11495,1234,9561,10486,11446,12564,11877,11526,12207,12445,12926,13426,13254,11150,7835,3660,1067,167,106739,12515,14
Mozambique,2011,272708,71798,96850,25052,7842,5242,7112,19794,23518,23412,24664,26493,24744,11749,1274,9448,10346,11130,12388,11987,11425,12139,12525,13083,13410,13489,11255,8012,3737,1097,177,104692,12354,14
Mozambique,2012,269222,70366,94754,24388,7625,5153,7023,19415,22727,23213,24396,26513,25111,11969,1309,9269,10146,10718,12009,11948,11265,11941,12455,13177,13336,13648,11463,8146,3823,1124,185,102379,12176,15
Mozambique,2013,264872,69020,92685,23665,7431,5043,6918,18904,21682,22781,23920,26480,25525,12143,1343,9042,9862,10247,11435,11724,11057,11647,12273,13152,13328,13805,11720,8228,3915,1152,191,100116,11961,16
Mozambique,2014,260367,66731,89583,22852,7271,4931,6816,18446,20870,22557,23593,26622,26008,12272,1378,8826,9620,9918,10952,11549,11008,11437,12156,13150,13472,13966,12042,8257,4015,1179,199,96854,11747,17
Mozambique,2015,255083,64610,86245,21635,7055,4763,6667,17844,19955,22203,23221,26805,26480,12415,1413,8551,9293,9543,10412,11246,10957,11199,12022,13179,13626,14085,12395,8290,4125,1207,206,93300,11430,18
Mozambique,2016,250323,63419,84027,20608,6902,4622,6533,17220,18987,21624,22671,26831,26801,12639,1447,8287,8933,9152,9835,10806,10818,10899,11772,13109,13722,14112,12689,8416,4223,1235,212,90929,11155,19
Mozambique,2017,248268,63218,83344,20126,6855,4541,6451,16798,18267,21114,22314,26984,27166,12932,1485,8133,8665,8885,9382,10393,10721,10727,11587,13064,13920,14198,12968,8634,4298,1267,218,90199,10992,20
Mozambique,2018,245416,62826,82500,19674,6787,4459,6306,16190,17491,20481,21915,26893,27624,13222,1523,7888,8302,8551,8940,9920,10561,10578,11337,12906,13987,14369,13255,8883,4339,1300,223,89287,10765,21
Mozambique,2019,243603,62050,81298,19248,6744,4430,6231,15880,17018,19973,21749,26900,28253,13537,1568,7789,8091,8349,8669,9534,10439,10573,11176,12819,14081,14702,13551,9178,4359,1338,230,88042,10661,21
Mozambique,2020,249559,61348,80086,18738,6491,4284,5503,14022,15859,20624,24182,30722,31293,14774,1690,6957,7065,7565,8294,9593,11031,11776,12406,14557,16165,16661,14632,10071,4703,1446,244,86577,9787,23
Mozambique,2021,282145,60890,79195,18305,6359,4412,6687,17501,20578,25887,29937,36903,36161,16662,1836,8504,8997,9805,10773,11962,13925,14826,15111,17510,19393,19537,16624,11402,5260,1577,259,85554,11099,24
Myanmar,1950,495907,172044,269565,97521,13286,9370,12525,30616,30212,29666,31205,33557,26414,8738,740,15572,15044,15469,14743,14847,14819,15429,15776,17138,16419,14954,11460,6189,2549,649,91,282851,21895,10
Myanmar,1951,498719,171338,271764,100426,13413,9232,12315,30395,30167,29631,31483,33892,26756,8930,729,15445,14950,15368,14799,14774,14857,15590,15893,17272,16620,15119,11637,6386,2544,644,85,285177,21547,10
Myanmar,1952,484786,166493,263346,96853,12850,8659,11633,29278,29117,28636,31019,33606,26797,9100,735,14832,14446,14683,14434,14230,14406,15382,15637,17055,16551,15100,11697,6581,2519,646,89,276196,20292,11
Myanmar,1953,477816,162711,256864,94153,12777,8424,11286,28949,28810,28299,31168,33890,27207,9378,750,14584,14365,14356,14454,14047,14252,15491,15677,17138,16752,15308,11899,6841,2537,659,91,269641,19710,10
Myanmar,1954,468721,159327,250580,91253,12831,8156,10753,27922,28004,27679,31023,33906,27468,9628,762,13972,13950,13812,14192,13737,13942,15415,15608,17087,16819,15432,12036,7035,2593,673,89,263411,18909,8
Myanmar,1955,463450,156122,244428,88306,13252,8075,10489,27611,27839,27583,31230,34255,27961,9949,772,13730,13881,13676,14163,13724,13859,15485,15745,17229,17026,15695,12266,7244,2705,686,86,257680,18564,6
Myanmar,1956,458313,153403,239560,86157,13476,7975,10163,27029,27444,27366,31283,34504,28445,10278,788,13356,13673,13484,13960,13667,13699,15428,15855,17316,17188,15949,12496,7440,2838,699,89,253036,18138,6
Myanmar,1957,456137,151304,235189,83885,13876,8027,10012,26818,27459,27599,31655,34992,29074,10635,800,13163,13655,13566,13893,13881,13718,15501,16154,17534,17458,16293,12781,7649,2986,707,93,249065,18039,7
Myanmar,1958,452461,149336,231483,82147,14074,7988,9762,26186,27087,27529,31706,35241,29601,10972,819,12771,13415,13486,13601,13934,13595,15377,16329,17621,17620,16565,13036,7842,3130,721,98,245557,17750,8
Myanmar,1959,451146,147433,228232,80799,14312,8131,9663,25780,27003,27712,31974,35790,30318,11360,861,12507,13273,13520,13483,14070,13642,15381,16593,17875,17915,16933,13385,8082,3278,757,104,242544,17794,9
Myanmar,1960,449475,145650,224812,79162,14463,8368,9627,25348,26919,27803,32133,36328,31012,11743,911,12256,13092,13508,13411,14104,13699,15363,16770,18132,18196,17274,13738,8328,3415,803,108,239275,17995,10
Myanmar,1961,449320,143770,221119,77349,14614,8641,9745,25366,27219,28166,32459,37058,31802,12153,967,12254,13112,13663,13556,14226,13940,15465,16994,18511,18547,17660,14142,8599,3554,855,112,235733,18386,11
Myanmar,1962,446986,141784,217467,75683,14577,8838,9728,24786,27051,28155,32479,37684,32582,12599,1026,11980,12806,13524,13527,14062,14093,15426,17053,18851,18833,18024,14558,8892,3707,912,114,232044,18566,12
Myanmar,1963,444889,139242,212439,73197,14686,9160,9844,24507,27183,28379,32666,38465,33410,13045,1088,11878,12629,13509,13674,13996,14383,15508,17158,19287,19178,18421,14989,9193,3852,969,119,227125,19004,12
Myanmar,1964,438725,136009,206252,70243,14315,9110,9904,24062,26878,28187,32505,38864,34019,13461,1149,11737,12325,13280,13598,13759,14428,15440,17065,19475,19389,18692,15327,9469,3992,1022,127,220567,19014,13
Myanmar,1965,431251,132629,199543,66914,13924,8948,9994,23444,26329,27884,32344,39169,34579,13876,1207,11528,11916,12921,13408,13527,14357,15391,16953,19564,19605,18948,15631,9744,4132,1070,137,213467,18942,14
Myanmar,1966,424543,128726,192384,63658,13624,8833,10176,23062,25884,27665,32359,39625,35291,14363,1269,11453,11609,12617,13267,13403,14262,15449,16910,19678,19947,19290,16001,10070,4293,1122,147,206008,19009,15
Myanmar,1967,417613,125127,185901,60774,13250,8653,10291,22564,25199,27313,32372,39969,35911,14845,1332,11326,11238,12190,13009,13272,14041,15546,16826,19673,20296,19573,16338,10391,4454,1175,157,199151,18944,16
Myanmar,1968,412873,122221,180708,58487,12921,8496,10452,22276,24590,27073,32531,40376,36635,15395,1403,11299,10977,11811,12779,13226,13847,15719,16812,19669,20707,19906,16729,10754,4641,1234,169,193629,18948,17
Myanmar,1969,417495,121503,179208,57705,13073,8651,10925,22902,24795,27596,33392,41461,37907,16085,1482,11768,11134,11844,12951,13568,14028,16204,17188,20042,21419,20574,17333,11215,4870,1300,182,192281,19576,18
Myanmar,1970,420026,121174,178349,57175,13098,8674,11079,23275,24504,27752,33885,42139,38987,16708,1557,12144,11131,11652,12852,13662,14090,16432,17453,20244,21895,21137,17850,11619,5089,1365,192,191447,19753,20
Myanmar,1971,420476,120694,177211,56517,13013,8613,11050,23215,23823,27669,34184,42631,40065,17340,1635,12264,10951,11280,12543,13578,14091,16479,17705,20382,22249,21716,18349,12022,5318,1432,203,190224,19663,21
Myanmar,1972,424086,119859,175567,55708,13208,8728,11317,23981,23742,28072,34853,43403,41435,18041,1716,12830,11151,11243,12499,13724,14348,16625,18228,20701,22702,22498,18937,12475,5566,1503,213,188775,20045,22
Myanmar,1973,425976,118825,173671,54846,13205,8738,11409,24549,23487,28369,35381,43953,42690,18708,1797,13290,11259,11142,12345,13773,14596,16663,18718,20945,23008,23219,19471,12900,5808,1575,222,186876,20147,23
Myanmar,1974,426514,117240,171115,53875,13212,8762,11471,25012,23145,28468,35787,44506,43895,19321,1803,13570,11442,11029,12116,13710,14758,16680,19107,21228,23278,23873,20022,13306,6015,1613,190,184327,20233,13
Myanmar,1975,429077,115866,168715,52849,13381,8909,11655,25760,23092,28678,36368,45370,45259,20025,1853,13875,11885,11086,12006,13707,14971,16862,19506,21694,23676,24557,20702,13778,6247,1671,182,182096,20564,9
Myanmar,1976,428433,114600,166194,51594,13262,8900,11553,25824,22654,28490,36622,46006,46341,20654,1918,13791,12033,10956,11698,13487,15003,16960,19662,22082,23924,25019,21322,14192,6462,1736,182,179456,20453,6
Myanmar,1977,430233,113362,163856,50494,13261,8968,11632,26429,22593,28490,37052,46982,47607,21362,1995,13983,12446,11034,11559,13365,15125,17239,19813,22705,24277,25513,22094,14654,6708,1810,185,177117,20600,4
Myanmar,1978,434981,112351,162191,49840,13453,9131,11895,27571,22889,28662,37681,48251,49026,22136,2087,14433,13138,11298,11591,13337,15325,17667,20014,23487,24764,26058,22968,15164,6972,1893,194,175644,21026,4
Myanmar,1979,434445,111152,159642,48490,13311,9138,11804,27414,22775,28319,37910,49084,50007,22857,2179,14225,13189,11364,11411,13064,15255,17872,20038,23971,25113,26373,23634,15636,7221,1974,205,172953,20942,4
Myanmar,1980,434423,109772,157266,47494,13103,9076,11778,27446,22943,27938,38149,49876,50952,23629,2267,14184,13262,11624,11319,12804,15134,18007,20142,24331,25545,26718,24234,16152,7477,2054,213,170369,20854,4
Myanmar,1981,436843,108344,154885,46541,13123,9138,11952,27893,23490,27760,38682,50955,52079,24525,2359,14359,13534,12071,11419,12677,15083,18232,20450,24730,26225,27209,24870,16769,7756,2138,221,168008,21090,3
Myanmar,1982,439242,107717,153366,45649,13012,9124,12015,28126,23997,27545,39220,51911,53023,25446,2454,14427,13699,12484,11513,12554,14991,18406,20814,24925,26986,27630,25393,17417,8029,2223,231,166378,21139,4
Myanmar,1983,442922,107405,152230,44825,13029,9172,12171,28495,24659,27369,39838,52973,54050,26403,2525,14583,13912,12996,11663,12489,14880,18567,21271,25105,27868,28142,25908,18100,8303,2297,228,165259,21343,4
Myanmar,1984,446502,106641,150896,44255,12972,9166,12275,28893,25411,27298,40393,53958,55140,27403,2695,14768,14125,13418,11993,12515,14783,18685,21708,25319,28639,28732,26408,18760,8643,2428,267,163868,21441,5
Myanmar,1985,450278,104143,147896,43753,13103,9253,12512,29624,26435,27437,41004,55170,56560,28422,2855,15144,14480,13860,12575,12681,14756,18821,22183,25765,29405,29541,27019,19404,9018,2553,302,160999,21765,7
Myanmar,1986,451502,100794,143686,42892,13075,9267,12604,30103,27336,27614,41418,56139,57913,29339,3000,15395,14708,14205,13131,12890,14724,18870,22548,26212,29927,30364,27549,19941,9398,2671,329,156761,21871,9
Myanmar,1987,453042,97329,139025,41696,13147,9317,12754,30663,28320,27819,41775,57205,59582,30290,3132,15690,14973,14570,13750,13125,14694,18866,22909,26845,30360,31441,28141,20472,9818,2783,349,152172,22071,12
Myanmar,1988,458502,94100,134428,40328,13527,9557,13149,31906,29937,28567,42514,58698,61652,31285,3265,16323,15583,15228,14709,13632,14935,19061,23453,27789,30909,32764,28888,21024,10261,2898,367,147955,22706,13
Myanmar,1989,455401,92314,130767,38453,13194,9333,12874,31470,29988,28511,42040,59044,62820,31956,3388,16081,15389,15107,14881,13766,14745,18686,23354,28087,30957,33464,29356,21357,10599,3008,380,143961,22207,14
Myanmar,1990,460947,90786,127684,36898,13428,9533,13140,32354,31084,29604,42462,60496,64759,32873,3519,16484,15870,15592,15492,14546,15058,18790,23672,28853,31643,34475,30284,21905,10968,3131,388,141112,22673,13
Myanmar,1991,460555,88988,124663,35675,13109,9400,12992,32302,31265,30157,42142,61240,66074,33563,3638,16407,15895,15600,15665,15008,15149,18574,23568,29154,32086,34985,31089,22311,11252,3248,390,137772,22392,12
Myanmar,1992,462440,86776,121142,34366,12887,9389,13055,32814,31887,31086,42057,62420,67630,34306,3760,16619,16195,15856,16031,15682,15404,18511,23546,29585,32835,35454,32176,22776,11530,3374,386,134029,22444,11
Myanmar,1993,461102,84520,117668,33148,12481,9325,12849,32331,31879,31821,41738,63297,68859,34966,3882,16309,16022,15764,16115,16244,15577,18398,23340,29784,33513,35661,33198,23200,11766,3495,387,130149,22174,9
Myanmar,1994,460650,82001,113920,31919,12037,9217,12790,32485,32164,32680,41492,64047,70079,35728,4004,16348,16137,15883,16281,16715,15965,18370,23122,29893,34154,35968,34111,23725,12003,3609,395,125957,22007,8
Myanmar,1995,460801,79530,110399,30869,11782,9164,12720,32269,32300,33581,41455,64797,71499,36688,4136,16198,16071,15923,16377,17018,16563,18483,22972,29997,34800,36542,34957,24406,12282,3725,411,122181,21884,7
Myanmar,1996,452427,77239,106639,29400,10986,8668,12139,30865,31263,33516,40620,64215,71870,37395,4241,15469,15396,15383,15880,16771,16745,18249,22371,29437,34778,36700,35170,24929,12466,3808,433,117625,20807,8
Myanmar,1997,453009,74971,103219,28248,10740,8506,12071,30766,31453,34517,40784,64626,73251,38672,4392,15396,15370,15469,15984,17064,17453,18517,22267,29356,35270,37572,35679,25891,12781,3931,461,113959,20577,8
Myanmar,1998,448117,72698,99898,27200,10078,7964,11579,29572,30583,34725,40443,64298,74339,40053,4570,14786,14786,15002,15581,16864,17861,18501,21942,28892,35406,38345,35994,26903,13150,4075,495,109976,19543,10
Myanmar,1999,453976,70619,96678,26059,10183,7980,11852,30259,31557,36251,41596,65077,76308,41510,4715,15121,15138,15463,16094,17458,18793,19317,22279,29046,36031,39570,36738,27925,13585,4193,522,106861,19832,11
Myanmar,2000,455684,68917,93931,25014,9978,7765,11809,30186,31709,36852,42583,65231,77986,42794,4842,15095,15091,15489,16220,17636,19216,20092,22491,28940,36291,40480,37506,28734,14060,4308,534,103909,19574,12
Myanmar,2001,458233,67923,91905,23982,9768,7610,11717,30090,31932,37575,43815,65252,79629,43967,4955,15050,15040,15526,16406,17871,19704,20978,22837,28842,36410,41248,38381,29380,14587,4415,540,101673,19327,11
Myanmar,2002,459819,67040,90118,23078,9500,7412,11512,29825,31873,37968,45021,65116,81351,45058,5046,14929,14896,15428,16445,17941,20027,21842,23179,28725,36391,41930,39421,29873,15185,4508,538,99618,18924,11
Myanmar,2003,461213,64635,86892,22257,9312,7331,11297,29738,32031,38635,46572,65082,83081,46082,5146,14902,14836,15428,16603,18174,20461,22925,23647,28749,36333,42522,40559,30293,15789,4610,536,96204,18628,10
Myanmar,2004,461663,61698,83111,21413,9133,7223,11053,29705,32068,39079,48094,65103,84650,47155,5279,14904,14801,15390,16678,18324,20755,23727,24367,28880,36223,42995,41655,30827,16328,4741,538,92244,18276,10
Myanmar,2005,460352,58879,79280,20401,8831,7018,10679,29225,31720,39319,49559,65154,85828,48283,5449,14660,14565,15152,16568,18381,20938,24227,25332,29101,36053,43250,42578,31503,16780,4906,543,88111,17697,10
Myanmar,2006,460667,56335,75598,19263,8676,6869,10454,28939,31550,39629,51189,65552,87001,49545,5653,14492,14447,15024,16526,18499,21130,24760,26429,29555,35997,43492,43509,32369,17176,5102,551,84274,17323,9
Myanmar,2007,456710,54204,72281,18077,8294,6535,10008,27928,30687,39340,52326,65448,87320,50647,5883,13923,14005,14555,16132,18299,21041,24970,27356,29787,35661,43264,44056,33212,17435,5320,563,80575,16543,9
Myanmar,2008,593071,62047,99832,37785,28164,17343,16468,37888,42675,52424,66102,75631,95930,54347,6256,18743,19145,20259,22416,24902,27522,31577,34525,35301,40330,47632,48298,36028,18319,5669,587,127996,33811,9
Myanmar,2009,451334,49115,64826,15711,7654,6000,9445,26508,29615,39257,54877,66479,87496,52856,6310,12966,13542,13990,15625,18128,21129,25485,29392,30953,35526,42707,44789,34919,17937,5711,599,72480,15445,9
Myanmar,2010,455611,46795,61508,14713,7630,5986,9457,26558,29949,40051,56529,68722,88274,54398,6539,12870,13688,14153,15796,18434,21617,26113,30416,32555,36167,42876,45398,35929,18469,5899,640,69138,15443,9
Myanmar,2011,449813,44695,58482,13787,7063,5598,8939,25336,28803,39349,56636,69807,87603,55431,6748,12227,13109,13593,15210,17954,21395,25952,30684,33501,36306,42364,45239,36486,18945,6052,696,65545,14537,11
Myanmar,2012,453365,42642,55582,12940,6941,5568,8815,24961,28793,39855,58042,72522,88191,57088,7000,12033,12928,13577,15216,18081,21774,26447,31595,35307,37215,42581,45610,37399,19689,6234,766,62523,14383,13
Myanmar,2013,445954,40975,53131,12156,6281,5132,8113,23092,27110,38537,57597,73836,87560,58301,7251,11188,11904,12752,14358,17287,21250,26033,31564,36374,37462,42238,45322,37922,20379,6410,841,59412,13245,18
Myanmar,2014,449985,39520,50977,11457,6113,5057,7964,22762,27155,38871,58759,76807,88230,59745,7520,11091,11671,12783,14372,17346,21525,26480,32279,37926,38881,42719,45511,38621,21124,6623,897,57090,13021,22
Myanmar,2015,446949,38558,49468,10910,5648,4714,7488,21580,26094,37946,58644,78701,88217,60623,7797,10563,11017,12258,13836,16791,21155,26323,32321,38452,40249,42948,45269,38923,21700,6857,940,55116,12202,27
Myanmar,2016,454599,37444,47805,10361,5643,4723,7471,21428,26357,38565,60236,82476,89831,61920,8113,10485,10943,12343,14014,17012,21553,27041,33195,39911,42565,44139,45692,39528,22392,7145,968,53448,12194,30
Myanmar,2017,461006,36169,46108,9939,5556,4634,7434,21341,26446,38947,61528,86145,91402,62988,8439,10423,10918,12319,14127,17131,21816,27610,33918,41179,44966,45351,46051,39971,23017,7451,988,51664,12068,33
Myanmar,2018,454580,34747,44183,9436,5046,4212,6874,19639,24665,37424,60801,87872,91719,63356,8747,9561,10078,11321,13344,16314,21110,27154,33647,41301,46571,45848,45871,39927,23429,7737,1010,49229,11086,35
Myanmar,2019,461434,33531,42572,9041,4942,4109,6863,19711,24731,37742,61947,91075,94386,64226,9090,9562,10149,11231,13500,16443,21299,27603,34344,42356,48719,47792,46594,40275,23951,8044,1046,47514,10972,37
Myanmar,2020,471418,32154,40768,8614,4970,4062,6168,17394,22769,37056,64281,98503,100306,65609,9495,8418,8976,10057,12712,15946,21110,28204,36077,45344,53159,52353,47953,40879,24730,8391,1104,45738,10230,39
Myanmar,2021,525701,31038,39547,8509,4897,3983,6906,20729,26117,41888,72470,112028,114298,72409,10387,10043,10686,11612,14505,18046,23842,31784,40686,51447,60581,60506,53792,44988,27421,9169,1218,44444,10889,45
Namibia,1950,11625,3061,5674,2613,603,288,285,723,674,630,651,878,903,292,27,364,359,344,330,314,316,325,326,420,458,516,387,204,88,23,4,6277,573,0
Namibia,1951,11717,3073,5699,2626,612,291,283,716,677,632,662,884,926,307,28,359,357,345,332,315,317,332,330,420,464,519,407,217,90,24,4,6311,574,0
Namibia,1952,11635,3044,5629,2585,607,289,276,697,667,626,668,880,942,322,29,345,352,337,330,313,313,334,334,409,471,514,428,230,92,25,4,6236,565,0
Namibia,1953,11561,3017,5560,2543,599,288,272,681,656,622,678,880,956,339,30,334,347,330,326,313,309,338,340,400,480,507,449,245,94,26,4,6159,560,0
Namibia,1954,11444,2983,5479,2496,590,286,268,659,640,613,679,872,966,357,31,321,338,321,319,309,304,336,343,390,482,502,464,260,97,27,4,6069,554,0
Namibia,1955,11352,2944,5385,2441,582,286,266,643,635,609,687,870,974,378,32,312,331,317,318,308,301,338,349,386,484,503,471,275,103,28,4,5967,552,0
Namibia,1956,11246,2904,5281,2377,573,286,266,624,625,607,692,869,982,403,33,304,320,312,313,307,300,337,355,389,480,508,474,291,112,28,5,5854,552,0
Namibia,1957,11144,2865,5179,2314,563,285,266,611,618,607,694,867,989,429,35,301,310,309,309,307,300,334,360,395,472,518,471,310,119,30,5,5742,551,0
Namibia,1958,11004,2828,5078,2250,552,281,264,590,605,601,691,861,998,453,34,293,297,303,302,303,298,328,363,402,459,530,468,326,127,30,4,5630,545,0
Namibia,1959,10913,2795,4982,2187,541,277,265,579,596,601,694,864,1005,474,37,291,288,299,297,302,299,328,366,412,452,537,468,337,137,32,5,5523,542,0
Namibia,1960,10801,2772,4896,2124,528,273,265,566,581,595,689,865,1008,493,40,288,278,290,291,297,298,324,365,416,449,537,471,346,147,35,5,5424,538,0
Namibia,1961,10722,2756,4823,2067,515,268,266,561,572,592,690,875,1011,506,45,288,273,283,289,294,298,323,367,424,451,534,477,350,156,39,6,5338,534,1
Namibia,1962,10655,2750,4774,2024,503,264,265,559,557,586,685,887,1013,518,47,289,270,273,284,289,297,322,363,429,458,524,489,351,167,41,6,5277,529,1
Namibia,1963,10630,2747,4728,1981,492,261,266,563,552,584,684,905,1019,526,50,293,270,267,285,287,297,324,360,436,469,516,503,350,176,44,6,5220,527,1
Namibia,1964,10576,2743,4687,1944,481,257,264,562,536,578,680,920,1019,537,55,295,267,257,279,283,295,324,356,440,480,508,511,352,185,48,7,5168,521,1
Namibia,1965,10570,2742,4659,1917,473,253,262,570,532,576,683,933,1023,547,59,299,271,255,277,281,295,326,357,442,491,507,516,357,190,52,7,5132,515,1
Namibia,1966,10638,2745,4634,1889,466,250,267,604,541,584,691,949,1027,558,62,317,287,261,280,286,298,330,361,446,503,513,514,366,192,55,7,5100,517,1
Namibia,1967,10646,2752,4618,1866,460,247,266,609,532,583,696,959,1033,571,70,319,290,260,272,286,297,333,363,446,513,525,508,378,193,60,10,5078,513,1
Namibia,1968,10676,2766,4610,1844,456,243,267,619,532,584,701,964,1040,586,76,322,297,264,268,287,297,334,367,443,521,539,501,390,196,65,11,5066,510,1
Namibia,1969,10723,2779,4605,1826,455,241,267,628,533,585,707,975,1050,597,78,323,305,268,265,288,297,337,370,444,531,554,496,398,199,67,11,5060,508,1
Namibia,1970,10772,2790,4598,1808,452,238,266,638,539,584,714,983,1066,607,82,326,312,275,264,287,297,339,375,446,537,567,499,403,204,70,12,5050,504,1
Namibia,1971,10785,2804,4592,1788,448,237,264,641,540,580,715,985,1085,611,82,325,316,278,262,282,298,338,377,446,539,580,505,401,210,70,12,5040,501,1
Namibia,1972,10823,2817,4586,1769,447,235,263,646,551,577,716,987,1110,619,88,325,321,286,265,279,298,337,379,450,537,593,517,400,219,74,14,5033,498,1
Namibia,1973,10841,2831,4578,1747,445,233,261,646,558,573,716,986,1135,624,90,324,322,291,267,273,300,336,380,452,534,603,532,396,228,74,16,5023,494,1
Namibia,1974,10877,2837,4566,1729,442,233,259,645,568,569,717,992,1161,627,91,322,323,296,272,269,300,335,382,458,534,612,549,395,232,75,16,5008,492,1
Namibia,1975,10850,2837,4546,1709,440,232,256,638,573,560,712,989,1178,632,94,319,319,300,273,265,295,332,380,458,531,616,562,396,236,78,16,4986,488,2
Namibia,1976,10894,2830,4523,1693,440,232,257,636,585,558,718,998,1200,644,97,317,319,305,280,265,293,335,383,463,535,622,578,407,237,81,16,4963,489,2
Namibia,1977,10850,2803,4479,1676,440,232,254,626,583,547,712,1001,1209,654,103,312,314,303,280,263,284,334,378,463,538,620,589,418,236,86,17,4919,486,2
Namibia,1978,10807,2778,4433,1655,440,234,255,617,587,540,707,1002,1219,667,108,308,309,302,285,263,277,332,375,462,540,617,602,432,235,90,18,4873,489,2
Namibia,1979,10646,2678,4298,1620,442,237,255,589,571,528,696,1005,1231,685,111,295,294,291,280,260,268,326,370,459,546,617,614,447,238,93,18,4740,492,2
Namibia,1980,11440,2638,4224,1586,444,242,343,918,765,618,748,1043,1263,710,114,475,443,401,364,315,303,353,395,479,564,632,631,467,243,95,19,4668,585,2
Namibia,1981,11332,2576,4108,1532,443,246,345,895,753,619,743,1046,1278,734,118,468,427,389,364,320,299,348,395,479,567,639,639,482,252,97,21,4551,591,3
Namibia,1982,11088,2472,3943,1471,438,245,345,856,719,607,725,1038,1287,759,121,454,402,366,353,315,292,335,390,471,567,644,643,497,262,98,23,4381,590,3
Namibia,1983,11121,2439,3842,1403,432,247,355,875,728,628,731,1054,1311,794,124,469,406,369,359,327,301,333,398,478,576,660,651,517,277,100,24,4274,602,3
Namibia,1984,11084,2421,3757,1336,419,246,357,881,722,642,726,1057,1324,820,128,476,405,365,357,335,307,328,398,478,579,668,656,531,289,102,26,4176,603,3
Namibia,1985,11049,2394,3666,1272,400,243,363,895,723,658,730,1065,1333,836,131,487,408,365,358,344,314,329,401,482,583,674,659,538,298,105,26,4066,606,3
Namibia,1986,11055,2372,3590,1218,380,241,368,924,725,680,733,1076,1345,856,136,505,419,367,358,354,326,332,401,489,587,679,666,546,310,110,26,3970,609,3
Namibia,1987,11028,2362,3537,1175,362,236,369,938,719,691,728,1079,1356,870,141,512,426,365,354,358,333,334,394,492,587,682,674,549,321,115,26,3899,605,4
Namibia,1988,11307,2373,3538,1165,354,240,380,990,763,745,764,1116,1383,888,148,536,454,387,376,382,363,359,405,514,602,695,688,555,333,121,27,3892,620,4
Namibia,1989,10493,2400,3530,1130,334,225,282,647,602,666,716,1078,1364,894,154,335,312,292,310,330,336,340,376,495,583,680,684,554,340,126,28,3864,507,4
Namibia,1990,11371,2612,3767,1155,334,226,309,786,737,787,811,1147,1391,912,163,395,391,364,373,391,396,394,417,536,611,694,697,563,349,132,31,4101,535,4
Namibia,1991,11928,2660,3853,1193,336,227,316,849,823,878,895,1220,1427,930,172,417,432,407,416,432,446,442,453,569,651,716,711,572,358,140,32,4189,543,5
Namibia,1992,12514,2645,3873,1228,341,229,333,939,941,991,989,1290,1458,948,180,451,488,469,472,487,504,495,494,598,692,735,723,583,365,146,34,4214,562,5
Namibia,1993,13198,2634,3897,1263,351,232,350,1040,1088,1121,1105,1369,1484,966,188,487,553,546,542,553,568,561,544,633,736,753,731,596,370,153,35,4248,582,5
Namibia,1994,14139,2632,3938,1306,375,246,378,1179,1286,1297,1259,1478,1523,984,198,541,638,648,638,644,653,644,615,689,789,779,744,607,377,159,39,4313,624,5
Namibia,1995,15260,2629,3985,1356,406,264,409,1348,1544,1504,1435,1589,1561,1003,203,605,743,781,763,752,752,741,694,750,839,807,754,618,385,164,39,4391,673,6
Namibia,1996,16830,2631,4015,1384,438,285,452,1624,1970,1822,1667,1715,1599,1022,212,708,916,999,971,924,898,872,795,825,890,838,761,626,396,169,43,4453,737,6
Namibia,1997,18319,2694,4110,1416,473,308,488,1851,2360,2105,1881,1838,1639,1040,220,792,1059,1194,1166,1078,1027,989,892,901,937,871,768,633,407,174,46,4583,796,6
Namibia,1998,20052,2783,4216,1433,498,331,521,2095,2818,2448,2137,2001,1695,1059,227,880,1215,1416,1402,1262,1186,1124,1013,1001,1000,917,778,640,419,179,48,4714,852,7
Namibia,1999,21557,2848,4296,1448,522,361,568,2331,3225,2734,2337,2129,1735,1074,235,972,1359,1610,1615,1421,1313,1226,1111,1082,1047,949,786,645,429,185,50,4818,929,7
Namibia,2000,23098,2845,4303,1458,526,387,609,2578,3689,3060,2558,2272,1772,1088,245,1061,1517,1826,1863,1606,1454,1339,1219,1171,1101,974,798,649,439,191,54,4829,996,8
Namibia,2001,24351,2811,4288,1477,533,418,643,2747,4060,3337,2743,2403,1811,1103,253,1114,1633,1989,2071,1770,1567,1433,1310,1250,1153,998,813,654,449,198,55,4821,1061,9
Namibia,2002,24789,2761,4203,1442,509,426,654,2790,4216,3477,2826,2476,1829,1111,264,1121,1669,2044,2172,1858,1619,1471,1355,1292,1184,1006,823,654,457,206,58,4712,1080,9
Namibia,2003,25403,2745,4177,1432,500,436,675,2871,4410,3644,2900,2537,1848,1118,273,1140,1731,2122,2288,1967,1677,1514,1386,1326,1211,1011,837,655,463,213,60,4677,1111,10
Namibia,2004,25647,2757,4168,1411,498,445,693,2857,4411,3717,2946,2614,1870,1128,282,1138,1719,2106,2305,2017,1700,1535,1411,1373,1241,1023,847,658,470,220,62,4666,1138,11
Namibia,2005,25483,2666,3962,1296,463,422,693,2808,4385,3782,2977,2664,1880,1140,293,1120,1688,2081,2304,2058,1724,1546,1431,1406,1258,1030,850,664,476,228,65,4425,1115,12
Namibia,2006,24963,2530,3675,1145,420,390,688,2672,4217,3793,2998,2736,1900,1156,302,1075,1597,1987,2230,2058,1735,1549,1449,1449,1287,1046,854,674,482,234,68,4095,1078,12
Namibia,2007,24290,2426,3466,1040,383,356,673,2529,4000,3735,2973,2773,1907,1169,313,1035,1494,1879,2121,2014,1721,1530,1443,1468,1305,1054,853,683,486,241,72,3849,1029,13
Namibia,2008,23726,2304,3228,924,344,323,654,2393,3801,3712,2986,2834,1926,1185,322,998,1395,1778,2023,1981,1731,1529,1457,1493,1341,1069,857,697,488,247,75,3572,977,14
Namibia,2009,23316,2249,3104,855,312,294,629,2279,3616,3684,2999,2899,1952,1199,333,965,1314,1684,1932,1942,1742,1532,1467,1516,1383,1089,863,705,494,253,80,3416,923,15
Namibia,2010,23276,2185,2993,808,289,278,619,2291,3573,3721,3026,2944,1973,1211,341,984,1307,1660,1913,1942,1779,1551,1475,1529,1415,1102,871,710,501,258,83,3282,897,16
Namibia,2011,23212,2265,3114,849,293,275,595,2254,3426,3660,3014,2976,2009,1228,350,987,1267,1585,1841,1888,1772,1550,1464,1531,1445,1125,884,717,511,263,87,3407,870,17
Namibia,2012,22531,2355,3215,860,292,265,552,2134,3134,3446,2911,2937,2030,1241,355,950,1184,1441,1693,1753,1693,1499,1412,1495,1442,1136,894,720,521,266,89,3507,817,18
Namibia,2013,21891,2331,3176,845,284,249,511,2032,2887,3268,2852,2921,2067,1259,363,912,1120,1317,1570,1639,1629,1471,1381,1478,1443,1160,907,725,534,270,93,3460,760,19
Namibia,2014,21189,2310,3145,835,279,237,477,1916,2621,3048,2789,2900,2112,1277,372,864,1052,1196,1425,1507,1541,1438,1351,1458,1442,1189,923,733,544,276,96,3424,714,20
Namibia,2015,20761,2320,3162,842,284,228,453,1826,2422,2878,2748,2892,2165,1297,381,816,1010,1109,1313,1406,1472,1416,1332,1444,1448,1222,943,745,552,282,99,3446,681,22
Namibia,2016,20220,2273,3094,821,281,218,428,1711,2227,2714,2712,2880,2221,1321,392,749,962,1026,1201,1314,1400,1393,1319,1429,1451,1254,967,761,560,290,102,3375,646,23
Namibia,2017,20065,2207,3003,796,280,212,412,1654,2144,2649,2745,2908,2285,1344,402,703,951,998,1146,1276,1373,1405,1340,1440,1468,1289,996,777,567,298,104,3283,624,24
Namibia,2018,20250,2168,2961,793,284,214,402,1643,2142,2654,2819,2961,2358,1371,414,681,962,1012,1130,1277,1377,1437,1382,1463,1498,1324,1034,796,575,308,106,3245,616,26
Namibia,2019,20216,2077,2856,779,283,212,389,1604,2126,2621,2860,2989,2421,1399,427,653,951,1017,1109,1257,1364,1447,1413,1478,1511,1348,1073,816,583,317,110,3139,601,27
Namibia,2020,21112,1991,2754,763,281,208,341,1448,2066,2656,3114,3361,2772,1610,470,581,867,987,1079,1256,1400,1547,1567,1653,1708,1548,1224,937,673,350,120,3035,549,29
Namibia,2021,27119,1923,2674,751,279,222,458,1779,2651,3468,4167,4447,3924,2391,625,731,1048,1272,1379,1618,1850,2059,2108,2180,2267,2135,1789,1383,1008,473,152,2953,680,35
Nauru,1950,59,7,11,4,0,0,0,0,0,0,0,7,13,16,2,0,0,0,0,0,0,0,0,2,5,7,6,10,6,2,0,11,0,0
Nauru,1951,57,7,11,4,0,0,0,0,0,0,0,8,12,16,0,0,0,0,0,0,0,0,0,3,5,7,5,10,6,0,0,11,0,0
Nauru,1952,55,6,9,3,0,0,0,0,0,0,0,7,12,12,0,0,0,0,0,0,0,0,0,2,5,6,6,6,6,0,0,9,0,0
Nauru,1953,54,6,8,2,0,0,0,0,0,0,0,7,10,10,1,0,0,0,0,0,0,0,0,2,5,5,5,5,5,1,0,8,0,0
Nauru,1954,53,6,8,2,0,0,0,0,0,0,0,6,10,10,1,0,0,0,0,0,0,0,0,1,5,5,5,5,5,1,0,8,0,0
Nauru,1955,52,7,9,2,0,0,0,0,0,0,0,6,10,10,1,0,0,0,0,0,0,0,0,1,5,5,5,5,5,1,0,9,0,0
Nauru,1956,52,7,9,2,0,0,0,0,0,0,0,5,10,10,1,0,0,0,0,0,0,0,0,0,5,5,5,5,5,1,0,9,0,0
Nauru,1957,51,7,9,2,0,0,0,0,0,0,0,7,10,10,1,0,0,0,0,0,0,0,0,2,5,5,5,5,5,1,0,9,0,0
Nauru,1958,51,7,10,3,0,0,0,0,0,0,0,7,10,10,1,0,0,0,0,0,0,0,0,2,5,5,5,5,5,1,0,10,0,0
Nauru,1959,50,6,9,3,0,0,0,0,0,0,0,6,10,8,0,0,0,0,0,0,0,0,0,1,5,5,5,5,3,0,0,9,0,0
Nauru,1960,50,6,9,3,0,0,0,0,1,3,0,6,10,7,0,0,0,0,1,1,2,0,0,1,5,5,5,5,2,0,0,9,0,0
Nauru,1961,50,6,9,3,0,0,0,0,7,7,1,5,10,7,0,0,0,2,5,3,4,1,0,0,5,5,5,5,2,0,0,9,0,0
Nauru,1962,50,6,9,3,0,0,0,0,9,10,4,5,10,8,0,0,0,4,5,5,5,2,2,0,5,5,5,5,3,0,0,9,0,0
Nauru,1963,51,7,10,3,0,0,0,0,9,10,5,5,10,8,0,0,0,4,5,5,5,2,3,0,5,5,5,5,3,0,0,10,0,0
Nauru,1964,52,7,10,3,0,0,0,2,10,10,5,4,10,8,0,0,2,5,5,5,5,2,3,0,4,5,5,5,3,0,0,10,0,0
Nauru,1965,52,8,11,3,0,0,0,5,10,10,5,3,10,7,0,0,5,5,5,5,5,3,2,0,3,5,5,5,2,0,0,11,0,0
Nauru,1966,54,8,12,4,0,0,0,5,10,10,5,4,10,1,0,0,5,5,5,5,5,4,1,1,3,5,5,1,0,0,0,12,0,0
Nauru,1967,52,7,10,3,0,0,0,3,10,10,6,4,10,1,0,0,3,5,5,5,5,5,1,2,2,5,5,1,0,0,0,10,0,0
Nauru,1968,52,7,10,3,0,0,0,2,10,10,7,4,10,1,0,0,2,5,5,5,5,5,2,3,1,5,5,1,0,0,0,10,0,0
Nauru,1969,53,7,11,4,0,0,0,3,10,10,8,3,10,1,0,0,3,5,5,5,5,5,3,3,0,5,5,1,0,0,0,11,0,0
Nauru,1970,54,7,9,2,0,0,0,2,10,10,9,3,9,1,0,0,2,5,5,5,5,5,4,3,0,4,5,1,0,0,0,9,0,0
Nauru,1971,54,6,7,1,0,0,0,1,10,10,10,4,8,2,0,0,1,5,5,5,5,5,5,2,2,3,5,2,0,0,0,7,0,0
Nauru,1972,55,6,7,1,0,0,0,1,10,10,10,5,7,1,0,0,1,5,5,5,5,5,5,2,3,2,5,1,0,0,0,7,0,0
Nauru,1973,56,6,6,0,0,0,0,0,10,10,10,7,6,0,0,0,0,5,5,5,5,5,5,3,4,1,5,0,0,0,0,6,0,0
Nauru,1974,56,5,5,0,0,0,0,0,9,10,10,8,5,0,0,0,0,4,5,5,5,5,5,3,5,0,5,0,0,0,0,5,0,0
Nauru,1975,58,5,5,0,0,0,0,0,8,10,10,9,5,1,0,0,0,3,5,5,5,5,5,5,4,1,4,1,0,0,0,5,0,0
Nauru,1976,58,5,5,0,0,0,0,0,7,10,10,10,5,1,0,0,0,2,5,5,5,5,5,5,5,2,3,1,0,0,0,5,0,0
Nauru,1977,59,5,5,0,0,0,1,2,7,10,10,10,5,1,0,2,0,2,5,5,5,5,5,5,5,3,2,1,0,0,0,5,1,0
Nauru,1978,62,5,5,0,0,0,2,4,6,10,10,10,4,1,0,4,0,1,5,5,5,5,5,5,5,4,0,1,0,0,0,5,2,0
Nauru,1979,64,5,5,0,0,0,2,4,5,10,10,10,5,0,0,4,0,0,5,5,5,5,5,5,5,5,0,0,0,0,0,5,2,0
Nauru,1980,66,5,5,0,0,0,2,5,5,10,13,11,6,0,0,5,0,0,5,5,5,8,5,6,5,5,1,0,0,0,0,5,2,0
Nauru,1981,67,5,5,0,0,0,2,5,3,10,14,12,7,0,0,5,0,0,3,5,5,9,5,7,5,5,2,0,0,0,0,5,2,0
Nauru,1982,69,5,5,0,0,0,3,5,3,10,18,13,8,0,0,5,0,0,3,5,5,9,9,8,5,5,3,0,0,0,0,5,3,0
Nauru,1983,72,5,5,0,0,0,2,5,2,10,19,15,9,0,0,5,0,0,2,5,5,9,10,10,5,5,4,0,0,0,0,5,2,0
Nauru,1984,75,5,5,0,0,0,2,10,2,10,18,16,9,0,0,5,5,0,2,5,5,8,10,10,6,5,4,0,0,0,0,5,2,0
Nauru,1985,77,5,5,0,0,0,2,10,4,10,17,17,10,0,0,5,5,3,1,5,5,7,10,10,7,5,5,0,0,0,0,5,2,0
Nauru,1986,77,6,6,0,0,0,2,10,8,10,16,17,10,1,0,5,5,5,3,5,5,6,10,10,7,5,5,1,0,0,0,6,2,0
Nauru,1987,78,6,6,0,0,0,2,10,10,10,15,18,10,2,0,5,5,5,5,5,5,5,10,10,8,5,5,2,0,0,0,6,2,0
Nauru,1988,77,6,6,0,0,0,2,10,10,10,13,13,10,2,0,5,5,5,5,5,5,5,8,8,5,5,5,2,0,0,0,6,2,0
Nauru,1989,76,6,6,0,0,0,2,10,10,10,12,14,10,3,0,5,5,5,5,5,5,5,7,9,5,5,5,3,0,0,0,6,2,0
Nauru,1990,75,6,6,0,0,0,2,10,10,10,10,11,10,2,0,5,5,5,5,5,5,5,5,6,5,5,5,2,0,0,0,6,2,0
Nauru,1991,73,6,6,0,0,0,2,10,10,10,10,10,9,1,0,5,5,5,5,5,5,5,5,5,5,4,5,1,0,0,0,6,2,0
Nauru,1992,71,6,6,0,0,0,2,10,10,10,10,10,6,1,0,5,5,5,5,5,5,5,5,5,5,3,3,1,0,0,0,6,2,0
Nauru,1993,70,6,6,0,0,0,3,10,10,10,10,10,6,2,0,5,5,5,5,5,5,5,5,5,5,4,2,2,0,0,0,6,3,0
Nauru,1994,70,6,8,2,0,0,3,10,10,10,10,10,6,3,0,5,5,5,5,5,5,5,5,5,5,5,1,3,0,0,0,8,3,0
Nauru,1995,72,6,8,2,0,0,3,10,10,10,10,10,6,3,0,5,5,5,5,5,5,5,5,5,5,5,1,3,0,0,0,8,3,0
Nauru,1996,76,7,11,4,0,0,4,10,10,10,10,10,7,2,0,5,5,5,5,5,5,5,5,5,5,5,2,2,0,0,0,11,4,0
Nauru,1997,81,7,11,4,1,0,5,10,10,10,10,10,8,2,0,5,5,5,5,5,5,5,5,5,5,5,3,2,0,0,0,12,5,0
Nauru,1998,84,7,11,4,1,0,5,10,10,10,10,10,9,0,0,5,5,5,5,5,5,5,5,5,5,5,4,0,0,0,0,12,5,0
Nauru,1999,86,7,11,4,2,0,5,10,10,10,10,10,10,0,0,5,5,5,5,5,5,5,5,5,5,5,5,0,0,0,0,13,5,0
Nauru,2000,86,8,12,4,2,0,5,10,10,10,10,10,10,1,0,5,5,5,5,5,5,5,5,5,5,5,5,1,0,0,0,14,5,0
Nauru,2001,88,8,12,4,2,0,5,10,10,11,10,9,10,1,0,5,5,5,5,5,6,5,5,5,4,5,5,1,0,0,0,14,5,0
Nauru,2002,88,8,12,4,2,0,5,10,10,12,10,8,8,2,0,5,5,5,5,6,6,5,5,5,3,3,5,2,0,0,0,14,5,0
Nauru,2003,88,8,12,4,2,0,5,10,10,15,10,9,7,2,0,5,5,5,5,6,9,5,5,5,4,2,5,2,0,0,0,14,5,0
Nauru,2004,89,8,12,4,2,0,5,10,10,16,11,10,6,2,0,5,5,5,5,6,10,6,5,5,5,1,5,2,0,0,0,14,5,0
Nauru,2005,89,9,13,4,2,0,5,10,10,16,13,10,6,3,0,5,5,5,5,7,9,8,5,5,5,1,5,3,0,0,0,15,5,0
Nauru,2006,89,9,13,4,1,0,5,10,10,14,14,10,6,3,0,5,5,5,5,5,9,9,5,5,5,2,4,3,0,0,0,14,5,0
Nauru,2007,89,9,13,4,1,0,5,10,10,13,15,10,5,3,0,5,5,5,5,5,8,10,5,5,5,3,2,3,0,0,0,14,5,0
Nauru,2008,88,9,13,4,0,0,5,10,10,12,14,10,5,3,0,5,5,5,5,5,7,9,5,5,5,4,1,3,0,0,0,13,5,0
Nauru,2009,88,9,13,4,0,0,4,10,10,11,14,10,5,3,0,5,5,5,5,5,6,8,6,5,5,5,0,3,0,0,0,13,4,0
Nauru,2010,85,9,12,3,0,0,4,10,10,10,13,7,6,1,0,5,5,5,5,5,5,8,5,5,2,5,1,1,0,0,0,12,4,0
Nauru,2011,82,9,12,3,0,0,4,10,10,10,11,7,4,0,0,5,5,5,5,5,5,6,5,5,2,3,1,0,0,0,0,12,4,0
Nauru,2012,80,9,12,3,0,0,3,10,10,10,11,8,4,0,0,5,5,5,5,5,5,6,5,5,3,2,2,0,0,0,0,12,3,0
Nauru,2013,79,8,11,3,0,0,3,10,10,10,11,9,4,0,0,5,5,5,5,5,5,5,6,5,4,1,3,0,0,0,0,11,3,0
Nauru,2014,78,7,7,0,0,0,3,10,10,10,11,10,4,0,0,5,5,5,5,5,5,5,6,5,5,0,4,0,0,0,0,7,3,0
Nauru,2015,78,7,7,0,0,0,3,10,10,10,11,10,5,0,0,5,5,5,5,5,5,5,6,5,5,1,4,0,0,0,0,7,3,0
Nauru,2016,77,7,7,0,0,0,3,10,10,10,11,10,5,1,0,5,5,5,5,5,5,5,6,5,5,2,3,1,0,0,0,7,3,0
Nauru,2017,78,6,6,0,0,0,3,10,10,10,11,10,5,2,0,5,5,5,5,5,5,5,6,5,5,3,2,2,0,0,0,6,3,0
Nauru,2018,78,6,6,0,0,0,3,10,10,10,10,11,5,2,0,5,5,5,5,5,5,5,5,6,5,4,1,2,0,0,0,6,3,0
Nauru,2019,79,6,6,0,0,0,3,10,10,10,10,11,5,3,0,5,5,5,5,5,5,5,5,6,5,5,0,3,0,0,0,6,3,0
Nauru,2020,82,6,6,0,0,0,3,10,10,10,14,13,6,2,0,5,5,5,5,5,5,7,7,8,5,5,1,2,0,0,0,6,3,0
Nauru,2021,83,5,5,0,0,0,3,10,10,10,14,16,7,1,0,5,5,5,5,5,5,6,8,10,6,5,2,1,0,0,0,5,3,0
Nepal,1950,218304,89061,131812,42751,6275,4010,4877,11538,11284,10852,11426,11872,10073,3949,335,5842,5696,5694,5590,5504,5348,5627,5799,6047,5825,5562,4511,2789,1160,298,37,138087,8887,2
Nepal,1951,222482,90726,134055,43329,6348,4108,4957,11740,11511,11109,11719,12250,10295,4047,341,5936,5804,5791,5720,5625,5484,5787,5932,6297,5953,5682,4613,2855,1192,303,38,140403,9065,2
Nepal,1952,226417,92259,136362,44103,6426,4198,5007,11869,11668,11311,11982,12608,10500,4138,344,5992,5877,5850,5818,5717,5594,5930,6052,6522,6086,5791,4709,2917,1221,307,37,142788,9205,2
Nepal,1953,230698,93725,138567,44842,6600,4324,5079,12060,11880,11565,12298,13014,10727,4231,346,6081,5979,5941,5939,5840,5725,6096,6202,6754,6260,5915,4812,2980,1251,312,34,145167,9403,1
Nepal,1954,234642,94869,140415,45546,6768,4466,5152,12239,12085,11813,12623,13439,10967,4329,348,6168,6071,6035,6050,5964,5849,6259,6364,6960,6479,6047,4920,3048,1281,316,32,147183,9618,1
Nepal,1955,237869,95685,141860,46175,6876,4553,5224,12369,12238,12034,12922,13841,11185,4417,352,6237,6132,6108,6130,6077,5957,6401,6521,7113,6728,6166,5019,3110,1307,322,30,148736,9777,1
Nepal,1956,241125,96468,143113,46645,7025,4618,5353,12523,12408,12271,13250,14270,11425,4514,356,6322,6201,6195,6213,6200,6071,6552,6698,7267,7003,6301,5124,3178,1336,326,30,150138,9971,1
Nepal,1957,244175,97173,144191,47018,7163,4685,5498,12662,12565,12492,13570,14699,11685,4608,357,6398,6264,6279,6286,6313,6179,6694,6876,7429,7270,6454,5231,3246,1362,331,26,151354,10183,1
Nepal,1958,247628,97867,145264,47397,7319,4802,5683,12856,12779,12778,13934,15152,11989,4707,365,6501,6355,6389,6390,6455,6323,6858,7076,7619,7533,6643,5346,3317,1390,339,26,152583,10485,1
Nepal,1959,249611,98213,145717,47504,7377,4866,5813,12899,12840,12922,14189,15513,12301,4800,372,6523,6376,6416,6424,6515,6407,6963,7226,7784,7729,6854,5447,3383,1417,346,26,153094,10679,1
Nepal,1960,252886,98938,146538,47600,7516,4987,5967,13146,13057,13203,14548,15929,12707,4908,379,6661,6485,6518,6539,6641,6562,7125,7423,8006,7923,7139,5568,3458,1450,352,27,154054,10954,1
Nepal,1961,255426,99763,147443,47680,7561,5067,6016,13343,13150,13353,14790,16242,13072,4999,388,6801,6542,6555,6595,6692,6661,7227,7563,8181,8061,7401,5671,3521,1478,360,28,155004,11083,1
Nepal,1962,257953,100102,147928,47826,7644,5162,6096,13609,13296,13540,15071,16621,13485,5106,396,6988,6621,6618,6678,6763,6777,7351,7720,8391,8230,7676,5809,3595,1511,367,29,155572,11258,1
Nepal,1963,260251,99895,147914,48019,7788,5266,6226,13905,13469,13758,15380,17027,13901,5210,408,7197,6708,6695,6774,6852,6906,7493,7887,8607,8420,7933,5968,3667,1543,377,31,155702,11492,1
Nepal,1964,260490,99400,147112,47712,7728,5235,6250,14004,13454,13799,15550,17340,14279,5319,418,7312,6692,6684,6770,6855,6944,7568,7982,8764,8576,8121,6158,3741,1578,386,32,154840,11485,1
Nepal,1965,261291,98606,146152,47546,7789,5280,6342,14201,13537,13918,15792,17722,14691,5434,431,7428,6773,6729,6808,6909,7009,7683,8109,8947,8775,8291,6400,3820,1614,398,33,153941,11622,1
Nepal,1966,262418,97709,145024,47315,7913,5337,6478,14465,13690,14086,16088,18164,15147,5573,450,7520,6945,6815,6875,6995,7091,7827,8261,9152,9012,8475,6672,3916,1657,413,37,152937,11815,1
Nepal,1967,262535,96945,143740,46795,7969,5335,6530,14630,13728,14159,16277,18486,15510,5698,466,7550,7080,6842,6886,7033,7126,7919,8358,9290,9196,8618,6892,4005,1693,426,40,151709,11865,1
Nepal,1968,264299,96555,143008,46453,8138,5393,6620,14999,13909,14353,16594,18950,15976,5876,483,7698,7301,6939,6970,7134,7219,8069,8525,9498,9452,8835,7141,4138,1738,440,43,151146,12013,1
Nepal,1969,264419,95588,141639,46051,8206,5385,6637,15218,13942,14406,16774,19285,16350,6071,503,7775,7443,6954,6988,7157,7249,8138,8636,9636,9649,9024,7326,4289,1782,455,48,149845,12022,1
Nepal,1970,264861,94738,140605,45867,8289,5390,6659,15375,14019,14474,16951,19599,16693,6286,519,7851,7524,7005,7014,7178,7296,8199,8752,9764,9835,9222,7471,4462,1824,468,51,148894,12049,1
Nepal,1971,265443,93885,139317,45432,8367,5418,6697,15556,14227,14586,17163,19955,17087,6534,540,7975,7581,7152,7075,7222,7364,8271,8892,9918,10037,9455,7632,4657,1877,483,57,147684,12115,2
Nepal,1972,266634,92875,138033,45158,8517,5503,6768,15783,14514,14757,17435,20394,17568,6797,563,8107,7676,7349,7165,7295,7462,8369,9066,10115,10279,9735,7833,4855,1942,503,60,146550,12271,3
Nepal,1973,267719,91623,136417,44794,8683,5600,6843,16045,14849,14961,17730,20859,18081,7063,584,8215,7830,7581,7268,7387,7574,8484,9246,10331,10528,10026,8055,5044,2019,520,64,145100,12443,3
Nepal,1974,269051,91305,135642,44337,8788,5673,6880,16219,15092,15090,17942,21250,18559,7307,608,8275,7944,7769,7323,7445,7645,8566,9376,10514,10736,10286,8273,5200,2107,540,68,144430,12553,4
Nepal,1975,269064,91116,135049,43933,8748,5656,6831,16168,15090,15020,17956,21473,18934,7516,620,8228,7940,7779,7311,7407,7613,8556,9400,10612,10861,10475,8459,5313,2203,553,67,143797,12487,4
Nepal,1976,269903,90891,134492,43601,8776,5683,6843,16230,15198,15062,18067,21784,19378,7746,638,8224,8006,7784,7414,7431,7631,8606,9461,10760,11024,10694,8684,5441,2305,569,69,143268,12526,4
Nepal,1977,270922,90266,133707,43441,8808,5713,6891,16280,15358,15129,18227,22193,19927,8021,662,8222,8058,7804,7554,7464,7665,8681,9546,10952,11241,10963,8964,5609,2412,592,70,142515,12604,4
Nepal,1978,269961,89653,132665,43012,8666,5657,6835,16044,15336,15016,18192,22352,20276,8233,682,8097,7947,7743,7593,7399,7617,8658,9534,11006,11346,11116,9160,5739,2494,612,70,141331,12492,4
Nepal,1979,269882,88829,131181,42352,8649,5674,6885,16008,15499,15043,18307,22677,20753,8492,714,8072,7936,7783,7716,7402,7641,8703,9604,11137,11540,11340,9413,5914,2578,643,71,139830,12559,3
Nepal,1980,268943,87552,129195,41643,8628,5670,6911,15923,15523,15054,18376,22958,21204,8754,749,8026,7897,7788,7735,7411,7643,8715,9661,11229,11729,11549,9655,6098,2656,677,72,137823,12581,3
Nepal,1981,269494,86740,127750,41010,8709,5713,6981,15989,15642,15264,18560,23327,21725,9048,784,8073,7916,7876,7766,7550,7714,8782,9778,11359,11968,11800,9925,6309,2739,711,73,136459,12694,2
Nepal,1982,269490,85522,125419,39897,8792,5766,7081,16132,15810,15534,18780,23732,22267,9359,816,8172,7960,7976,7834,7738,7796,8865,9915,11509,12223,12067,10200,6530,2829,741,75,134211,12847,2
Nepal,1983,270208,84551,123623,39072,8930,5824,7194,16293,15974,15825,19018,24153,22838,9688,842,8290,8003,8034,7940,7942,7883,8961,10057,11672,12481,12354,10484,6760,2928,768,74,132553,13018,2
Nepal,1984,267934,83605,121746,38141,8779,5691,7090,16012,15700,15740,18930,24227,23189,9962,866,8191,7821,7863,7837,7944,7796,8895,10035,11664,12563,12520,10669,6943,3019,791,75,130525,12781,2
Nepal,1985,266345,82084,119121,37037,8729,5638,7081,15974,15664,15822,19017,24473,23674,10269,881,8207,7767,7818,7846,7984,7838,8929,10088,11763,12710,12769,10905,7149,3120,807,74,127850,12719,2
Nepal,1986,264466,80263,116171,35908,8689,5600,7075,15934,15615,15896,19109,24724,24178,10583,892,8209,7725,7754,7861,7954,7942,8968,10141,11875,12849,13030,11148,7356,3227,821,71,124860,12675,1
Nepal,1987,259439,78531,113032,34501,8353,5363,6850,15452,15079,15622,18863,24642,24444,10832,904,7972,7480,7451,7628,7726,7896,8836,10027,11814,12828,13148,11296,7511,3321,835,69,121385,12213,1
Nepal,1988,257668,76404,109647,33243,8409,5418,6864,15436,14949,15811,19017,24982,25041,11182,914,7977,7459,7368,7581,7751,8060,8899,10118,11969,13013,13446,11595,7742,3440,847,67,118056,12282,1
Nepal,1989,250992,73927,105646,31719,7948,5125,6519,14721,14184,15483,18718,24891,25340,11474,930,7610,7111,6961,7223,7505,7978,8720,9998,11885,13006,13549,11791,7924,3550,869,61,113594,11644,1
Nepal,1990,248380,71753,102121,30368,7887,5089,6468,14621,13988,15532,18840,25142,25864,11848,980,7559,7062,6848,7140,7496,8036,8777,10063,11971,13171,13769,12095,8160,3688,913,67,110008,11557,1
Nepal,1991,244125,69425,98471,29046,7617,4933,6287,14270,13585,15349,18880,25216,26246,12211,1056,7382,6888,6646,6939,7405,7944,8824,10056,11956,13260,13894,12352,8379,3832,977,79,106088,11220,1
Nepal,1992,238692,66952,94355,27403,7248,4711,6066,13819,13085,14997,18825,25211,26596,12608,1167,7150,6669,6413,6672,7216,7781,8834,9991,11898,13313,13996,12600,8614,3994,1062,105,101603,10777,3
Nepal,1993,235621,65764,92162,26398,6899,4500,5836,13373,12625,14712,18842,25251,26993,13076,1334,6908,6465,6203,6422,7017,7695,8891,9951,11863,13388,14124,12869,8890,4186,1171,163,99061,10336,16
Nepal,1994,230035,62989,87712,24723,6525,4301,5635,12908,12188,14427,18847,25305,27371,13474,1330,6655,6253,6006,6182,6823,7604,8947,9900,11849,13456,14264,13107,9149,4325,1199,131,94237,9936,10
Nepal,1995,225945,60207,83691,23484,6317,4193,5506,12595,11891,14257,18925,25453,27827,13914,1367,6488,6107,5878,6013,6690,7567,8975,9950,11894,13559,14466,13361,9438,4476,1240,127,90008,9699,6
Nepal,1996,221737,56891,79199,22308,6153,4101,5393,12338,11647,14154,19055,25657,28312,14349,1370,6354,5984,5762,5885,6578,7576,8951,10104,11975,13682,14699,13613,9730,4619,1258,112,85352,9494,4
Nepal,1997,215543,52986,73456,20470,5897,3972,5257,11997,11352,13930,19128,25746,28674,14743,1389,6183,5814,5610,5742,6418,7512,8885,10243,12003,13743,14869,13805,9989,4754,1282,107,79353,9229,3
Nepal,1998,209994,50118,68947,18829,5572,3777,5054,11531,10931,13568,19191,25779,29041,15174,1426,5966,5565,5390,5541,6202,7366,8818,10373,11988,13791,15029,14012,10259,4915,1319,107,74519,8831,2
Nepal,1999,206788,47024,64395,17371,5456,3712,5001,11334,10788,13446,19531,26143,29747,15756,1480,5887,5447,5306,5482,6111,7335,8887,10644,12123,14020,15357,14390,10624,5132,1371,109,69851,8713,2
Nepal,2000,204297,44282,60200,15918,5359,3673,4996,11257,10724,13399,19834,26602,30426,16293,1531,5867,5390,5263,5461,6059,7340,8988,10846,12336,14266,15662,14764,10952,5341,1421,110,65559,8669,2
Nepal,2001,198947,41362,55699,14337,5003,3488,4822,10822,10310,13045,19737,26851,30853,16736,1574,5662,5160,5043,5267,5867,7178,8946,10791,12485,14366,15815,15038,11205,5531,1462,112,60702,8310,2
Nepal,2002,202090,38642,51731,13089,5022,3587,5285,12403,11276,13706,20457,27850,31795,17342,1632,6535,5868,5579,5697,6225,7481,9312,11145,13056,14794,16256,15539,11578,5764,1518,114,56753,8872,2
Nepal,2003,195544,36322,48221,11899,4579,3347,4811,11071,10318,13009,20116,28084,32235,17929,1819,5824,5247,5042,5276,5868,7141,9064,11052,13229,14855,16406,15829,11894,6035,1673,146,52800,8158,2
Nepal,2004,192112,34093,44841,10748,4217,3180,4619,10743,9974,12707,20059,28484,32770,18521,1996,5652,5091,4855,5119,5734,6973,8957,11102,13508,14976,16628,16142,12231,6290,1813,183,49058,7799,3
Nepal,2005,188292,31749,41415,9666,3890,3021,4355,10056,9451,12333,20017,28924,33443,19213,2169,5287,4769,4565,4886,5550,6783,8851,11166,13699,15225,16930,16513,12644,6569,1952,217,45305,7376,5
Nepal,2006,186924,29545,38186,8641,3806,3025,4244,9517,9158,12233,20287,29730,34401,19990,2336,4993,4524,4382,4776,5490,6743,8873,11414,13954,15776,17401,17000,13132,6858,2086,250,41992,7269,8
Nepal,2007,185069,27497,35412,7915,3605,2918,4101,9042,8833,12040,20334,30399,35182,20700,2491,4734,4308,4201,4632,5383,6657,8799,11535,14108,16291,17777,17405,13575,7125,2212,279,39017,7019,11
Nepal,2008,187644,25601,32856,7255,3635,2980,4261,9269,9079,12368,20812,31736,36415,21575,2648,4843,4426,4329,4750,5540,6828,8966,11846,14614,17122,18394,18021,14132,7443,2342,306,36491,7241,13
Nepal,2009,187412,24015,30683,6668,3474,2876,4213,9035,8905,12317,20843,32654,37282,22321,2794,4714,4321,4246,4659,5494,6823,8915,11928,14906,17748,18791,18491,14585,7736,2461,333,34157,7089,16
Nepal,2010,190785,22654,28664,6010,3495,2915,4388,9303,9165,12685,21348,33967,38691,23206,2938,4855,4448,4379,4786,5661,7024,9094,12254,15478,18489,19526,19165,15129,8077,2580,358,32159,7303,19
Nepal,2011,189077,21586,26985,5399,3190,2701,4189,8827,8729,12384,21114,34330,39656,23878,3071,4623,4204,4154,4575,5490,6894,8948,12166,15664,18666,20081,19575,15509,8369,2689,382,30175,6890,22
Nepal,2012,191550,20712,25558,4846,3121,2674,4222,8885,8791,12543,21390,35243,41174,24714,3210,4678,4207,4181,4610,5551,6992,9068,12322,16097,19146,20983,20191,16009,8705,2806,404,28679,6896,24
Nepal,2013,189862,19719,24260,4541,2831,2464,3944,8353,8317,12154,21084,35467,42219,25393,3347,4432,3921,3933,4384,5323,6831,8929,12155,16079,19388,21643,20576,16396,8997,2920,427,27091,6408,26
Nepal,2014,192797,18773,23123,4350,2801,2462,3939,8446,8388,12285,21351,36383,43820,26276,3495,4515,3931,3958,4430,5357,6928,9079,12272,16390,19993,22631,21189,16941,9335,3047,448,25924,6401,28
Nepal,2015,204456,18108,22933,4825,3530,3249,4660,9707,9354,13235,22469,38221,46050,27357,3662,5237,4470,4454,4900,5806,7429,9646,12823,17159,21062,23847,22203,17644,9713,3191,471,26463,7909,30
Nepal,2016,193403,16848,20584,3736,2437,2171,3627,8102,7961,12002,21233,37398,46214,27850,3796,4369,3733,3735,4226,5164,6838,9053,12180,16543,20855,23644,22570,17917,9933,3306,490,23021,5798,32
Nepal,2017,196726,16032,19483,3451,2404,2124,3657,8349,8075,12198,21537,38196,47910,28799,3961,4495,3854,3786,4289,5241,6957,9199,12338,16753,21443,24280,23630,18521,10278,3448,513,21887,5781,34
Nepal,2018,200989,15315,18438,3123,2402,2097,3715,8718,8293,12499,22001,38960,49910,29794,4123,4661,4057,3889,4404,5386,7113,9421,12580,17000,21960,25109,24801,19150,10644,3589,534,20840,5812,36
Nepal,2019,198367,14782,17731,2949,2174,1870,3404,8219,7777,11982,21508,38384,50757,30371,4156,4348,3871,3638,4139,5137,6845,9180,12328,16603,21781,25323,25434,19460,10911,3598,558,19905,5274,38
Nepal,2020,210466,14337,17180,2843,2177,1804,3044,7657,7503,12257,23168,42647,55630,32884,4474,3984,3673,3466,4037,5192,7065,9774,13394,18279,24368,28202,27428,21041,11843,3877,597,19357,4848,40
Nepal,2021,232398,13918,16652,2734,2189,1807,3300,8755,8524,13755,25793,47318,62047,36899,5257,4494,4261,3973,4551,5819,7936,10962,14831,20262,27056,31605,30442,23661,13238,4399,858,18841,5107,103
Netherlands,1950,75846,5746,7693,1947,592,362,558,1633,1946,3763,7444,13995,21643,14412,1776,782,851,811,1135,1544,2219,3214,4230,5869,8126,10431,11212,9183,5229,1525,251,8285,920,21
Netherlands,1951,77412,5791,7687,1896,661,408,484,1608,1949,3880,7584,14024,22164,15038,1907,731,877,865,1084,1600,2280,3192,4392,5853,8171,10320,11844,9579,5459,1645,262,8348,892,21
Netherlands,1952,76290,5358,7002,1644,678,355,442,1328,1938,3720,7706,14011,22132,14986,1968,625,703,844,1094,1485,2235,3278,4428,5874,8137,10491,11641,9462,5524,1702,266,7680,797,22
Netherlands,1953,80856,5094,6829,1735,866,497,573,1412,2056,3970,8093,14556,23679,16107,2189,691,721,916,1140,1607,2363,3356,4737,6145,8411,10965,12714,10209,5898,1901,288,7695,1070,25
Netherlands,1954,79663,4937,6358,1421,637,345,419,1199,1824,3733,8226,14832,23264,16605,2203,535,664,832,992,1460,2273,3417,4809,6292,8540,10801,12463,10517,6088,1910,293,6995,764,24
Netherlands,1955,81741,4788,6088,1300,662,376,443,1188,1756,3799,8075,14975,24240,17569,2542,572,616,791,965,1462,2337,3384,4691,6387,8588,11213,13027,11076,6493,2194,348,6750,819,29
Netherlands,1956,84889,4474,5741,1267,640,361,438,1174,1741,3704,8166,15595,25403,19086,2812,569,605,747,994,1448,2256,3304,4862,6801,8794,11701,13702,12143,6943,2427,385,6381,799,30
Netherlands,1957,83021,4164,5449,1285,621,446,497,1218,1721,3727,8098,15441,24694,18303,2778,594,624,777,944,1463,2264,3421,4677,6648,8793,11476,13218,11663,6640,2382,396,6070,943,30
Netherlands,1958,84479,4218,5498,1280,537,404,497,1172,1659,3613,8251,15571,25017,19355,2871,562,610,721,938,1449,2164,3405,4846,6782,8789,11659,13358,12283,7072,2447,424,6035,901,31
Netherlands,1959,85946,4185,5563,1378,662,445,523,1141,1804,3606,8445,15859,25118,19723,3022,544,597,763,1041,1413,2193,3426,5019,6922,8937,11670,13448,12331,7392,2565,457,6225,968,34
Netherlands,1960,87757,4048,5255,1207,572,367,466,1207,1636,3604,8787,16245,25619,20754,3203,588,619,660,976,1382,2222,3539,5248,6970,9275,11930,13689,13046,7708,2709,494,5827,833,38
Netherlands,1961,88297,4129,5193,1064,545,417,517,1170,1659,3699,8811,16746,25624,20682,3194,582,588,661,998,1430,2269,3603,5208,7132,9614,11815,13809,12886,7796,2694,500,5738,934,40
Netherlands,1962,93824,4037,5179,1142,543,409,567,1235,1769,3716,9119,17827,26970,22789,3653,597,638,760,1009,1427,2289,3578,5541,7645,10182,12313,14657,14070,8719,3082,571,5722,976,47
Netherlands,1963,95604,3803,4853,1050,575,392,577,1160,1709,3844,9170,18283,28029,23212,3753,581,579,711,998,1488,2356,3674,5496,7675,10608,12940,15089,14074,9138,3172,581,5428,969,49
Netherlands,1964,93356,3598,4652,1054,579,426,676,1223,1705,3891,9263,18498,27279,21548,3565,628,595,702,1003,1516,2375,3628,5635,7942,10556,12743,14536,13091,8457,3027,538,5231,1102,47
Netherlands,1965,97895,3391,4373,982,537,382,688,1266,1697,3936,9605,19009,28848,23419,4078,691,575,668,1029,1610,2326,3866,5739,8154,10855,13425,15423,14062,9357,3440,638,4910,1070,56
Netherlands,1966,100381,3371,4392,1021,545,421,770,1295,1700,3995,9759,19189,29460,24359,4430,700,595,698,1002,1639,2356,3864,5895,8310,10879,13900,15560,14576,9783,3742,688,4937,1191,62
Netherlands,1967,99717,3097,4063,966,549,438,762,1421,1721,4096,9583,19563,29402,23636,4419,770,651,744,977,1651,2445,3806,5777,8498,11065,13910,15492,14270,9366,3745,674,4612,1200,62
Netherlands,1968,104930,3111,4051,940,577,390,763,1439,1779,4217,9673,19967,30746,26179,5073,811,628,723,1056,1658,2559,3798,5875,8536,11431,14456,16290,15622,10557,4254,819,4628,1153,74
Netherlands,1969,107612,3214,4165,951,547,390,742,1506,1757,4357,9831,20973,31726,26289,5248,852,654,697,1060,1647,2710,3879,5952,9023,11950,15099,16627,15900,10389,4366,882,4712,1132,80
Netherlands,1970,109491,2880,3765,885,551,419,817,1606,1741,4314,10136,21413,32274,27017,5357,940,666,745,996,1589,2725,3958,6178,9157,12256,15266,17008,16114,10903,4439,918,4316,1236,85
Netherlands,1971,110033,2612,3488,876,505,410,807,1517,1720,4275,10042,21094,32658,27789,5634,848,669,732,988,1632,2643,4072,5970,8844,12250,15263,17395,16531,11258,4656,978,3993,1217,90
Netherlands,1972,113374,2373,3190,817,498,438,840,1613,1774,4377,10187,21454,34030,28911,5965,856,757,739,1035,1697,2680,4064,6123,9002,12452,15700,18330,17079,11832,4905,1060,3688,1278,99
Netherlands,1973,110520,2112,2871,759,477,397,809,1691,1805,4316,9887,20951,32838,28239,6130,905,786,809,996,1609,2707,4089,5798,8665,12286,15247,17591,16579,11660,5024,1106,3348,1206,109
Netherlands,1974,109158,2017,2725,708,452,356,841,1498,1659,4162,9758,20855,32583,27966,6181,777,721,693,966,1561,2601,4016,5742,8496,12359,15224,17359,16300,11666,5027,1154,3177,1197,119
Netherlands,1975,113541,1786,2422,636,403,370,682,1474,1697,4126,9990,21439,34146,30015,6648,723,751,760,937,1520,2606,4233,5757,8847,12592,15997,18149,17496,12519,5402,1246,2825,1052,129
Netherlands,1976,114274,1834,2373,539,414,353,709,1545,1762,4128,9817,21438,34477,30174,6943,787,758,810,952,1491,2637,4087,5730,8820,12618,16214,18263,17640,12534,5611,1332,2787,1062,143
Netherlands,1977,109940,1584,2067,483,405,333,753,1571,1848,4102,9759,20631,33258,28449,6624,805,766,857,991,1540,2562,3921,5838,8468,12163,15683,17575,16628,11821,5355,1269,2472,1086,141
Netherlands,1978,114270,1616,2141,525,370,362,756,1519,1870,4119,9788,20579,34572,30590,7437,808,711,875,995,1493,2626,3907,5881,8400,12179,16229,18343,17780,12810,5964,1473,2511,1118,168
Netherlands,1979,112533,1472,1920,448,315,316,690,1443,1847,3951,9819,20108,34270,30138,7543,714,729,878,969,1461,2490,3833,5986,8235,11873,16107,18163,17511,12627,6063,1480,2235,1006,176
Netherlands,1980,114160,1568,1936,368,303,269,652,1560,1895,3869,9710,20036,34766,31251,7725,819,741,866,1029,1434,2435,3800,5910,8177,11859,16046,18720,17932,13319,6189,1536,2239,921,187
Netherlands,1981,115370,1449,1848,399,244,288,599,1451,1917,3683,9670,20155,34805,32224,8278,726,725,874,1043,1401,2282,3828,5842,8206,11949,15858,18947,18277,13947,6597,1681,2092,887,208
Netherlands,1982,117212,1402,1775,373,234,290,622,1401,1979,3826,9601,20373,34865,33190,8825,690,711,818,1161,1507,2319,3714,5887,8511,11862,15707,19158,18658,14532,6990,1835,2009,912,232
Netherlands,1983,117840,1427,1767,340,211,281,560,1425,2008,3720,9511,20019,34979,33812,9291,738,687,858,1150,1473,2247,3713,5798,8442,11577,15838,19141,18971,14841,7300,1991,1978,841,257
Netherlands,1984,119873,1452,1769,317,201,245,522,1387,2091,3717,9391,20249,35570,34732,9724,674,713,866,1225,1466,2251,3711,5680,8740,11509,15998,19572,19597,15135,7640,2084,1970,767,272
Netherlands,1985,122765,1438,1728,290,157,194,531,1387,2078,3714,9493,20505,36026,36312,10351,701,686,850,1228,1516,2198,3729,5764,8886,11619,16130,19896,20501,15811,8175,2176,1885,725,290
Netherlands,1986,125426,1435,1752,317,170,204,484,1433,2124,4004,9546,20776,36111,37482,11014,702,731,836,1288,1642,2362,3694,5852,8785,11991,16121,19990,20987,16495,8645,2369,1922,688,324
Netherlands,1987,122245,1413,1722,309,157,192,506,1354,1997,4065,9253,20392,34945,36291,11029,692,662,831,1166,1752,2313,3499,5754,8458,11934,15523,19422,20249,16042,8585,2444,1879,698,343
Netherlands,1988,124140,1273,1558,285,182,153,460,1372,1997,4070,8836,20557,35036,37877,11672,650,722,870,1127,1801,2269,3373,5463,8370,12187,15525,19511,21234,16643,9015,2657,1740,613,374
Netherlands,1989,128905,1294,1580,286,154,182,470,1390,2021,4229,9251,20768,35830,39789,12824,709,681,856,1165,1837,2392,3556,5695,8470,12298,15453,20377,21780,18009,9839,2985,1734,652,418
Netherlands,1990,128841,1412,1722,310,162,196,428,1371,2052,4340,8860,20564,35536,40382,12808,616,755,887,1165,1923,2417,3368,5492,8060,12504,15469,20067,21905,18477,9816,2992,1884,624,419
Netherlands,1991,129818,1281,1586,305,148,161,423,1330,2175,4406,8726,20566,35952,40723,13182,620,710,936,1239,1947,2459,3513,5213,8348,12218,15778,20174,21982,18741,10081,3101,1734,584,442
Netherlands,1992,129790,1225,1497,272,165,165,376,1383,2130,4657,8575,20143,35883,40745,13598,599,784,903,1227,1944,2713,3472,5103,8227,11916,15986,19897,21969,18776,10401,3197,1662,541,468
Netherlands,1993,137685,1223,1483,260,159,171,380,1341,2261,4797,8905,20619,37457,44231,15354,603,738,1008,1253,1832,2965,3526,5379,8396,12223,16956,20501,23620,20611,11785,3569,1642,551,528
Netherlands,1994,133337,1090,1337,247,134,156,342,1261,2201,4865,8763,19926,36450,42650,14741,579,682,952,1249,1882,2983,3569,5194,8219,11707,16761,19689,22709,19941,11340,3401,1471,498,508
Netherlands,1995,135491,1025,1286,261,146,164,360,1201,2242,4913,8770,19997,36908,43837,15152,551,650,947,1295,1898,3015,3629,5141,8030,11967,16914,19994,23311,20526,11664,3488,1432,524,514
Netherlands,1996,137711,1090,1338,248,134,144,349,1242,2123,5023,9067,19860,37798,44413,15689,513,729,888,1235,1913,3110,3932,5135,7884,11976,17071,20727,23606,20807,12046,3643,1472,493,534
Netherlands,1997,135895,967,1189,222,139,135,318,1166,2114,4737,9321,19262,36998,44029,15933,483,683,882,1232,1841,2896,4074,5247,7622,11640,16489,20509,23343,20686,12160,3773,1328,453,549
Netherlands,1998,137453,1050,1259,209,126,129,331,1102,1936,4742,9597,19445,37322,44447,16468,455,647,823,1113,1878,2864,4438,5159,7689,11756,16286,21036,23076,21371,12607,3861,1385,460,551
Netherlands,1999,140540,1040,1260,220,134,151,331,1076,2108,4824,9940,19204,38320,45118,17478,454,622,827,1281,1890,2934,4560,5380,7660,11544,16228,22092,23091,22027,13309,4169,1394,482,591
Netherlands,2000,140526,1055,1275,220,129,133,359,1012,1979,4918,10208,18715,38138,45729,17349,474,538,792,1187,1933,2985,4569,5639,7518,11197,15971,22167,23606,22123,13217,4132,1404,492,580
Netherlands,2001,140248,1063,1272,209,115,164,319,942,2015,4748,10425,18262,37768,45911,17699,422,520,827,1188,1810,2938,4653,5772,7380,10882,15961,21807,23804,22107,13392,4307,1387,483,609
Netherlands,2002,142388,996,1213,217,112,139,346,903,2009,4735,10535,18352,37694,47284,18418,420,483,818,1191,1786,2949,4451,6084,7651,10701,15969,21725,24909,22375,13922,4496,1325,485,643
Netherlands,2003,141723,935,1129,194,146,151,302,857,1842,4814,10841,17913,36580,47822,18677,378,479,718,1124,1902,2912,4411,6430,7499,10414,15531,21049,25214,22608,14142,4535,1275,453,646
Netherlands,2004,136388,831,1020,189,94,121,277,775,1733,4563,10739,17582,34749,46178,17928,358,417,664,1069,1762,2801,4310,6429,7445,10137,14934,19815,25107,21071,13576,4352,1114,398,628
Netherlands,2005,136356,904,1098,194,92,127,249,736,1664,4364,10278,17371,34378,46668,18658,353,383,625,1039,1705,2659,4022,6256,7497,9874,14405,19973,25195,21473,14040,4618,1190,376,676
Netherlands,2006,135370,813,979,166,103,113,229,703,1546,4150,10207,17339,33348,46985,18962,330,373,582,964,1564,2586,4017,6190,7680,9659,13871,19477,24548,22437,14220,4742,1082,342,704
Netherlands,2007,132990,730,875,145,88,110,252,712,1460,3945,9779,17699,32393,46401,18574,359,353,525,935,1456,2489,3762,6017,8003,9696,13312,19081,23754,22647,13909,4665,963,362,702
Netherlands,2008,135142,701,849,148,76,102,223,722,1389,4065,9749,18178,31841,47566,19601,343,379,476,913,1543,2522,3928,5821,8521,9657,12993,18848,23851,23715,14484,5117,925,325,777
Netherlands,2009,134251,707,844,137,95,94,236,686,1269,3928,9488,18499,31396,47574,19355,313,373,437,832,1485,2443,3897,5591,8715,9784,13029,18367,23491,24083,14191,5164,939,330,789
Netherlands,2010,136078,693,829,136,77,96,210,624,1246,3778,9520,18994,31458,47969,20436,310,314,475,771,1387,2391,3821,5699,8789,10205,12963,18495,23325,24644,14991,5445,906,306,840
Netherlands,2011,135692,642,746,104,73,104,216,682,1201,3804,9391,18774,30786,47999,21063,326,356,445,756,1378,2426,3754,5637,8465,10309,12917,17869,23546,24453,15628,5435,819,320,850
Netherlands,2012,140752,643,769,126,97,99,201,664,1142,3700,9421,19580,31220,49504,23421,327,337,492,650,1337,2363,3775,5646,8404,11176,13254,17966,24131,25373,17516,5905,866,300,933
Netherlands,2013,141066,641,734,93,69,88,218,676,1053,3451,9299,19985,30877,49607,24040,294,382,401,652,1261,2190,3731,5568,8184,11801,13298,17579,24036,25571,18124,5916,803,306,968
Netherlands,2014,139280,638,737,99,75,101,230,635,1068,3398,8990,19592,30591,48175,24660,266,369,449,619,1239,2159,3658,5332,7893,11699,13295,17296,23319,24856,18638,6022,812,331,1028
Netherlands,2015,147236,561,658,97,58,86,188,644,1074,3248,9043,20529,32409,51280,26923,277,367,443,631,1104,2144,3581,5462,8076,12453,14145,18264,24458,26822,20222,6701,716,274,1098
Netherlands,2016,149107,601,706,105,56,78,185,685,1101,3156,9198,20505,33059,51663,27593,315,370,487,614,1105,2051,3635,5563,8067,12438,14700,18359,24354,27309,20380,7213,762,263,1120
Netherlands,2017,150325,608,694,86,79,97,231,664,1083,3075,8743,19545,34001,52394,28553,303,361,448,635,1028,2047,3400,5343,7979,11566,15511,18490,24383,28011,20758,7795,773,328,1163
Netherlands,2018,153598,581,676,95,65,69,210,673,1091,2881,8822,19533,35763,53179,29476,289,384,464,627,975,1906,3355,5467,8073,11460,16649,19114,24373,28806,21279,8197,741,279,1162
Netherlands,2019,152075,618,716,98,49,65,214,697,1089,2773,8482,18902,36059,52688,29193,327,370,468,621,969,1804,3209,5273,7732,11170,16621,19438,24676,28012,20944,8249,765,279,1148
Netherlands,2020,167303,617,712,95,49,69,172,629,1134,2575,8007,18914,39653,61692,32440,293,336,477,657,937,1638,3118,4889,7710,11204,18199,21454,28102,33590,23548,8892,761,241,1262
Netherlands,2021,168003,629,722,93,45,65,152,688,1130,2359,8430,19440,41518,60192,31933,324,364,498,632,908,1451,3132,5298,8027,11413,18049,23469,27980,32212,23177,8756,767,217,1328
New Caledonia,1950,1185,279,403,124,28,14,26,64,72,89,98,103,146,119,21,34,30,34,38,44,45,47,51,47,56,67,79,74,45,18,3,431,40,0
New Caledonia,1951,1162,279,403,124,28,14,25,63,70,90,99,101,138,108,19,33,30,33,37,45,45,47,52,47,54,64,74,68,40,16,3,431,39,0
New Caledonia,1952,1127,273,393,120,26,13,25,60,67,91,101,100,131,100,18,30,30,31,36,45,46,48,53,48,52,62,69,63,37,15,3,419,38,0
New Caledonia,1953,1102,269,385,116,29,12,24,57,65,93,102,101,124,94,16,30,27,30,35,45,48,48,54,50,51,59,65,59,35,13,3,414,36,0
New Caledonia,1954,1079,264,377,113,28,12,24,56,63,95,105,102,117,90,14,30,26,30,33,45,50,50,55,53,49,57,60,55,35,12,2,405,36,0
New Caledonia,1955,1066,261,370,109,28,12,24,55,61,94,105,104,115,82,14,30,25,29,32,44,50,50,55,54,50,55,60,52,30,12,2,398,36,0
New Caledonia,1956,1049,258,365,107,25,12,24,54,59,93,106,107,108,80,13,29,25,28,31,43,50,51,55,57,50,53,55,50,30,11,2,390,36,0
New Caledonia,1957,1041,256,359,103,25,12,23,54,59,93,110,111,107,77,13,29,25,28,31,43,50,53,57,60,51,52,55,48,29,11,2,384,35,0
New Caledonia,1958,1037,256,358,102,26,13,23,54,59,91,114,113,103,74,13,29,25,28,31,41,50,55,59,60,53,49,54,46,28,11,2,384,36,0
New Caledonia,1959,1034,255,356,101,26,14,24,54,58,90,116,115,99,71,11,29,25,28,30,40,50,56,60,60,55,48,51,44,27,9,2,382,38,0
New Caledonia,1960,1031,254,353,99,26,15,24,54,58,89,117,117,96,68,11,29,25,28,30,40,49,57,60,60,57,46,50,41,27,9,2,379,39,0
New Caledonia,1961,1032,254,350,96,26,15,24,55,58,88,123,121,96,65,11,30,25,28,30,39,49,58,65,62,59,46,50,40,25,9,2,376,39,0
New Caledonia,1962,1032,250,345,95,26,15,24,55,58,87,124,125,96,65,11,30,25,28,30,39,48,59,65,65,60,48,48,40,25,9,2,371,39,0
New Caledonia,1963,1027,246,338,92,27,15,24,55,58,86,128,126,96,62,11,30,25,28,30,39,47,59,69,65,61,50,46,38,24,9,2,365,39,0
New Caledonia,1964,1025,242,332,90,27,15,26,55,58,86,128,131,97,62,11,30,25,28,30,39,47,59,69,68,63,52,45,38,24,9,2,359,41,0
New Caledonia,1965,1019,238,326,88,24,15,26,55,57,84,129,134,98,61,11,30,25,27,30,38,46,58,71,70,64,53,45,38,23,9,2,350,41,0
New Caledonia,1966,1014,235,319,84,24,15,26,55,54,82,130,138,99,57,11,30,25,25,29,37,45,57,73,71,67,56,43,36,21,9,2,343,41,0
New Caledonia,1967,1007,231,312,81,24,15,26,57,53,79,129,140,103,56,12,32,25,25,28,36,43,56,73,72,68,59,44,35,21,10,2,336,41,0
New Caledonia,1968,1003,227,304,77,22,16,26,57,53,79,127,143,105,54,12,32,25,25,28,36,43,55,72,74,69,59,46,33,21,10,2,326,42,0
New Caledonia,1969,997,225,299,74,22,16,27,58,53,78,124,146,110,51,12,33,25,25,28,36,42,52,72,75,71,61,49,31,20,10,2,321,43,0
New Caledonia,1970,992,231,304,73,22,16,27,60,53,75,123,143,110,47,12,34,26,25,28,35,40,51,72,73,70,61,49,28,19,10,2,326,43,0
New Caledonia,1971,1010,232,302,70,22,16,27,60,57,75,122,150,118,49,13,34,26,28,29,35,40,49,73,76,74,64,54,31,18,10,3,324,43,0
New Caledonia,1972,1022,232,302,70,22,16,28,62,59,75,119,153,125,51,13,35,27,29,30,35,40,49,70,78,75,67,58,33,18,10,3,324,44,0
New Caledonia,1973,1029,226,295,69,21,16,28,63,59,76,116,155,132,56,13,35,28,29,30,35,41,48,68,80,75,71,61,38,18,10,3,316,44,0
New Caledonia,1974,1038,219,285,66,21,16,28,65,60,77,113,163,138,63,13,35,30,30,30,36,41,48,65,83,80,73,65,44,19,10,3,306,44,1
New Caledonia,1975,1064,211,274,63,21,16,29,67,60,80,115,170,149,70,13,35,32,30,30,37,43,50,65,87,83,78,71,50,20,10,3,295,45,1
New Caledonia,1976,1062,200,259,59,21,16,29,66,61,82,112,172,153,75,13,35,31,30,31,38,44,50,62,85,87,80,73,54,21,10,3,280,45,1
New Caledonia,1977,1059,189,244,55,20,16,29,67,61,82,113,176,156,79,13,36,31,30,31,38,44,51,62,85,91,82,74,55,24,10,3,264,45,1
New Caledonia,1978,1039,178,227,49,19,16,28,65,61,81,112,174,157,80,13,35,30,30,31,38,43,51,61,81,93,83,74,55,25,10,3,246,44,1
New Caledonia,1979,1013,168,212,44,18,16,28,64,60,80,110,172,160,80,12,34,30,30,30,38,42,50,60,78,94,85,75,55,25,9,3,230,44,1
New Caledonia,1980,997,160,201,41,18,15,27,64,60,79,110,169,161,80,12,34,30,30,30,37,42,50,60,75,94,86,75,55,25,9,3,219,42,1
New Caledonia,1981,985,154,193,39,17,15,26,63,60,78,110,163,166,80,12,33,30,30,30,37,41,50,60,71,92,89,77,55,25,8,4,210,41,1
New Caledonia,1982,967,146,181,35,16,13,26,61,60,77,108,162,171,79,12,33,28,30,30,36,41,49,59,69,93,93,78,54,25,8,4,197,39,1
New Caledonia,1983,958,139,172,33,13,13,26,58,60,77,109,159,176,79,13,31,27,30,30,36,41,49,60,69,90,96,80,54,25,9,4,185,39,1
New Caledonia,1984,933,131,161,30,12,12,25,55,59,75,107,152,176,81,13,30,25,29,30,35,40,48,59,67,85,95,81,56,25,9,4,173,37,1
New Caledonia,1985,936,126,154,28,11,12,25,55,59,76,109,149,183,88,13,30,25,29,30,35,41,49,60,67,82,98,85,58,30,9,4,165,37,1
New Caledonia,1986,962,126,152,26,11,12,25,57,59,79,112,152,190,94,15,32,25,29,30,37,42,49,63,70,82,100,90,63,31,11,4,163,37,1
New Caledonia,1987,990,125,150,25,11,12,26,59,61,81,115,156,198,103,15,33,26,29,32,37,44,51,64,72,84,102,96,68,35,12,3,161,38,1
New Caledonia,1988,1019,122,145,23,11,12,26,61,62,84,120,162,208,111,16,34,27,30,32,39,45,54,66,76,86,104,104,73,38,13,3,156,38,1
New Caledonia,1989,1053,118,141,23,11,12,28,64,62,88,124,167,216,120,20,34,30,30,32,41,47,55,69,80,87,105,111,78,42,17,3,152,40,1
New Caledonia,1990,1076,118,140,22,10,11,27,64,62,89,125,169,218,131,28,34,30,30,32,42,47,56,69,81,88,102,116,82,49,22,6,150,38,1
New Caledonia,1991,1123,119,140,21,10,11,26,65,66,91,130,178,225,145,32,35,30,32,34,43,48,59,71,84,94,104,121,91,54,25,7,150,37,1
New Caledonia,1992,1145,115,136,21,10,11,26,66,69,96,135,183,226,153,35,35,31,34,35,46,50,61,74,86,97,103,123,95,58,26,9,146,37,2
New Caledonia,1993,1129,110,131,21,10,11,25,65,68,95,134,183,219,156,34,35,30,33,35,45,50,60,74,86,97,101,118,97,59,26,8,141,36,2
New Caledonia,1994,1172,105,125,20,10,11,25,68,71,99,142,194,224,168,37,37,31,35,36,46,53,63,79,91,103,105,119,104,64,28,9,135,36,2
New Caledonia,1995,1165,100,119,19,10,10,22,66,71,101,141,193,220,173,38,35,31,35,36,46,55,62,79,90,103,105,115,107,66,29,9,129,32,2
New Caledonia,1996,1198,98,117,19,10,10,22,67,72,102,148,200,225,182,41,35,32,35,37,47,55,66,82,94,106,110,115,111,71,32,9,127,32,2
New Caledonia,1997,1204,96,113,17,10,10,21,66,72,103,148,203,227,186,42,34,32,35,37,46,57,65,83,95,108,114,113,113,73,33,9,123,31,2
New Caledonia,1998,1086,91,107,16,6,8,19,59,63,93,135,183,206,163,40,29,30,30,33,41,52,59,76,87,96,105,101,97,66,31,9,113,27,2
New Caledonia,1999,1085,88,103,15,6,8,17,58,62,91,136,185,207,166,41,28,30,30,32,41,50,60,76,87,98,105,102,97,69,32,9,109,25,2
New Caledonia,2000,1047,86,101,15,6,7,16,50,60,87,132,178,204,160,41,25,25,29,31,40,47,59,73,84,94,103,101,93,67,32,9,107,23,3
New Caledonia,2001,1043,82,97,15,5,7,16,48,58,86,131,179,206,161,48,23,25,28,30,39,47,59,72,85,94,103,103,91,70,36,12,102,23,3
New Caledonia,2002,1055,78,92,14,5,6,16,45,58,86,133,182,212,166,50,20,25,28,30,39,47,59,74,86,96,104,108,93,73,37,13,97,22,3
New Caledonia,2003,1057,74,88,14,5,6,15,42,55,85,133,183,215,169,55,20,22,25,30,39,46,59,74,86,97,106,109,95,74,39,16,93,21,4
New Caledonia,2004,1079,71,83,12,5,6,15,41,54,86,137,189,223,175,59,20,21,25,29,39,47,60,77,89,100,109,114,100,75,42,17,88,21,4
New Caledonia,2005,1101,69,80,11,5,6,14,40,54,86,140,194,233,179,61,20,20,25,29,39,47,60,80,90,104,113,120,104,75,44,17,85,20,5
New Caledonia,2006,1116,67,78,11,5,6,14,40,57,86,142,202,236,180,67,20,20,27,30,39,47,61,81,91,111,116,120,105,75,47,20,83,20,6
New Caledonia,2007,1140,65,76,11,5,6,14,40,54,87,142,206,245,189,69,20,20,24,30,39,48,61,81,93,113,120,125,113,76,49,20,81,20,7
New Caledonia,2008,1167,64,75,11,5,5,13,40,53,87,143,213,255,198,75,20,20,24,29,39,48,61,82,97,116,125,130,119,79,51,24,80,18,8
New Caledonia,2009,1195,62,72,10,5,5,12,40,51,89,144,218,265,208,80,20,20,23,28,40,49,62,82,99,119,130,135,124,84,55,25,77,17,9
New Caledonia,2010,1217,60,70,10,5,5,12,39,51,88,145,225,269,219,82,19,20,23,28,39,49,62,83,102,123,134,135,129,90,55,27,75,17,9
New Caledonia,2011,1227,60,70,10,5,5,12,38,48,88,145,225,273,224,86,18,20,21,27,39,49,62,83,103,122,135,138,129,95,56,30,75,17,10
New Caledonia,2012,1238,60,70,10,5,5,12,32,47,87,144,228,277,232,92,15,17,20,27,39,48,62,82,105,123,136,141,129,103,60,32,75,17,11
New Caledonia,2013,1249,58,68,10,5,5,11,31,45,86,143,231,280,233,100,15,16,20,25,39,47,62,81,105,126,136,144,127,106,66,34,73,16,13
New Caledonia,2014,1354,57,66,9,5,5,12,32,45,92,154,250,304,252,118,15,17,20,25,41,51,66,88,111,139,146,158,136,116,76,42,71,17,16
New Caledonia,2015,1477,55,64,9,5,5,12,33,49,99,165,274,338,278,136,15,18,23,26,44,55,70,95,120,154,161,177,154,124,89,47,69,17,19
New Caledonia,2016,1467,53,61,8,5,5,12,31,47,94,165,269,343,285,127,15,16,21,26,40,54,70,95,117,152,165,178,162,123,85,42,66,17,20
New Caledonia,2017,1456,51,59,8,5,5,12,30,44,91,164,266,349,296,116,15,15,20,24,38,53,69,95,115,151,169,180,171,125,79,37,64,17,20
New Caledonia,2018,1446,49,57,8,5,5,11,30,42,86,158,262,355,307,111,15,15,19,23,35,51,66,92,115,147,173,182,178,129,78,33,62,16,18
New Caledonia,2019,1439,47,54,7,5,5,10,28,40,81,156,260,360,321,105,14,14,18,22,32,49,65,91,115,145,176,184,185,136,77,28,59,15,15
New Caledonia,2020,1437,46,53,7,5,5,10,25,39,78,155,259,363,331,104,13,12,17,22,30,48,65,90,115,144,178,185,190,141,78,26,58,15,13
New Caledonia,2021,1749,44,51,7,5,5,8,24,37,79,188,346,460,413,122,13,11,16,21,29,50,77,111,154,192,231,229,232,181,92,30,56,13,12
New Zealand,1950,18043,1361,1692,331,131,96,179,416,561,947,1823,3802,4976,2904,493,219,197,230,331,378,569,747,1076,1565,2237,2606,2370,1834,1070,397,96,1823,275,28
New Zealand,1951,18792,1372,1699,327,133,86,158,439,541,1006,1915,3863,5283,3135,513,215,224,234,307,416,590,802,1113,1646,2217,2744,2539,1992,1143,415,98,1832,244,22
New Zealand,1952,18849,1473,1838,365,139,106,135,413,548,977,1891,3762,5385,3166,476,193,220,218,330,398,579,847,1044,1540,2222,2715,2670,2008,1158,387,89,1977,241,15
New Zealand,1953,18318,1318,1647,329,124,110,146,386,467,1056,1881,3613,5307,3101,476,200,186,212,255,430,626,800,1081,1485,2128,2688,2619,2035,1066,382,94,1771,256,14
New Zealand,1954,18875,1305,1642,337,130,86,142,457,483,903,1861,3676,5577,3377,535,224,233,214,269,353,550,786,1075,1566,2110,2727,2850,2115,1262,430,105,1772,228,14
New Zealand,1955,19203,1368,1688,320,132,101,151,368,482,958,1963,3615,5749,3439,548,187,181,195,287,365,593,870,1093,1451,2164,2752,2997,2179,1260,442,106,1820,252,15
New Zealand,1956,19694,1320,1640,320,117,107,129,351,501,964,1935,3536,5886,3897,621,168,183,221,280,413,551,794,1141,1412,2124,2763,3123,2407,1490,509,112,1757,236,14
New Zealand,1957,20871,1416,1708,292,138,107,167,371,504,1015,1987,3785,6160,4237,686,184,187,234,270,382,633,833,1154,1557,2228,2940,3220,2616,1621,566,120,1846,274,16
New Zealand,1958,20263,1415,1745,330,153,97,167,364,487,992,1976,3543,5956,4090,690,174,190,202,285,360,632,849,1127,1523,2020,2726,3230,2607,1483,574,116,1898,264,15
New Zealand,1959,21134,1480,1805,325,120,94,144,351,500,1021,2031,3673,6141,4483,758,178,173,216,284,370,651,828,1203,1591,2082,2802,3339,2782,1701,629,129,1925,238,17
New Zealand,1960,20901,1430,1721,291,134,83,150,298,494,1019,2130,3591,5971,4524,770,153,145,205,289,397,622,899,1231,1601,1990,2659,3312,2828,1696,641,129,1855,233,16
New Zealand,1961,21792,1511,1805,294,110,104,153,331,504,1044,2213,3803,6148,4730,830,169,162,195,309,389,655,945,1268,1724,2079,2788,3360,2924,1806,688,142,1915,257,18
New Zealand,1962,22067,1329,1604,275,130,112,176,329,527,1045,2166,3788,6181,5097,895,182,147,215,312,361,684,932,1234,1690,2098,2772,3409,3129,1968,736,159,1734,288,19
New Zealand,1963,22405,1260,1533,273,127,97,175,344,468,1115,2314,3840,6311,5157,910,190,154,198,270,430,685,956,1358,1708,2132,2836,3475,3151,2006,743,167,1660,272,19
New Zealand,1964,22845,1171,1466,295,110,97,172,354,474,1093,2442,4053,6180,5351,1035,198,156,181,293,431,662,1011,1431,1812,2241,2707,3473,3284,2067,835,200,1576,269,22
New Zealand,1965,22949,1146,1415,269,111,107,201,374,492,1129,2553,4261,6050,5231,1008,188,186,209,283,482,647,1053,1500,1931,2330,2708,3342,3088,2143,815,193,1526,308,23
New Zealand,1966,23733,1054,1331,277,134,120,235,376,504,1155,2582,4504,6155,5552,1065,212,164,199,305,460,695,1040,1542,1985,2519,2876,3279,3246,2306,862,203,1465,355,24
New Zealand,1967,23025,1103,1358,255,112,102,237,428,499,1199,2708,4425,5756,5150,1026,235,193,197,302,454,745,1131,1577,2004,2421,2597,3159,2965,2185,838,188,1470,339,21
New Zealand,1968,24529,1177,1434,257,148,96,240,424,502,1183,2598,4716,6248,5735,1179,241,183,201,301,445,738,1046,1552,2098,2618,2925,3323,3218,2517,964,215,1582,336,22
New Zealand,1969,24135,1063,1301,238,141,100,232,405,476,1237,2599,4691,6197,5549,1183,224,181,204,272,473,764,1015,1584,2080,2611,2921,3276,3250,2299,967,216,1442,332,24
New Zealand,1970,24840,1035,1269,234,148,133,274,457,524,1278,2630,4950,6306,5590,1255,254,203,209,315,496,782,1028,1602,2173,2777,2985,3321,3162,2428,1030,225,1417,407,29
New Zealand,1971,24368,1086,1312,226,120,107,255,433,489,1210,2669,4828,6102,5565,1251,249,184,218,271,470,740,1059,1610,2191,2637,2987,3115,3165,2400,1026,225,1432,362,29
New Zealand,1972,24774,989,1223,234,112,104,312,447,469,1133,2605,5016,6402,5557,1367,269,178,211,258,423,710,1058,1547,2256,2760,3134,3268,3181,2376,1110,257,1335,416,31
New Zealand,1973,25249,962,1198,236,127,110,340,511,503,1184,2729,5137,6477,5492,1417,300,211,216,287,427,757,1078,1651,2219,2918,3246,3231,3100,2392,1148,269,1325,450,30
New Zealand,1974,25219,908,1114,206,116,138,336,502,503,1220,2677,5093,6644,5436,1417,265,237,223,280,467,753,1155,1522,2322,2771,3395,3249,3049,2387,1135,282,1230,474,29
New Zealand,1975,25119,889,1129,240,142,110,302,532,527,1149,2624,5174,6556,5373,1471,286,246,233,294,414,735,1156,1468,2381,2793,3398,3158,2981,2392,1157,314,1271,412,32
New Zealand,1976,25452,765,955,190,98,117,325,547,486,1189,2694,5193,7013,5345,1462,319,228,204,282,446,743,1103,1591,2237,2956,3517,3496,2998,2347,1137,325,1053,442,35
New Zealand,1977,25973,773,957,184,128,120,407,673,560,1214,2693,5291,7091,5336,1461,372,301,261,299,459,755,1133,1560,2267,3024,3539,3552,3039,2297,1151,310,1085,527,37
New Zealand,1978,24718,688,844,156,96,104,335,563,535,1163,2627,5103,6959,4959,1389,317,246,233,302,426,737,1091,1536,2198,2905,3519,3440,2788,2171,1098,291,940,439,36
New Zealand,1979,25398,662,812,150,97,98,324,552,520,1056,2666,5161,7378,5247,1444,307,245,234,286,388,668,1107,1559,2168,2993,3652,3726,3072,2175,1131,313,909,422,40
New Zealand,1980,26586,648,785,137,96,95,307,633,525,999,2590,5324,7724,5798,1666,347,286,254,271,368,631,1005,1585,2148,3176,3710,4014,3402,2396,1298,368,881,402,46
New Zealand,1981,25189,582,742,160,78,98,317,547,520,1035,2559,4996,7194,5472,1579,329,218,258,262,432,603,993,1566,2021,2975,3564,3630,3189,2283,1227,352,820,415,48
New Zealand,1982,25543,588,717,129,82,75,289,590,568,1004,2524,5079,7273,5659,1627,348,242,269,299,400,604,947,1577,2119,2960,3611,3662,3355,2304,1251,376,799,364,58
New Zealand,1983,25974,631,742,111,78,91,278,609,547,972,2383,5072,7632,5887,1625,380,229,251,296,398,574,887,1496,2163,2909,3675,3957,3517,2370,1240,385,820,369,58
New Zealand,1984,25430,602,722,120,74,84,272,564,564,929,2370,4788,7618,5773,1609,328,236,281,283,404,525,909,1461,2086,2702,3663,3955,3408,2365,1216,393,796,356,62
New Zealand,1985,27480,564,677,113,84,95,308,626,540,1019,2374,5063,8045,6572,1995,336,290,241,299,410,609,885,1489,2243,2820,3804,4241,3810,2762,1507,488,761,403,78
New Zealand,1986,27019,597,732,135,65,98,315,643,628,941,2322,4975,8013,6412,1801,352,291,281,347,392,549,886,1436,2201,2774,3788,4225,3796,2616,1353,448,797,413,74
New Zealand,1987,27464,561,673,112,71,96,326,685,614,976,2359,4949,8040,6739,1858,376,309,287,327,385,591,934,1425,2119,2830,3798,4242,3912,2827,1398,460,744,422,77
New Zealand,1988,27482,628,747,119,69,76,302,687,626,1013,2123,4947,7885,7019,1910,372,315,294,332,432,581,815,1308,2134,2813,3550,4335,4064,2955,1439,471,816,378,84
New Zealand,1989,27042,603,715,112,66,70,338,654,587,1039,2057,4830,7717,6967,1914,368,286,279,308,444,595,853,1204,2057,2773,3450,4267,4112,2855,1446,468,781,408,91
New Zealand,1990,26423,507,627,120,56,61,301,673,590,1039,2089,4691,7477,6852,1870,374,299,282,308,442,597,826,1263,1939,2752,3389,4088,4051,2801,1415,455,683,362,96
New Zealand,1991,26292,478,576,98,63,67,237,588,651,1054,1951,4659,7351,7005,1995,325,263,285,366,472,582,812,1139,1914,2745,3313,4038,4056,2949,1511,484,639,304,97
New Zealand,1992,27147,422,524,102,68,74,246,606,612,995,2038,4635,7541,7553,2162,332,274,276,336,412,583,868,1170,1864,2771,3423,4118,4321,3232,1648,514,592,320,96
New Zealand,1993,27089,420,529,109,43,57,246,589,588,1036,2018,4452,7631,7561,2245,337,252,259,329,470,566,873,1145,1797,2655,3451,4180,4265,3296,1710,535,572,303,96
New Zealand,1994,26931,396,495,99,53,51,197,541,621,988,1945,4349,7447,7768,2370,279,262,301,320,420,568,857,1088,1729,2620,3531,3916,4371,3397,1807,563,548,248,108
New Zealand,1995,27790,376,466,90,53,58,223,625,603,1079,2068,4328,7610,7959,2592,333,292,288,315,420,659,910,1158,1674,2654,3541,4069,4396,3563,1975,617,519,281,122
New Zealand,1996,28369,405,501,96,53,68,257,555,645,1066,2036,4370,7613,8347,2736,271,284,308,337,368,698,856,1180,1743,2627,3542,4071,4631,3716,2081,655,554,325,128
New Zealand,1997,27653,376,478,102,50,61,240,543,633,1096,2091,4071,7248,8236,2780,247,296,306,327,467,629,894,1197,1543,2528,3379,3869,4550,3686,2120,660,528,301,127
New Zealand,1998,26376,294,379,85,53,74,208,493,638,1057,2003,3893,7071,7723,2662,236,257,281,357,476,581,824,1179,1570,2323,3166,3905,4163,3560,2016,646,432,282,122
New Zealand,1999,28178,323,398,75,39,67,200,468,601,1064,2105,3873,7610,8434,3172,224,244,258,343,452,612,881,1224,1623,2250,3340,4270,4359,4075,2398,774,437,267,146
New Zealand,2000,26649,347,433,86,49,65,169,431,576,1055,2012,3611,7137,8037,2945,193,238,268,308,445,610,874,1138,1458,2153,3095,4042,4164,3873,2218,727,482,234,130
New Zealand,2001,27883,297,372,75,47,62,190,404,569,994,1970,3717,7194,8769,3445,210,194,265,304,436,558,892,1078,1607,2110,3193,4001,4448,4321,2569,876,419,252,153
New Zealand,2002,28082,290,370,80,47,52,165,397,577,1047,2036,3597,7166,8858,3608,191,206,246,331,444,603,856,1180,1558,2039,3072,4094,4474,4384,2679,929,417,217,162
New Zealand,2003,28063,274,353,79,38,58,211,367,578,1095,2072,3544,6934,8911,3730,185,182,256,322,464,631,888,1184,1534,2010,2979,3955,4642,4269,2771,959,391,269,168
New Zealand,2004,28413,322,383,61,32,53,195,369,545,1102,2042,3570,6815,9263,3880,194,175,213,332,439,663,870,1172,1547,2023,2853,3962,4860,4403,2901,979,415,248,169
New Zealand,2005,27120,300,360,60,45,49,201,378,546,1125,2051,3403,6218,8782,3785,211,167,228,318,484,641,830,1221,1497,1906,2553,3665,4714,4068,2828,957,405,250,177
New Zealand,2006,28253,303,362,59,36,44,198,348,504,1094,2096,3552,6519,9126,4180,180,168,209,295,438,656,855,1241,1532,2020,2683,3836,4640,4486,3097,1083,398,242,197
New Zealand,2007,28490,319,402,83,36,54,185,368,561,1109,2092,3615,6410,9338,4133,208,160,222,339,460,649,868,1224,1534,2081,2658,3752,4747,4591,3067,1066,438,239,187
New Zealand,2008,29147,295,376,81,36,51,197,378,504,1031,2104,3774,6418,9785,4295,205,173,182,322,427,604,823,1281,1656,2118,2656,3762,4895,4890,3133,1162,412,248,199
New Zealand,2009,28974,301,373,72,33,54,185,369,507,1096,2053,3785,6184,9769,4359,197,172,222,285,436,660,939,1114,1667,2118,2657,3527,4805,4964,3156,1203,406,239,206
New Zealand,2010,28465,320,386,66,18,42,167,342,457,1110,2059,3662,5942,9684,4381,189,153,174,283,430,680,890,1169,1616,2046,2584,3358,4747,4937,3168,1213,404,209,211
New Zealand,2011,30154,281,339,58,17,41,173,396,464,1052,2096,3880,6233,10204,5027,221,175,201,263,442,610,865,1231,1709,2171,2750,3483,4859,5345,3634,1393,356,214,230
New Zealand,2012,30141,255,318,63,31,46,171,340,404,1083,2065,3781,6257,10236,5165,190,150,172,232,419,664,935,1130,1628,2153,2823,3434,4808,5428,3731,1434,349,217,238
New Zealand,2013,29480,252,302,50,25,30,148,306,398,1018,2165,3810,6242,9949,4856,168,138,160,238,398,620,965,1200,1634,2176,2800,3442,4604,5345,3547,1309,327,178,232
New Zealand,2014,29588,271,325,54,31,30,141,332,402,1000,2209,3948,6460,10158,4359,176,156,171,231,387,613,966,1243,1664,2284,2876,3584,4764,5394,3274,1085,356,171,194
New Zealand,2015,30037,266,316,50,34,33,132,341,408,987,2255,4008,6457,10161,4666,170,171,182,226,385,602,964,1291,1667,2341,2853,3604,4736,5425,3411,1255,350,165,243
New Zealand,2016,30614,227,273,46,32,35,131,372,439,995,2267,4079,6659,10178,4864,183,189,200,239,375,620,955,1312,1708,2371,2936,3723,4707,5471,3432,1432,305,166,295
New Zealand,2017,30918,220,266,46,34,40,130,381,469,984,2341,4135,6695,10220,4884,183,198,215,254,378,606,964,1377,1750,2385,2931,3764,4669,5551,3361,1523,300,170,340
New Zealand,2018,31234,227,262,35,22,32,130,383,455,1022,2343,4130,6849,9739,5383,180,203,198,257,378,644,962,1381,1738,2392,3015,3834,4466,5273,3588,1795,284,162,482
New Zealand,2019,31550,241,273,32,17,32,132,397,473,1038,2384,4191,6976,9598,5499,183,214,202,271,384,654,964,1420,1775,2416,3117,3859,4454,5144,3770,1729,290,164,539
New Zealand,2020,32068,235,271,36,25,44,130,396,512,1015,2356,4265,7069,9970,5557,177,219,224,288,388,627,948,1408,1823,2442,3176,3893,4696,5274,3988,1569,296,174,459
New Zealand,2021,33869,250,291,41,26,37,125,427,530,1098,2615,4605,7857,9846,5894,197,230,240,290,401,697,1084,1531,2019,2586,3559,4298,4971,4875,4055,1839,317,162,517
Nicaragua,1950,31824,12363,18195,5832,1200,682,887,1947,1681,1525,1592,1925,1615,537,37,983,964,851,830,774,751,779,813,960,965,939,676,397,140,33,4,19395,1569,0
Nicaragua,1951,33167,12724,18909,6185,1303,743,938,2032,1757,1589,1647,1972,1681,562,37,1025,1007,894,863,807,782,810,837,977,995,967,714,410,152,31,6,20212,1681,0
Nicaragua,1952,32863,12644,18878,6234,1261,694,900,1971,1725,1564,1625,1942,1696,573,34,990,981,882,843,793,771,797,828,948,994,954,742,412,161,31,3,20139,1594,0
Nicaragua,1953,32954,12632,18895,6263,1289,690,897,1960,1734,1565,1636,1937,1725,588,38,983,977,890,844,793,772,800,836,930,1007,950,775,418,170,34,4,20184,1587,0
Nicaragua,1954,33008,12642,18890,6248,1325,685,893,1948,1737,1568,1644,1928,1747,606,39,976,972,895,842,794,774,801,843,915,1013,948,799,428,178,35,4,20215,1578,0
Nicaragua,1955,33073,12666,18869,6203,1370,680,891,1934,1741,1571,1653,1923,1768,629,43,968,966,897,844,795,776,805,848,909,1014,952,816,446,183,39,4,20239,1571,0
Nicaragua,1956,33153,12687,18834,6147,1413,682,892,1927,1750,1577,1665,1920,1789,654,47,966,961,899,851,796,781,810,855,910,1010,963,826,467,187,43,4,20247,1574,0
Nicaragua,1957,33235,12697,18793,6096,1444,685,895,1921,1761,1585,1683,1920,1814,687,49,964,957,899,862,798,787,817,866,920,1000,982,832,495,192,45,4,20237,1580,0
Nicaragua,1958,33324,12705,18747,6042,1465,694,900,1920,1771,1599,1699,1921,1836,716,54,966,954,898,873,803,796,826,873,935,986,1003,833,520,196,50,4,20212,1594,0
Nicaragua,1959,33414,12706,18694,5988,1479,711,903,1921,1784,1612,1717,1931,1858,748,55,968,953,899,885,810,802,835,882,951,980,1017,841,543,205,51,4,20173,1614,0
Nicaragua,1960,33865,12821,18865,6044,1520,747,917,1942,1806,1638,1748,1958,1891,777,60,981,961,905,901,823,815,850,898,970,988,1034,857,561,216,54,6,20385,1664,0
Nicaragua,1961,33530,12674,18535,5861,1492,760,912,1926,1795,1638,1752,1961,1895,800,62,975,951,897,898,825,813,851,901,973,988,1027,868,571,229,55,7,20027,1672,0
Nicaragua,1962,33500,12650,18444,5794,1487,776,910,1914,1782,1646,1763,1983,1908,821,65,970,944,888,894,833,813,856,907,984,999,1019,889,577,244,58,7,19931,1686,0
Nicaragua,1963,33366,12634,18361,5727,1460,778,905,1885,1749,1639,1768,1998,1917,843,67,958,927,870,879,832,807,857,911,987,1011,1007,910,583,260,60,7,19821,1683,0
Nicaragua,1964,33073,12611,18266,5655,1408,761,894,1828,1691,1617,1759,2004,1919,857,69,930,898,839,852,820,797,850,909,986,1018,997,922,587,270,62,7,19674,1655,0
Nicaragua,1965,32629,12607,18190,5583,1323,719,872,1741,1606,1576,1735,2002,1915,877,75,886,855,795,811,795,781,834,901,980,1022,990,925,598,279,67,8,19513,1591,0
Nicaragua,1966,32099,12621,18132,5511,1221,666,843,1633,1505,1519,1701,1992,1908,897,81,833,800,744,761,760,759,814,887,972,1020,988,920,611,286,73,8,19353,1509,0
Nicaragua,1967,31682,12682,18138,5456,1125,619,815,1538,1413,1469,1670,1982,1905,922,85,786,752,697,716,726,743,795,875,964,1018,993,912,630,292,77,8,19263,1434,1
Nicaragua,1968,31283,12740,18123,5383,1037,573,780,1453,1327,1420,1643,1978,1909,948,95,747,706,654,673,691,729,777,866,959,1019,1005,904,650,298,84,11,19160,1353,1
Nicaragua,1969,31124,12799,18135,5336,982,546,758,1410,1271,1393,1637,1991,1927,975,100,731,679,625,646,671,722,772,865,963,1028,1023,904,669,306,89,11,19117,1304,1
Nicaragua,1970,31250,12891,18186,5295,962,535,751,1410,1250,1390,1653,2029,1975,1006,106,741,669,615,635,663,727,780,873,979,1050,1052,923,686,320,94,12,19148,1286,1
Nicaragua,1971,31678,13004,18281,5277,983,543,761,1453,1266,1413,1696,2086,2041,1040,110,775,678,624,642,672,741,801,895,1005,1081,1089,952,705,335,98,12,19264,1304,1
Nicaragua,1972,42459,13955,20926,6971,2411,1678,1641,2701,2140,2167,2381,2681,2459,1153,119,1498,1203,1087,1053,1054,1113,1161,1220,1316,1365,1338,1121,780,373,105,14,23337,3319,1
Nicaragua,1973,32689,13141,18378,5237,1067,577,812,1598,1335,1487,1811,2224,2180,1095,117,868,730,659,676,706,781,864,947,1071,1153,1160,1020,726,369,103,14,19445,1389,1
Nicaragua,1974,33370,13242,18492,5250,1123,600,844,1685,1382,1531,1883,2307,2271,1127,122,912,773,683,699,726,805,902,981,1109,1198,1206,1065,742,385,108,14,19615,1444,1
Nicaragua,1975,33971,13343,18608,5265,1164,616,869,1758,1414,1564,1945,2379,2355,1162,131,943,815,699,715,742,822,932,1013,1143,1236,1248,1107,764,398,114,17,19772,1485,1
Nicaragua,1976,34450,13429,18709,5280,1192,624,886,1814,1433,1585,1997,2444,2430,1196,136,961,853,709,724,751,834,954,1043,1172,1272,1287,1143,787,409,119,17,19901,1510,1
Nicaragua,1977,35269,13457,18723,5266,1200,630,949,2074,1552,1660,2080,2517,2512,1231,144,1092,982,778,774,791,869,990,1090,1206,1311,1329,1183,814,417,126,18,19923,1579,1
Nicaragua,1978,40030,13729,19443,5714,1399,730,1327,3430,2240,2090,2412,2782,2723,1299,153,1825,1605,1174,1066,1024,1066,1155,1257,1340,1442,1447,1276,869,430,135,18,20842,2057,1
Nicaragua,1979,45029,13645,19277,5632,1398,761,1857,5580,3313,2673,2778,3003,2873,1353,158,2994,2586,1813,1500,1353,1320,1346,1432,1462,1541,1529,1344,911,442,139,19,20675,2618,1
Nicaragua,1980,34887,13209,18252,5043,1203,627,896,1869,1461,1599,2130,2643,2706,1337,160,967,902,743,718,752,847,987,1143,1260,1383,1423,1283,898,439,141,19,19455,1523,1
Nicaragua,1981,35063,13013,17918,4905,1209,634,920,1960,1531,1629,2178,2719,2803,1393,167,1019,941,796,735,767,862,1004,1174,1298,1421,1470,1333,936,457,146,21,19127,1554,1
Nicaragua,1982,35053,12786,17538,4752,1228,648,930,1972,1561,1638,2211,2798,2901,1450,171,1028,944,821,740,771,867,1016,1195,1339,1459,1518,1383,975,475,149,22,18766,1578,1
Nicaragua,1983,38154,12435,16977,4542,1215,667,1294,3422,2332,2032,2459,2992,3058,1525,176,1825,1597,1293,1039,991,1041,1147,1312,1449,1543,1601,1457,1026,499,153,23,18192,1961,1
Nicaragua,1984,39672,12027,16353,4326,1208,684,1505,4219,2776,2246,2598,3129,3180,1591,182,2266,1953,1559,1217,1110,1136,1219,1379,1525,1604,1664,1516,1070,521,158,24,17561,2189,2
Nicaragua,1985,39542,11576,15655,4079,1193,687,1553,4364,2880,2278,2632,3205,3258,1647,187,2350,2014,1605,1275,1125,1153,1234,1398,1562,1643,1700,1558,1105,542,162,25,16848,2240,2
Nicaragua,1986,37902,11070,14887,3817,1168,674,1451,3919,2667,2151,2565,3223,3304,1695,193,2108,1811,1453,1214,1053,1098,1194,1371,1562,1661,1718,1586,1135,560,167,26,16055,2125,2
Nicaragua,1987,38500,10535,14074,3539,1139,675,1600,4447,2963,2281,2650,3323,3385,1759,202,2406,2041,1608,1355,1128,1153,1237,1413,1604,1719,1756,1629,1175,584,175,27,15213,2275,2
Nicaragua,1988,34648,10008,13296,3288,1137,660,1246,3055,2229,1916,2438,3264,3398,1806,208,1642,1413,1163,1066,925,991,1119,1319,1553,1711,1752,1646,1201,605,181,27,14433,1906,2
Nicaragua,1989,31551,9402,12379,2977,1082,622,985,2075,1703,1661,2291,3235,3438,1865,216,1104,971,852,851,787,874,1037,1254,1516,1719,1766,1672,1237,628,188,28,13461,1607,2
Nicaragua,1990,30902,8809,11515,2706,1062,618,978,2050,1679,1675,2301,3299,3553,1942,227,1094,956,837,842,804,871,1040,1261,1532,1767,1823,1730,1286,656,197,30,12577,1596,2
Nicaragua,1991,29924,8232,10681,2449,1049,612,924,1849,1563,1653,2289,3354,3683,2026,238,988,861,771,792,801,852,1031,1258,1541,1813,1891,1792,1342,684,208,30,11730,1536,2
Nicaragua,1992,29761,7677,9926,2249,1065,637,947,1905,1586,1706,2332,3437,3849,2121,250,1025,880,785,801,838,868,1050,1282,1568,1869,1983,1866,1404,717,219,31,10991,1584,2
Nicaragua,1993,29449,7141,9192,2051,1053,633,947,1935,1598,1751,2363,3503,4002,2209,263,1043,892,792,806,865,886,1063,1300,1589,1914,2071,1931,1462,747,230,33,10245,1580,2
Nicaragua,1994,28973,6600,8429,1829,1011,619,939,1951,1597,1787,2380,3554,4136,2290,276,1052,899,791,806,880,907,1069,1311,1608,1946,2145,1991,1512,778,242,34,9440,1558,2
Nicaragua,1995,28648,6112,7774,1662,982,618,941,1987,1614,1834,2401,3598,4243,2365,291,1070,917,800,814,890,944,1077,1324,1628,1970,2199,2044,1553,812,255,36,8756,1559,2
Nicaragua,1996,28330,5746,7270,1524,943,602,932,2002,1623,1875,2411,3620,4317,2431,302,1072,930,805,818,894,981,1078,1333,1644,1976,2228,2089,1588,843,264,38,8213,1534,2
Nicaragua,1997,28023,5363,6742,1379,888,577,912,2002,1632,1919,2440,3704,4389,2495,314,1064,938,809,823,899,1020,1089,1351,1680,2024,2253,2136,1619,876,276,38,7630,1489,2
Nicaragua,1998,31406,5393,7399,2006,1549,926,1100,2265,1875,2161,2639,3947,4614,2598,333,1198,1067,933,942,1012,1149,1189,1450,1797,2150,2364,2250,1681,917,292,41,8948,2026,3
Nicaragua,1999,28083,4714,5873,1159,834,561,897,2030,1694,2020,2565,3926,4669,2667,345,1064,966,841,853,929,1091,1159,1406,1775,2151,2378,2291,1721,946,302,43,6707,1458,3
Nicaragua,2000,28532,4427,5491,1064,834,569,900,2061,1741,2075,2678,4087,4923,2803,363,1076,985,866,875,954,1121,1229,1449,1831,2256,2509,2414,1819,984,316,47,6325,1469,3
Nicaragua,2001,29280,4173,5156,983,853,587,909,2103,1801,2139,2828,4290,5263,2966,382,1095,1008,899,902,983,1156,1324,1504,1896,2394,2694,2569,1941,1025,332,50,6009,1496,3
Nicaragua,2002,30096,3943,4849,906,868,605,918,2137,1864,2209,2987,4499,5616,3141,401,1112,1025,933,931,1015,1194,1422,1565,1964,2535,2885,2731,2076,1065,348,53,5717,1523,3
Nicaragua,2003,30778,3738,4578,840,867,615,922,2160,1924,2275,3137,4674,5909,3295,417,1122,1038,964,960,1045,1230,1504,1633,2024,2650,3041,2868,2189,1106,362,55,5445,1537,3
Nicaragua,2004,31089,3554,4341,787,836,608,917,2161,1973,2328,3257,4775,6056,3399,432,1120,1041,986,987,1070,1258,1557,1700,2070,2705,3118,2938,2253,1146,376,56,5177,1525,4
Nicaragua,2005,30718,3387,4121,734,752,568,892,2120,1992,2353,3314,4750,5976,3432,445,1091,1029,991,1001,1085,1268,1558,1756,2090,2660,3072,2904,2244,1188,387,58,4873,1460,4
Nicaragua,2006,29711,3248,3934,686,637,513,859,2059,1987,2343,3291,4538,5687,3406,456,1049,1010,982,1005,1086,1257,1514,1777,2061,2477,2909,2778,2178,1228,397,59,4571,1372,4
Nicaragua,2007,28708,3145,3829,684,556,466,828,1993,1986,2340,3249,4311,5303,3376,466,1002,991,974,1012,1091,1249,1465,1784,2028,2283,2690,2613,2103,1273,406,60,4385,1294,4
Nicaragua,2008,27424,3016,3632,616,422,388,771,1894,1959,2311,3173,4100,4913,3377,478,939,955,953,1006,1084,1227,1411,1762,1995,2105,2461,2452,2054,1323,415,63,4054,1159,4
Nicaragua,2009,26603,2908,3489,581,342,334,723,1810,1949,2306,3111,3974,4623,3439,498,887,923,938,1011,1090,1216,1379,1732,1984,1990,2280,2343,2059,1380,430,68,3831,1057,5
Nicaragua,2010,26364,2826,3399,573,294,297,688,1739,1954,2335,3084,3963,4490,3591,523,847,892,933,1021,1107,1228,1381,1703,2002,1961,2167,2323,2141,1450,450,73,3693,985,5
Nicaragua,2011,26475,2716,3248,532,256,266,653,1665,1959,2381,3088,4050,4510,3837,560,811,854,930,1029,1127,1254,1409,1679,2035,2015,2126,2384,2302,1535,478,82,3504,919,6
Nicaragua,2012,27021,2621,3128,507,237,246,625,1610,1970,2447,3139,4205,4648,4157,599,789,821,930,1040,1154,1293,1461,1678,2074,2131,2148,2500,2518,1639,511,88,3365,871,7
Nicaragua,2013,27816,2532,3021,489,230,234,601,1574,1983,2517,3218,4393,4861,4531,644,774,800,934,1049,1181,1336,1520,1698,2109,2284,2217,2644,2760,1771,547,97,3251,835,7
Nicaragua,2014,28600,2433,2894,461,225,223,578,1556,1983,2570,3301,4567,5087,4913,691,767,789,931,1052,1203,1367,1570,1731,2130,2437,2308,2779,2991,1922,587,104,3119,801,8
Nicaragua,2015,29251,2343,2784,441,225,217,555,1562,1974,2591,3372,4681,5275,5268,737,767,795,924,1050,1213,1378,1597,1775,2132,2549,2412,2863,3174,2094,627,110,3009,772,9
Nicaragua,2016,29656,2251,2672,421,225,213,532,1588,1955,2582,3421,4717,5392,5566,782,772,816,913,1042,1214,1368,1597,1824,2125,2592,2507,2885,3292,2274,668,114,2897,745,10
Nicaragua,2017,29983,2166,2574,408,222,210,513,1616,1944,2578,3469,4735,5460,5813,834,775,841,906,1038,1216,1362,1596,1873,2128,2607,2582,2878,3367,2446,714,120,2796,723,10
Nicaragua,2018,30313,2077,2463,386,206,197,492,1620,1958,2598,3536,4795,5498,6034,900,761,859,912,1046,1223,1375,1618,1918,2147,2648,2631,2867,3442,2592,773,127,2669,689,11
Nicaragua,2019,30875,1995,2365,370,180,181,477,1590,2023,2692,3640,4957,5511,6261,984,731,859,945,1078,1254,1438,1690,1950,2181,2776,2637,2874,3554,2707,845,139,2545,658,12
Nicaragua,2020,38555,1914,2270,356,146,183,472,1616,2200,3197,4740,6883,7614,8036,1183,733,883,1005,1195,1440,1757,2130,2610,3009,3874,3750,3864,4618,3418,1022,161,2416,655,14
Nicaragua,2021,33308,1837,2175,338,132,166,391,1427,2027,2860,4112,5836,6271,6795,1103,630,797,932,1095,1297,1563,1878,2234,2550,3286,3206,3065,3794,3001,946,157,2307,557,14
Niger,1950,68386,18658,43644,24986,4385,1802,2142,4494,3408,2658,2267,1500,1499,570,14,2396,2098,1799,1609,1425,1233,1178,1089,773,727,654,845,454,116,14,0,48029,3944,0
Niger,1951,71734,20346,46083,25737,4515,1870,2222,4651,3525,2774,2419,1631,1423,600,22,2486,2165,1859,1666,1484,1290,1240,1179,879,752,650,773,471,129,17,5,50598,4092,2
Niger,1952,75278,21030,48762,27732,4599,1940,2302,4803,3636,2892,2551,1779,1360,620,28,2575,2228,1915,1721,1541,1351,1301,1250,1016,763,675,685,489,131,18,10,53361,4242,3
Niger,1953,78338,21680,51014,29334,4607,2015,2384,4959,3748,3005,2681,1958,1318,626,20,2669,2290,1972,1776,1596,1409,1365,1316,1177,781,713,605,497,129,15,5,55621,4399,2
Niger,1954,80958,22315,53039,30724,4508,2080,2455,5086,3831,3101,2795,2146,1290,609,18,2747,2339,2013,1818,1642,1459,1422,1373,1321,825,742,548,478,131,15,3,57547,4535,1
Niger,1955,83534,22957,54816,31859,4568,2146,2530,5215,3913,3197,2912,2358,1286,574,15,2824,2391,2053,1860,1687,1510,1479,1433,1450,908,766,520,441,133,15,0,59384,4676,1
Niger,1956,85951,23581,56371,32790,4764,2198,2601,5326,3976,3276,3025,2579,1297,526,14,2889,2437,2084,1892,1724,1552,1533,1492,1556,1023,782,515,394,132,14,0,61135,4799,0
Niger,1957,88466,24214,57897,33683,4963,2245,2687,5469,4054,3368,3149,2825,1319,479,9,2969,2500,2120,1934,1767,1601,1593,1556,1646,1179,789,530,346,133,9,0,62860,4932,0
Niger,1958,91070,24878,59459,34581,5177,2264,2782,5627,4136,3459,3279,3085,1359,435,8,3056,2571,2162,1974,1811,1648,1655,1624,1725,1360,802,557,302,133,8,0,64636,5046,0
Niger,1959,93819,25555,61096,35541,5416,2253,2881,5802,4226,3556,3413,3332,1433,401,8,3155,2647,2208,2018,1857,1699,1718,1695,1803,1529,852,581,276,125,8,0,66512,5134,0
Niger,1960,96484,26247,62744,36497,5597,2258,2970,5963,4303,3637,3534,3553,1538,375,8,3249,2714,2251,2052,1895,1742,1774,1760,1879,1674,941,597,263,112,8,0,68341,5228,0
Niger,1961,98927,26927,64360,37433,5694,2288,3030,6092,4361,3699,3639,3730,1665,360,8,3327,2765,2287,2074,1923,1776,1820,1819,1943,1787,1060,605,262,98,8,0,70054,5318,0
Niger,1962,101630,27616,66022,38406,5819,2344,3089,6265,4446,3775,3756,3907,1835,359,11,3429,2836,2339,2107,1959,1816,1872,1884,2020,1887,1224,611,273,86,11,0,71841,5433,0
Niger,1963,104345,28326,67710,39384,5942,2427,3102,6444,4533,3849,3870,4062,2030,363,12,3534,2910,2395,2138,1994,1855,1921,1949,2092,1970,1408,622,288,75,12,0,73652,5529,0
Niger,1964,107437,29046,69587,40541,6091,2558,3085,6655,4645,3936,4001,4240,2254,373,12,3654,3001,2463,2182,2035,1901,1978,2023,2180,2060,1585,669,302,71,12,0,75678,5643,0
Niger,1965,110486,29728,71343,41615,6258,2672,3093,6882,4772,4026,4131,4423,2490,382,11,3779,3103,2538,2234,2080,1946,2035,2096,2270,2153,1741,749,312,70,11,0,77601,5765,0
Niger,1966,113436,30472,73094,42622,6404,2741,3138,7085,4894,4103,4251,4596,2728,390,11,3882,3203,2609,2285,2117,1986,2088,2163,2355,2241,1871,857,318,72,11,0,79498,5879,0
Niger,1967,116574,31249,74948,43699,6559,2813,3213,7276,5031,4188,4371,4781,2983,399,9,3964,3312,2684,2347,2156,2032,2140,2231,2447,2334,1986,997,323,76,9,0,81507,6026,0
Niger,1968,120973,32319,77912,45593,6739,2895,3355,7443,5195,4288,4503,4983,3239,415,8,4004,3439,2774,2421,2206,2082,2199,2304,2550,2433,2087,1152,333,82,8,0,84651,6250,0
Niger,1969,125553,33427,80853,47426,6949,2992,3580,7581,5389,4404,4649,5201,3492,450,8,3997,3584,2881,2508,2266,2138,2265,2384,2660,2541,2191,1301,364,86,8,0,87802,6572,0
Niger,1970,130478,34691,84105,49414,7156,3093,3773,7764,5595,4527,4796,5425,3730,504,8,4037,3727,2996,2599,2331,2196,2332,2464,2767,2658,2301,1429,414,90,8,0,91261,6866,0
Niger,1971,137707,36281,88190,51909,7610,3350,4041,8282,6030,4821,5068,5744,3986,573,8,4290,3992,3236,2794,2491,2330,2464,2604,2928,2816,2433,1553,481,92,8,0,95800,7391,0
Niger,1972,139937,37178,90460,53282,7497,3276,4004,8231,6000,4764,5060,5851,4136,652,8,4291,3940,3228,2772,2469,2295,2451,2609,2967,2884,2504,1632,560,92,8,0,97957,7280,0
Niger,1973,143639,38411,93517,55106,7486,3303,4039,8312,6095,4814,5113,5972,4249,731,8,4415,3897,3285,2810,2505,2309,2472,2641,3015,2957,2563,1686,636,95,8,0,101003,7342,0
Niger,1974,146398,39583,96299,56716,7344,3274,4012,8265,6108,4809,5111,6027,4334,803,8,4531,3734,3294,2814,2509,2300,2467,2644,3029,2998,2608,1726,700,103,8,0,103643,7286,0
Niger,1975,147863,40582,98468,57886,7086,3191,3923,8104,6025,4747,5050,6013,4388,864,8,4527,3577,3245,2780,2479,2268,2433,2617,3009,3004,2632,1756,747,117,8,0,105554,7114,0
Niger,1976,150136,41438,100126,58688,7064,3195,3947,8162,6108,4800,5088,6137,4554,945,7,4555,3607,3281,2827,2512,2288,2445,2643,3057,3080,2722,1832,807,138,7,0,107190,7142,0
Niger,1977,151262,42226,101540,59314,6890,3132,3886,8074,6052,4781,5056,6165,4664,1015,7,4491,3583,3230,2822,2502,2279,2424,2632,3057,3108,2779,1885,851,164,7,0,108430,7018,0
Niger,1978,152139,43230,103095,59865,6648,3031,3788,7947,5902,4731,4987,6156,4764,1083,6,4382,3565,3106,2796,2473,2258,2384,2603,3039,3117,2829,1935,893,190,6,0,109743,6819,0
Niger,1979,153792,44452,105376,60924,6382,2928,3691,7863,5712,4693,4939,6165,4883,1156,8,4279,3584,2941,2771,2451,2242,2356,2583,3028,3137,2889,1994,938,218,8,0,111758,6619,0
Niger,1980,157217,45873,108755,62882,6238,2866,3637,7831,5646,4719,4950,6246,5071,1245,11,4226,3605,2866,2780,2466,2253,2360,2590,3053,3193,2983,2088,1000,245,11,0,114993,6503,0
Niger,1981,160833,47454,112720,65266,6046,2776,3541,7662,5578,4716,4933,6283,5231,1324,16,4131,3531,2823,2755,2466,2250,2352,2581,3056,3227,3059,2172,1054,270,16,0,118766,6317,0
Niger,1982,166108,49125,117393,68268,6054,2763,3527,7667,5610,4794,4997,6409,5459,1417,20,4127,3540,2848,2762,2509,2285,2390,2607,3104,3305,3170,2289,1121,296,20,0,123447,6290,0
Niger,1983,171794,50951,122637,71686,6047,2740,3490,7628,5611,4860,5053,6519,5676,1504,25,4101,3527,2895,2716,2545,2315,2424,2629,3144,3375,3271,2405,1185,319,25,0,128684,6230,0
Niger,1984,179398,53220,128397,75177,6297,2829,3577,7856,5792,5061,5222,6741,5976,1617,28,4216,3640,3079,2713,2655,2406,2515,2707,3242,3499,3423,2553,1269,348,28,0,134694,6406,0
Niger,1985,185651,55290,133933,78643,6347,2831,3557,7870,5818,5154,5310,6863,6212,1725,33,4216,3654,3149,2669,2699,2455,2563,2747,3288,3575,3534,2678,1350,375,33,0,140280,6388,0
Niger,1986,190879,56925,138668,81743,6340,2824,3517,7833,5826,5224,5386,6959,6423,1838,38,4185,3648,3157,2669,2725,2499,2603,2783,3324,3635,3631,2792,1431,407,38,0,145008,6341,0
Niger,1987,194733,58494,142473,83979,6224,2790,3441,7718,5796,5238,5444,7008,6600,1950,46,4112,3606,3135,2661,2710,2528,2632,2812,3335,3673,3707,2893,1513,437,45,1,148697,6231,0
Niger,1988,197831,59624,145203,85579,6141,2783,3397,7651,5841,5247,5535,7095,6810,2069,55,4061,3590,3133,2708,2672,2575,2675,2860,3366,3729,3799,3011,1609,460,54,1,151344,6180,0
Niger,1989,200212,60485,146879,86394,6098,2800,3387,7657,5979,5247,5657,7203,7031,2209,64,4050,3607,3160,2819,2609,2638,2737,2920,3412,3791,3899,3132,1707,502,63,1,152977,6187,0
Niger,1990,201502,61437,147763,86326,6009,2800,3363,7596,6042,5243,5757,7287,7221,2345,72,4005,3591,3164,2878,2562,2681,2788,2969,3448,3839,3980,3241,1799,546,70,2,153772,6163,0
Niger,1991,204417,62069,148858,86789,6117,2897,3451,7762,6239,5424,5990,7529,7546,2522,84,4083,3679,3264,2975,2642,2782,2906,3084,3567,3962,4137,3409,1922,600,81,3,154975,6348,0
Niger,1992,204810,62219,148269,86050,6100,2923,3481,7783,6312,5515,6155,7698,7802,2681,92,4087,3696,3299,3013,2698,2817,2992,3163,3656,4042,4254,3548,2031,650,89,3,154369,6404,0
Niger,1993,204280,62221,147088,84867,6032,2921,3487,7730,6343,5578,6302,7844,8028,2821,104,4057,3673,3309,3034,2777,2801,3069,3233,3736,4108,4352,3676,2138,683,99,5,153120,6408,0
Niger,1994,203266,61917,144925,83008,5970,2916,3547,7870,6483,5695,6489,8012,8259,2981,116,4136,3734,3381,3102,2932,2763,3164,3325,3829,4183,4455,3804,2243,738,111,5,150895,6463,0
Niger,1995,201428,61628,142230,80602,6012,2933,3570,7750,6475,5752,6666,8221,8529,3157,129,4080,3670,3364,3111,3014,2738,3245,3421,3935,4286,4579,3950,2361,796,123,6,148242,6503,0
Niger,1996,200720,61352,139807,78455,6129,2973,3665,7897,6628,5914,6899,8488,8821,3343,150,4171,3726,3434,3194,3101,2813,3349,3550,4068,4420,4716,4105,2487,856,139,11,145936,6638,1
Niger,1997,200344,60969,137711,76742,6269,3007,3761,8052,6773,6090,7114,8778,9118,3521,151,4270,3782,3500,3273,3185,2905,3429,3685,4207,4571,4856,4262,2611,910,145,6,143980,6768,0
Niger,1998,200812,60728,136165,75437,6481,3071,3867,8248,6931,6337,7316,9108,9431,3698,157,4395,3853,3568,3363,3282,3055,3474,3842,4365,4743,5007,4424,2735,963,152,5,142646,6938,0
Niger,1999,201961,60454,134583,74129,6821,3183,4020,8571,7169,6697,7512,9520,9806,3902,170,4588,3983,3678,3491,3413,3284,3485,4027,4566,4954,5200,4606,2876,1026,166,4,141404,7203,0
Niger,2000,202722,60212,132888,72676,7132,3275,4137,8860,7359,6992,7720,9918,10164,4091,181,4762,4098,3764,3595,3527,3465,3523,4197,4765,5153,5386,4778,3008,1083,177,4,140020,7412,0
Niger,2001,203598,59780,130610,70830,7562,3418,4298,9281,7629,7295,8044,10392,10582,4296,196,5005,4276,3893,3736,3678,3617,3658,4386,5002,5390,5613,4969,3149,1147,192,4,138172,7716,0
Niger,2002,202817,59071,127543,68472,7840,3510,4381,9545,7781,7511,8292,10790,10938,4475,211,5154,4391,3964,3817,3784,3727,3789,4503,5205,5585,5816,5122,3270,1205,205,6,135383,7891,0
Niger,2003,200641,58081,123646,65565,8025,3576,4420,9679,7847,7650,8485,11160,11279,4650,224,5217,4462,3995,3852,3847,3803,3952,4533,5393,5767,6012,5267,3388,1262,217,7,131671,7996,0
Niger,2004,196390,56938,119419,62481,7875,3530,4313,9543,7714,7653,8533,11341,11462,4767,238,5126,4417,3928,3786,3833,3820,4122,4411,5482,5859,6115,5347,3462,1305,230,8,127294,7843,0
Niger,2005,193016,55714,115113,59399,7880,3553,4287,9532,7688,7718,8656,11639,11764,4930,252,5095,4437,3921,3767,3851,3867,4274,4382,5620,6019,6279,5485,3568,1362,244,8,122993,7840,0
Niger,2006,189364,54352,110630,56278,7852,3572,4265,9490,7657,7770,8780,11911,12074,5089,269,5043,4447,3916,3741,3860,3910,4340,4440,5730,6181,6441,5633,3671,1418,258,11,118482,7837,0
Niger,2007,186012,53066,106312,53246,7807,3592,4259,9470,7649,7826,8945,12167,12432,5265,283,5007,4463,3926,3723,3869,3957,4410,4535,5808,6359,6620,5812,3786,1479,272,11,114119,7851,0
Niger,2008,182683,51878,102196,50318,7746,3604,4250,9395,7629,7848,9157,12325,12793,5438,302,4951,4444,3932,3697,3860,3988,4466,4691,5791,6534,6796,5997,3897,1541,290,12,109942,7854,0
Niger,2009,179837,50683,98371,47688,7704,3626,4255,9296,7620,7869,9476,12428,13223,5649,322,4888,4408,3941,3679,3848,4021,4532,4944,5697,6731,7014,6209,4037,1612,308,14,106075,7881,0
Niger,2010,176396,49574,94701,45127,7505,3579,4208,9091,7539,7816,9666,12497,13600,5851,341,4780,4311,3910,3629,3798,4018,4565,5101,5621,6876,7203,6397,4173,1678,326,15,102206,7787,0
Niger,2011,175441,48517,91556,43039,7595,3650,4310,9192,7687,7936,9937,12878,14197,6139,367,4846,4346,3997,3690,3841,4095,4686,5251,5762,7116,7515,6682,4373,1766,349,18,99151,7960,0
Niger,2012,174457,47671,89096,41425,7560,3671,4357,9158,7735,7969,10132,13192,14767,6430,392,4844,4314,4023,3712,3841,4128,4767,5365,5918,7274,7813,6954,4580,1850,373,19,96656,8028,0
Niger,2013,174424,47235,87139,39904,7556,3705,4432,9243,7847,8056,10365,13510,15373,6749,449,4911,4332,4074,3773,3877,4179,4868,5497,6178,7332,8130,7243,4802,1947,412,37,94695,8137,4
Niger,2014,174704,46941,85771,38830,7498,3722,4479,9275,7910,8112,10577,13807,16002,7076,471,4954,4321,4089,3821,3902,4210,4956,5621,6543,7264,8449,7553,5031,2045,435,36,93269,8201,3
Niger,2015,177125,46895,84750,37855,7596,3811,4687,9826,8280,8374,10927,14220,16715,7429,501,5282,4544,4271,4009,4044,4330,5114,5813,6897,7323,8806,7909,5276,2153,462,39,92346,8498,3
Niger,2016,178126,47116,84247,37131,7547,3834,4682,9725,8240,8404,11117,14562,17388,7820,551,5248,4477,4214,4026,4063,4341,5180,5937,7070,7492,9114,8274,5541,2279,499,52,91794,8516,6
Niger,2017,179216,47354,83971,36617,7396,3831,4674,9710,8227,8451,11281,14909,17961,8204,591,5256,4454,4179,4048,4096,4355,5233,6048,7218,7691,9328,8633,5799,2405,531,60,91367,8505,8
Niger,2018,182088,47541,83733,36192,7519,3933,4819,10050,8430,8655,11568,15547,18586,8647,598,5453,4597,4270,4160,4216,4439,5343,6225,7449,8098,9506,9080,6105,2542,550,48,91252,8752,5
Niger,2019,183574,47630,83349,35719,7390,3932,4854,10203,8479,8800,11761,16203,18913,9070,622,5543,4660,4283,4196,4302,4498,5407,6354,7622,8581,9441,9472,6395,2675,575,47,90739,8786,3
Niger,2020,201622,47782,83087,35305,7518,4033,5062,10672,9265,10549,15001,21591,23211,10932,694,5781,4891,4574,4691,5090,5459,6773,8228,10069,11522,11719,11492,7687,3245,653,41,90605,9095,1
Niger,2021,205694,48004,83091,35087,7493,4083,5225,11150,9542,10994,15537,22557,24043,11271,703,6020,5130,4733,4809,5292,5702,7023,8514,10513,12044,12115,11928,7978,3293,660,43,90584,9308,1
Nigeria,1950,1009623,305300,550667,245367,63174,27807,26174,57280,52332,49118,55366,61638,51013,14673,378,29176,28104,26803,25529,24954,24164,26599,28767,30564,31074,29270,21743,11841,2832,355,23,613841,53981,1
Nigeria,1951,1028429,315504,559509,244005,64289,28285,26676,58319,53443,49807,56085,63236,52512,15896,370,29706,28613,27366,26077,25382,24425,26743,29342,31337,31899,30038,22474,12450,3446,344,26,623798,54961,2
Nigeria,1952,1043623,318313,563481,245168,65422,28849,27295,59548,54772,50744,56829,65046,54201,17031,402,30339,29209,27999,26773,25874,24870,26839,29990,32210,32836,30905,23296,13020,4011,366,36,628903,56144,2
Nigeria,1953,1056309,322408,569981,247573,65256,29135,27659,60217,55560,51292,57005,66340,55472,17910,481,30700,29517,28327,27233,26127,25165,26670,30335,32820,33520,31541,23931,13448,4462,440,41,635237,56794,2
Nigeria,1954,1074414,326198,577010,250812,65236,29854,28353,61561,56980,52483,57752,68351,57342,18872,617,31408,30153,28974,28006,26730,25753,26853,30899,33766,34585,32553,24789,14009,4863,573,44,642246,58207,2
Nigeria,1955,1088067,330581,584384,253803,64883,30249,28722,62285,57740,53163,57932,69664,58670,19602,769,31805,30480,29303,28437,27100,26063,26886,31046,34332,35332,33287,25383,14450,5152,727,42,649267,58971,1
Nigeria,1956,1108905,335694,593032,257338,66114,30981,29382,63691,59080,54441,58660,71592,60542,20465,926,32553,31138,29933,29147,27806,26635,27300,31360,35185,36407,34350,26192,15023,5442,885,41,659146,60363,2
Nigeria,1957,1124325,341045,601560,260515,66696,31272,29709,64468,59745,55172,58789,72840,61882,21129,1061,32989,31479,30236,29509,28269,26903,27568,31221,35688,37152,35112,26770,15478,5651,1017,44,668256,60981,2
Nigeria,1958,1144891,346279,610543,264264,68233,31643,30319,65834,60935,56413,59421,74625,63778,21954,1187,33722,32112,30815,30120,29013,27400,28134,31287,36420,38205,36183,27595,16060,5894,1132,55,678776,61962,3
Nigeria,1959,1159436,350227,616472,266245,69722,31512,30789,66781,61714,57365,59831,75893,65407,22650,1295,34238,32543,31188,30526,29571,27794,28567,31264,36846,39047,37097,28310,16541,6109,1221,74,686194,62301,3
Nigeria,1960,1178708,354880,623432,268552,71639,31665,31526,68318,63001,58782,60753,77358,67403,23432,1394,35044,33274,31829,31172,30327,28455,29180,31573,37332,40026,38209,29194,17077,6355,1300,94,695071,63191,3
Nigeria,1961,1192088,360239,631241,271002,72314,31598,31847,69008,63489,59474,61102,77786,68745,24005,1471,35391,33617,32082,31407,30668,28806,29448,31654,37247,40539,38932,29813,17449,6556,1358,113,703555,63445,2
Nigeria,1962,1213503,366023,639823,273800,74173,32062,32539,70644,64893,60969,62302,78927,70881,24735,1551,36186,34458,32807,32086,31384,29585,30040,32262,37426,41501,40099,30782,18024,6711,1421,130,713996,64601,3
Nigeria,1963,1223862,368868,642730,273862,75168,32360,32678,71625,65646,61893,63055,79248,72422,25414,1619,36642,34983,33217,32429,31771,30122,30376,32679,37221,42027,40920,31502,18455,6959,1476,143,717898,65038,4
Nigeria,1964,1241848,374335,651696,277361,76414,33055,32596,72849,66597,62988,64046,79677,74099,26140,1691,37251,35598,33732,32865,32245,30743,30850,33196,37197,42480,41793,32306,18938,7202,1539,152,728110,65651,5
Nigeria,1965,1258330,380511,662637,282126,77197,33491,32291,73536,67123,63567,64663,79750,75464,26835,1769,37603,35933,34034,33089,32476,31091,31176,33487,37147,42603,42440,33024,19408,7427,1607,162,739834,65782,6
Nigeria,1966,1281281,387371,672715,285344,78734,34078,32694,75958,68875,64997,66029,80458,77255,27626,1856,38871,37087,34998,33877,33170,31827,31914,34115,37588,42870,43326,33929,19968,7658,1684,172,751449,66772,7
Nigeria,1967,1365266,399857,699948,300091,83117,35991,36300,90133,78367,71945,71726,84896,81802,29064,1965,46339,43794,40247,38120,36804,35141,34944,36782,40094,44802,45840,35962,21029,8035,1784,181,783065,72291,9
Nigeria,1968,1349341,402938,701089,298151,81087,35052,35030,87115,76570,69893,69788,81904,80500,29277,2027,44603,42512,39412,37158,35799,34094,34115,35673,39012,42892,44855,35645,21132,8145,1839,188,782176,70082,9
Nigeria,1969,1367484,409506,711579,302073,82360,35544,35705,87123,77432,70551,70776,82379,81771,30142,2114,44189,42934,39879,37553,36118,34433,34686,36090,39547,42832,45323,36448,21736,8406,1917,197,793939,71249,10
Nigeria,1970,1353093,414092,717262,303170,83047,35669,34080,77227,71869,67398,69550,81733,82145,30906,2195,38613,38614,36665,35204,34304,33094,33983,35567,39334,42399,45202,36943,22248,8658,1988,207,800309,69749,11
Nigeria,1971,1348194,415141,713290,298149,83269,35849,33933,75525,71232,67046,69789,81816,82438,31720,2281,37484,38041,36275,34957,34099,32947,34067,35722,39455,42361,44992,37446,22791,8929,2062,219,796559,69782,12
Nigeria,1972,1342554,415798,709765,293967,82556,35640,33750,74497,70662,66585,69880,81872,82439,32530,2369,36843,37654,35941,34721,33858,32727,34035,35845,39446,42426,44530,37909,23321,9209,2139,230,792321,69390,12
Nigeria,1973,1340501,416172,705674,289502,82543,35742,33880,74097,70734,66576,70301,82389,82627,33460,2470,36771,37326,35931,34803,33877,32699,34138,36163,39600,42789,44193,38434,23932,9528,2226,244,788217,69622,13
Nigeria,1974,1339600,418565,703976,285411,82235,35723,33899,73568,70616,66472,70605,82843,82691,34386,2576,36999,36569,35854,34762,33839,32633,34193,36412,39752,43091,43922,38769,24523,9863,2320,256,786211,69622,14
Nigeria,1975,1336292,421386,703156,281770,81468,35423,33725,72717,70128,66004,70462,82922,82413,35175,2685,37031,35686,35624,34504,33618,32386,34056,36406,39769,43153,43634,38779,24990,10185,2418,267,784624,69148,15
Nigeria,1976,1324372,422498,701785,279287,79108,34416,33021,70903,68535,64663,69519,82271,81554,35783,2800,36365,34538,34839,33696,32929,31734,33542,35977,39459,42812,43185,38369,25302,10481,2518,282,780893,67437,16
Nigeria,1977,1323237,424280,703036,278756,78126,33880,32743,70092,67706,64219,69370,82606,81671,36818,2955,36157,33935,34409,33297,32703,31516,33429,35941,39679,42927,43425,38246,25909,10909,2655,300,781162,66623,17
Nigeria,1978,1340233,428097,706224,278127,80215,34467,33451,71558,68677,65538,70725,84560,83279,38361,3155,36986,34572,34777,33900,33404,32134,34057,36668,40733,43827,44568,38711,26865,11496,2831,324,786439,67918,18
Nigeria,1979,1367415,430487,709522,279035,84237,35739,34739,74456,70501,67855,73023,87688,86029,40214,3395,38370,36086,35384,35117,34620,33235,35140,37883,42326,45362,46292,39737,28006,12208,3045,350,793759,70478,20
Nigeria,1980,1396900,433576,715187,281611,88185,36973,36057,77771,72483,70231,75320,90701,88617,41727,3625,39988,37783,36073,36410,35849,34382,36245,39075,43813,46888,47844,40773,28885,12842,3247,378,803372,73030,22
Nigeria,1981,1426312,437240,720758,283518,92767,38496,37253,80205,74444,72449,77514,93796,91495,43238,3875,41207,38998,36828,37616,36985,35464,37290,40224,45266,48530,49443,42052,29719,13519,3468,407,813525,75749,24
Nigeria,1982,1461820,443634,731819,288185,97200,40125,38483,83077,76504,74845,79850,96930,94377,44472,4110,42691,40386,37727,38777,38170,36675,38436,41414,46687,50243,50944,43433,30330,14142,3674,436,829019,78608,25
Nigeria,1983,1493543,452665,746386,293721,100407,41356,39258,84839,77616,76390,81433,99330,96753,45415,4334,43606,41233,38401,39215,38904,37486,39221,42212,47685,51645,52096,44657,30744,14671,3870,464,846793,80614,27
Nigeria,1984,1523712,457564,756854,299290,104234,42998,40286,87009,79056,78292,83268,101748,99129,46261,4544,44748,42261,39602,39454,39852,38440,40142,43126,48712,53036,53298,45831,31179,15082,4051,493,861088,83284,29
Nigeria,1985,1570962,464740,771506,306766,110023,45680,42089,90701,81889,81607,86428,105591,102906,47718,4788,46662,44039,41498,40391,41559,40048,41709,44719,50477,55114,55338,47568,32134,15584,4263,525,881529,87769,32
Nigeria,1986,1624115,472287,786870,314583,116282,48722,44357,94953,85316,85360,90177,110113,107418,49464,5046,48844,46109,43493,41823,43496,41864,43550,46627,52587,57526,57843,49575,33389,16075,4488,558,903152,93079,34
Nigeria,1987,1655601,480749,802108,321359,118321,50294,45511,96705,86404,86803,91940,112189,109750,50322,5218,49737,46968,44265,42139,44188,42615,44461,47479,53521,58668,59226,50524,34114,16208,4634,584,920429,95805,36
Nigeria,1988,1688589,490932,817903,326971,120288,51938,46853,98625,87904,88017,93800,114298,112239,51301,5386,50707,47918,45110,42794,44623,43394,45419,48381,54487,59811,60722,51517,34947,16354,4776,610,938191,98791,38
Nigeria,1989,1722714,504117,836200,332083,121636,53380,48265,100512,89689,88719,95524,116238,114671,52314,5530,51684,48828,45892,43797,44574,44145,46294,49230,55369,60869,62123,52548,35757,16557,4892,638,957836,101645,40
Nigeria,1990,1773185,515870,853230,337360,125714,55988,50889,104664,93454,91364,99074,120149,118875,54043,5697,53872,50792,47688,45766,45482,45882,48026,51048,57240,62909,64442,54433,37015,17028,5029,668,978944,106877,42
Nigeria,1991,1838523,527352,872510,345158,131479,59504,54493,110813,98676,95694,103968,125359,124045,56082,5853,57172,53641,50353,48323,47361,48333,50398,53570,59789,65570,67257,56788,38451,17631,5155,698,1003989,113997,45
Nigeria,1992,1883584,537752,888150,350398,134441,61516,56949,114632,101712,98049,107178,129066,128141,57747,5956,59400,55232,51896,49816,48345,49704,51875,55303,61586,67480,69364,58777,39568,18179,5231,725,1022591,118465,47
Nigeria,1993,1921923,550050,906489,356439,135614,62741,58965,117742,103929,99524,109462,131572,130958,58870,6008,61327,56415,53048,50881,49228,50296,52917,56545,62822,68750,70723,60235,40290,18580,5263,745,1042103,121706,49
Nigeria,1994,1989331,561819,921085,359266,143185,66358,63071,125010,109861,104222,114910,137510,136746,61163,6155,65456,59554,56084,53777,52229,51993,55496,59414,65793,71717,73768,62978,41881,19282,5389,766,1064270,129429,51
Nigeria,1995,2040259,571526,936233,364707,147549,68324,65874,130715,113848,107235,118826,141691,140817,62831,6266,68835,61880,58147,55701,54370,52865,57409,61417,67889,73802,75896,64921,43065,19766,5489,777,1083782,134198,53
Nigeria,1996,2080955,577289,944933,367644,151586,69886,68309,136160,117382,109880,122271,145485,144326,64314,6366,72020,64140,59951,57431,56069,53811,59107,63164,69807,75678,77752,66574,44158,20156,5586,780,1096519,138195,55
Nigeria,1997,2108303,578557,946009,367452,155013,70759,70205,141060,120288,111922,124814,148757,147261,65685,6472,74810,66250,61410,58878,57423,54499,60302,64512,71466,77291,79307,67954,45199,20486,5690,782,1101022,140964,57
Nigeria,1998,2133801,577760,942178,364418,159436,71755,72123,146388,123578,114506,127096,152403,150447,67230,6598,77729,68659,63055,60523,58894,55612,61157,65939,73287,79116,81022,69425,46369,20861,5812,786,1101614,143878,58
Nigeria,1999,2138467,582362,941931,359569,159148,70996,72209,149218,124250,115329,126609,153268,151031,67773,6643,79221,69997,63435,60815,59142,56187,60404,66205,73730,79538,81299,69732,46785,20988,5856,787,1101079,143205,58
Nigeria,2000,2145653,586721,939894,353173,159803,70648,72271,152111,125319,116363,126510,154705,152449,68779,6740,80530,71581,64065,61254,59525,56838,59791,66719,74390,80315,82000,70449,47465,21314,5942,798,1099697,142919,59
Nigeria,2001,2164639,588889,936195,347306,163288,71671,72961,155804,127698,118469,128143,157763,155359,70349,6885,82118,73686,65415,62283,60577,57892,60154,67989,75819,81944,83551,71808,48513,21836,6070,815,1099483,144632,59
Nigeria,2002,2192454,588706,931809,343103,167699,73347,74120,161003,131463,121614,130713,161911,159296,72355,7061,84417,76586,67612,63851,62185,59429,61109,69604,77717,84194,85679,73617,49821,22534,6222,839,1099508,147467,60
Nigeria,2003,2202301,586718,926636,339918,168709,73937,74033,163721,133419,123057,131613,164331,161758,73809,7213,85291,78430,68969,64450,62923,60134,61723,69890,78712,85619,86994,74764,50711,23098,6353,860,1095345,147970,61
Nigeria,2004,2225369,582962,918266,335304,173009,75760,75108,168291,137551,126013,133880,168474,165735,75801,7418,87063,81228,71503,66048,64473,61540,63590,70290,80616,87858,89172,76563,51997,23804,6532,886,1091275,150868,62
Nigeria,2005,2232152,580310,908892,328582,175214,76607,75301,169976,140057,127375,134660,170939,168254,77220,7592,87357,82619,73214,66843,65179,62196,64737,69923,81754,89185,90532,77722,52893,24327,6688,904,1084106,151908,63
Nigeria,2006,2246688,578176,901043,322867,178408,77727,76038,172018,143403,129212,136061,174157,171716,79020,7824,87853,84165,75284,68119,66095,63117,65834,70227,83268,90889,92403,79313,54060,24960,6894,930,1079451,153765,65
Nigeria,2007,2272921,577109,895334,318225,183561,79516,77564,175015,148037,132010,138459,178026,176116,81123,8086,88861,86154,77926,70111,67476,64534,67352,71107,85040,92986,94812,81304,55447,25676,7132,954,1078895,157080,67
Nigeria,2008,2311146,578794,893509,314715,190345,81711,79822,178640,153894,135512,141977,182236,181466,83573,8392,90221,88419,81135,72759,69231,66281,69170,72807,86685,95551,97752,83714,57083,26490,7405,987,1083854,161533,69
Nigeria,2009,2321446,580304,893109,312805,191084,81831,80316,178493,156333,136300,143658,182704,184028,84918,8601,89903,88590,82404,73929,69583,66717,69748,73910,86048,96656,99102,84926,57940,26978,7590,1011,1084193,162147,71
Nigeria,2010,2354679,582158,894216,312058,195927,83883,82201,180825,161148,139262,147170,185398,188562,87134,8879,91046,89779,84681,76467,71138,68124,71226,75944,86442,98956,101508,87054,59405,27729,7834,1045,1090143,166084,73
Nigeria,2011,2372167,585314,897607,312293,196738,84587,82979,180941,163593,140578,148750,186727,191596,88865,9129,91313,89628,85607,77986,71942,68636,71959,76791,86392,100335,102995,88601,60525,28340,8047,1082,1094345,167566,75
Nigeria,2012,2413863,587286,900340,313054,202014,87253,85303,184457,168914,144539,152563,190437,196940,91568,9459,93486,90971,87934,80980,74262,70277,73795,78768,87704,102733,105680,91260,62334,29234,8333,1126,1102354,172556,78
Nigeria,2013,2447039,588267,902992,314725,205168,89290,86998,187214,173067,147900,155688,193244,201600,94032,9770,95459,91755,89538,83529,76349,71551,75321,80367,89208,104036,107952,93648,63976,30056,8599,1171,1108160,176288,80
Nigeria,2014,2492632,590269,906552,316283,210077,91996,89509,192092,178443,152725,159800,197052,207307,96885,10110,98531,93561,91726,86717,79280,73445,77350,82450,92135,104917,110878,96429,65897,30988,8893,1217,1116629,181505,84
Nigeria,2015,2541011,591557,907680,316123,216640,95313,92423,196972,183537,158301,164349,201428,213726,100071,10481,101499,95473,93704,89833,82637,75664,79564,84785,95344,106084,114275,99451,68050,32021,9214,1267,1124320,187736,87
Nigeria,2016,2573761,592603,906526,313923,220818,97602,94600,199487,186166,162641,167725,204882,219279,103102,10839,103156,96331,94380,91786,85248,77393,81147,86578,97581,107301,117183,102096,70083,33019,9525,1314,1127344,192202,91
Nigeria,2017,2599811,592322,903461,311139,222819,99310,96826,202743,188146,167052,170836,207864,223674,105832,11151,105103,97640,94810,93336,87757,79295,82600,88236,99495,108369,119359,104315,71925,33907,9797,1354,1126280,196136,94
Nigeria,2018,2627362,589648,895867,306219,225146,101175,99708,207098,190712,172245,174454,212313,228043,108991,11511,107419,99679,95621,95091,90626,81619,84269,90185,101760,110553,121132,106911,74060,34931,10108,1403,1121013,200883,98
Nigeria,2019,2641681,585155,884810,299655,225039,102502,101896,210205,191797,176650,177399,216950,230605,111870,11858,109082,101123,95859,95938,92867,83783,85670,91729,103562,113388,121324,109281,75970,35900,10408,1450,1109849,204398,102
Nigeria,2020,2708008,580851,875388,294537,220354,101993,101269,207951,189788,184769,192347,244145,252947,124046,12903,108270,99681,94218,95570,96081,88688,92132,100215,115780,128365,133596,119351,83764,40282,11348,1555,1095742,203262,108
Nigeria,2021,2792704,576683,865377,288694,220779,103504,105513,217698,197952,197423,206110,262952,269696,132095,13490,113126,104572,98142,99810,101482,95941,98670,107440,124297,138655,141320,128376,89165,42930,11875,1615,1086156,209017,112
Niue,1950,64,19,24,5,1,0,0,0,0,0,7,10,10,4,0,0,0,0,0,0,0,4,3,5,5,5,5,4,0,0,0,25,0,0
Niue,1951,65,19,26,7,1,0,0,0,0,0,9,10,10,1,0,0,0,0,0,0,0,4,5,5,5,5,5,1,0,0,0,27,0,0
Niue,1952,65,19,26,7,0,0,0,0,0,0,9,10,10,2,0,0,0,0,0,0,0,4,5,5,5,5,5,2,0,0,0,26,0,0
Niue,1953,65,19,26,7,1,0,0,0,0,0,8,10,10,3,0,0,0,0,0,0,0,3,5,5,5,5,5,3,0,0,0,27,0,0
Niue,1954,65,19,26,7,1,0,0,0,0,0,6,10,10,4,0,0,0,0,0,0,0,1,5,5,5,5,5,4,0,0,0,27,0,0
Niue,1955,63,19,25,6,1,0,0,0,0,0,5,10,10,4,0,0,0,0,0,0,0,0,5,5,5,5,5,4,0,0,0,26,0,0
Niue,1956,63,18,24,6,1,0,0,0,0,0,4,10,10,5,0,0,0,0,0,0,0,0,4,5,5,5,5,5,0,0,0,25,0,0
Niue,1957,62,18,24,6,1,0,0,0,0,0,4,10,10,2,0,0,0,0,0,0,0,1,3,5,5,5,5,2,0,0,0,25,0,0
Niue,1958,61,18,24,6,1,0,0,0,0,0,5,10,10,3,0,0,0,0,0,0,0,1,4,5,5,5,5,3,0,0,0,25,0,0
Niue,1959,60,17,23,6,1,0,0,0,0,0,5,10,10,3,0,0,0,0,0,0,0,0,5,5,5,5,5,3,0,0,0,24,0,0
Niue,1960,59,16,21,5,1,0,0,0,0,0,5,10,10,3,0,0,0,0,0,0,0,0,5,5,5,5,5,3,0,0,0,22,0,0
Niue,1961,57,16,21,5,1,0,0,0,0,0,4,10,10,4,0,0,0,0,0,0,0,0,4,5,5,5,5,4,0,0,0,22,0,0
Niue,1962,56,15,20,5,1,0,0,0,0,0,3,10,10,4,0,0,0,0,0,0,0,0,3,5,5,5,5,4,0,0,0,21,0,0
Niue,1963,56,15,20,5,0,0,0,0,0,0,3,10,10,5,0,0,0,0,0,0,0,0,3,5,5,5,5,5,0,0,0,20,0,0
Niue,1964,56,14,19,5,0,0,0,0,0,0,2,10,10,5,0,0,0,0,0,0,0,0,2,5,5,5,5,5,0,0,0,19,0,0
Niue,1965,55,13,18,5,0,0,0,0,0,0,2,10,10,5,0,0,0,0,0,0,0,0,2,5,5,5,5,5,0,0,0,18,0,0
Niue,1966,55,13,17,4,0,0,0,0,0,0,1,10,10,5,0,0,0,0,0,0,0,0,1,5,5,5,5,5,0,0,0,17,0,0
Niue,1967,54,12,16,4,0,0,0,0,0,0,3,10,10,6,0,0,0,0,0,0,0,0,3,5,5,5,5,5,1,0,0,16,0,0
Niue,1968,52,11,14,3,0,0,0,0,0,0,2,10,10,6,0,0,0,0,0,0,0,0,2,5,5,5,5,5,1,0,0,14,0,0
Niue,1969,50,10,13,3,0,0,0,0,0,0,2,10,10,6,0,0,0,0,0,0,0,0,2,5,5,5,5,5,1,0,0,13,0,0
Niue,1970,47,9,12,3,0,0,0,0,0,0,1,10,10,7,0,0,0,0,0,0,0,0,1,5,5,5,5,5,2,0,0,12,0,0
Niue,1971,45,8,10,2,0,0,0,0,0,0,0,10,10,7,0,0,0,0,0,0,0,0,0,5,5,5,5,5,2,0,0,10,0,0
Niue,1972,43,7,8,1,0,0,0,0,0,0,0,9,10,7,0,0,0,0,0,0,0,0,0,4,5,5,5,5,2,0,0,8,0,0
Niue,1973,41,6,7,1,0,0,0,0,0,0,0,9,10,7,0,0,0,0,0,0,0,0,0,4,5,5,5,5,2,0,0,7,0,0
Niue,1974,39,5,5,0,0,0,0,0,0,0,0,8,10,7,0,0,0,0,0,0,0,0,0,3,5,5,5,5,2,0,0,5,0,0
Niue,1975,37,5,5,0,0,0,0,0,0,0,0,7,10,8,0,0,0,0,0,0,0,0,0,2,5,5,5,5,3,0,0,5,0,0
Niue,1976,36,4,4,0,0,0,0,0,0,0,0,6,10,8,0,0,0,0,0,0,0,0,0,1,5,5,5,5,3,0,0,4,0,0
Niue,1977,34,3,3,0,0,0,0,0,0,0,0,5,10,8,0,0,0,0,0,0,0,0,0,0,5,5,5,5,3,0,0,3,0,0
Niue,1978,33,3,3,0,0,0,0,0,0,0,0,4,10,7,0,0,0,0,0,0,0,0,0,0,4,5,5,5,2,0,0,3,0,0
Niue,1979,32,3,3,0,0,0,0,0,0,0,0,3,10,7,0,0,0,0,0,0,0,0,0,0,3,5,5,5,2,0,0,3,0,0
Niue,1980,31,3,3,0,0,0,0,0,0,0,0,2,10,7,0,0,0,0,0,0,0,0,0,0,2,5,5,5,2,0,0,3,0,0
Niue,1981,30,2,2,0,0,0,0,0,0,0,0,2,10,8,0,0,0,0,0,0,0,0,0,1,1,5,5,5,3,0,0,2,0,0
Niue,1982,29,2,2,0,0,0,0,0,0,0,0,1,10,7,0,0,0,0,0,0,0,0,0,1,0,5,5,4,3,0,0,2,0,0
Niue,1983,28,2,2,0,0,0,0,0,0,0,0,2,10,7,0,0,0,0,0,0,0,0,0,1,1,5,5,4,3,0,0,2,0,0
Niue,1984,27,2,2,0,0,0,0,0,0,0,0,2,9,6,0,0,0,0,0,0,0,0,0,0,2,4,5,5,1,0,0,2,0,0
Niue,1985,26,2,2,0,0,0,0,0,0,0,0,3,8,7,0,0,0,0,0,0,0,0,0,0,3,3,5,5,2,0,0,2,0,0
Niue,1986,26,1,1,0,0,0,0,0,0,0,0,3,7,6,0,0,0,0,0,0,0,0,0,0,3,2,5,5,1,0,0,1,0,0
Niue,1987,26,1,1,0,0,0,0,0,0,0,0,3,7,7,0,0,0,0,0,0,0,0,0,0,3,2,5,5,2,0,0,1,0,0
Niue,1988,26,1,1,0,0,0,0,0,0,0,0,2,7,7,0,0,0,0,0,0,0,0,0,0,2,2,5,5,2,0,0,1,0,0
Niue,1989,26,1,1,0,0,0,0,0,0,0,0,2,8,8,0,0,0,0,0,0,0,0,0,0,2,4,4,5,3,0,0,1,0,0
Niue,1990,27,1,1,0,0,0,0,0,0,0,0,2,8,8,0,0,0,0,0,0,0,0,0,0,2,5,3,5,3,0,0,1,0,0
Niue,1991,27,1,1,0,0,0,0,0,0,0,0,2,8,7,0,0,0,0,0,0,0,0,0,0,2,5,3,3,4,0,0,1,0,0
Niue,1992,27,1,1,0,0,0,0,0,0,0,0,3,7,8,0,0,0,0,0,0,0,0,0,0,3,4,3,4,4,0,0,1,0,0
Niue,1993,28,1,1,0,0,0,0,0,0,0,0,3,7,8,0,0,0,0,0,0,0,0,0,0,3,4,3,5,3,0,0,1,0,0
Niue,1994,28,1,1,0,0,0,0,0,0,0,0,5,9,6,0,0,0,0,0,0,0,0,0,2,3,5,4,4,2,0,0,1,0,0
Niue,1995,28,1,1,0,0,0,0,0,0,0,0,4,10,5,0,0,0,0,0,0,0,0,0,2,2,5,5,3,2,0,0,1,0,0
Niue,1996,27,1,1,0,0,0,0,0,0,0,0,5,10,5,0,0,0,0,0,0,0,0,0,3,2,5,5,3,2,0,0,1,0,0
Niue,1997,27,1,1,0,0,0,0,0,0,0,0,5,10,5,0,0,0,0,0,0,0,0,0,3,2,5,5,2,3,0,0,1,0,0
Niue,1998,26,1,1,0,0,0,0,0,0,0,0,5,9,4,0,0,0,0,0,0,0,0,0,2,3,4,5,2,2,0,0,1,0,0
Niue,1999,27,1,1,0,0,0,0,0,0,0,0,7,8,5,0,0,0,0,0,0,0,0,0,3,4,3,5,3,2,0,0,1,0,0
Niue,2000,25,1,1,0,0,0,0,0,0,0,0,7,7,4,0,0,0,0,0,0,0,0,0,2,5,2,5,4,0,0,0,1,0,0
Niue,2001,24,1,1,0,0,0,0,0,0,0,0,6,7,5,0,0,0,0,0,0,0,0,0,1,5,2,5,5,0,0,0,1,0,0
Niue,2002,24,1,1,0,0,0,0,0,0,0,0,6,7,6,0,0,0,0,0,0,0,0,0,2,4,2,5,5,1,0,0,1,0,0
Niue,2003,24,1,1,0,0,0,0,0,0,0,0,5,7,5,0,0,0,0,0,0,0,0,0,2,3,3,4,4,1,0,0,1,0,0
Niue,2004,25,1,1,0,0,0,0,0,0,0,0,6,7,6,0,0,0,0,0,0,0,0,0,2,4,4,3,4,2,0,0,1,0,0
Niue,2005,24,1,1,0,0,0,0,0,0,0,0,5,7,7,0,0,0,0,0,0,0,0,0,1,4,5,2,4,3,0,0,1,0,0
Niue,2006,24,1,1,0,0,0,0,0,0,0,0,6,7,6,0,0,0,0,0,0,0,0,0,1,5,5,2,3,3,0,0,1,0,0
Niue,2007,24,1,1,0,0,0,0,0,0,0,0,5,7,6,0,0,0,0,0,0,0,0,0,0,5,5,2,4,2,0,0,1,0,0
Niue,2008,23,1,1,0,0,0,0,0,0,0,0,5,8,3,0,0,0,0,0,0,0,0,0,0,5,5,3,3,0,0,0,1,0,0
Niue,2009,23,1,1,0,0,0,0,0,0,0,0,4,9,3,0,0,0,0,0,0,0,0,0,0,4,5,4,2,1,0,0,1,0,0
Niue,2010,23,1,1,0,0,0,0,0,0,0,0,4,10,2,0,0,0,0,0,0,0,0,0,0,4,5,5,1,1,0,0,1,0,0
Niue,2011,22,1,1,0,0,0,0,0,0,0,0,3,10,2,0,0,0,0,0,0,0,0,0,0,3,5,5,1,1,0,0,1,0,0
Niue,2012,22,1,1,0,0,0,0,0,0,0,0,2,10,2,0,0,0,0,0,0,0,0,0,0,2,5,5,2,0,0,0,1,0,0
Niue,2013,22,1,1,0,0,0,0,0,0,0,0,2,10,3,0,0,0,0,0,0,0,0,0,0,2,5,5,3,0,0,0,1,0,0
Niue,2014,22,1,1,0,0,0,0,0,0,0,0,1,10,4,0,0,0,0,0,0,0,0,0,0,1,5,5,4,0,0,0,1,0,0
Niue,2015,23,1,1,0,0,0,0,0,0,0,0,0,10,2,0,0,0,0,0,0,0,0,0,0,0,5,5,2,0,0,0,1,0,0
Niue,2016,23,1,1,0,0,0,0,0,0,0,0,0,9,4,0,0,0,0,0,0,0,0,0,0,0,4,5,4,0,0,0,1,0,0
Niue,2017,24,1,1,0,0,0,0,0,0,0,0,4,8,5,0,0,0,0,0,0,0,0,0,2,2,3,5,5,0,0,0,1,0,0
Niue,2018,24,1,1,0,0,0,0,0,0,0,0,4,7,6,0,0,0,0,0,0,0,0,0,1,3,2,5,5,1,0,0,1,0,0
Niue,2019,25,1,1,0,0,0,0,0,0,0,0,5,7,6,0,0,0,0,0,0,0,0,0,1,4,2,5,5,1,0,0,1,0,0
Niue,2020,27,1,1,0,0,0,0,0,0,0,0,5,8,7,0,0,0,0,0,0,0,0,0,0,5,3,5,5,2,0,0,1,0,0
Niue,2021,27,1,1,0,0,0,0,0,0,0,0,7,9,8,0,0,0,0,0,0,0,0,0,2,5,4,5,5,3,0,0,1,0,0
North Korea,1950,842523,110588,234102,123514,52763,27597,52194,147750,93106,67236,62773,58983,36643,8712,661,80139,67611,50853,42253,34193,33043,31031,31742,29368,29615,20600,16043,6134,2578,590,71,286865,79791,7
North Korea,1951,589398,64190,155760,91570,41130,22497,39611,99010,63608,47523,45223,43066,25885,5833,246,54354,44656,34508,29100,24280,23243,22215,23008,21594,21472,15191,10694,4383,1450,244,2,196890,62108,2
North Korea,1952,266650,35439,77030,41591,21350,11865,16887,35870,24295,19601,20307,21396,14261,3651,135,19816,16054,13056,11239,10019,9582,9752,10555,10715,10681,8528,5733,2885,766,131,4,98380,28752,1
North Korea,1953,201614,34194,60484,26290,16678,9407,12386,23858,16583,13961,15272,17244,12395,3249,95,13324,10534,8845,7738,7154,6807,7244,8028,8702,8542,7620,4775,2679,570,94,1,77162,21793,0
North Korea,1954,140320,32419,48337,15918,11923,6825,7094,11619,9275,8377,10261,13034,10542,2959,73,6347,5272,4847,4428,4221,4156,4734,5527,6541,6493,6449,4093,2445,514,72,1,60260,13919,0
North Korea,1955,138391,32745,46590,13845,11239,6482,7090,11774,9185,8237,10155,13276,11237,3059,65,6520,5254,4772,4413,4157,4080,4665,5490,6648,6628,6834,4403,2498,561,64,1,57829,13572,0
North Korea,1956,135570,30890,44098,13208,10109,6173,7023,12045,9144,8159,10066,13534,11981,3178,60,6747,5298,4735,4409,4121,4038,4593,5473,6714,6820,7118,4863,2530,648,59,1,54207,13196,0
North Korea,1957,138436,34003,47389,13386,8697,5879,6870,12413,9134,8140,9990,13814,12742,3311,60,7012,5401,4724,4410,4110,4030,4514,5476,6733,7081,7282,5460,2551,760,59,1,56086,12749,0
North Korea,1958,140852,35530,49479,13949,7859,5565,6657,12852,9144,8177,9941,14120,13502,3489,69,7267,5585,4732,4412,4133,4044,4444,5497,6738,7382,7399,6103,2624,865,68,1,57338,12222,0
North Korea,1959,138823,31893,46725,14832,7574,5231,6391,13238,9155,8223,9893,14373,14201,3730,87,7428,5810,4755,4400,4175,4048,4391,5502,6741,7632,7548,6653,2799,931,85,2,54299,11622,0
North Korea,1960,138839,30811,46034,15223,7552,4928,6096,13493,9180,8240,9824,14538,14804,4043,110,7458,6035,4802,4378,4211,4029,4350,5474,6742,7796,7741,7063,3071,972,107,3,53586,11024,0
North Korea,1961,138773,29670,45025,15355,7792,4459,5832,13700,9248,8279,9785,14696,15389,4435,133,7413,6287,4878,4370,4247,4032,4342,5443,6773,7923,8014,7375,3438,997,130,3,52817,10291,0
North Korea,1962,139837,30248,45245,14997,8359,3860,5558,13777,9318,8287,9729,14770,15880,4891,158,7244,6533,4967,4351,4259,4028,4352,5377,6802,7968,8338,7542,3875,1016,154,4,53604,9418,0
North Korea,1963,141762,32035,46188,14153,8952,3473,5270,13731,9443,8299,9679,14816,16346,5383,180,6988,6743,5109,4334,4257,4042,4372,5307,6837,7979,8690,7656,4325,1058,175,5,55140,8743,0
North Korea,1964,141898,31827,45454,13627,9106,3303,4986,13588,9648,8345,9670,14889,16850,5864,197,6703,6885,5305,4343,4257,4088,4394,5276,6873,8016,9012,7838,4714,1150,190,7,54560,8289,0
North Korea,1965,141109,30910,44027,13117,8923,3218,4727,13346,9905,8407,9684,14972,17375,6312,209,6411,6935,5516,4389,4260,4147,4407,5277,6893,8079,9274,8101,5020,1292,201,8,52950,7945,0
North Korea,1966,140320,30612,42992,12380,8632,3267,4320,12996,10169,8443,9703,15016,17855,6703,220,6119,6877,5728,4441,4259,4184,4412,5291,6878,8138,9447,8408,5238,1465,210,10,51624,7587,0
North Korea,1967,140320,31349,42990,11641,8228,3513,3798,12543,10447,8459,9753,15027,18301,7034,233,5829,6714,5937,4510,4254,4205,4419,5334,6823,8204,9529,8772,5366,1668,218,15,51218,7311,0
North Korea,1968,137903,29337,40342,11005,7885,3769,3411,12003,10750,8472,9843,15062,18758,7357,249,5522,6481,6120,4630,4255,4217,4445,5398,6775,8287,9586,9172,5480,1877,233,16,48227,7180,0
North Korea,1969,135396,27380,37775,10395,7669,3827,3172,11376,10989,8479,9929,15081,19134,7689,278,5188,6188,6213,4776,4268,4211,4489,5440,6744,8337,9634,9500,5637,2052,261,17,45444,6999,0
North Korea,1970,133692,25814,35674,9860,7540,3765,3018,10822,11192,8551,10050,15171,19523,8059,323,4907,5915,6239,4953,4328,4223,4559,5491,6777,8394,9740,9783,5867,2192,303,20,43214,6783,0
North Korea,1971,131642,23900,33243,9343,7458,3671,3056,10124,11317,8649,10165,15266,19855,8454,376,4472,5652,6180,5137,4408,4241,4623,5542,6843,8423,9863,9992,6146,2308,354,22,40701,6727,0
North Korea,1972,130368,23216,31898,8682,7447,3504,3303,9273,11316,8744,10233,15314,20062,8837,436,3901,5372,6012,5304,4499,4245,4653,5580,6927,8387,9973,10089,6450,2387,413,23,39345,6807,1
North Korea,1973,126519,19697,27739,8042,7392,3331,3556,8586,11237,8906,10329,15413,20283,9248,501,3500,5086,5784,5453,4646,4260,4679,5650,7051,8362,10114,10169,6779,2469,474,27,35131,6887,1
North Korea,1974,123419,17141,24526,7385,7207,3214,3652,8050,11036,9120,10434,15522,20469,9633,558,3274,4776,5512,5524,4829,4291,4688,5746,7151,8371,10220,10249,7054,2579,527,31,31733,6866,1
North Korea,1975,121147,15593,22201,6608,6969,3128,3629,7634,10743,9379,10559,15662,20646,9986,610,3137,4497,5231,5512,5024,4355,4699,5860,7236,8426,10294,10352,7265,2721,573,37,29170,6757,1
North Korea,1976,118102,13824,19647,5823,6606,3056,3551,7210,10333,9621,10631,15771,20724,10287,662,3154,4056,4937,5396,5201,4420,4695,5936,7285,8486,10289,10435,7401,2886,616,46,26253,6607,1
North Korea,1977,116398,12720,17813,5093,6223,3048,3411,6941,9924,9960,10761,16066,20925,10616,711,3400,3541,4686,5238,5420,4540,4727,6034,7397,8669,10313,10612,7526,3090,655,56,24036,6459,1
North Korea,1978,115028,12227,16687,4460,5731,2998,3207,6793,9409,10291,10839,16375,21061,10878,761,3632,3161,4404,5005,5591,4700,4744,6095,7517,8858,10300,10761,7594,3284,695,66,22418,6205,2
North Korea,1979,114328,12060,16097,4037,5156,2907,3077,6660,8869,10608,10953,16746,21274,11151,826,3706,2954,4120,4749,5699,4909,4796,6157,7697,9049,10366,10908,7693,3458,749,77,21253,5984,2
North Korea,1980,113611,11815,15542,3727,4573,2802,2997,6470,8345,10852,11102,17112,21498,11413,903,3651,2819,3860,4485,5720,5132,4885,6217,7896,9216,10486,11012,7812,3601,816,87,20115,5799,3
North Korea,1981,112975,11629,15133,3504,4007,2664,2941,6390,7702,11015,11277,17458,21739,11658,991,3553,2837,3475,4227,5654,5361,4994,6283,8080,9378,10663,11076,7944,3714,895,96,19140,5605,3
North Korea,1982,112225,11240,14583,3343,3471,2490,2924,6425,6976,11092,11492,17777,22002,11894,1091,3381,3044,3002,3974,5501,5591,5137,6355,8238,9539,10912,11090,8092,3802,983,108,18054,5414,4
North Korea,1983,111600,10852,14060,3208,3029,2275,2869,6406,6372,11062,11773,18111,22313,12125,1197,3169,3237,2664,3708,5276,5786,5343,6430,8373,9738,11208,11105,8245,3880,1077,120,17089,5144,5
North Korea,1984,111111,10572,13646,3074,2706,2030,2779,6296,5899,10892,12121,18461,22636,12337,1298,3019,3277,2470,3429,5003,5889,5589,6532,8480,9981,11463,11173,8368,3969,1162,136,16352,4809,6
North Korea,1985,110871,10432,13413,2981,2449,1785,2680,6107,5519,10616,12534,18842,22985,12535,1394,2907,3200,2346,3173,4720,5896,5849,6685,8589,10253,11687,11298,8462,4073,1237,157,15862,4465,8
North Korea,1986,110809,10498,13460,2962,2239,1548,2542,5897,5161,10246,12974,19198,23352,12695,1483,2815,3082,2339,2822,4438,5808,6111,6863,8698,10500,11890,11462,8514,4181,1304,179,15699,4090,9
North Korea,1987,111869,10749,13892,3143,2092,1336,2385,5703,4915,9860,13564,19666,23935,12927,1581,2782,2921,2488,2427,4192,5668,6421,7143,8877,10789,12173,11762,8596,4331,1374,207,15984,3721,11
North Korea,1988,112507,11288,14597,3309,1902,1130,2157,5375,4712,9292,14105,19989,24460,13097,1676,2680,2695,2598,2114,3891,5401,6641,7464,9005,10984,12436,12024,8634,4463,1439,237,16499,3287,13
North Korea,1989,113932,12149,15831,3682,1735,987,1922,5088,4512,8699,14641,20372,25044,13300,1784,2553,2535,2588,1924,3594,5105,6771,7870,9198,11174,12784,12260,8713,4587,1515,269,17566,2909,16
North Korea,1990,116050,13643,17860,4217,1573,868,1678,4815,4251,8101,15074,20808,25609,13499,1895,2411,2404,2479,1772,3312,4789,6783,8291,9457,11351,13159,12450,8809,4690,1597,298,19433,2546,19
North Korea,1991,118699,15570,20529,4959,1413,769,1437,4523,4045,7403,15390,21298,26130,13713,2020,2233,2290,2330,1715,2933,4470,6671,8719,9757,11541,13498,12632,8924,4789,1692,328,21942,2206,24
North Korea,1992,119087,15412,20288,4876,1265,690,1209,4249,3934,6694,15713,22035,26822,13999,2163,2036,2213,2153,1781,2513,4181,6492,9221,10205,11830,13895,12927,9103,4896,1801,362,21553,1899,29
North Korea,1993,114601,15231,20030,4799,1098,536,896,3529,3424,5677,15033,21445,26947,13742,2207,1626,1903,1771,1653,2042,3635,5961,9072,9848,11597,13999,12948,8958,4784,1826,381,21128,1432,35
North Korea,1994,130218,14976,19655,4679,1448,950,1491,6153,5980,7193,17905,25306,26855,14618,2617,2845,3308,2988,2992,2697,4496,6890,11015,12478,12828,13728,13127,9324,5294,2148,469,21103,2441,46
North Korea,1995,220623,29697,51122,21425,7150,4162,3181,10996,11255,12536,28181,36572,35062,17294,3053,4984,6012,5491,5764,4819,7717,11213,16968,18674,17898,18176,16886,11141,6153,2498,555,58272,7343,57
North Korea,1996,225873,28733,49612,20879,7169,4187,3171,10909,11742,12496,28865,39632,36662,18074,3289,4736,6173,5760,5982,5128,7368,11157,17708,20567,19065,18915,17747,11653,6421,2671,618,56781,7358,66
North Korea,1997,231213,27549,47909,20360,7231,4228,3220,10685,12236,12634,29334,43095,38208,18863,3493,4438,6247,6143,6093,5851,6783,11108,18226,22650,20445,19671,18537,12226,6637,2820,673,55140,7448,74
North Korea,1998,237790,26696,46555,19859,7325,4289,3295,10431,12667,13085,29595,47042,39885,19827,3706,4200,6231,6515,6152,6662,6423,11037,18558,24822,22220,20517,19368,12955,6872,2972,734,53880,7584,83
North Korea,1999,245200,25819,45125,19306,7394,4350,3375,10209,13190,13615,29723,51295,41885,21016,3927,4094,6115,6845,6345,7255,6360,10942,18781,26882,24413,21586,20299,13856,7160,3132,795,52519,7725,93
North Korea,2000,251475,24724,43438,18714,7391,4404,3442,9940,13755,14035,29698,55279,43862,22058,4070,4039,5901,7140,6615,7620,6415,10832,18866,28561,26718,22736,21126,14658,7400,3233,837,50829,7846,101
North Korea,2001,257916,23757,41776,18019,7316,4455,3505,9689,14328,14771,29312,59225,46083,23160,4191,4053,5636,7361,6967,7924,6847,10360,18952,29961,29264,24062,22021,15433,7727,3314,877,49092,7960,110
North Korea,2002,263251,22346,39587,17241,7158,4500,3549,9393,14860,15826,28487,62816,48433,24251,4280,4112,5281,7441,7419,8037,7789,9520,18967,30881,31935,25550,22883,16119,8132,3371,909,46745,8049,117
North Korea,2003,187850,9811,12900,3089,1651,1348,1907,5745,9507,10582,19990,53760,43025,23147,4168,2569,3176,4683,4824,5004,5578,5893,14097,25293,28467,22691,20334,15122,8025,3262,906,14551,3255,120
North Korea,2004,196115,9472,12390,2918,1641,1401,1965,5762,9725,11257,19943,56559,46440,24598,4305,2646,3116,4621,5104,5165,6092,5809,14134,25789,30770,24888,21552,15956,8642,3368,937,14031,3366,127
North Korea,2005,204865,9013,11803,2790,1639,1456,2031,5850,9917,11887,20053,59078,50405,26147,4471,2735,3115,4518,5399,5429,6458,5824,14229,26259,32819,27372,23033,16866,9281,3507,964,13442,3487,133
North Korea,2006,214322,8712,11408,2696,1637,1501,2105,6000,10036,12574,20141,61386,54913,27786,4689,2828,3172,4379,5657,5778,6796,6225,13916,26791,34595,30170,24743,17866,9920,3707,982,13045,3606,138
North Korea,2007,222803,8606,11271,2665,1638,1535,2180,6172,9962,13168,20217,62845,59521,29225,4927,2908,3264,4159,5803,6207,6961,7145,13072,27138,35707,33002,26519,18766,10459,3936,991,12909,3715,141
North Korea,2008,228505,8443,10934,2491,1583,1510,2215,6258,9641,13490,20409,62679,63953,30500,5187,2942,3316,3904,5737,6526,6964,8112,12297,26844,35835,35526,28427,19553,10947,4189,998,12517,3725,143
North Korea,2009,219994,8142,10512,2370,1521,1390,2146,6030,8778,13365,19839,57275,64872,29288,4847,2839,3191,3551,5227,6509,6856,8638,11201,24196,33079,35290,29582,18975,10313,3951,896,12033,3536,130
North Korea,2010,214964,7300,9507,2207,1464,1274,2066,5789,7964,13295,19248,52335,65741,30750,5387,2731,3058,3274,4690,6460,6835,8895,10353,21836,30499,35291,30450,19723,11027,4400,987,10971,3340,143
North Korea,2011,213373,6858,8881,2023,1421,1177,1996,5622,7311,13376,19588,47979,67225,32670,5973,2662,2960,3102,4209,6414,6962,9192,10396,19342,28637,35354,31871,20797,11873,4871,1102,10302,3173,155
North Korea,2012,210789,6543,8356,1813,1372,1079,1895,5409,6634,13330,20348,43089,67922,34646,6544,2574,2835,2954,3680,6200,7130,9186,11162,16376,26713,34703,33219,21937,12709,5319,1225,9728,2974,164
North Korea,2013,207665,6246,7864,1618,1313,976,1779,5170,6016,13035,20788,38803,67906,36758,7090,2474,2696,2804,3212,5849,7186,8964,11824,14085,24718,33590,34316,23260,13498,5741,1349,9177,2755,170
North Korea,2014,205636,6001,7474,1473,1266,888,1672,4948,5551,12625,20923,35442,67573,39426,7671,2379,2569,2663,2888,5442,7183,8951,11972,12604,22838,32413,35160,24971,14455,6196,1475,8740,2560,175
North Korea,2015,204324,5747,7132,1385,1481,1212,2407,7207,7587,15312,23240,33182,61156,37213,7032,3600,3607,3676,3911,6520,8792,10639,12601,12074,21108,28744,32412,23749,13464,5667,1365,8613,3619,159
North Korea,2016,211444,5561,6956,1395,1479,1206,2385,7297,7665,15281,24253,33228,63172,40753,7599,3622,3675,3745,3920,6217,9064,11171,13082,12871,20357,29071,34101,26211,14542,6118,1481,8435,3591,172
North Korea,2017,216964,5256,6523,1267,1434,1169,2327,7284,7715,14860,24965,33365,64364,44580,8191,3575,3709,3768,3947,5772,9088,11791,13174,14605,18760,29196,35168,28843,15737,6591,1600,7957,3496,189
North Korea,2018,223609,5061,6303,1242,1440,1163,2296,7319,7848,14447,25570,34295,65176,48747,8801,3541,3778,3824,4024,5431,9016,12416,13154,16539,17756,29257,35919,31591,17156,7072,1729,7743,3459,208
North Korea,2019,228682,4834,5989,1155,1420,1137,2237,7262,7895,13916,26106,35113,65140,52779,9461,3463,3799,3839,4056,5205,8711,12828,13278,17754,17359,28957,36183,33995,18784,7598,1863,7409,3374,228
North Korea,2020,234829,4598,5701,1103,1440,1119,2202,7248,8004,13483,27027,35980,65362,56814,10203,3413,3835,3886,4118,5106,8377,13322,13705,18567,17413,28868,36494,36159,20655,8190,2013,7141,3321,248
North Korea,2021,241887,4381,5435,1054,1480,1108,2181,7257,8180,13150,28154,37968,64860,60832,11017,3387,3870,3971,4209,5131,8019,13763,14391,19353,18615,27881,36979,38041,22791,8844,2173,6915,3289,268
North Macedonia,1950,22418,9478,12470,2992,421,232,276,499,412,707,972,2174,2692,1401,166,275,224,174,238,322,385,448,524,949,1225,1375,1317,939,462,141,25,12891,508,2
North Macedonia,1951,26595,11245,14726,3481,498,269,326,609,484,860,1176,2534,3227,1684,198,333,276,220,264,399,461,558,618,1059,1475,1649,1578,1128,556,169,29,15224,595,3
North Macedonia,1952,23416,9928,12958,3030,445,230,284,546,425,768,1062,2172,2863,1494,175,295,251,206,219,358,410,512,550,855,1317,1463,1400,1000,494,149,26,13403,514,3
North Macedonia,1953,24423,10406,13522,3116,479,231,288,571,444,803,1133,2186,3004,1571,185,307,264,225,219,367,436,546,587,819,1367,1534,1470,1049,522,157,28,14001,519,3
North Macedonia,1954,22467,9466,12358,2892,451,209,259,527,417,741,1076,1955,2812,1482,176,281,246,215,202,325,416,512,564,714,1241,1432,1380,988,494,149,27,12809,468,3
North Macedonia,1955,23890,9822,12942,3120,481,221,271,565,459,793,1188,2053,3083,1634,195,300,265,238,221,328,465,553,635,752,1301,1566,1517,1087,547,166,29,13423,492,3
North Macedonia,1956,21895,8674,11566,2892,454,206,246,525,443,738,1142,1867,2954,1566,188,276,249,228,215,287,451,519,623,705,1162,1502,1452,1041,525,160,28,12020,452,3
North Macedonia,1957,21573,8355,11154,2799,453,207,237,519,457,726,1171,1808,3031,1613,195,271,248,232,225,267,459,522,649,717,1091,1545,1486,1070,543,166,29,11607,444,3
North Macedonia,1958,18771,7020,9422,2402,402,189,205,454,415,630,1065,1574,2745,1486,183,235,219,208,207,225,405,472,593,656,918,1391,1354,983,503,155,28,9824,394,3
North Macedonia,1959,19192,6990,9376,2386,417,199,208,462,441,634,1131,1633,2882,1604,201,236,226,217,224,230,404,507,624,711,922,1437,1445,1057,547,171,30,9793,407,3
North Macedonia,1960,19025,6668,8987,2319,420,203,208,457,452,625,1171,1677,2925,1683,215,232,225,219,233,239,386,536,635,755,922,1425,1500,1106,577,181,34,9407,411,3
North Macedonia,1961,17728,5993,8095,2102,391,196,196,425,436,575,1136,1629,2772,1658,216,214,211,208,228,236,339,528,608,752,877,1299,1473,1087,571,182,34,8486,392,3
North Macedonia,1962,18025,5864,7939,2075,398,204,205,432,461,587,1199,1734,2851,1778,235,216,216,218,243,258,329,561,638,811,923,1270,1581,1163,615,199,36,8337,409,4
North Macedonia,1963,18570,5405,7561,2156,501,298,286,537,571,669,1337,1795,2899,1860,248,271,266,273,298,314,355,620,717,826,969,1253,1646,1217,643,209,39,8062,584,4
North Macedonia,1964,16816,4958,6828,1870,374,201,217,398,449,584,1231,1692,2727,1859,253,203,195,207,242,277,307,540,691,773,919,1156,1571,1211,648,213,40,7202,418,4
North Macedonia,1965,16126,4569,6284,1715,357,198,218,386,436,591,1220,1667,2629,1879,260,200,186,199,237,281,310,502,718,765,902,1122,1507,1221,658,218,42,6641,416,4
North Macedonia,1966,14764,3962,5468,1506,326,184,210,358,405,573,1146,1579,2419,1836,258,189,169,183,222,270,303,442,704,731,848,1059,1360,1193,643,216,42,5794,394,4
North Macedonia,1967,14814,3777,5211,1434,322,189,215,366,412,612,1167,1650,2424,1962,278,198,168,183,229,284,328,425,742,778,872,1099,1325,1276,686,233,45,5533,404,5
North Macedonia,1968,14453,3470,4801,1331,303,184,214,372,405,631,1144,1707,2379,2016,290,207,165,178,227,289,342,406,738,822,885,1110,1269,1302,714,244,46,5104,398,5
North Macedonia,1969,14560,3317,4578,1261,292,186,220,390,411,667,1148,1833,2421,2092,313,220,170,179,232,301,366,414,734,905,928,1149,1272,1332,760,260,53,4870,406,6
North Macedonia,1970,14246,3097,4253,1156,272,180,220,395,406,680,1110,1919,2408,2073,322,223,172,175,231,302,378,421,689,965,954,1151,1257,1295,778,268,54,4525,400,6
North Macedonia,1971,13826,2836,3899,1063,250,174,216,397,396,684,1065,1987,2391,2027,332,224,173,170,226,300,384,433,632,1004,983,1137,1254,1227,800,275,57,4149,390,6
North Macedonia,1972,13393,2610,3587,977,227,165,211,394,380,681,1027,2030,2377,1969,337,220,174,164,216,295,386,447,580,1009,1021,1125,1252,1149,820,280,57,3814,376,7
North Macedonia,1973,13434,2473,3400,927,212,159,210,406,380,700,1039,2133,2453,1977,359,222,184,165,215,300,400,476,563,1021,1112,1161,1292,1126,851,297,62,3612,369,7
North Macedonia,1974,13273,2329,3191,862,195,150,204,411,375,700,1052,2177,2487,1949,371,222,189,165,210,296,404,495,557,985,1192,1184,1303,1105,844,308,63,3386,354,7
North Macedonia,1975,13357,2224,3046,822,184,142,200,421,375,714,1095,2238,2579,1962,391,226,195,167,208,301,413,518,577,943,1295,1243,1336,1124,838,324,67,3230,342,8
North Macedonia,1976,13127,2075,2841,766,170,131,194,418,371,706,1123,2220,2609,1928,403,221,197,168,203,294,412,528,595,870,1350,1283,1326,1132,796,335,68,3011,325,8
North Macedonia,1977,12879,2036,2742,706,154,119,183,411,366,688,1139,2151,2631,1876,412,216,195,170,196,283,405,529,610,793,1358,1327,1304,1130,746,343,69,2896,302,8
North Macedonia,1978,12560,1825,2500,675,142,107,171,394,365,668,1154,2073,2704,1854,420,205,189,175,190,272,396,528,626,745,1328,1397,1307,1136,718,346,74,2642,278,9
North Macedonia,1979,12772,1750,2399,649,135,100,166,397,377,674,1212,2060,2899,1912,432,205,192,183,194,271,403,547,665,751,1309,1533,1366,1180,732,354,78,2534,266,9
North Macedonia,1980,13544,1856,2502,646,134,99,163,412,401,701,1307,2109,3221,2039,451,209,203,197,204,279,422,582,725,808,1301,1729,1492,1258,781,365,86,2636,262,10
North Macedonia,1981,13506,1746,2373,627,125,90,151,403,407,688,1327,2047,3378,2069,441,203,200,199,208,273,415,583,744,840,1207,1817,1561,1267,802,350,91,2498,241,11
North Macedonia,1982,13863,1693,2309,616,123,87,141,402,421,693,1381,2064,3622,2164,442,200,202,204,217,276,417,600,781,905,1159,1919,1703,1317,847,346,96,2432,228,11
North Macedonia,1983,14769,1683,2310,627,125,86,140,414,460,732,1495,2185,4001,2346,462,204,210,217,243,292,440,643,852,1002,1183,2046,1955,1427,919,360,102,2435,226,12
North Macedonia,1984,14611,1534,2124,590,116,78,127,393,463,718,1504,2191,4061,2372,451,190,203,214,249,289,429,642,862,1030,1161,1966,2095,1448,924,354,97,2240,205,12
North Macedonia,1985,14930,1463,2026,563,114,75,119,381,479,728,1554,2292,4198,2491,459,180,201,219,260,298,430,657,897,1084,1208,1901,2297,1537,954,365,94,2140,194,12
North Macedonia,1986,14895,1432,1953,521,107,69,107,356,477,718,1542,2344,4171,2574,463,163,193,215,262,300,418,643,899,1105,1239,1764,2407,1611,963,375,88,2060,176,12
North Macedonia,1987,15232,1397,1906,509,105,66,100,340,485,733,1576,2471,4213,2743,477,152,188,216,269,313,420,650,926,1155,1316,1688,2525,1751,992,392,85,2011,166,12
North Macedonia,1988,15117,1259,1744,485,100,63,92,316,474,740,1562,2539,4111,2883,481,138,178,209,265,325,415,636,926,1177,1362,1608,2503,1880,1003,398,83,1844,155,12
North Macedonia,1989,15212,1114,1573,459,95,59,87,297,472,761,1572,2644,4052,3093,493,129,168,207,265,342,419,633,939,1215,1429,1608,2444,2057,1036,409,84,1668,146,12
North Macedonia,1990,15607,998,1429,431,92,58,84,286,483,800,1617,2799,4061,3370,514,123,163,207,276,362,438,643,974,1277,1522,1686,2375,2269,1101,426,88,1521,142,11
North Macedonia,1991,15401,850,1228,378,86,55,77,259,469,807,1587,2839,3934,3529,520,111,148,198,271,365,442,628,959,1286,1553,1730,2204,2371,1158,428,92,1314,132,11
North Macedonia,1992,16519,818,1169,351,86,56,76,250,495,885,1695,3099,4179,3949,566,107,143,206,289,396,489,672,1023,1382,1717,1946,2233,2616,1333,465,101,1255,132,11
North Macedonia,1993,16062,660,968,308,81,52,72,228,461,863,1611,3070,4116,3971,563,99,129,190,271,376,487,643,968,1345,1725,2001,2115,2555,1416,461,102,1049,124,11
North Macedonia,1994,16837,710,987,277,79,53,72,222,454,893,1631,3232,4409,4196,599,97,125,184,270,378,515,662,969,1393,1839,2193,2216,2586,1610,491,108,1066,125,11
North Macedonia,1995,17020,603,861,258,75,53,72,209,436,904,1619,3292,4627,4233,628,92,117,173,263,381,523,667,952,1413,1879,2316,2311,2481,1752,518,110,936,125,11
North Macedonia,1996,16905,429,659,230,67,51,70,195,423,925,1629,3327,4785,4122,644,88,107,163,260,385,540,681,948,1435,1892,2393,2392,2307,1815,537,107,726,121,11
North Macedonia,1997,17281,393,583,190,61,50,68,189,411,952,1676,3412,5068,4102,692,87,102,153,258,393,559,709,967,1467,1945,2511,2557,2223,1879,585,107,644,118,11
North Macedonia,1998,17318,425,588,163,54,48,69,179,390,947,1705,3414,5216,3967,730,83,96,143,247,388,559,734,971,1448,1966,2556,2660,2137,1830,626,104,642,117,11
North Macedonia,1999,17218,357,507,150,49,46,65,171,366,935,1735,3406,5319,3839,772,80,91,131,235,379,556,757,978,1415,1991,2569,2750,2112,1727,667,105,556,111,11
North Macedonia,2000,17666,341,483,142,45,44,64,171,352,938,1758,3517,5564,3882,836,81,90,128,224,370,568,772,986,1430,2087,2643,2921,2221,1661,725,111,528,108,11
North Macedonia,2001,17361,313,441,128,38,39,67,198,350,925,1725,3462,5531,3739,835,95,103,132,218,361,564,772,953,1388,2074,2592,2939,2238,1501,722,113,479,106,11
North Macedonia,2002,18146,307,435,128,36,36,60,168,325,924,1775,3624,5908,3955,889,79,89,120,205,350,574,803,972,1436,2188,2737,3171,2461,1494,760,129,471,96,11
North Macedonia,2003,18101,321,436,115,33,32,57,159,305,891,1790,3553,5961,3999,874,74,85,113,192,335,556,798,992,1405,2148,2751,3210,2552,1447,734,140,469,89,11
North Macedonia,2004,17889,270,380,110,28,29,53,148,281,849,1800,3451,5966,4061,834,70,78,104,177,316,533,787,1013,1372,2079,2766,3200,2627,1434,685,149,408,82,12
North Macedonia,2005,18403,255,360,105,25,27,52,144,271,839,1888,3468,6194,4307,817,67,77,101,170,309,530,816,1072,1384,2084,2902,3292,2794,1513,658,159,385,79,12
North Macedonia,2006,18505,232,329,97,23,23,48,138,254,813,1939,3421,6264,4467,774,64,74,95,159,295,518,823,1116,1375,2046,2951,3313,2894,1573,614,160,352,71,13
North Macedonia,2007,19273,216,308,92,23,20,45,139,248,809,2030,3518,6542,4803,773,65,74,94,154,289,520,849,1181,1430,2088,3077,3465,3089,1714,611,162,331,65,14
North Macedonia,2008,18657,203,282,79,20,18,38,127,227,747,1946,3414,6330,4764,727,59,68,87,140,263,484,801,1145,1423,1991,2941,3389,3037,1727,577,150,302,56,14
North Macedonia,2009,18713,234,307,73,18,16,35,122,214,709,1922,3438,6330,4863,723,57,65,82,132,246,463,780,1142,1471,1967,2879,3451,3062,1801,583,140,325,51,15
North Macedonia,2010,18814,168,243,75,16,14,31,115,202,675,1922,3468,6380,4985,744,54,61,78,124,231,444,759,1163,1523,1945,2830,3550,3095,1890,611,133,259,45,16
North Macedonia,2011,19279,158,226,68,17,13,28,110,198,649,1940,3574,6515,5207,790,50,60,78,120,220,429,754,1186,1609,1965,2830,3685,3190,2017,659,131,243,41,16
North Macedonia,2012,19727,199,262,63,14,12,24,104,191,622,1943,3677,6614,5409,841,46,58,74,117,209,413,742,1201,1672,2005,2839,3775,3286,2123,710,131,276,36,16
North Macedonia,2013,18765,200,261,61,13,11,21,91,173,557,1799,3549,6207,5235,835,38,53,68,105,186,371,680,1119,1592,1957,2661,3546,3175,2060,711,124,274,32,15
North Macedonia,2014,19220,195,260,65,14,10,18,85,168,532,1773,3692,6260,5484,907,34,51,66,102,179,353,664,1109,1624,2068,2694,3566,3333,2151,775,132,274,28,15
North Macedonia,2015,19853,161,230,69,12,10,16,82,165,513,1761,3884,6359,5805,1000,32,50,65,100,173,340,652,1109,1691,2193,2740,3619,3549,2256,853,147,242,26,15
North Macedonia,2016,19936,222,286,64,12,10,16,73,158,483,1701,3970,6261,5899,1050,28,45,61,97,165,318,620,1081,1697,2273,2712,3549,3615,2284,895,155,298,26,15
North Macedonia,2017,19830,168,237,69,11,8,14,66,149,449,1619,3981,6197,5977,1109,25,41,58,91,155,294,581,1038,1677,2304,2703,3494,3642,2335,939,170,248,22,15
North Macedonia,2018,19025,110,170,60,11,7,12,57,138,406,1491,3804,6003,5799,1111,22,35,54,84,141,265,529,962,1579,2225,2671,3332,3486,2313,936,175,181,19,15
North Macedonia,2019,19763,102,153,51,11,6,12,53,136,396,1465,3895,6311,6094,1216,19,34,53,83,139,257,512,953,1592,2303,2867,3444,3591,2503,1014,202,164,18,17
North Macedonia,2020,25720,98,143,45,11,6,13,57,174,517,1815,4979,8247,8220,1521,20,37,66,108,184,333,628,1187,1996,2983,3805,4442,4744,3476,1271,250,154,19,20
North Macedonia,2021,29194,101,139,38,11,6,17,81,214,637,2118,5925,9554,8877,1589,29,52,82,132,230,407,732,1386,2363,3562,4561,4993,5138,3739,1322,267,150,23,22
Northern America (UN),1950,1551914,121718,141844,20126,9174,7163,12587,38834,57720,112302,208444,324087,368274,228663,40796,18050,20784,24168,33552,47305,64997,90304,118140,148701,175386,188117,180157,144595,84068,32957,7839,151018,19750,2026
Northern America (UN),1951,1584821,125336,146491,21155,9599,7127,12337,38122,57563,111772,212417,329287,377256,237574,43404,17566,20556,24250,33313,47657,64115,92129,120288,149231,180056,191042,186214,150960,86614,35247,8157,156090,19464,1872
Northern America (UN),1952,1600065,131237,151880,20643,10175,7395,13335,38752,55726,111967,210585,332292,381527,240871,43863,18468,20284,23489,32237,47593,64374,92643,117942,150241,182051,193402,188125,152422,88449,35689,8174,162055,20730,1697
Northern America (UN),1953,1617795,124742,144944,20202,9693,7263,12452,36205,53482,111054,211073,336861,392360,254165,46575,17582,18623,23051,30431,47148,63906,91437,119636,150389,186472,199227,193133,159890,94275,37807,8768,154637,19715,1668
Northern America (UN),1954,1578409,122162,140824,18662,9219,6748,11250,33364,50792,106914,201809,328607,389238,251682,46328,15856,17508,22073,28719,44509,62405,87078,114731,145076,183531,198479,190759,157158,94524,37272,9056,150043,17998,1634
Northern America (UN),1955,1626378,120473,139172,18699,9048,6826,11706,33466,50232,106599,202073,335322,408368,271996,49895,15682,17784,21120,29112,44229,62370,86049,116024,146522,188800,206697,201671,167550,104446,39913,9982,148220,18532,1675
Northern America (UN),1956,1664674,122077,140671,18594,9042,6993,11807,33187,50114,107711,204316,342025,419307,284783,53000,15493,17694,21269,28845,43869,63842,86167,118149,149763,192262,212764,206543,175383,109400,42276,10724,149713,18800,1718
Northern America (UN),1957,1734402,124481,143475,18994,9584,7725,12508,32939,52375,110723,211384,358282,437066,299181,57346,15173,17766,22252,30123,44450,66273,90084,121300,157116,201166,222707,214359,183027,116154,45699,11647,153059,20233,1813
Northern America (UN),1958,1743261,122885,141989,19104,9363,7549,12044,31068,51544,108758,209953,355534,445833,307822,59946,14298,16770,21158,30386,43035,65723,90601,119352,157868,197666,225318,220515,188066,119756,47892,12054,151352,19593,1857
Northern America (UN),1959,1761238,120821,139506,18685,10001,8032,12805,31066,51784,109265,211220,354494,454912,313807,62402,14562,16504,21175,30609,42778,66487,91865,119355,158828,195666,228994,225918,190673,123134,49933,12469,149507,20837,1944
Northern America (UN),1960,1811029,118798,138024,19226,10179,7841,13074,30457,51864,112766,215817,363719,472662,325770,66736,14516,15941,21302,30562,44455,68311,94267,121550,163501,200218,237355,235307,197214,128556,53622,13114,148203,20915,2119
Northern America (UN),1961,1803051,115005,133223,18218,9764,7762,13020,29703,51258,110161,214385,359485,471781,331986,68327,14562,15141,21187,30071,43976,66185,94298,120087,160346,199139,234816,236965,200166,131820,54971,13356,142987,20782,2196
Northern America (UN),1962,1859954,112571,130447,17876,9834,7844,14047,30630,52609,111631,222067,368314,488499,348845,72846,15325,15305,21147,31462,44965,66666,98093,123974,163657,204657,241570,246929,208982,139863,58392,14454,140281,21891,2341
Northern America (UN),1963,1919639,110076,128254,18178,10009,7875,15127,32048,52742,114453,230134,379048,504672,365293,77519,16387,15661,21342,31400,47222,67231,100328,129806,166721,212327,247590,257082,219771,145522,62113,15406,138263,23002,2464
Northern America (UN),1964,1903538,106315,123833,17518,9888,8133,16259,33185,52925,115624,232082,374620,496462,361408,76689,17359,15826,21742,31183,48564,67060,100914,131168,164859,209761,241762,254700,218758,142650,61335,15354,133721,24392,2430
Northern America (UN),1965,1934819,96550,113414,16864,9936,8436,17002,34350,52877,116685,235992,378973,506263,376988,81372,17917,16433,20736,32141,47864,68821,102258,133734,167321,211652,243952,262311,227725,149263,64841,16531,123350,25438,2531
Northern America (UN),1966,1971776,89919,106472,16553,10021,8851,18755,36676,52954,119011,241220,384222,516726,388419,85766,19637,17039,20729,32225,48604,70407,102652,138568,170572,213650,248876,267850,234680,153739,68189,17577,116493,27606,2683
Northern America (UN),1967,1962477,83633,98585,14952,9806,8793,18972,38457,52578,119565,240939,381645,513543,389548,87234,20996,17461,20310,32268,49049,70516,100536,140403,170047,211598,247850,265693,234437,155111,69124,18110,108391,27765,2812
Northern America (UN),1968,2042421,82033,96308,14275,9998,9081,20354,41906,53817,124922,247615,397790,534229,409921,93417,22799,19107,20890,32927,49704,75218,101931,145684,178742,219048,260316,273913,244766,165155,73739,19678,106306,29435,3063
Northern America (UN),1969,2037933,81144,94633,13489,9844,9225,22237,44412,53537,125123,245401,394579,526627,415639,93498,24282,20130,21164,32373,49572,75551,100683,144718,179101,215478,258044,268583,247674,167965,73567,19931,104477,31462,3178
Northern America (UN),1970,2039147,82498,95055,12557,9339,9224,22993,44718,52189,124033,247822,398295,522627,415508,94046,24494,20224,21520,30669,50160,73873,102839,144983,181426,216869,255615,267012,247034,168474,74041,20005,104394,32217,3297
Northern America (UN),1971,2042695,71205,83426,12221,9038,9186,23737,46988,51426,121779,243318,398843,521079,429314,100919,25587,21401,21658,29768,49357,72422,102000,141318,183136,215707,252808,268271,252215,177099,79072,21847,92464,32923,3641
Northern America (UN),1972,2082468,62911,74948,12037,8496,9245,24213,49628,51178,122655,243271,411827,536469,441056,105591,27165,22463,22123,29055,48606,74049,102913,140358,189483,222344,260002,276467,259120,181936,82623,22968,83444,33458,3890
Northern America (UN),1973,2095236,58402,70087,11685,8266,9196,24930,51434,51678,119161,243405,412766,536367,451287,112484,27938,23496,22812,28866,47331,71830,105233,138172,189537,223229,256552,279815,262170,189117,88217,24267,78353,34126,4174
Northern America (UN),1974,2062564,56978,67638,10660,7324,8733,24068,50839,49740,113499,237405,410311,525221,448451,115069,27667,23172,22644,27096,44487,69012,104136,133269,186281,224030,251708,273513,256862,191589,90444,24625,74962,32801,4266
Northern America (UN),1975,2021315,53630,63534,9904,6883,8051,23259,52265,48982,108964,231948,403100,514875,439518,115591,28783,23482,22194,26788,41218,67746,99246,132702,181678,221422,247787,267088,251703,187815,90713,24878,70417,31310,4343
Northern America (UN),1976,2038122,51252,60657,9405,6589,7519,22345,51005,47753,105590,230188,405427,516530,453755,125872,27819,23186,22011,25742,39073,66517,97624,132564,180540,224887,248742,267788,256510,197245,98063,27809,67246,29864,4892
Northern America (UN),1977,2028796,50143,59154,9011,6383,7346,23250,52735,49051,102019,228559,402124,514497,451694,126984,28553,24182,23023,26028,38006,64013,97138,131421,175689,226435,249719,264778,256066,195628,98437,28547,65537,30596,5000
Northern America (UN),1978,2057578,48846,57974,9128,6189,6998,22896,53899,50240,99057,229337,402002,521823,465407,136349,29374,24525,23681,26559,36759,62298,94672,134665,173603,228399,254530,267293,264128,201279,104995,31354,64163,29894,5407
Northern America (UN),1979,2048416,48763,57496,8733,5771,6387,22993,55801,51157,94709,225362,396004,520752,465733,140645,29707,26094,24277,26880,35672,59037,91703,133659,169903,226101,256025,264727,266011,199722,107857,32788,63267,29380,5606
Northern America (UN),1980,2125573,48831,57673,8842,5543,6127,22410,57893,52306,92432,227148,407698,545605,487832,156409,30253,27640,25157,27149,36025,56407,93764,133384,174672,233026,266687,278918,274065,213767,119281,37128,63216,28537,6497
Northern America (UN),1981,2118094,45817,54409,8592,5094,5888,20214,56207,53554,90325,224271,404204,547942,490037,159090,28509,27698,25829,27725,35817,54508,92569,131702,175201,229003,268831,279111,273667,216370,120941,38149,59503,26102,6859
Northern America (UN),1982,2118371,45177,53600,8423,4870,5567,18528,52792,53705,86369,219239,401820,558602,493436,162447,26653,26139,25767,27938,34776,51593,88744,130495,175864,225956,274348,284254,274445,218991,122844,39603,58470,24095,7395
Northern America (UN),1983,2163107,43053,51354,8301,4651,5280,17034,50922,53968,85399,215949,406100,575592,514147,174335,25295,25627,25771,28197,35477,49922,86871,129078,181745,224355,281544,294048,282742,231405,130539,43796,56005,22314,8376
Northern America (UN),1984,2186179,42683,50527,7844,4510,5331,16496,51121,56666,86424,209846,408997,585080,520746,181362,25419,25702,27182,29484,36782,49642,83229,126617,184806,224191,283688,301392,284687,236059,134294,47068,55037,21827,9073
Northern America (UN),1985,2240801,43066,50842,7776,4504,5178,16314,51038,60629,88566,210023,411382,597730,539807,194809,24751,26287,29647,30982,37577,50989,80129,129894,181983,229399,287681,310049,296173,243634,143441,51368,55346,21492,9979
Northern America (UN),1986,2263021,41683,49633,7950,4405,5083,17469,53452,66281,90478,204523,411340,602775,546522,200620,25518,27934,32545,33736,39595,50883,77514,127009,180025,231315,286452,316323,302046,244476,147392,53228,54038,22552,10439
Northern America (UN),1987,2282056,41481,49416,7935,4587,4859,16907,52296,69077,92601,200855,412651,604463,555156,207961,24246,28050,33208,35869,41173,51428,76266,124589,180307,232344,281731,322732,305399,249757,152010,55951,54003,21766,11226
Northern America (UN),1988,2334058,42500,50427,7927,4677,5015,17141,52529,72052,96799,197698,417712,609122,578381,220332,24121,28408,34466,37586,43598,53201,74717,122981,178091,239621,279677,329445,318153,260228,161757,58575,55104,22156,12171
Northern America (UN),1989,2318068,44087,51933,7846,4615,5020,16788,51367,75577,99568,191733,411961,602561,576321,217982,22842,28525,35750,39827,45225,54343,73855,117878,173047,238914,275057,327504,320789,255532,159727,58255,56548,21808,12642
Northern America (UN),1990,2317754,42714,50154,7440,4293,4818,16898,50909,77997,100754,184982,407359,602753,582871,220693,22854,28055,35716,42281,45969,54785,74042,110940,175145,232214,276744,326009,322873,259998,160488,60205,54447,21716,13272
Northern America (UN),1991,2343136,40193,47844,7651,4191,4914,16612,50065,79829,105889,182145,405308,604719,599902,227633,22922,27143,36157,43672,48484,57405,73713,108432,174673,230635,280216,324503,332054,267848,164107,63526,52035,21526,14085
Northern America (UN),1992,2350968,37668,44904,7236,4053,4795,15559,47911,81104,111419,180231,400700,602992,610259,232579,21904,26007,36277,44827,51294,60125,74386,105845,169847,230853,282308,320684,337538,272721,167386,65193,48957,20354,14461
Northern America (UN),1993,2452749,36440,43985,7545,4160,5074,16189,48054,85350,117415,184446,401834,625771,651495,253346,22206,25848,37879,47471,54069,63346,78111,106335,169712,232122,297740,328031,357663,293832,181383,71963,48145,21263,15630
Northern America (UN),1994,2467228,34791,42073,7282,4011,5076,16394,46684,86799,122837,186082,392860,627571,663053,257798,21659,25025,38006,48793,57155,65682,80879,105203,164480,228380,301019,326552,361672,301381,184861,72937,46084,21470,15988
Northern America (UN),1995,2504956,32526,39347,6821,4055,5164,16164,45262,86896,128631,189311,390031,632539,681617,268915,20820,24442,37331,49565,60770,67861,82189,107122,157606,232425,296283,336256,368744,312873,193877,75038,43402,21328,17024
Northern America (UN),1996,2510626,31350,37768,6418,4044,4847,15608,41697,78061,126869,189856,385538,637160,694133,277363,19417,22280,32624,45437,58552,68317,83151,106705,154054,231484,294725,342435,371534,322599,200990,76373,41812,20455,17681
Northern America (UN),1997,2515385,30667,36640,5973,3938,4761,15399,39540,69248,123188,192414,376270,642297,704756,288488,18767,20773,28327,40921,55171,68017,85375,107039,149845,226425,295192,347105,369762,334994,208117,80371,40578,20160,18446
Northern America (UN),1998,2541299,31191,36874,5683,3781,4546,14778,38004,66532,124222,196207,369891,652607,716017,298860,18367,19637,26478,40054,55824,68398,87199,109008,147259,222632,293129,359478,371231,344786,215282,83578,40655,19324,18978
Northern America (UN),1999,2599266,30708,36361,5653,3760,4413,14733,37542,65008,129049,203024,364730,662488,742562,315838,18315,19227,25404,39604,56681,72368,90003,113021,147108,217622,290818,371670,381285,361277,228627,87211,40121,19146,19758
Northern America (UN),2000,2608888,30739,36067,5328,3538,4474,14427,38326,63440,134845,207302,355548,657129,750894,323194,19175,19151,24689,38751,57585,77260,93364,113938,148732,206816,294074,363055,386702,364192,234057,89137,39605,18901,19704
Northern America (UN),2001,2623558,29633,35116,5483,3356,4272,14396,39831,64977,138953,215214,349259,650770,758329,329565,20078,19753,25372,39605,58507,80446,97149,118065,148411,200848,291369,359401,392629,365700,239032,90533,38472,18668,19519
Northern America (UN),2002,2657397,30167,35385,5218,3261,4401,14660,40035,63465,141289,225267,347539,648969,769778,343167,20627,19408,25341,38124,59606,81683,101266,124001,150455,197084,286260,362709,402165,367613,249874,93293,38646,19061,20180
Northern America (UN),2003,2665221,30422,35758,5336,3095,4312,14562,41123,61829,143570,232508,349061,634381,776460,348164,21373,19750,24946,36883,59343,84227,103856,128652,155056,194005,279034,355347,412300,364160,253235,94929,38853,18874,20398
Northern America (UN),2004,2618741,30333,35457,5124,3105,4213,14589,41284,58662,140975,235885,344994,607621,768534,343710,21047,20237,23962,34700,57206,83769,106638,129247,155307,189687,265294,342327,411669,356865,249374,94336,38562,18802,19712
Northern America (UN),2005,2673100,31086,36198,5112,3063,4085,14669,42953,58410,142531,247610,349851,608165,785476,359611,21895,21058,24313,34097,57293,85238,113981,133629,158131,191720,257827,350338,409468,376008,260515,99096,39261,18754,20478
Northern America (UN),2006,2651559,31540,36500,4960,2943,3708,14716,44814,57938,140159,253132,351102,590846,776857,358219,22459,22355,23896,34042,55317,84842,115657,137475,160818,190284,246708,344138,400455,376402,257455,100764,39443,18424,20625
Northern America (UN),2007,2656053,32073,37132,5059,2939,3743,14183,44460,56851,136115,255762,358853,577893,785361,361779,22051,22409,23355,33496,52626,83489,115364,140398,166906,191947,242023,335870,401456,383905,257358,104421,40071,17926,20980
Northern America (UN),2008,2709416,30709,35726,5017,2719,3392,13304,43382,55628,133732,260895,374245,579851,808626,375593,21197,22185,23191,32437,50577,83155,118112,142783,174894,199351,243648,336203,401036,407590,265025,110568,38445,16696,22322
Northern America (UN),2009,2676852,28963,33687,4724,2746,3367,12397,42240,55656,131459,267825,378500,559748,797926,369151,20214,22026,23598,32058,49158,82301,119988,147837,176917,201583,238571,321177,389810,408116,260520,108631,36433,15764,22150
Northern America (UN),2010,2710578,26846,31492,4646,2488,3184,11820,41455,54061,124886,272501,383813,554908,812406,393864,19896,21559,23610,30451,45790,79096,118301,154200,179726,204087,242703,312205,401665,410741,279561,114303,33980,15004,23699
Northern America (UN),2011,2762957,25913,30455,4542,2664,3214,11512,42162,54747,123256,278422,396797,554741,825908,413728,20346,21816,24852,29895,46011,77245,119955,158467,185953,210844,246358,308383,408602,417306,295165,118563,33119,14726,25350
Northern America (UN),2012,2793608,25668,30204,4536,2498,3107,10966,42764,55011,119907,281363,414082,554182,824740,428046,20366,22398,25319,29692,45567,74340,119756,161607,191839,222243,248441,305741,401498,423242,305839,122207,32702,14073,26737
Northern America (UN),2013,2852080,25364,29796,4432,2603,3159,10286,42701,56441,118673,286558,429568,568239,824052,451830,20223,22478,26166,30275,45536,73137,119987,166571,196714,232854,260113,308126,402217,421835,325224,126606,32399,13445,28173
Northern America (UN),2014,2885075,25129,29249,4120,2560,3168,10446,43851,59119,116975,291418,446166,578586,807977,466153,20367,23484,27178,31941,45652,71323,120328,171090,207247,238919,268638,309948,396106,411871,334378,131775,31809,13614,29406
Northern America (UN),2015,2964800,25150,29457,4307,2644,3332,11025,46981,63655,116321,293549,468880,596969,822141,479056,21550,25431,29595,34060,45718,70603,119800,173749,220191,248689,276774,320195,394444,427697,337908,141148,32101,14357,30790
Northern America (UN),2016,2987878,24819,29186,4367,2740,3349,11667,51614,70889,118863,294576,484514,609619,807624,471673,23032,28582,32697,38192,46758,72105,118084,176492,226803,257711,287015,322604,385083,422541,328625,143048,31926,15016,31563
Northern America (UN),2017,3049504,23887,28038,4151,2593,3587,11842,52429,74607,119753,292212,494549,637418,818642,479610,22528,29901,34433,40174,47064,72689,114905,177307,229950,264599,305754,331664,391105,427537,332343,147267,30631,15429,34223
Northern America (UN),2018,3064891,23027,27140,4113,2556,3518,11350,50415,74939,118992,287703,504927,661361,820923,467067,21267,29148,33998,40941,47259,71733,110994,176709,235660,269267,317069,344292,388985,431938,317029,150038,29696,14868,34000
Northern America (UN),2019,3063270,22481,26445,3964,2535,3513,11373,49696,77022,119795,282475,516097,674962,817913,447445,21032,28664,34848,42174,48970,70825,107637,174838,238470,277627,323742,351220,387495,430418,300721,146724,28980,14886,33999
Northern America (UN),2020,3544380,21769,25625,3856,2501,3689,12851,57118,93007,140639,315472,609603,805175,953982,486700,24082,33036,42317,50690,60199,80440,121766,193706,273867,335736,389574,415601,452261,501721,338827,147873,28126,16540,38018
Northern America (UN),2021,3579160,21645,25371,3726,2424,3279,13469,62064,95825,139767,358625,650176,841197,881378,466849,26497,35567,44952,50873,59402,80365,136333,222292,297883,352293,417491,423706,447462,433916,324220,142629,27795,16748,38736
Northern Mariana Islands,1950,69,15,19,4,0,0,2,10,9,10,10,10,10,1,0,5,5,5,4,5,5,5,5,5,5,5,5,1,0,0,0,19,2,0
Northern Mariana Islands,1951,67,13,18,5,1,0,0,4,8,10,10,10,10,1,0,0,4,5,3,5,5,5,5,5,5,5,5,1,0,0,0,19,0,0
Northern Mariana Islands,1952,67,13,17,4,1,0,0,3,9,10,10,10,10,2,0,0,3,5,4,5,5,5,5,5,5,5,5,2,0,0,0,18,0,0
Northern Mariana Islands,1953,66,13,17,4,1,0,0,0,10,9,10,10,10,2,0,0,0,5,5,4,5,5,5,5,5,5,5,2,0,0,0,18,0,0
Northern Mariana Islands,1954,66,12,16,4,1,0,0,0,8,10,10,10,10,1,0,0,0,3,5,5,5,5,5,5,5,5,5,1,0,0,0,17,0,0
Northern Mariana Islands,1955,66,12,16,4,2,0,0,0,6,10,10,10,10,2,0,0,0,1,5,5,5,5,5,5,5,5,5,2,0,0,0,18,0,0
Northern Mariana Islands,1956,66,12,16,4,2,0,0,0,4,10,10,10,10,2,0,0,0,0,4,5,5,5,5,5,5,5,5,2,0,0,0,18,0,0
Northern Mariana Islands,1957,66,12,16,4,2,0,0,0,2,10,10,10,10,1,0,0,0,0,2,5,5,5,5,5,5,5,5,1,0,0,0,18,0,0
Northern Mariana Islands,1958,65,11,15,4,1,0,0,0,1,10,10,10,10,2,0,0,0,0,1,5,5,5,5,5,5,5,5,2,0,0,0,16,0,0
Northern Mariana Islands,1959,65,11,15,4,2,0,0,0,0,8,10,10,10,2,0,0,0,0,0,3,5,5,5,5,5,5,5,2,0,0,0,17,0,0
Northern Mariana Islands,1960,65,11,15,4,2,0,0,0,0,9,10,10,10,3,0,0,0,0,0,4,5,5,5,5,5,5,5,3,0,0,0,17,0,0
Northern Mariana Islands,1961,66,11,15,4,2,0,0,0,0,9,10,10,10,3,0,0,0,0,0,4,5,5,5,5,5,5,5,3,0,0,0,17,0,0
Northern Mariana Islands,1962,66,10,14,4,2,0,0,0,0,8,10,10,10,3,0,0,0,0,0,3,5,5,5,5,5,5,5,3,0,0,0,16,0,0
Northern Mariana Islands,1963,67,10,14,4,2,0,0,0,0,9,10,10,10,4,0,0,0,0,0,4,5,5,5,5,5,5,5,4,0,0,0,16,0,0
Northern Mariana Islands,1964,68,10,14,4,1,0,2,0,0,9,10,10,10,5,0,0,0,0,0,4,5,5,5,5,5,5,5,5,0,0,0,15,2,0
Northern Mariana Islands,1965,69,10,14,4,1,0,3,1,0,8,10,10,10,5,0,1,0,0,0,3,5,5,5,5,5,5,5,5,0,0,0,15,3,0
Northern Mariana Islands,1966,70,10,14,4,1,0,4,1,0,9,10,10,10,6,0,1,0,0,0,4,5,5,5,5,5,5,5,5,1,0,0,15,4,0
Northern Mariana Islands,1967,70,10,14,4,1,0,4,2,0,10,10,10,10,6,0,2,0,0,0,5,5,5,5,5,5,5,5,5,1,0,0,15,4,0
Northern Mariana Islands,1968,71,12,16,4,0,0,4,2,0,9,10,10,10,6,0,2,0,0,0,4,5,5,5,5,5,5,5,5,1,0,0,16,4,0
Northern Mariana Islands,1969,66,11,14,3,0,0,3,2,0,8,10,10,10,7,0,2,0,0,0,3,5,5,5,5,5,5,5,5,2,0,0,14,3,0
Northern Mariana Islands,1970,61,10,12,2,0,0,2,2,0,7,10,10,6,6,0,2,0,0,0,2,5,5,5,5,5,5,1,5,1,0,0,12,2,0
Northern Mariana Islands,1971,64,10,13,3,0,0,2,3,0,7,10,10,7,4,0,3,0,0,0,2,5,5,5,5,5,5,2,3,1,0,0,13,2,0
Northern Mariana Islands,1972,70,11,14,3,0,0,3,5,4,10,10,10,10,4,0,5,0,0,4,5,5,5,5,5,5,5,5,3,1,0,0,14,3,0
Northern Mariana Islands,1973,77,12,16,4,0,0,4,9,5,10,10,10,10,4,0,5,4,0,5,5,5,5,5,5,5,5,5,3,1,0,0,16,4,0
Northern Mariana Islands,1974,81,12,16,4,0,0,4,10,9,10,10,10,10,4,0,5,5,4,5,5,5,5,5,5,5,5,5,3,1,0,0,16,4,0
Northern Mariana Islands,1975,81,11,14,3,0,0,3,10,9,10,10,10,10,4,0,5,5,4,5,5,5,5,5,5,5,5,5,4,0,0,0,14,3,0
Northern Mariana Islands,1976,80,10,12,2,0,0,3,10,9,10,10,12,11,5,0,5,5,4,5,5,5,5,5,6,6,6,5,5,0,0,0,12,3,0
Northern Mariana Islands,1977,80,9,9,0,0,0,3,10,10,10,10,13,11,6,0,5,5,5,5,5,5,5,5,5,8,6,5,5,1,0,0,9,3,0
Northern Mariana Islands,1978,81,9,9,0,0,0,3,10,10,10,10,13,13,6,0,5,5,5,5,5,5,5,5,5,8,7,6,5,1,0,0,9,3,0
Northern Mariana Islands,1979,81,8,8,0,0,0,2,10,10,10,10,13,13,6,0,5,5,5,5,5,5,5,5,5,8,6,7,5,1,0,0,8,2,0
Northern Mariana Islands,1980,82,7,7,0,0,0,2,10,10,10,10,13,14,7,0,5,5,5,5,5,5,5,5,5,8,6,8,5,2,0,0,7,2,0
Northern Mariana Islands,1981,87,8,8,0,0,0,4,10,10,10,10,12,17,7,0,5,5,5,5,5,5,5,5,5,7,9,8,5,2,0,0,8,4,0
Northern Mariana Islands,1982,93,8,8,0,0,0,5,10,10,10,10,11,18,7,0,5,5,5,5,5,5,5,5,5,6,10,8,5,2,0,0,8,5,0
Northern Mariana Islands,1983,99,8,9,1,0,0,5,10,10,10,10,11,18,8,0,5,5,5,5,5,5,5,5,5,6,10,8,6,2,0,0,9,5,0
Northern Mariana Islands,1984,105,8,9,1,0,0,5,10,10,10,10,12,18,8,0,5,5,5,5,5,5,5,5,6,6,10,8,5,3,0,0,9,5,0
Northern Mariana Islands,1985,112,8,10,2,0,0,5,10,10,10,10,12,18,10,0,5,5,5,5,5,5,5,5,7,5,10,8,6,4,0,0,10,5,0
Northern Mariana Islands,1986,119,8,11,3,0,0,4,18,14,11,13,12,18,9,0,8,10,7,7,5,6,8,5,7,5,9,9,5,4,0,0,11,4,0
Northern Mariana Islands,1987,127,8,12,4,0,0,5,20,20,18,16,17,18,9,0,10,10,10,10,9,9,10,6,10,7,9,9,5,4,0,0,12,5,0
Northern Mariana Islands,1988,134,8,12,4,1,0,4,20,20,20,19,19,18,10,0,10,10,10,10,10,10,10,9,10,9,8,10,5,5,0,0,13,4,0
Northern Mariana Islands,1989,143,8,12,4,2,0,3,20,20,20,20,20,18,11,0,10,10,10,10,10,10,10,10,10,10,8,10,6,5,0,0,14,3,0
Northern Mariana Islands,1990,153,10,14,4,2,0,3,19,20,20,20,20,18,12,1,9,10,10,10,10,10,10,10,10,10,8,10,7,5,1,0,16,3,0
Northern Mariana Islands,1991,156,10,11,1,0,0,3,18,20,20,20,20,18,12,2,8,10,10,10,10,10,10,10,10,10,8,10,7,5,2,0,11,3,0
Northern Mariana Islands,1992,157,10,10,0,0,0,3,17,20,24,20,20,20,13,1,7,10,10,10,12,12,10,10,10,10,10,10,8,5,1,0,10,3,0
Northern Mariana Islands,1993,157,10,10,0,0,0,3,16,21,25,20,20,20,14,2,6,10,10,11,12,13,10,10,10,10,10,10,9,5,2,0,10,3,0
Northern Mariana Islands,1994,157,9,9,0,0,0,3,15,22,26,20,20,20,15,2,5,10,10,12,12,14,10,10,10,10,10,10,10,5,2,0,9,3,0
Northern Mariana Islands,1995,156,8,8,0,0,0,3,14,22,26,20,20,20,15,3,5,9,10,12,11,15,10,10,10,10,10,10,10,5,3,0,8,3,0
Northern Mariana Islands,1996,158,9,10,1,0,0,3,13,22,30,21,20,20,16,3,5,8,10,12,15,15,11,10,10,10,10,10,10,6,3,0,10,3,0
Northern Mariana Islands,1997,168,10,14,4,0,0,4,14,22,30,23,22,20,17,4,5,9,10,12,15,15,13,10,12,10,10,10,10,7,4,0,14,4,0
Northern Mariana Islands,1998,176,10,14,4,2,0,3,15,22,30,24,23,20,17,4,5,10,10,12,15,15,14,10,13,10,10,10,10,7,4,0,16,3,0
Northern Mariana Islands,1999,181,10,14,4,3,0,3,16,23,30,26,25,20,17,4,6,10,10,13,15,15,15,11,15,10,10,10,10,7,4,0,17,3,0
Northern Mariana Islands,2000,184,10,14,4,4,0,3,16,28,30,27,25,20,15,3,6,10,13,15,15,15,15,12,14,11,10,10,10,5,3,0,18,3,0
Northern Mariana Islands,2001,178,9,13,4,3,0,2,15,24,30,28,25,20,14,4,5,10,10,14,15,15,15,13,13,12,10,10,9,5,4,0,16,2,0
Northern Mariana Islands,2002,171,8,10,2,0,0,1,12,20,29,28,24,20,15,4,5,7,10,10,14,15,15,13,12,12,10,10,10,5,4,0,10,1,0
Northern Mariana Islands,2003,167,8,9,1,0,0,0,10,20,28,29,25,20,16,4,5,5,10,10,13,15,15,14,11,14,10,10,10,6,4,0,9,0,0
Northern Mariana Islands,2004,169,8,12,4,0,0,0,8,18,27,30,26,21,17,5,3,5,8,10,12,15,15,15,11,15,11,10,10,7,5,0,12,0,0
Northern Mariana Islands,2005,162,8,8,0,0,0,0,5,15,25,30,26,22,17,5,0,5,5,10,10,15,15,15,12,14,12,10,10,7,5,0,8,0,0
Northern Mariana Islands,2006,161,8,8,0,0,0,0,3,14,24,30,26,23,18,5,0,3,5,9,10,14,15,15,13,13,13,10,10,8,5,0,8,0,0
Northern Mariana Islands,2007,160,8,8,0,0,0,0,2,12,24,30,27,24,19,5,0,2,5,7,10,14,15,15,14,13,14,10,10,9,5,0,8,0,0
Northern Mariana Islands,2008,160,7,7,0,0,0,0,0,11,23,30,27,26,19,4,0,0,5,6,10,13,15,15,15,12,15,11,10,9,4,0,7,0,0
Northern Mariana Islands,2009,161,7,8,1,0,0,0,0,9,23,33,28,27,20,5,0,0,4,5,10,13,17,16,16,12,15,12,10,10,5,0,8,0,0
Northern Mariana Islands,2010,163,6,7,1,0,0,0,0,8,22,38,32,28,16,5,0,0,3,5,9,13,18,20,19,13,15,13,10,6,5,0,7,0,0
Northern Mariana Islands,2011,169,6,7,1,0,0,0,0,6,21,38,36,29,17,5,0,0,1,5,8,13,18,20,20,16,15,14,10,7,5,0,7,0,0
Northern Mariana Islands,2012,181,6,7,1,0,0,0,0,6,22,40,38,32,19,5,0,0,1,5,8,14,19,21,20,18,15,17,11,8,5,0,7,0,0
Northern Mariana Islands,2013,192,6,6,0,0,0,0,0,5,22,44,46,35,21,6,0,0,0,5,8,14,19,25,25,21,16,19,12,9,5,1,6,0,0
Northern Mariana Islands,2014,204,5,5,0,0,0,0,0,4,21,45,49,37,23,6,0,0,0,4,7,14,20,25,25,24,17,20,14,9,5,1,5,0,0
Northern Mariana Islands,2015,216,5,5,0,0,0,0,0,3,20,49,58,41,26,6,0,0,0,3,7,13,21,28,30,28,21,20,16,10,5,1,5,0,0
Northern Mariana Islands,2016,228,5,5,0,0,0,0,0,3,19,49,60,44,29,7,0,0,0,3,6,13,21,28,30,30,23,21,19,10,6,1,5,0,0
Northern Mariana Islands,2017,240,5,5,0,0,0,0,0,2,19,52,69,47,32,6,0,0,0,2,6,13,22,30,35,34,26,21,21,11,6,0,5,0,0
Northern Mariana Islands,2018,254,4,4,0,0,0,0,0,1,18,53,73,54,35,6,0,0,0,1,5,13,22,31,38,35,31,23,23,12,6,0,4,0,0
Northern Mariana Islands,2019,265,4,4,0,0,0,0,0,1,17,55,80,58,37,6,0,0,0,1,5,12,23,32,40,40,35,23,24,13,6,0,4,0,0
Northern Mariana Islands,2020,278,4,4,0,0,0,0,0,0,16,54,85,65,39,5,0,0,0,0,5,11,22,32,43,42,38,27,25,14,5,0,4,0,0
Northern Mariana Islands,2021,295,3,3,0,0,0,0,0,0,15,55,92,74,42,7,0,0,0,0,5,10,22,33,45,47,43,31,25,17,6,1,3,0,0
Norway,1950,29558,1583,2132,549,235,111,184,619,810,1445,2675,4603,7909,7195,1612,288,331,363,447,585,860,1183,1492,1999,2604,3598,4311,4132,3063,1296,316,2367,295,27
Norway,1951,27617,1417,1943,526,194,112,162,617,895,1364,2646,4237,7330,6598,1491,279,338,403,492,549,815,1165,1481,1826,2411,3411,3919,3783,2815,1192,299,2137,274,24
Norway,1952,28373,1432,1869,437,195,108,140,565,785,1384,2706,4480,7747,6825,1544,243,322,346,439,585,799,1148,1558,1944,2536,3546,4201,3898,2927,1231,313,2064,248,28
Norway,1953,28380,1261,1688,427,183,103,151,439,741,1355,2719,4611,7711,6991,1655,191,248,354,387,556,799,1133,1586,1940,2671,3482,4229,3998,2993,1328,327,1871,254,32
Norway,1954,29103,1235,1604,369,192,113,138,425,695,1318,2758,4840,8105,7178,1698,186,239,309,386,559,759,1158,1600,2069,2771,3538,4567,4164,3014,1389,309,1796,251,41
Norway,1955,29122,1211,1619,408,161,114,150,395,730,1298,2833,4873,7858,7211,1821,173,222,312,418,552,746,1164,1669,2121,2752,3431,4427,4162,3049,1490,331,1780,264,55
Norway,1956,29814,1265,1645,380,162,101,138,364,632,1268,2794,5028,8361,7456,1819,169,195,273,359,505,763,1157,1637,2213,2815,3751,4610,4481,2975,1476,343,1807,239,46
Norway,1957,30532,1187,1544,357,161,124,158,387,657,1364,2800,5251,8427,7818,1798,173,214,272,385,544,820,1118,1682,2324,2927,3808,4619,4661,3157,1457,341,1705,282,38
Norway,1958,31435,1174,1531,357,149,107,130,385,616,1378,2926,5443,8746,8099,1888,186,199,245,371,546,832,1194,1732,2408,3035,4025,4721,4848,3251,1531,357,1680,237,39
Norway,1959,31668,1105,1403,298,160,132,173,367,626,1385,2886,5816,8641,8182,1854,172,195,259,367,584,801,1144,1742,2540,3276,4000,4641,4856,3326,1486,368,1563,305,40
Norway,1960,32487,1086,1425,339,157,108,168,357,647,1275,2864,5965,9046,8569,1871,172,185,246,401,508,767,1099,1765,2580,3385,4140,4906,5058,3511,1518,353,1582,276,38
Norway,1961,33268,1075,1359,284,146,104,190,348,623,1381,2996,6068,9248,8859,1904,190,158,248,375,582,799,1203,1793,2695,3373,4340,4908,5158,3701,1547,357,1505,294,41
Norway,1962,34253,1046,1330,284,148,109,197,350,619,1370,3115,6383,9674,8947,1970,184,166,224,395,560,810,1285,1830,2715,3668,4540,5134,5143,3804,1591,379,1478,306,42
Norway,1963,36822,1019,1316,297,147,110,204,325,545,1407,3256,6698,10858,9801,2117,162,163,201,344,585,822,1290,1966,2772,3926,5002,5856,5652,4149,1724,393,1463,314,38
Norway,1964,35147,1065,1360,295,154,88,200,333,549,1380,3092,6732,10211,9146,1867,176,157,213,336,559,821,1273,1819,2820,3912,4692,5519,5256,3890,1530,337,1514,288,37
Norway,1965,35290,1059,1317,258,158,110,191,366,524,1454,3220,6639,10233,9069,1972,192,174,197,327,604,850,1323,1897,2809,3830,4851,5382,5275,3794,1619,353,1475,301,37
Norway,1966,35943,905,1172,267,136,94,204,358,468,1407,3222,6790,10588,9283,2174,189,169,178,290,522,885,1285,1937,2796,3994,5068,5520,5423,3860,1781,393,1308,298,42
Norway,1967,36126,928,1172,244,126,115,195,363,496,1400,3258,6951,10812,9092,2103,197,166,187,309,519,881,1336,1922,2802,4149,5118,5694,5349,3743,1726,377,1298,310,43
Norway,1968,37605,879,1126,247,136,90,204,398,477,1447,3309,7061,11470,9636,2212,238,160,186,291,543,904,1315,1994,2892,4169,5455,6015,5742,3894,1820,392,1262,294,42
Norway,1969,38918,886,1132,246,133,111,228,446,488,1498,3462,7425,11960,9723,2266,252,194,205,283,521,977,1345,2117,3041,4384,5701,6259,5778,3945,1855,411,1265,339,42
Norway,1970,38681,786,1022,236,130,85,210,412,495,1436,3445,7158,11913,9965,2357,236,176,207,288,512,924,1365,2080,2911,4247,5655,6258,5902,4063,1916,441,1152,295,50
Norway,1971,38946,806,1042,236,140,102,206,441,523,1321,3371,6960,12204,10201,2377,232,209,220,303,471,850,1349,2022,2923,4037,5747,6457,5972,4229,1908,469,1182,308,53
Norway,1972,39338,720,936,216,137,96,218,461,484,1287,3400,7161,12218,10484,2403,244,217,215,269,437,850,1346,2054,2964,4197,5714,6504,6120,4364,1917,486,1073,314,54
Norway,1973,39901,679,898,219,132,91,230,447,487,1187,3498,7038,12635,10720,2481,207,240,213,274,419,768,1433,2065,2979,4059,5757,6878,6254,4466,1968,513,1030,321,59
Norway,1974,39421,589,794,205,142,86,225,461,477,1222,3409,7052,12309,10689,2499,240,221,220,257,424,798,1405,2004,3018,4034,5654,6655,6304,4385,1963,536,936,311,59
Norway,1975,40028,578,775,197,109,118,225,481,441,1149,3418,7215,12440,11063,2528,230,251,193,248,409,740,1386,2032,3045,4170,5589,6851,6581,4482,2000,528,884,343,65
Norway,1976,40164,518,714,196,101,91,199,457,515,1023,3453,7269,12321,11298,2652,227,230,252,263,336,687,1361,2092,3110,4159,5589,6732,6614,4684,2116,536,815,290,73
Norway,1977,39780,441,575,134,110,89,209,422,520,1088,3417,7051,12391,11201,2629,221,201,243,277,369,719,1314,2103,2862,4189,5492,6899,6581,4620,2117,512,685,298,75
Norway,1978,40681,435,577,142,104,80,191,444,519,1075,3272,7226,12629,11733,2757,244,200,250,269,367,708,1177,2095,2997,4229,5583,7046,6873,4860,2224,533,681,271,76
Norway,1979,41581,426,548,122,95,83,195,452,532,1046,3293,7392,12767,12137,2958,228,224,246,286,395,651,1227,2066,3042,4350,5596,7171,7190,4947,2357,601,643,278,82
Norway,1980,41326,410,500,90,82,75,223,486,589,1000,3112,7418,12615,12210,2939,252,234,280,309,373,627,1110,2002,3062,4356,5621,6994,7144,5066,2342,597,582,298,79
Norway,1981,41877,379,478,99,73,73,197,424,546,998,3076,7295,12640,12815,3180,233,191,229,317,388,610,1097,1979,3012,4283,5751,6889,7324,5491,2525,655,551,270,84
Norway,1982,41447,413,518,105,60,88,228,443,572,987,2921,7299,12649,12534,3064,233,210,222,350,409,578,1049,1872,3059,4240,5713,6936,7106,5428,2420,644,578,316,83
Norway,1983,42227,392,489,97,70,72,212,448,585,973,2901,7213,12786,12939,3441,231,217,249,336,389,584,1085,1816,3024,4189,5884,6902,7263,5676,2725,716,559,284,95
Norway,1984,42569,418,526,108,49,61,192,425,591,1023,2681,7145,12827,13371,3569,228,197,241,350,409,614,935,1746,3004,4141,5893,6934,7467,5904,2828,741,575,253,104
Norway,1985,44331,435,532,97,65,64,225,470,636,1097,2651,7128,13605,13893,3850,238,232,260,376,484,613,986,1665,2997,4131,6085,7520,7728,6165,3061,789,597,289,116
Norway,1986,43594,411,500,89,58,73,244,462,613,1158,2565,7145,13090,13608,3961,250,212,251,362,491,667,925,1640,2884,4261,5830,7260,7548,6060,3146,815,558,317,118
Norway,1987,44932,458,548,90,50,52,203,498,609,1193,2584,7255,13420,14235,4163,265,233,270,339,556,637,949,1635,2821,4434,5935,7485,7872,6363,3274,889,598,255,126
Norway,1988,45278,468,561,93,55,45,184,472,618,1282,2473,6891,13498,14647,4419,248,224,264,354,562,720,913,1560,2683,4208,5937,7561,7861,6786,3464,955,616,229,132
Norway,1989,45143,469,558,89,44,46,190,432,654,1237,2377,6853,13172,14755,4681,239,193,293,361,566,671,883,1494,2586,4267,5673,7499,7957,6798,3648,1033,602,236,145
Norway,1990,46049,419,511,92,53,63,188,446,674,1278,2216,6594,13710,15309,4859,194,252,283,391,572,706,818,1398,2447,4147,6036,7674,8311,6998,3762,1097,564,251,149
Norway,1991,44985,375,473,98,51,37,150,434,663,1237,2225,6275,13210,15073,5000,214,220,271,392,506,731,884,1341,2274,4001,5717,7493,8258,6815,3849,1151,524,187,160
Norway,1992,44718,344,437,93,42,46,160,467,607,1285,2221,5868,13168,15300,4958,230,237,289,318,491,794,875,1346,2220,3648,5768,7400,8279,7021,3835,1123,479,206,158
Norway,1993,46584,300,390,90,36,45,147,394,621,1319,2110,5923,13539,16233,5643,187,207,272,349,534,785,890,1220,2242,3681,5918,7621,8678,7555,4301,1342,426,192,189
Norway,1994,44116,312,383,71,38,52,131,394,553,1329,2180,5449,12704,15326,5381,181,213,241,312,509,820,944,1236,2021,3428,5706,6998,8277,7049,4078,1303,421,183,197
Norway,1995,45197,243,308,65,44,43,150,392,603,1315,2221,5327,12976,16005,5607,194,198,267,336,467,848,959,1262,1923,3404,5554,7422,8366,7639,4299,1308,352,193,202
Norway,1996,43807,247,315,68,34,40,106,411,591,1246,2319,4865,12493,15650,5529,168,243,258,333,469,777,1083,1236,1817,3048,5258,7235,8347,7303,4242,1287,349,146,207
Norway,1997,44582,243,317,74,57,38,129,396,560,1244,2366,4719,12421,16236,5882,163,233,260,300,500,744,1107,1259,1795,2924,5083,7338,8501,7735,4500,1382,374,167,222
Norway,1998,44131,231,290,59,33,39,116,448,650,1214,2494,4560,12020,16245,5804,214,234,296,354,517,697,1224,1270,1749,2811,4671,7349,8489,7756,4414,1390,323,155,218
Norway,1999,45106,232,314,82,38,36,141,433,589,1200,2481,4620,11914,16810,6306,198,235,264,325,457,743,1222,1259,1787,2833,4567,7347,8680,8130,4778,1528,352,177,229
Norway,2000,44011,223,286,63,42,34,148,458,684,1189,2583,4239,11211,16734,6188,198,260,293,391,496,693,1168,1415,1696,2543,4308,6903,8658,8076,4719,1469,328,182,215
Norway,2001,43930,218,272,54,32,25,135,456,646,1176,2537,4234,10900,16809,6485,224,232,282,364,465,711,1104,1433,1777,2457,4090,6810,8799,8010,4973,1512,304,160,226
Norway,2002,44459,190,258,68,46,45,126,412,632,1071,2700,4290,10606,17177,6856,187,225,286,346,433,638,1088,1612,1793,2497,4026,6580,8770,8407,5237,1619,304,171,241
Norway,2003,42458,191,252,61,36,50,128,373,585,1119,2596,4131,9653,16598,6708,171,202,263,322,464,655,989,1607,1756,2375,3751,5902,8378,8220,5118,1590,288,178,235
Norway,2004,41225,183,230,47,30,37,124,405,559,1068,2612,4054,8956,16244,6668,194,211,231,328,427,641,1018,1594,1766,2288,3482,5474,8438,7806,5056,1612,260,161,242
Norway,2005,41211,173,222,49,36,37,104,368,566,1074,2541,4174,8812,16148,6877,192,176,225,341,424,650,982,1559,1895,2279,3354,5458,7982,8166,5179,1698,258,141,254
Norway,2006,41219,185,227,42,36,20,112,339,529,1034,2472,4335,8295,16302,7248,160,179,228,301,376,658,971,1501,2090,2245,3162,5133,7896,8406,5431,1817,263,132,270
Norway,2007,41823,178,215,37,22,39,95,345,462,1022,2394,4578,8327,16640,7408,158,187,185,277,385,637,959,1435,2167,2411,3142,5185,7824,8816,5540,1868,237,134,278
Norway,2008,41619,163,203,40,29,31,115,358,483,1004,2346,4738,8167,16191,7660,175,183,191,292,417,587,971,1375,2260,2478,3121,5046,7521,8670,5712,1948,232,146,294
Norway,2009,41338,191,228,37,32,30,125,342,498,1003,2396,4789,7783,16118,7693,152,190,202,296,414,589,997,1399,2245,2544,3072,4711,7216,8902,5695,1998,260,155,299
Norway,2010,41415,168,199,31,28,31,101,377,428,994,2385,5010,7804,15559,8184,181,196,186,242,401,593,960,1425,2266,2744,3182,4622,6993,8566,6060,2124,227,132,318
Norway,2011,41378,139,173,34,22,34,153,339,488,1023,2341,4940,7677,15272,8586,171,168,222,266,382,641,898,1443,2140,2800,3153,4524,6769,8503,6372,2214,195,187,334
Norway,2012,41914,148,182,34,25,38,74,288,445,952,2258,5170,7694,15174,9229,138,150,188,257,374,578,913,1345,2145,3025,3293,4401,6836,8338,6838,2391,207,112,384
Norway,2013,41130,144,175,31,21,16,90,299,447,983,2341,5211,7709,14619,8844,142,157,188,259,406,577,902,1439,2047,3164,3329,4380,6506,8113,6537,2307,196,106,378
Norway,2014,40387,142,171,29,25,21,68,294,442,918,2208,5019,7691,13881,9250,135,159,193,249,344,574,912,1296,1937,3082,3378,4313,6229,7652,6809,2441,196,89,403
Norway,2015,40759,137,169,32,12,23,70,300,380,893,2138,4847,8015,13865,9609,130,170,177,203,351,542,839,1299,1908,2939,3616,4399,6118,7747,6950,2659,181,93,438
Norway,2016,40656,126,151,25,13,31,84,278,440,871,2134,5014,8163,13474,9536,119,159,204,236,330,541,863,1271,1943,3071,3775,4388,5888,7586,6708,2828,164,115,468
Norway,2017,40727,127,160,33,20,26,75,291,370,812,2052,4730,8593,13458,9660,141,150,167,203,296,516,820,1232,1826,2904,4075,4518,5848,7610,6721,2939,180,101,478
Norway,2018,40808,127,141,14,21,31,67,287,421,822,2036,4634,8909,13316,9613,125,162,180,241,314,508,792,1244,1866,2768,4125,4784,5891,7425,6577,3036,162,98,514
Norway,2019,40586,113,142,29,22,28,83,312,394,784,1978,4518,9208,13110,9504,155,157,176,218,301,483,801,1177,1864,2654,4330,4878,5907,7203,6512,2992,164,111,505
Norway,2020,40578,92,114,22,17,32,91,286,405,842,1923,4417,9280,13155,9467,115,171,180,225,314,528,771,1152,1750,2667,4303,4977,6040,7115,6410,3057,131,123,550
Norway,2021,41871,106,132,26,21,31,75,234,355,702,1904,4253,10200,13656,9714,109,125,151,204,271,431,735,1169,1696,2557,4149,6051,6497,7159,6601,3113,153,106,592
Oceania (UN),1950,148409,22058,31671,9613,2971,1759,2523,6777,6672,8328,13658,23682,28864,18764,2687,3509,3268,3180,3492,3815,4513,5801,7857,10753,12929,14428,14436,11698,7066,2264,423,34642,4282,53
Oceania (UN),1951,156578,22663,33063,10400,3482,2179,2936,7631,7438,8863,14323,24528,29685,19385,3015,3885,3746,3623,3815,4082,4781,6167,8156,11256,13272,14899,14786,12126,7259,2553,462,36545,5115,50
Oceania (UN),1952,151564,22491,32053,9562,2905,1667,2427,6735,6895,8753,14083,24561,29218,19255,2968,3340,3395,3287,3608,3960,4793,6178,7905,11103,13458,14646,14572,12085,7170,2497,471,34958,4094,43
Oceania (UN),1953,149160,22267,31704,9437,2931,1630,2427,6476,6650,8701,13752,23780,29100,18939,3027,3233,3243,3196,3454,3934,4767,6063,7689,10731,13049,14782,14318,11789,7150,2541,486,34635,4057,43
Oceania (UN),1954,150750,22027,31364,9337,2870,1593,2340,6390,6720,8744,13675,23915,30268,19553,3271,3122,3268,3258,3462,4007,4737,6090,7585,10618,13297,15259,15009,12049,7504,2756,515,34234,3933,47
Oceania (UN),1955,150816,22123,31344,9221,2848,1595,2354,6068,6631,8844,13668,24152,30310,19624,3325,2987,3081,3238,3393,3995,4849,6069,7599,10354,13798,15281,15029,12056,7568,2777,548,34192,3949,53
Oceania (UN),1956,155091,22058,31121,9063,2832,1623,2247,6070,6737,9063,13947,24419,31932,21461,3584,2995,3075,3276,3461,4131,4932,6071,7876,10495,13924,15899,16033,13101,8360,2985,599,33953,3870,55
Oceania (UN),1957,154629,22196,31054,8858,2834,1618,2316,5945,6842,9203,14156,24471,31843,20683,3607,2919,3026,3340,3502,4104,5099,6184,7972,10376,14095,15993,15850,12630,8053,2996,611,33888,3934,57
Oceania (UN),1958,152499,21883,30509,8626,2842,1587,2234,5772,6686,9253,14281,23740,31476,20407,3652,2899,2873,3141,3545,4023,5230,6432,7849,10232,13508,15751,15725,12531,7876,3012,640,33351,3821,59
Oceania (UN),1959,158553,22099,30605,8506,2838,1588,2274,5558,6889,9612,15005,24519,33641,21895,4059,2779,2779,3216,3673,4133,5479,6526,8479,10375,14144,16730,16911,13424,8471,3320,739,33443,3862,69
Oceania (UN),1960,157420,21640,29922,8282,2841,1605,2277,5435,6708,9738,15156,24455,33055,21970,4186,2707,2728,3110,3598,4246,5492,6769,8387,10644,13811,16496,16559,13679,8291,3441,745,32763,3882,72
Oceania (UN),1961,158676,21702,29810,8108,2759,1647,2259,5438,6683,9770,15351,24395,33789,22492,4204,2741,2697,3029,3654,4261,5509,6977,8374,10778,13617,16831,16958,13918,8574,3453,751,32569,3906,79
Oceania (UN),1962,163172,21522,29471,7949,2825,1625,2322,5465,6718,10078,16034,24776,35247,24068,4456,2799,2666,3035,3683,4311,5767,7278,8756,11101,13675,17484,17763,14813,9255,3652,804,32296,3947,87
Oceania (UN),1963,164523,21051,28720,7669,2757,1603,2348,5383,6538,10242,16577,25408,35860,24432,4561,2756,2627,2923,3615,4466,5776,7448,9129,11571,13837,17419,18441,15060,9372,3733,828,31477,3951,94
Oceania (UN),1964,170620,20525,28207,7682,2819,1662,2428,5406,6583,10502,17521,26464,37583,26432,4912,2834,2572,2921,3662,4712,5790,7825,9696,12262,14202,18090,19493,16395,10037,4030,882,31026,4090,101
Oceania (UN),1965,169708,20160,27555,7395,2660,1614,2556,5509,6508,10481,17892,26695,36986,26275,4874,2839,2670,2845,3663,4691,5790,8102,9790,12050,14645,17709,19277,15969,10306,3995,879,30215,4170,101
Oceania (UN),1966,174380,19872,27095,7223,2721,1590,2637,5502,6451,10445,18313,27833,38323,28057,5299,2883,2619,2788,3663,4628,5817,8115,10198,12510,15323,18209,20114,17126,10931,4304,995,29816,4227,112
Oceania (UN),1967,171756,19783,26758,6975,2660,1517,2525,5587,6063,10808,18687,27703,37065,27178,5098,2988,2599,2689,3374,4680,6128,8158,10529,12626,15077,17468,19597,16569,10609,4143,955,29418,4042,104
Oceania (UN),1968,178895,19863,26668,6805,2693,1566,2656,5637,6131,10757,18845,29086,38697,30230,5806,3046,2591,2730,3401,4613,6144,8160,10685,13364,15722,18087,20610,18145,12085,4719,1087,29361,4222,120
Oceania (UN),1969,175711,19858,26487,6629,2650,1556,2577,5610,5977,10941,18775,29265,37651,28672,5434,3004,2606,2682,3295,4584,6357,7974,10801,13248,16017,17573,20078,17404,11268,4430,1004,29137,4133,115
Oceania (UN),1970,182094,19828,26345,6517,2624,1602,2733,5838,6100,10950,19334,30514,39159,30774,5992,3168,2670,2692,3408,4544,6406,8139,11195,13862,16652,18545,20614,18661,12113,4906,1086,28969,4335,127
Oceania (UN),1971,178251,19841,26205,6364,2541,1562,2831,5865,5885,10652,18905,29265,37569,30666,6171,3218,2647,2688,3197,4331,6321,8030,10875,13430,15835,18021,19548,18350,12316,5035,1136,28746,4393,134
Oceania (UN),1972,179228,19119,25366,6247,2485,1573,2774,5723,5783,10601,19137,30294,38035,30853,6459,3082,2641,2651,3132,4281,6320,8238,10899,14087,16207,18558,19477,18514,12339,5254,1205,27851,4347,144
Oceania (UN),1973,179346,18313,24369,6056,2454,1571,2868,5784,5756,10648,19229,30823,37968,31230,6499,3120,2664,2647,3109,4218,6430,8347,10882,14155,16668,18830,19138,18493,12737,5261,1238,26823,4439,146
Oceania (UN),1974,183535,17796,23596,5800,2336,1598,2922,5795,5812,10649,19875,31859,39163,32542,7228,3035,2760,2659,3153,4207,6442,8927,10948,14854,17005,19552,19611,18955,13587,5838,1390,25932,4520,160
Oceania (UN),1975,176528,16885,22518,5633,2298,1558,2912,5783,5862,10224,19394,31224,37440,30442,6725,3044,2739,2663,3199,4074,6150,8755,10639,14528,16696,18881,18559,17489,12953,5399,1326,24816,4470,148
Oceania (UN),1976,180369,16344,21609,5265,2188,1555,2894,5676,5692,10044,19623,31874,39645,31911,7479,3045,2631,2645,3047,4020,6024,8655,10968,14457,17417,19272,20373,18148,13763,5971,1508,23797,4449,176
Oceania (UN),1977,176334,15820,20852,5032,2161,1518,3046,5986,5761,9890,19224,31431,38636,30473,7175,3228,2758,2695,3066,3968,5922,8483,10741,14283,17148,19006,19630,17454,13019,5712,1463,23013,4564,181
Oceania (UN),1978,175041,15406,20208,4802,2005,1473,2993,5921,5713,9464,19306,31472,38952,30035,7320,3259,2662,2695,3018,3886,5578,8275,11031,14134,17338,19161,19791,16996,13039,5849,1471,22213,4466,179
Oceania (UN),1979,173727,14893,19520,4627,1964,1408,2854,5942,5602,9080,19154,30935,39158,30014,7888,3229,2713,2676,2926,3690,5390,8183,10971,13540,17395,19372,19786,17013,13001,6251,1637,21484,4262,208
Oceania (UN),1980,176497,14578,19013,4435,1910,1382,2805,5844,5578,8993,19013,31277,40377,31585,8485,3179,2665,2662,2916,3747,5246,7939,11074,13486,17791,19793,20584,18224,13361,6705,1780,20923,4187,234
Oceania (UN),1981,176477,14411,18766,4355,1844,1366,2812,5886,5540,8757,18835,31385,40500,31686,8842,3203,2683,2638,2902,3674,5083,7724,11111,13563,17822,20161,20339,18243,13443,6962,1880,20610,4178,258
Oceania (UN),1982,181683,14295,18550,4255,1821,1351,2748,6136,5672,8711,18662,32284,42165,33454,9830,3335,2801,2702,2970,3669,5042,7621,11041,14125,18159,20818,21347,19367,14087,7706,2124,20371,4099,298
Oceania (UN),1983,178559,14235,18370,4135,1765,1317,2579,6110,5630,8384,18174,31750,42163,32775,9247,3353,2757,2657,2973,3590,4794,7320,10854,14263,17487,20735,21428,19247,13528,7178,2069,20135,3896,293
Oceania (UN),1984,181345,14036,18106,4070,1706,1330,2624,6080,5799,8521,17711,31530,43532,34136,9936,3341,2739,2761,3038,3735,4786,7071,10640,14497,17033,21592,21940,20097,14039,7654,2282,19812,3954,333
Oceania (UN),1985,188194,14147,18183,4036,1738,1287,2682,6393,5834,8567,17426,32011,45383,37326,10985,3434,2959,2768,3066,3654,4913,6880,10546,14742,17269,22177,23206,21388,15938,8413,2572,19921,3969,378
Oceania (UN),1986,185216,13881,17879,3998,1699,1314,2711,6340,5982,8603,16811,31931,45016,35866,10675,3375,2965,2790,3192,3834,4769,6700,10111,14462,17469,21845,23171,20791,15075,8109,2566,19578,4025,389
Oceania (UN),1987,189809,13833,17732,3899,1664,1257,2724,6462,6067,8732,16848,32121,46227,38275,11256,3403,3059,2853,3214,3806,4926,6809,10039,14284,17837,22258,23969,21997,16278,8419,2837,19396,3981,444
Oceania (UN),1988,191188,13694,17542,3848,1675,1248,2735,6643,6209,8931,16228,32381,46487,39218,11422,3431,3212,2982,3227,4045,4886,6648,9580,14304,18077,21605,24882,22775,16443,8535,2887,19217,3983,468
Oceania (UN),1989,197596,13729,17550,3821,1653,1236,2741,6587,6369,9015,16010,33087,47973,42057,12761,3365,3222,3050,3319,4025,4990,6705,9305,14310,18777,22033,25940,24110,17947,9474,3287,19203,3977,557
Oceania (UN),1990,191051,13519,17278,3759,1638,1179,2612,6588,6392,9098,15651,32080,46015,40259,11732,3345,3243,3134,3258,4136,4962,6628,9023,13611,18469,21018,24997,23081,17178,8807,2925,18916,3791,527
Oceania (UN),1991,191345,13162,16839,3677,1656,1217,2468,6327,6618,9268,15416,31702,46137,40889,12243,3212,3115,3151,3467,4171,5097,6659,8757,13413,18289,21084,25053,23742,17147,9267,2976,18495,3685,565
Oceania (UN),1992,196963,13149,16841,3692,1642,1201,2420,6337,6614,9346,15700,31685,47668,43832,13079,3249,3088,3219,3395,4141,5205,6805,8895,13242,18443,22125,25543,25015,18817,9928,3151,18483,3621,597
Oceania (UN),1993,195794,12974,16665,3691,1618,1212,2414,6172,6812,9415,15481,30632,47151,44368,13239,3180,2992,3261,3551,4145,5270,6656,8825,12628,18004,22183,24968,25228,19140,10055,3184,18283,3626,615
Oceania (UN),1994,202723,12969,16595,3626,1619,1221,2352,6203,6967,9710,15645,30819,48425,47646,14826,3145,3058,3298,3669,4243,5467,6784,8861,12520,18299,23257,25168,26933,20713,11245,3581,18214,3573,695
Oceania (UN),1995,202660,12902,16510,3608,1633,1225,2382,6395,7164,9770,15689,30004,47842,48251,15092,3290,3105,3455,3709,4238,5532,6910,8779,12183,17821,23065,24777,26931,21320,11405,3687,18143,3607,703
Oceania (UN),1996,207507,13042,16659,3617,1625,1273,2484,6347,7300,9978,16050,29738,48739,50246,16338,3189,3158,3458,3842,4307,5671,7060,8990,12273,17465,23121,25618,27939,22307,12363,3975,18284,3757,729
Oceania (UN),1997,208355,13077,16705,3628,1627,1232,2531,6421,7227,10073,16297,29191,48332,51033,16927,3184,3237,3425,3802,4480,5593,7308,8989,12016,17175,22859,25473,27990,23043,12788,4139,18332,3763,757
Oceania (UN),1998,209053,13171,17192,4021,1914,1434,2630,6791,7714,10323,16499,28343,48462,50036,16965,3358,3433,3592,4122,4673,5650,7422,9077,11957,16386,22444,26018,27051,22985,12835,4130,19106,4064,750
Oceania (UN),1999,211093,13307,16918,3611,1628,1248,2497,6566,7433,10343,16570,27661,49524,51643,18263,3233,3333,3466,3967,4647,5696,7397,9173,11830,15831,22460,27064,26954,24689,13871,4392,18546,3745,799
Oceania (UN),2000,211796,13286,16861,3575,1653,1270,2505,6453,7526,10608,16962,27289,48569,52028,19226,3125,3328,3444,4082,4817,5791,7646,9316,11720,15569,21739,26830,26770,25258,14555,4671,18514,3775,845
Oceania (UN),2001,214737,13335,16905,3570,1659,1248,2473,6190,7454,10664,17312,27437,48398,53993,20106,3114,3076,3425,4029,4833,5831,7760,9552,12117,15320,21594,26804,27927,26066,15121,4985,18564,3721,898
Oceania (UN),2002,221876,13426,17039,3613,1712,1298,2521,6285,7527,11182,17771,27922,48717,56713,22209,3090,3195,3476,4051,4987,6195,7919,9852,12428,15494,21351,27366,29372,27341,16666,5543,18751,3819,980
Oceania (UN),2003,222042,13434,17018,3584,1679,1272,2602,6277,7608,11565,17849,27989,47557,56596,23023,3156,3121,3500,4108,5200,6365,7731,10118,12431,15558,20598,26959,29792,26804,17214,5809,18697,3874,1006
Oceania (UN),2004,224765,13486,17044,3558,1686,1300,2576,6406,7618,11706,18289,28236,47187,57894,23800,3226,3180,3517,4101,5213,6493,7996,10293,12570,15666,20130,27057,31102,26792,17833,5967,18730,3876,1023
Oceania (UN),2005,224460,13624,17151,3527,1724,1293,2587,6498,7690,12094,18580,28281,45186,57719,24571,3306,3192,3554,4136,5429,6665,8079,10501,12668,15613,19261,25925,30946,26773,18367,6204,18875,3880,1086
Oceania (UN),2006,230140,13610,17099,3489,1727,1312,2695,6528,7697,12203,18966,28624,45491,60060,26519,3361,3167,3512,4185,5356,6847,8260,10706,12940,15684,19388,26103,31569,28491,19625,6894,18826,4007,1218
Oceania (UN),2007,237200,13568,17096,3528,1775,1356,2714,6737,8041,12465,19502,30081,45947,62527,27675,3419,3318,3614,4427,5392,7073,8638,10864,13760,16321,19591,26356,32165,30362,20310,7365,18871,4070,1284
Oceania (UN),2008,241038,13537,16980,3443,1686,1272,2635,6544,7788,12374,19511,30264,45951,65297,29348,3302,3242,3481,4307,5331,7043,8666,10845,13910,16354,19896,26055,33021,32276,21283,8065,18666,3907,1387
Oceania (UN),2009,241323,13482,16938,3456,1720,1311,2642,6658,7890,12763,20000,30863,45107,65038,28991,3326,3332,3532,4358,5457,7306,9117,10883,14256,16607,20162,24945,32274,32764,20802,8189,18658,3953,1402
Oceania (UN),2010,243110,13444,16810,3366,1679,1278,2606,6537,7765,12645,20152,30988,44704,66034,30427,3310,3227,3453,4312,5341,7304,9108,11044,14239,16749,20356,24348,32398,33636,21763,8664,18489,3884,1485
Oceania (UN),2011,249038,13240,16530,3290,1616,1228,2509,6526,7676,12566,20654,32015,45686,67742,32697,3306,3220,3484,4192,5381,7185,9274,11380,14749,17266,20843,24843,32530,35212,23462,9235,18146,3737,1592
Oceania (UN),2012,252882,13001,16272,3271,1611,1240,2542,6517,7520,12560,20835,32544,46190,68575,34756,3278,3239,3432,4088,5422,7138,9457,11378,14645,17899,21011,25179,32635,35940,25104,9652,17883,3782,1720
Oceania (UN),2013,252900,12959,16158,3199,1589,1213,2446,6370,7582,12719,21676,33597,46322,67269,34234,3183,3187,3442,4140,5439,7280,9762,11914,14855,18742,21232,25090,31650,35619,24996,9238,17747,3659,1725
Oceania (UN),2014,259935,12762,15896,3134,1594,1195,2398,6441,7772,12873,22222,34499,48294,68418,36431,3212,3229,3536,4236,5582,7291,9978,12244,15265,19234,22097,26197,32006,36412,26786,9645,17490,3593,1900
Oceania (UN),2015,264406,12505,15591,3086,1533,1186,2395,6346,7706,13016,22862,34997,49194,69243,38291,3123,3223,3501,4205,5609,7407,10196,12666,15469,19528,22483,26711,32005,37238,28040,10251,17124,3581,2046
Oceania (UN),2016,267501,12255,15263,3008,1512,1179,2343,6489,7860,13042,23024,35500,50420,69152,39524,3213,3276,3631,4229,5572,7470,10153,12871,15662,19838,23255,27165,32068,37084,28489,11035,16775,3522,2193
Oceania (UN),2017,270970,12126,15044,2918,1503,1187,2379,6405,7877,13061,23137,35930,51914,69370,40882,3145,3260,3601,4276,5504,7557,10048,13089,15905,20025,24157,27757,32131,37239,29122,11760,16547,3566,2279
Oceania (UN),2018,271264,11907,14726,2819,1489,1196,2434,6456,8026,13039,23659,36529,52531,67548,41219,3182,3274,3608,4418,5456,7583,10147,13512,16483,20046,24783,27748,31768,35780,28943,12276,16215,3630,2411
Oceania (UN),2019,280924,11602,14342,2740,1446,1167,2436,6872,8204,13685,24253,38178,55140,68937,43719,3378,3494,3716,4488,5693,7992,10248,14005,17380,20798,26022,29118,33062,35875,30890,12829,15788,3603,2544
Oceania (UN),2020,278401,11345,14005,2660,1424,1089,2079,5520,6446,11381,21758,37220,57044,71793,45894,2741,2779,2921,3525,4590,6791,9037,12721,16789,20431,26741,30303,34705,37088,32147,13747,15429,3168,2748
Oceania (UN),2021,289468,11084,13658,2574,1402,1049,1958,5178,6273,11476,22522,39535,60252,75027,47992,2585,2593,2775,3498,4652,6824,9410,13112,17867,21668,28077,32175,36785,38242,33048,14944,15060,3007,3145
Oman,1950,16367,6682,11388,4706,737,317,301,691,585,522,498,585,562,172,6,363,328,301,284,273,249,253,245,285,300,314,248,130,42,6,0,12125,618,0
Oman,1951,16475,6833,11405,4572,744,318,304,696,590,529,513,600,580,190,9,366,330,303,287,275,254,260,253,292,308,321,259,143,47,8,1,12149,622,0
Oman,1952,16524,6830,11369,4539,741,321,308,700,592,536,527,614,599,207,10,368,332,304,288,279,257,266,261,298,316,330,269,155,52,9,1,12110,629,0
Oman,1953,16539,6828,11345,4517,715,319,309,699,591,540,538,626,615,225,12,368,331,304,287,279,261,269,269,303,323,336,279,168,57,11,1,12060,628,0
Oman,1954,16618,6847,11377,4530,683,322,312,702,596,548,552,641,632,240,12,371,331,307,289,284,264,274,278,310,331,345,287,177,63,12,0,12060,634,0
Oman,1955,16672,6857,11386,4529,664,324,314,702,594,551,562,655,651,254,16,373,329,306,288,284,267,278,284,318,337,355,296,185,69,15,1,12050,638,0
Oman,1956,16748,6876,11389,4513,660,326,316,704,599,557,575,673,664,270,17,374,330,307,292,287,270,283,292,327,346,361,303,195,75,16,1,12049,642,0
Oman,1957,16805,6880,11357,4477,654,327,321,718,604,560,586,690,681,283,18,383,335,310,294,287,273,287,299,338,352,370,311,202,81,17,1,12011,648,0
Oman,1958,16807,6883,11319,4436,658,320,321,713,599,562,595,706,698,295,21,381,332,306,293,287,275,292,303,348,358,380,318,209,86,19,2,11977,641,0
Oman,1959,16829,6890,11296,4406,664,309,323,712,596,562,600,724,714,306,24,381,331,304,292,286,276,293,307,358,366,389,325,215,91,22,2,11960,632,0
Oman,1960,16409,6718,10891,4173,645,291,318,700,585,558,606,740,731,317,25,376,324,298,287,282,276,296,310,365,375,397,334,221,96,23,2,11536,609,0
Oman,1961,16003,6555,10533,3978,625,275,312,679,568,550,607,754,743,324,27,365,314,288,280,277,273,294,313,371,383,403,340,225,99,24,3,11158,587,0
Oman,1962,15603,6383,10187,3804,605,262,304,659,548,540,608,770,756,334,29,354,305,278,270,272,268,294,314,376,394,408,348,231,103,26,3,10792,566,0
Oman,1963,15272,6224,9868,3644,592,255,295,646,536,534,613,787,771,346,32,347,299,271,265,268,266,294,319,381,406,415,356,238,108,28,4,10460,550,0
Oman,1964,14923,6066,9550,3484,579,251,279,631,520,525,612,801,786,353,35,339,292,264,256,263,262,293,319,385,416,423,363,242,111,31,4,10129,530,0
Oman,1965,14592,5905,9231,3326,567,248,266,619,510,520,616,814,804,362,36,333,286,259,251,259,261,294,322,389,425,433,371,248,114,32,4,9798,514,0
Oman,1966,14267,5744,8911,3167,557,243,254,609,500,513,619,832,824,370,36,328,281,254,246,254,259,293,326,395,437,446,378,254,116,32,4,9468,497,0
Oman,1967,13927,5586,8597,3011,546,237,243,590,488,505,617,841,845,380,39,318,272,248,240,249,256,291,326,398,443,459,386,260,120,34,5,9143,480,0
Oman,1968,13578,5431,8278,2847,531,232,236,569,476,496,615,850,863,387,41,304,265,241,235,243,253,288,327,401,449,470,393,265,122,36,5,8809,468,0
Oman,1969,13265,5274,7963,2689,518,230,239,548,468,494,618,863,887,397,42,287,261,237,231,240,254,289,329,407,456,486,401,272,125,36,6,8481,469,0
Oman,1970,13034,5136,7689,2553,508,227,240,541,466,492,624,879,915,408,43,279,262,236,230,238,254,291,333,413,466,500,415,279,129,37,6,8197,467,0
Oman,1971,12708,5006,7413,2407,488,221,235,514,452,480,620,885,935,417,46,262,252,229,223,231,249,287,333,414,471,510,425,284,133,39,7,7901,456,0
Oman,1972,12617,4880,7142,2262,469,219,250,570,486,500,635,904,967,429,46,288,282,249,237,242,258,296,339,422,482,524,443,292,137,39,7,7611,469,1
Oman,1973,12316,4778,6911,2133,447,213,242,540,468,485,629,908,985,436,47,276,264,238,230,234,251,292,337,422,486,529,456,297,139,40,7,7358,455,1
Oman,1974,12046,4685,6688,2003,426,207,239,517,456,475,623,912,1003,446,49,273,244,231,225,229,246,289,334,422,490,535,468,302,144,42,7,7114,446,1
Oman,1975,11933,4668,6556,1888,409,202,239,510,454,474,628,924,1030,460,50,275,235,231,223,228,246,289,339,427,497,545,485,313,147,43,7,6965,441,1
Oman,1976,11561,4643,6418,1775,383,191,215,421,398,441,608,916,1044,471,50,228,193,199,199,210,231,279,329,420,496,550,494,321,150,43,7,6801,406,1
Oman,1977,11542,4618,6323,1705,381,191,218,421,402,446,614,931,1075,487,51,230,191,200,202,213,233,280,334,425,506,564,511,335,152,44,7,6704,409,1
Oman,1978,11292,4529,6109,1580,343,175,210,416,392,442,615,935,1094,507,54,228,188,195,197,210,232,279,336,425,510,572,522,350,157,46,8,6452,385,1
Oman,1979,11050,4441,5923,1482,317,162,199,403,373,434,607,936,1113,524,56,218,185,181,192,206,228,274,333,425,511,579,534,364,160,48,8,6240,361,1
Oman,1980,10827,4330,5710,1380,298,152,193,396,365,432,607,941,1131,544,57,214,182,174,191,204,228,273,334,425,516,586,545,377,167,49,8,6008,345,1
Oman,1981,10610,4197,5479,1282,286,145,187,389,357,432,611,948,1155,566,58,209,180,168,189,204,228,275,336,428,520,595,560,391,175,50,8,5765,332,1
Oman,1982,10293,4026,5202,1176,263,133,176,374,345,427,604,949,1173,587,61,199,175,160,185,200,227,270,334,428,521,602,571,404,183,52,9,5465,309,1
Oman,1983,9955,3827,4903,1076,246,124,165,355,331,420,601,948,1188,607,62,189,166,154,177,196,224,270,331,427,521,606,582,414,193,52,10,5149,289,1
Oman,1984,9658,3594,4574,980,233,118,160,345,324,422,606,959,1213,634,66,182,163,154,170,196,226,271,335,432,527,616,597,431,203,56,10,4807,278,1
Oman,1985,9334,3354,4241,887,221,110,153,336,320,424,611,965,1230,656,71,177,159,155,165,196,228,275,336,434,531,621,609,444,212,60,11,4462,263,1
Oman,1986,9075,3074,3862,788,212,111,157,349,335,441,622,974,1251,685,73,182,167,163,172,205,236,280,342,438,536,627,624,462,223,62,11,4074,268,1
Oman,1987,8734,2793,3488,695,201,110,157,351,343,442,626,968,1260,712,77,182,169,167,176,205,237,285,341,434,534,626,634,478,234,66,11,3689,267,1
Oman,1988,8487,2538,3149,611,192,107,159,355,358,459,638,974,1271,739,81,183,172,174,184,213,246,292,346,436,538,627,644,494,245,70,11,3341,266,1
Oman,1989,8308,2303,2846,543,180,105,162,363,379,482,662,986,1281,772,87,187,176,181,198,224,258,304,358,441,545,629,652,514,258,75,12,3026,267,1
Oman,1990,8118,2089,2567,478,169,102,163,365,395,503,682,991,1286,802,93,187,178,187,208,233,270,315,367,446,545,632,654,530,272,81,12,2736,265,1
Oman,1991,8060,1893,2316,423,159,102,166,381,425,548,722,1013,1299,832,99,195,186,200,225,253,295,335,387,458,555,641,658,546,286,86,13,2475,268,1
Oman,1992,7980,1705,2081,376,149,102,165,383,443,589,761,1033,1309,859,107,196,187,205,238,273,316,355,406,471,562,648,661,557,302,92,15,2230,267,1
Oman,1993,7894,1538,1869,331,138,99,162,382,457,626,799,1051,1314,883,114,195,187,209,248,290,336,374,425,485,566,655,659,565,318,97,17,2007,261,1
Oman,1994,7987,1386,1678,292,132,99,165,400,492,693,868,1096,1335,907,122,203,197,222,270,320,373,410,458,512,584,667,668,572,335,104,18,1810,264,1
Oman,1995,7735,1252,1512,260,120,95,163,377,455,669,858,1086,1343,926,131,193,184,204,251,306,363,406,452,510,576,663,680,576,350,112,19,1632,258,2
Oman,1996,7748,1144,1378,234,115,92,170,384,461,685,888,1110,1368,952,143,197,187,207,254,312,373,421,467,525,585,667,701,588,364,122,21,1493,262,2
Oman,1997,7743,1050,1261,211,108,91,177,396,461,694,911,1126,1383,978,153,205,191,207,254,315,379,433,478,534,592,667,716,600,378,131,22,1369,268,2
Oman,1998,7520,968,1157,189,98,84,171,378,434,665,890,1108,1368,997,165,196,182,196,238,300,365,420,470,527,581,652,716,609,388,139,26,1255,255,2
Oman,1999,7511,895,1066,171,94,83,175,393,439,669,901,1117,1361,1029,177,205,188,198,241,301,368,425,476,532,585,647,714,632,397,149,28,1160,258,2
Oman,2000,7430,816,973,157,88,79,174,403,436,663,900,1116,1343,1063,191,210,193,198,238,298,365,424,476,533,583,641,702,653,410,161,30,1061,253,3
Oman,2001,7303,752,897,145,82,77,169,403,429,651,880,1104,1315,1090,204,210,193,196,233,291,360,414,466,526,578,632,683,667,423,170,34,979,246,3
Oman,2002,7340,698,835,137,81,77,172,424,449,668,886,1112,1298,1118,217,219,205,208,241,300,368,418,468,531,581,630,668,678,440,182,35,916,249,3
Oman,2003,7226,658,790,132,79,75,166,421,456,665,866,1090,1260,1129,227,215,206,211,245,299,366,411,455,518,572,616,644,671,458,188,39,869,241,4
Oman,2004,7152,619,738,119,69,69,163,430,469,674,856,1073,1228,1138,241,216,214,219,250,304,370,410,446,508,565,603,625,655,483,198,43,807,232,4
Oman,2005,7328,592,704,112,68,69,171,454,485,694,886,1113,1276,1153,252,231,223,229,256,309,385,425,461,517,596,616,660,646,507,207,45,772,240,4
Oman,2006,7494,569,677,108,63,66,174,481,498,709,916,1142,1323,1171,269,248,233,236,262,313,396,440,476,521,621,634,689,646,525,218,51,740,240,5
Oman,2007,7751,570,692,122,73,71,177,517,521,730,946,1164,1371,1198,281,264,253,248,273,322,408,458,488,528,636,664,707,665,533,228,53,765,248,5
Oman,2008,7881,578,685,107,59,60,169,538,537,736,971,1174,1416,1233,297,268,270,256,281,326,410,477,494,540,634,710,706,698,535,241,56,744,229,6
Oman,2009,8075,610,718,108,57,59,163,559,560,746,995,1174,1454,1268,315,269,290,269,291,335,411,498,497,555,619,763,691,738,530,256,59,775,222,7
Oman,2010,7110,645,758,113,50,46,118,399,406,549,808,1005,1375,1257,334,187,212,196,210,245,304,401,407,480,525,734,641,737,520,271,63,808,164,7
Oman,2011,7556,685,805,120,48,42,109,452,445,585,887,1075,1477,1281,347,212,240,219,226,262,323,434,453,502,573,756,721,753,528,281,66,853,151,8
Oman,2012,7912,726,848,122,44,37,95,462,468,611,950,1137,1579,1313,357,203,259,233,235,274,337,451,499,514,623,767,812,767,546,288,69,892,132,8
Oman,2013,8518,769,897,128,44,36,88,484,530,675,1060,1237,1716,1381,361,189,295,267,263,303,372,486,574,554,683,816,900,802,579,287,74,941,124,9
Oman,2014,8914,804,935,131,45,34,80,468,567,709,1127,1295,1814,1462,366,164,304,286,281,318,391,499,628,584,711,862,952,845,617,287,79,980,114,9
Oman,2015,9102,832,971,139,46,34,75,432,570,707,1130,1321,1885,1545,374,145,287,286,284,317,390,491,639,596,725,891,994,900,645,289,85,1017,109,10
Oman,2016,9355,852,999,147,47,34,69,416,584,721,1132,1354,1972,1634,385,140,276,292,292,322,399,491,641,610,744,927,1045,967,667,297,88,1046,103,10
Oman,2017,9788,867,1018,151,48,35,69,423,631,775,1176,1425,2040,1731,402,143,280,312,319,347,428,517,659,659,766,958,1082,1037,694,313,89,1066,104,11
Oman,2018,10054,868,1026,158,52,36,70,404,651,806,1199,1492,2064,1817,424,137,267,318,333,362,444,533,666,719,773,967,1097,1085,732,335,89,1078,106,12
Oman,2019,10267,851,1012,161,54,38,71,374,655,835,1214,1557,2095,1900,448,128,246,313,342,379,456,545,669,761,796,981,1114,1120,780,359,89,1066,109,12
Oman,2020,13991,821,983,162,56,41,83,374,795,1137,1708,2507,3034,2699,559,130,244,355,440,517,620,764,944,1172,1335,1504,1530,1555,1144,457,102,1039,124,14
Oman,2021,17206,772,933,161,71,55,133,571,1134,1552,2166,3240,3696,3044,594,205,366,508,626,720,832,996,1170,1453,1787,1931,1765,1703,1341,487,107,1004,188,15
Pakistan,1950,1173219,438120,635621,197501,31277,19775,23306,52047,48704,45313,51006,74945,104405,72934,13839,26585,25462,24699,24005,22904,22409,24050,26956,34361,40584,48867,55538,45497,27437,11154,2685,666898,43081,43
Pakistan,1951,1121858,423008,603765,180757,30386,19424,23005,51358,48140,44942,50132,72167,97927,68150,12319,26244,25114,24382,23758,22714,22228,23817,26315,33173,38994,46110,51817,42819,25331,10089,2230,634151,42429,141
Pakistan,1952,1089817,416742,585740,168998,29756,19270,22829,50951,47797,44908,49865,70207,92688,64537,11047,26074,24877,24195,23602,22731,22177,23881,25984,32308,37899,44129,48559,40915,23622,9050,1997,615496,42099,219
Pakistan,1953,1063098,410746,572022,161276,28952,19118,22624,50466,47340,44794,49692,68394,87974,61420,10063,25873,24593,23968,23372,22726,22068,23978,25714,31492,36902,42456,45518,39250,22170,8275,1788,600974,41742,238
Pakistan,1954,1044277,405214,560864,155650,28362,19190,22708,50618,47486,45209,50040,67212,84361,58682,9330,25985,24633,24041,23445,22976,22233,24291,25749,31022,36190,41232,43129,37637,21045,7752,1578,589226,41898,214
Pakistan,1955,1022153,399743,550709,150966,27217,18866,22445,49940,46831,44968,49904,65668,80871,55810,8745,25666,24274,23695,23136,22829,22139,24287,25617,30414,35254,39907,40964,35750,20060,7306,1439,577926,41311,175
Pakistan,1956,1008574,395051,542347,147296,26728,18784,22541,50037,46888,45338,50394,64932,78612,53534,8288,25728,24309,23704,23184,22968,22370,24537,25857,30227,34705,39101,39511,34122,19412,6948,1340,569075,41325,153
Pakistan,1957,993703,390722,534502,143780,26285,18461,22450,49666,46473,45319,50622,64045,76564,51315,7848,25539,24127,23463,23010,22851,22468,24559,26063,29988,34057,38324,38240,32417,18898,6612,1236,560787,40911,147
Pakistan,1958,981704,387022,527484,140462,26148,18093,22429,49481,46255,45501,51063,63452,74937,49261,7466,25433,24048,23314,22941,22815,22686,24651,26412,29915,33537,37699,37238,30836,18425,6313,1153,553632,40522,136
Pakistan,1959,970149,383670,521012,137342,26148,17593,22336,49199,45927,45553,51428,62978,73401,47289,7163,25293,23906,23118,22809,22724,22829,24725,26703,29901,33077,37058,36343,29460,17829,6070,1093,547160,39929,120
Pakistan,1960,961020,380663,515321,134658,26376,17097,22223,49042,45699,45670,51916,62881,72161,45592,6934,25232,23810,22987,22712,22689,22981,24899,27017,30054,32827,36523,35638,28413,17179,5891,1043,541697,39320,109
Pakistan,1961,951411,377877,509639,131762,26495,16550,21931,48661,45247,45547,52289,62945,71108,44132,6763,25070,23591,22756,22491,22546,23001,25046,27243,30280,32665,36032,35076,27612,16520,5764,999,536134,38481,101
Pakistan,1962,939942,374219,503045,128826,26608,16129,21517,47983,44559,45239,52532,63111,70039,42651,6463,24782,23201,22411,22148,22326,22913,25182,27350,30579,32532,35494,34545,26888,15763,5590,873,529653,37646,71
Pakistan,1963,922383,370468,496775,126307,25827,15365,20398,46096,42806,44109,52089,62806,68629,41214,6213,23878,22218,21511,21295,21670,22439,24987,27102,30600,32206,34744,33885,26191,15023,5426,787,522602,35763,53
Pakistan,1964,907551,367225,492084,124859,25046,14786,19216,44196,41001,42893,51647,62727,67648,40251,6022,22947,21249,20582,20419,20963,21930,24744,26903,30651,32076,34242,33406,25747,14504,5283,739,517130,34002,36
Pakistan,1965,897333,366300,491670,125370,25241,14618,17986,42066,39036,41533,51049,62469,66550,39302,5781,21838,20228,19561,19475,20168,21365,24373,26676,30531,31938,33743,32807,25263,14039,5080,701,516911,32604,28
Pakistan,1966,869523,363369,484604,121235,21733,12909,16073,38811,36005,39059,49476,61561,65210,38494,5564,20099,18712,18006,17999,18803,20256,23446,26030,29970,31591,33122,32088,24817,13677,4885,679,506337,28982,21
Pakistan,1967,854112,363089,483234,120145,20100,12077,14658,35825,33448,37187,48476,61220,64426,38058,5386,18475,17350,16650,16798,17731,19456,22767,25709,29606,31614,32821,31605,24593,13465,4718,668,503334,26735,18
Pakistan,1968,840624,363042,482401,119359,18555,11284,13507,33019,31073,35391,47517,60981,63868,37779,5235,16911,16108,15396,15677,16707,18684,22084,25433,29241,31740,32655,31213,24447,13332,4576,659,500956,24791,14
Pakistan,1969,831202,363013,482001,118988,17236,10619,12688,30630,29164,33997,46908,61156,63895,37756,5138,15541,15089,14393,14771,15900,18097,21593,25315,29112,32044,32798,31097,24441,13315,4493,645,499237,23307,14
Pakistan,1970,818806,364671,483170,118499,15315,9582,11613,27386,26549,32007,45710,60837,63844,37705,5077,13765,13621,13037,13512,14785,17222,20830,24880,28763,32074,32868,30976,24384,13321,4446,631,498485,21195,12
Pakistan,1971,985142,382970,525650,142680,25808,14400,20131,53325,45211,47083,59722,74286,73805,40522,5190,26724,26601,23054,22157,22499,24584,27805,31917,35572,38714,38692,35113,26435,14087,4567,623,551458,34531,12
Pakistan,1972,838978,370760,488410,117650,15949,10207,12530,27789,27565,33311,48058,64616,67107,38427,4996,13836,13953,13569,13996,15375,17936,21819,26239,30614,34002,35018,32089,24842,13585,4418,578,504359,22737,10
Pakistan,1973,852459,375790,494137,118347,16150,10460,12935,28000,27994,33887,49128,66544,69226,38983,5003,14018,13982,13810,14184,15635,18252,22284,26844,31612,34932,36346,32880,25184,13799,4448,555,510287,23395,10
Pakistan,1974,874080,380363,499808,119445,17042,11240,13966,29710,29613,35400,51062,69318,72041,39797,5073,15098,14612,14681,14932,16387,19013,23184,27878,33024,36294,38007,34034,25730,14067,4516,557,516850,25206,9
Pakistan,1975,882423,385151,504819,119668,16409,10839,13882,29324,29377,35425,51628,70919,74130,40473,5188,15183,14141,14527,14850,16354,19071,23375,28253,33746,37173,39154,34976,26195,14278,4603,585,521228,24721,9
Pakistan,1976,900018,391510,512413,120903,16606,11025,14299,29922,29895,36163,52877,73206,76801,41411,5386,15786,14136,14736,15159,16679,19484,23905,28972,34764,38442,40535,36266,26856,14555,4738,648,529019,25324,14
Pakistan,1977,922294,399703,522053,122350,16995,11294,14818,30929,30715,37241,54450,75848,79788,42506,5622,16538,14391,15061,15654,17165,20076,24589,29861,35891,39957,41968,37820,27638,14868,4899,723,539048,26112,32
Pakistan,1978,934553,408590,532498,123908,16488,10958,14474,30001,29707,36846,54704,77351,82100,43507,5862,16161,13840,14385,15322,16873,19973,24587,30117,36352,40999,42929,39171,28352,15155,5063,799,548986,25432,56
Pakistan,1979,950235,417877,543595,125718,15958,10582,14246,29919,29144,36892,55279,79049,84649,44745,6095,16158,13761,13922,15222,16822,20070,24762,30517,36927,42122,44045,40604,29235,15510,5225,870,559553,24828,81
Pakistan,1980,970044,430662,558716,128054,15354,10142,13947,29965,28483,36784,55658,80554,87255,46351,6675,16132,13833,13448,15035,16717,20067,24848,30810,37430,43124,45242,42013,30308,16043,5545,1130,574070,24089,161
Pakistan,1981,1001060,449638,580802,131164,14801,9724,13686,30495,28297,37132,56465,82435,90383,48654,7838,16301,14194,13269,15028,16850,20282,25161,31304,38149,44286,46762,43621,31769,16885,6154,1684,595603,23410,345
Pakistan,1982,1035663,469178,604133,134955,14549,9489,13588,31319,28556,37842,57611,84615,93800,51076,8591,16615,14704,13381,15175,17188,20654,25661,31950,39063,45552,48546,45254,33385,17691,6597,1994,618682,23077,494
Pakistan,1983,1057064,484143,623385,139242,13821,8949,12933,30599,27682,37545,57773,85732,96403,53046,8665,16122,14477,13009,14673,17010,20535,25677,32096,39462,46270,49939,46464,34779,18267,6730,1935,637206,21882,527
Pakistan,1984,1075240,493100,635864,142764,13611,8752,12608,30337,27375,37785,58468,87393,99400,54926,8274,15875,14462,13000,14375,17093,20692,25956,32512,40141,47252,51520,47880,36153,18773,6648,1626,649475,21360,448
Pakistan,1985,1100992,498170,643001,144831,14813,9507,13476,32408,29081,39388,60405,90454,103553,56977,7637,16818,15590,14147,14934,17888,21500,26848,33557,41520,48934,53687,49866,37670,19307,6450,1187,657814,22983,286
Pakistan,1986,1131849,507001,653111,146110,15927,10120,14181,34357,30876,41170,62599,93680,107955,59597,8026,17686,16671,15327,15549,18720,22450,27865,34734,42971,50709,55866,52089,39359,20238,6718,1308,669038,24301,254
Pakistan,1987,1185062,516081,663059,146978,19078,11903,16307,39606,35596,45759,67685,99925,114702,62896,8305,20264,19342,17962,17634,20946,24813,30301,37384,45952,53973,59276,55426,41491,21405,6965,1340,682137,28210,238
Pakistan,1988,1208574,524540,673085,148545,19339,11892,16298,39833,36379,46790,69426,102531,118634,65403,8712,20284,19549,18440,17939,21206,25584,31063,38363,47054,55477,61014,57620,42972,22431,7265,1447,692424,28190,255
Pakistan,1989,1229672,530445,679970,149525,19801,12063,16503,40257,37500,47717,71191,105154,122526,67852,8892,20422,19835,19003,18497,21380,26337,31856,39335,48182,56972,62760,59766,44484,23368,7476,1416,699771,28566,245
Pakistan,1990,1238482,533264,683539,150275,19322,11735,16106,39149,37402,47463,72017,106753,125588,70135,9052,19827,19322,18812,18590,20949,26514,32199,39818,48799,57954,64089,61499,45929,24206,7689,1363,702861,27841,219
Pakistan,1991,1256930,533780,684029,150249,20195,12314,16704,40090,39175,48504,74099,109728,129756,72881,9267,20278,19812,19595,19580,21277,27227,33188,40911,50143,59585,66076,63680,47752,25129,7945,1322,704224,29018,189
Pakistan,1992,1290628,532429,681817,149388,22982,14066,18594,43897,43512,51669,78203,114725,135369,76113,9529,22202,21695,21718,21794,22801,28868,35238,42965,52570,62155,68946,66423,50001,26112,8242,1287,704799,32660,158
Pakistan,1993,1309418,520909,667616,146707,25932,16009,20467,47014,47351,54809,82532,119861,140716,78547,8492,23866,23148,23482,23869,24447,30362,37423,45109,55110,64751,71787,68929,51983,26564,7882,610,693548,36476,69
Pakistan,1994,1321834,514146,657698,143552,26737,16753,21343,48628,49330,56572,85444,123414,145037,81613,9227,24829,23799,24287,25043,25591,30981,38860,46584,56810,66604,73967,71070,54014,27599,8400,827,684435,38096,35
Pakistan,1995,1355586,506243,646067,139824,30172,19095,23949,53705,54576,61254,91055,129692,151328,85057,9608,27591,26114,26739,27837,28432,32822,41600,49455,59921,69771,77256,74072,56342,28715,8722,886,676239,43044,21
Pakistan,1996,1351457,498853,634542,135689,29289,18832,23786,52629,53786,61479,92258,131754,154515,87948,10562,27203,25426,26072,27714,28927,32552,41977,50281,60801,70953,78728,75787,58039,29909,9317,1245,663831,42618,73
Pakistan,1997,1363688,490563,622248,131685,30090,19592,24916,54348,55464,63989,95504,135884,159210,91163,11174,28231,26117,26686,28778,30514,33475,43302,52202,62720,73164,81024,78186,59968,31195,9755,1419,652338,44508,105
Pakistan,1998,1360060,483324,611382,128058,29025,19208,24920,53725,54544,64553,96490,138052,162410,93900,11717,28036,25689,26048,28496,30876,33677,43308,53182,63602,74450,82462,79948,61510,32390,10156,1561,640407,44128,135
Pakistan,1999,1350165,476207,600182,123975,27329,18453,24514,52349,52736,64608,96490,139599,165079,96437,12230,27419,24930,25014,27722,30757,33851,42721,53769,64208,75391,83622,81457,62942,33495,10558,1672,627511,42967,160
Pakistan,2000,1349760,468599,589219,120620,26489,18240,24715,52413,52138,65867,97257,142354,168765,99358,12763,27539,24874,24644,27494,31108,34759,42539,54718,65469,76885,85364,83401,64688,34670,11000,1763,615708,42955,181
Pakistan,2001,1365265,466069,584135,118066,26040,18245,25200,53811,52658,68279,99106,146383,173633,103200,14238,28356,25455,24893,27765,31956,36323,43005,56101,67402,78981,87747,85886,66960,36240,11908,2330,610175,43445,337
Pakistan,2002,1383913,463350,578913,115563,26336,18707,26146,56131,53977,71075,101426,150875,178645,106571,14730,29684,26447,25604,28373,33026,38049,43918,57508,69656,81219,90309,88336,69101,37470,12390,2340,605249,44853,380
Pakistan,2003,1389323,455525,569100,113575,26253,18826,26541,57049,54106,72936,103229,154970,183094,109081,13939,30342,26707,25700,28406,33556,39380,44899,58330,71746,83224,92638,90456,70885,38196,12274,1665,595353,45367,194
Pakistan,2004,1397637,448377,559956,111579,26037,18786,26888,58112,54323,74755,105355,159432,187923,112035,13915,31075,27037,25876,28447,34034,40721,46421,58934,73935,85497,95132,92791,72866,39169,12465,1450,585993,45674,117
Pakistan,2005,1467794,446991,566741,119750,34009,26014,32557,66148,59709,80773,111310,166642,194494,115210,14124,35658,30490,28831,30878,36665,44108,50234,61076,77452,89190,98718,95776,74986,40224,12725,1399,600750,58571,62
Pakistan,2006,1397071,436892,544061,107169,24205,17578,26101,57167,52320,75230,107895,165365,195483,117343,14276,30721,26446,25034,27286,33383,41847,49206,58689,76308,89057,98856,96627,76234,41109,12956,1320,568266,43679,45
Pakistan,2007,1421100,439021,543966,104945,24363,17670,26834,59900,53759,77235,111280,169972,200863,120622,14605,32151,27749,25871,27888,34023,43212,51486,59794,78071,91901,101513,99350,78311,42311,13267,1338,568329,44504,31
Pakistan,2008,1440035,438874,541899,103025,24110,17540,27217,62130,54817,78518,114670,173915,206181,123994,15018,33257,28873,26503,28314,34352,44166,53443,61227,79180,94735,104104,102077,80403,43591,13654,1364,566009,44757,25
Pakistan,2009,1466094,438190,540741,102551,24857,18032,27752,63682,56034,80143,119557,178787,213013,127929,15552,33942,29740,27110,28924,34854,45289,55749,63808,80513,98274,107593,105420,82905,45024,14111,1441,565598,45784,17
Pakistan,2010,1479575,438337,539834,101497,24164,17636,27414,64379,56191,80015,123002,181004,218227,131444,16253,34240,30139,27249,28942,34596,45419,56978,66024,80556,100448,110241,107986,85069,46375,14663,1590,563998,45050,17
Pakistan,2011,1497860,434939,534067,99128,24097,17769,27511,65494,57402,81050,128025,184859,225126,135580,16863,34725,30769,27903,29499,34974,46076,58822,69203,81619,103240,113873,111253,87721,47859,15194,1669,558164,45280,17
Pakistan,2012,1518663,429533,526590,97057,24411,18108,27971,67711,59456,82576,133254,189329,232531,139637,17062,35799,31912,29067,30389,35679,46897,60736,72518,83369,105960,117898,114633,90447,49190,15502,1560,551001,46079,18
Pakistan,2013,1512911,420798,515729,94931,23767,17643,27179,66222,58712,81376,135187,190876,237439,142432,16332,34896,31326,28802,29910,35106,46270,60947,74240,84354,106522,120645,116794,92400,50032,15063,1269,539496,44822,13
Pakistan,2014,1522217,407173,499259,92086,24156,17877,27569,67506,60355,82512,139397,195544,245136,146174,16715,35390,32116,29762,30593,35751,46761,62256,77141,87598,107946,124769,120367,95047,51127,15600,1115,523415,45446,17
Pakistan,2015,1504820,391813,480542,88729,23297,17183,26608,65141,59059,80821,139905,197248,249692,149093,16212,33949,31192,29171,29888,35040,45781,61722,78183,89894,107354,126907,122785,97006,52087,15217,995,503839,43791,19
Pakistan,2016,1510500,379993,464773,84780,23628,17290,26746,65064,59915,81455,142812,202526,256886,153016,16364,33715,31349,29560,30355,35458,45997,62355,80457,94004,108522,130233,126653,99703,53313,15327,1037,488401,44036,23
Pakistan,2017,1496276,369367,450290,80923,22767,16555,25809,62246,58349,79642,142227,204961,260974,155997,16434,32127,30119,28643,29706,34641,45001,61359,80868,96250,108711,131544,129430,101649,54348,15437,997,473057,42364,26
Pakistan,2018,1508129,359664,436983,77319,22932,16646,26067,62557,59552,80616,144472,211801,268106,161111,17261,32239,30318,29090,30462,35159,45457,61815,82657,100133,111668,133994,134112,104884,56227,16148,1113,459915,42713,26
Pakistan,2019,1514600,350768,424736,73968,22554,16437,25874,62041,60039,80864,145231,218517,273634,166353,18295,31991,30050,29200,30839,35282,45582,61659,83572,103225,115292,135209,138425,108183,58170,16970,1325,447290,42311,24
Pakistan,2020,1606293,342378,413382,71004,22155,16174,23177,54461,57568,85688,162559,259186,305809,185738,20373,28164,26297,26934,30634,36726,48962,67676,94883,121410,137776,152460,153349,120035,65703,18823,1550,435537,39351,24
Pakistan,2021,1660400,333256,401444,68188,22061,16488,24330,58446,61850,90889,169556,278362,319968,195186,21800,30218,28228,29097,32753,39041,51848,70950,98606,129709,148653,158790,161178,126729,68457,19919,1881,423505,40818,21
Palau,1950,151,29,37,8,4,0,3,10,10,10,10,12,29,31,4,5,5,5,5,5,5,5,5,5,7,15,14,21,10,4,0,41,3,0
Palau,1951,148,29,37,8,4,0,3,10,10,10,10,12,30,29,3,5,5,5,5,5,5,5,5,5,7,16,14,19,10,3,0,41,3,0
Palau,1952,145,28,37,9,4,0,4,6,10,10,10,12,28,28,3,3,3,5,5,5,5,5,5,5,7,14,14,17,11,3,0,41,4,0
Palau,1953,141,28,37,9,5,0,5,6,10,10,10,12,26,24,3,4,2,5,5,5,5,5,5,5,7,12,14,13,11,3,0,42,5,0
Palau,1954,139,29,38,9,5,0,5,6,10,10,10,11,26,22,3,5,1,5,5,5,5,5,5,5,6,11,15,11,11,3,0,43,5,0
Palau,1955,139,30,39,9,5,0,5,9,10,10,10,11,25,19,3,5,4,5,5,5,5,5,5,5,6,10,15,10,9,3,0,44,5,0
Palau,1956,140,32,42,10,5,0,5,10,10,10,10,15,23,20,3,5,5,5,5,5,5,5,5,5,10,10,13,10,10,3,0,47,5,0
Palau,1957,140,33,44,11,5,0,5,10,10,10,10,15,22,17,3,5,5,5,5,5,5,5,5,5,10,10,12,9,8,3,0,49,5,0
Palau,1958,141,34,45,11,5,0,5,10,10,10,10,15,20,14,3,5,5,5,5,5,5,5,5,5,10,10,10,9,5,3,0,50,5,0
Palau,1959,141,34,45,11,5,1,4,10,10,10,10,14,20,14,4,5,5,5,5,5,5,5,5,5,9,10,10,9,5,4,0,50,5,0
Palau,1960,141,35,46,11,5,1,4,10,10,10,10,14,20,14,3,5,5,5,5,5,5,5,5,5,9,10,10,9,5,3,0,51,5,0
Palau,1961,141,34,45,11,5,2,4,10,10,10,10,13,20,14,3,5,5,5,5,5,5,5,5,5,8,10,10,9,5,3,0,50,6,0
Palau,1962,141,34,45,11,5,5,5,10,10,10,10,14,20,14,2,5,5,5,5,5,5,5,5,5,9,10,10,9,5,2,0,50,10,0
Palau,1963,141,33,44,11,5,5,5,10,10,10,10,17,19,14,0,5,5,5,5,5,5,5,5,8,9,10,9,9,5,0,0,49,10,0
Palau,1964,141,33,44,11,5,5,5,10,10,10,10,18,21,10,0,5,5,5,5,5,5,5,5,8,10,11,10,5,5,0,0,49,10,0
Palau,1965,143,32,43,11,5,5,5,10,10,10,10,17,22,11,0,5,5,5,5,5,5,5,5,7,10,12,10,6,5,0,0,48,10,0
Palau,1966,143,31,41,10,5,5,5,10,10,10,10,16,25,12,0,5,5,5,5,5,5,5,5,6,10,13,12,7,5,0,0,46,10,0
Palau,1967,143,30,40,10,5,5,5,10,10,10,10,15,27,13,0,5,5,5,5,5,5,5,5,5,10,14,13,8,5,0,0,45,10,0
Palau,1968,142,28,37,9,5,5,5,10,10,10,10,15,25,15,0,5,5,5,5,5,5,5,5,5,10,12,13,10,5,0,0,42,10,0
Palau,1969,142,27,35,8,5,5,5,10,10,10,10,17,20,18,1,5,5,5,5,5,5,5,5,7,10,10,10,10,8,1,0,40,10,0
Palau,1970,141,26,34,8,5,5,5,10,10,10,10,17,19,20,2,5,5,5,5,5,5,5,5,7,10,9,10,10,10,2,0,39,10,0
Palau,1971,139,25,32,7,5,5,5,10,10,10,12,17,20,18,3,5,5,5,5,5,5,7,5,7,10,10,10,10,8,3,0,37,10,0
Palau,1972,140,24,31,7,5,3,5,10,10,10,12,17,20,18,3,5,5,5,5,5,5,6,6,7,10,10,10,10,8,3,0,36,8,0
Palau,1973,140,22,28,6,5,3,5,10,10,10,16,17,22,16,4,5,5,5,5,5,5,7,9,7,10,11,11,10,6,4,0,33,8,0
Palau,1974,139,20,26,6,5,2,5,10,10,10,18,17,27,16,4,5,5,5,5,5,5,8,10,7,10,13,14,10,6,4,0,31,7,0
Palau,1975,135,18,23,5,4,1,5,10,10,10,17,20,24,16,3,5,5,5,5,5,5,7,10,10,10,12,12,10,6,3,0,27,6,0
Palau,1976,131,16,20,4,4,1,5,10,10,10,17,20,22,16,3,5,5,5,5,5,5,7,10,10,10,11,11,10,6,3,0,24,6,0
Palau,1977,128,15,19,4,3,1,5,10,10,10,17,20,21,16,2,5,5,5,5,5,5,7,10,10,10,10,11,10,6,2,0,22,6,0
Palau,1978,126,13,17,4,2,0,5,10,10,10,16,20,20,15,2,5,5,5,5,5,5,6,10,10,10,10,10,10,5,2,0,19,5,0
Palau,1979,124,12,16,4,2,0,5,10,10,10,16,20,20,15,1,5,5,5,5,5,5,6,10,10,10,10,10,10,5,1,0,18,5,0
Palau,1980,123,11,15,4,1,0,5,10,10,10,16,20,21,16,2,5,5,5,5,5,5,6,10,10,10,11,10,10,6,2,0,16,5,0
Palau,1981,123,10,14,4,1,0,5,10,10,10,15,22,22,16,2,5,5,5,5,5,5,5,10,10,12,12,10,10,6,2,0,15,5,0
Palau,1982,125,11,15,4,0,0,5,10,10,10,15,21,23,14,2,5,5,5,5,5,5,5,10,10,11,13,10,9,5,2,0,15,5,0
Palau,1983,127,11,14,3,0,0,4,10,10,10,14,20,24,14,2,5,5,5,5,5,5,5,9,10,10,14,10,9,5,2,0,14,4,0
Palau,1984,130,11,14,3,0,0,4,10,10,10,14,22,24,14,2,5,5,5,5,5,5,5,9,10,12,14,10,9,5,2,0,14,4,0
Palau,1985,134,11,14,3,0,0,4,10,10,10,14,24,25,15,2,5,5,5,5,5,5,5,9,10,14,14,11,10,5,2,0,14,4,0
Palau,1986,138,11,14,3,0,0,4,10,10,10,15,26,26,13,2,5,5,5,5,5,5,5,10,11,15,14,12,8,5,2,0,14,4,0
Palau,1987,144,10,13,3,0,0,4,10,10,11,14,27,30,14,2,5,5,5,5,5,6,5,9,12,15,15,15,9,5,2,0,13,4,0
Palau,1988,151,10,13,3,0,0,4,10,10,12,16,27,30,17,2,5,5,5,5,5,7,7,9,12,15,15,15,12,5,2,0,13,4,0
Palau,1989,158,10,13,3,0,0,4,10,15,16,20,27,30,19,1,5,5,5,10,6,10,10,10,12,15,15,15,13,6,1,0,13,4,0
Palau,1990,165,11,13,2,0,0,4,10,16,20,20,27,30,22,1,5,5,6,10,10,10,10,10,12,15,15,15,15,7,1,0,13,4,0
Palau,1991,167,10,12,2,0,0,4,10,17,20,20,27,30,23,2,5,5,7,10,10,10,10,10,12,15,15,15,15,8,2,0,12,4,0
Palau,1992,168,11,13,2,0,0,4,10,17,20,20,26,30,22,2,5,5,7,10,10,10,10,10,11,15,15,15,14,8,2,0,13,4,0
Palau,1993,169,11,13,2,0,0,4,10,18,20,20,25,31,23,3,5,5,8,10,10,10,10,10,10,15,15,16,14,9,3,0,13,4,0
Palau,1994,170,11,13,2,0,0,3,10,18,20,20,25,34,24,3,5,5,8,10,10,10,10,10,10,15,18,16,15,9,3,0,13,3,0
Palau,1995,171,10,12,2,0,0,3,10,18,20,20,24,36,22,3,5,5,8,10,10,10,10,10,10,14,19,17,13,9,3,0,12,3,0
Palau,1996,172,10,12,2,0,0,3,10,18,20,20,23,37,23,3,5,5,8,10,10,10,10,10,10,13,19,18,14,9,3,0,12,3,0
Palau,1997,174,9,12,3,0,0,3,10,19,20,20,22,36,25,3,5,5,9,10,10,10,10,10,10,12,18,18,15,10,3,0,12,3,0
Palau,1998,174,8,11,3,0,0,3,10,18,20,20,22,35,28,4,5,5,8,10,10,10,10,10,10,12,17,18,15,13,4,0,11,3,0
Palau,1999,175,7,7,0,0,0,3,10,17,20,20,21,35,29,5,5,5,7,10,10,10,10,10,10,11,16,19,15,14,5,0,7,3,0
Palau,2000,175,7,7,0,0,0,2,10,16,20,20,21,35,30,6,5,5,6,10,10,10,10,10,10,11,15,20,15,15,6,0,7,2,0
Palau,2001,173,7,7,0,0,0,1,10,14,20,20,21,34,31,8,5,5,5,9,10,10,10,10,11,10,15,19,16,15,8,0,7,1,0
Palau,2002,172,7,7,0,0,0,1,10,13,20,20,22,33,31,8,5,5,5,8,10,10,10,10,11,11,14,19,17,14,8,0,7,1,0
Palau,2003,174,7,7,0,0,0,0,10,13,20,20,23,32,33,9,5,5,5,8,10,10,10,10,11,12,14,18,19,14,8,1,7,0,0
Palau,2004,178,7,7,0,0,0,0,10,13,20,23,24,31,38,9,5,5,5,8,10,10,13,10,10,14,14,17,20,18,8,1,7,0,0
Palau,2005,186,7,7,0,0,0,1,10,13,21,27,28,32,39,9,5,5,5,8,10,11,15,12,13,15,15,17,20,19,8,1,7,1,0
Palau,2006,189,6,6,0,0,0,2,10,13,23,30,30,32,36,11,5,5,5,8,10,13,15,15,15,15,15,17,20,16,9,2,6,2,0
Palau,2007,191,6,6,0,0,0,3,10,13,24,30,30,31,32,11,5,5,5,8,10,14,15,15,15,15,15,16,16,16,9,2,6,3,0
Palau,2008,194,6,6,0,0,0,4,10,13,25,30,30,30,30,10,5,5,5,8,10,15,15,15,15,15,15,15,15,15,8,2,6,4,0
Palau,2009,196,6,6,0,0,0,4,10,13,25,35,30,30,29,10,5,5,5,8,10,15,15,20,15,15,15,15,15,14,9,1,6,4,0
Palau,2010,199,5,5,0,0,0,4,10,14,26,36,38,32,25,10,5,5,5,9,11,15,16,20,19,19,17,15,15,10,8,2,5,4,0
Palau,2011,203,5,5,0,0,0,4,10,14,26,37,40,34,24,9,5,5,5,9,11,15,17,20,20,20,19,15,14,10,7,2,5,4,0
Palau,2012,206,5,5,0,0,0,4,10,15,26,38,40,35,21,7,5,5,5,10,11,15,18,20,20,20,20,15,13,8,5,2,5,4,0
Palau,2013,210,5,5,0,0,0,4,10,15,27,41,45,36,18,6,5,5,5,10,11,16,20,21,25,20,20,16,10,8,4,2,5,4,0
Palau,2014,220,5,5,0,0,0,4,10,15,29,44,47,38,18,4,5,5,5,10,12,17,20,24,25,22,20,18,11,7,4,0,5,4,0
Palau,2015,226,4,4,0,0,0,4,10,15,30,45,49,43,20,4,5,5,5,10,13,17,20,25,25,24,24,19,12,8,4,0,4,4,0
Palau,2016,230,4,4,0,0,0,3,10,15,30,45,50,45,21,3,5,5,5,10,13,17,20,25,25,25,25,20,13,8,3,0,4,3,0
Palau,2017,232,4,4,0,0,0,3,10,15,29,46,52,46,22,3,5,5,5,10,12,17,21,25,27,25,25,21,13,9,3,0,4,3,0
Palau,2018,233,4,4,0,0,0,3,10,14,27,45,54,47,23,3,5,5,5,9,11,16,20,25,27,27,25,22,15,8,3,0,4,3,0
Palau,2019,233,4,4,0,0,0,3,10,13,27,46,57,47,24,4,5,5,5,8,11,16,21,25,29,28,25,22,16,8,4,0,4,3,0
Palau,2020,231,4,4,0,0,0,3,10,12,25,45,59,48,24,4,5,5,5,7,10,15,20,25,29,30,25,23,16,8,4,0,4,3,0
Palau,2021,228,4,4,0,0,0,2,10,11,24,44,58,48,24,4,5,5,5,6,10,14,19,25,28,30,26,22,16,8,4,0,4,2,0
Palestine,1950,20020,6484,9457,2973,668,420,487,1030,870,937,1364,1894,2077,731,80,541,489,442,428,459,478,594,770,897,997,1148,929,491,240,69,11,10125,907,1
Palestine,1951,20081,6552,9560,3008,676,425,498,1044,871,923,1322,1863,2071,744,78,551,493,446,425,451,472,574,748,891,972,1120,951,516,228,68,10,10236,923,1
Palestine,1952,20057,6585,9610,3025,679,426,507,1054,871,908,1269,1839,2049,761,80,560,494,450,421,443,465,553,716,886,953,1080,969,544,217,69,11,10289,933,1
Palestine,1953,20019,6616,9654,3038,680,425,514,1064,873,893,1219,1818,2014,780,81,570,494,453,420,431,462,538,681,879,939,1034,980,570,210,69,12,10334,939,1
Palestine,1954,19972,6649,9694,3045,680,425,520,1076,876,877,1172,1791,1972,804,77,580,496,457,419,421,456,523,649,866,925,995,977,592,212,66,11,10374,945,1
Palestine,1955,19909,6678,9719,3041,681,423,523,1090,876,862,1133,1762,1930,832,77,589,501,456,420,414,448,511,622,846,916,967,963,609,223,66,11,10400,946,1
Palestine,1956,19829,6700,9733,3033,681,423,524,1104,878,846,1097,1725,1881,859,74,598,506,457,421,408,438,501,596,819,906,943,938,623,236,62,12,10414,947,1
Palestine,1957,19727,6715,9729,3014,681,422,522,1116,878,830,1070,1685,1831,887,71,604,512,455,423,403,427,494,576,783,902,927,904,637,250,59,12,10410,944,1
Palestine,1958,19607,6724,9715,2991,679,417,517,1130,878,816,1047,1641,1783,911,70,610,520,455,423,401,415,489,558,743,898,913,870,648,263,58,12,10394,934,1
Palestine,1959,19469,6726,9687,2961,677,413,514,1143,879,807,1025,1591,1743,919,72,616,527,456,423,401,406,480,545,707,884,903,840,646,273,61,11,10364,927,1
Palestine,1960,19304,6711,9638,2927,673,410,512,1147,882,796,1001,1538,1713,920,75,615,532,457,425,398,398,470,531,676,862,894,819,638,282,64,11,10311,922,1
Palestine,1961,19084,6669,9549,2880,667,406,508,1147,879,786,979,1483,1690,912,79,611,536,458,421,395,391,459,520,650,833,887,803,622,290,68,11,10216,914,1
Palestine,1962,18844,6619,9446,2827,661,400,504,1139,874,779,959,1424,1674,899,84,602,537,458,416,395,384,446,513,627,797,884,790,600,299,73,11,10107,904,1
Palestine,1963,18551,6540,9307,2767,652,393,496,1127,869,773,939,1363,1659,884,87,592,535,459,410,393,380,433,506,608,755,880,779,580,304,76,11,9959,889,1
Palestine,1964,18220,6442,9141,2699,644,388,488,1110,863,764,918,1309,1639,867,90,581,529,458,405,389,375,421,497,591,718,866,773,564,303,79,11,9785,876,1
Palestine,1965,17725,6282,8884,2602,628,377,476,1084,851,751,889,1252,1598,845,94,566,518,453,398,382,369,407,482,570,682,838,760,548,297,82,12,9512,853,1
Palestine,1966,17156,6087,8581,2494,608,365,461,1053,835,736,857,1199,1546,818,95,551,502,444,391,372,364,394,463,552,647,799,747,532,286,83,12,9189,826,1
Palestine,1967,17731,5834,8194,2360,581,358,575,1564,1104,850,899,1196,1511,796,96,833,731,608,496,437,413,421,478,561,635,765,746,521,275,84,12,8775,933,1
Palestine,1968,15595,5547,7765,2218,553,334,422,963,782,682,777,1082,1388,749,96,506,457,415,367,341,341,363,414,507,575,683,705,494,255,83,13,8318,756,1
Palestine,1969,14815,5262,7342,2080,525,318,405,917,755,657,741,1029,1311,722,93,483,434,398,357,328,329,350,391,483,546,635,676,479,243,81,12,7867,723,1
Palestine,1970,14193,5034,6998,1964,501,304,387,884,732,640,715,988,1244,704,92,466,418,384,348,320,320,340,375,465,523,598,646,469,235,79,13,7499,691,1
Palestine,1971,13764,4871,6748,1877,487,295,379,858,715,629,702,962,1194,700,88,451,407,373,342,315,314,335,367,451,511,573,621,468,232,76,12,7235,674,1
Palestine,1972,13516,4777,6592,1815,476,291,374,845,705,626,703,949,1157,707,90,445,400,364,341,315,311,338,365,440,509,560,597,474,233,76,14,7068,665,1
Palestine,1973,31222,4724,6490,1766,471,405,2254,8267,4869,2674,1755,1580,1530,830,96,4433,3834,2782,2087,1531,1143,918,837,779,801,778,752,568,262,80,16,6961,2659,1
Palestine,1974,13077,4677,6399,1722,464,285,366,795,670,617,695,918,1082,698,87,422,373,341,329,313,304,335,360,420,498,537,545,466,232,73,14,6863,651,1
Palestine,1975,12936,4619,6289,1670,456,282,365,788,661,621,700,914,1070,701,88,420,368,336,325,314,307,337,363,418,496,536,534,464,237,74,14,6745,647,1
Palestine,1976,12736,4535,6140,1605,445,275,361,779,651,623,703,906,1063,699,88,417,362,330,321,315,308,337,366,415,491,537,526,455,244,74,14,6585,636,1
Palestine,1977,12507,4432,5970,1538,433,269,358,769,637,625,707,898,1058,691,90,415,354,324,313,314,311,336,371,415,483,538,520,442,249,76,14,6403,627,1
Palestine,1978,12266,4320,5791,1471,421,263,352,763,622,624,709,892,1057,680,92,412,351,316,306,312,312,334,375,416,476,541,516,428,252,78,14,6212,615,1
Palestine,1979,11970,4187,5569,1382,406,254,345,749,604,623,709,889,1055,672,93,405,344,307,297,309,314,334,375,418,471,541,514,418,254,79,14,5975,599,1
Palestine,1980,11689,4061,5356,1295,389,244,335,738,589,619,711,890,1053,664,95,400,338,299,290,304,315,334,377,421,469,539,514,412,252,80,15,5745,579,1
Palestine,1981,11449,3953,5170,1217,375,237,330,726,576,614,715,898,1055,659,99,393,333,292,284,297,317,338,377,427,471,537,518,410,249,83,16,5545,567,1
Palestine,1982,11235,3854,4995,1141,359,229,320,716,562,611,722,906,1058,654,101,388,328,285,277,291,320,343,379,433,473,532,526,409,245,85,16,5354,549,1
Palestine,1983,11006,3747,4800,1053,343,219,315,704,548,606,730,922,1064,652,105,381,323,278,270,286,320,349,381,441,481,529,535,413,239,89,16,5143,534,1
Palestine,1984,10908,3688,4676,988,332,214,309,697,543,606,745,943,1078,660,105,376,321,276,267,283,323,356,389,450,493,535,543,421,239,89,16,5008,523,1
Palestine,1985,10906,3653,4593,940,323,209,307,699,543,609,767,973,1103,674,106,376,323,276,267,282,327,366,401,463,510,547,556,432,242,90,16,4916,516,1
Palestine,1986,10697,3555,4432,877,311,202,298,682,531,603,775,981,1101,678,106,368,314,271,260,278,325,370,405,465,516,547,554,437,241,89,17,4743,500,2
Palestine,1987,10524,3466,4283,817,298,194,289,667,521,593,787,992,1105,689,106,359,308,266,255,274,319,374,413,466,526,552,553,446,243,88,18,4581,483,2
Palestine,1988,10851,3516,4316,800,297,194,300,706,546,615,836,1048,1156,728,107,379,327,281,265,284,331,395,441,490,558,584,572,472,256,89,18,4613,494,2
Palestine,1989,10881,3490,4257,767,290,192,299,705,549,616,857,1075,1187,746,109,378,327,282,267,283,333,402,455,501,574,604,583,483,263,91,18,4547,491,2
Palestine,1990,10781,3484,4226,742,285,187,279,631,513,603,866,1102,1216,763,110,338,293,261,252,275,328,402,464,514,588,622,594,494,269,92,18,4511,466,2
Palestine,1991,10889,3502,4231,729,283,186,273,614,510,606,889,1138,1256,785,113,328,286,259,251,275,331,408,481,533,605,646,610,505,280,95,18,4514,459,2
Palestine,1992,11048,3494,4207,713,281,184,279,634,527,618,913,1176,1304,806,115,338,296,267,260,279,339,414,499,554,622,675,629,514,292,97,18,4488,463,2
Palestine,1993,11202,3447,4146,699,280,184,286,664,547,635,938,1219,1355,826,118,354,310,277,270,289,346,422,516,580,639,702,653,524,302,100,18,4426,470,2
Palestine,1994,11113,3374,4053,679,276,182,268,598,517,625,949,1260,1407,851,120,319,279,258,259,282,343,423,526,600,660,728,679,538,313,102,18,4329,450,2
Palestine,1995,11262,3308,3969,661,275,182,275,626,535,642,976,1310,1466,880,126,333,293,268,267,290,352,433,543,624,686,755,711,557,323,108,18,4244,457,2
Palestine,1996,11297,3242,3887,645,279,183,267,591,521,645,993,1366,1527,909,130,314,277,257,264,291,354,439,554,650,716,782,745,577,332,111,19,4166,450,2
Palestine,1997,11371,3178,3800,622,278,182,262,570,515,653,1013,1427,1590,944,135,303,267,253,262,295,358,449,564,676,751,808,782,601,343,116,19,4078,444,2
Palestine,1998,11568,3148,3752,604,278,183,263,578,522,670,1037,1493,1659,987,143,307,271,255,267,302,368,459,578,704,789,837,822,632,355,123,20,4030,446,2
Palestine,1999,11716,3104,3686,582,276,183,266,578,526,686,1056,1552,1727,1028,149,307,271,256,270,309,377,468,588,727,825,869,858,662,366,127,22,3962,449,2
Palestine,2000,12519,3058,3622,564,275,187,335,850,676,777,1119,1632,1810,1078,155,457,393,343,333,360,417,500,619,761,871,913,897,697,381,132,23,3897,522,2
Palestine,2001,13421,3003,3551,548,270,194,418,1177,855,883,1186,1709,1889,1127,161,635,542,447,408,418,465,533,653,791,918,958,931,732,395,137,24,3821,612,2
Palestine,2002,12739,2964,3533,569,279,196,325,782,643,791,1157,1733,1953,1181,167,419,363,321,322,361,430,513,644,788,945,996,957,768,413,141,26,3812,521,2
Palestine,2003,12974,2846,3358,512,254,190,351,893,695,830,1185,1780,2027,1235,173,483,410,351,344,381,449,528,657,798,982,1042,985,805,430,146,27,3612,541,2
Palestine,2004,13230,2777,3267,490,246,189,368,955,724,858,1212,1823,2111,1294,182,520,435,368,356,393,465,543,669,811,1012,1089,1022,840,454,154,28,3513,557,2
Palestine,2005,12683,2709,3179,470,238,183,298,672,569,784,1191,1839,2191,1349,188,364,308,278,291,346,438,530,661,810,1029,1128,1063,872,477,159,29,3417,481,2
Palestine,2006,13264,2633,3086,453,232,182,347,862,664,847,1241,1892,2296,1412,198,471,391,334,330,379,468,557,684,833,1059,1183,1113,907,505,168,30,3318,529,3
Palestine,2007,13424,2550,2985,435,226,177,350,873,663,859,1269,1928,2405,1477,210,477,396,334,329,381,478,571,698,851,1077,1235,1170,941,536,178,32,3211,527,3
Palestine,2008,13628,2538,2994,456,236,178,342,824,637,857,1300,1966,2523,1547,221,449,375,319,318,375,482,585,715,870,1096,1290,1233,979,568,187,34,3230,520,3
Palestine,2009,13911,2522,2968,446,232,173,343,840,647,871,1339,2007,2631,1622,236,458,382,325,322,379,492,603,736,891,1116,1337,1294,1025,597,201,35,3200,516,3
Palestine,2010,13961,2511,2910,399,211,161,324,801,624,858,1358,2036,2724,1696,250,436,365,312,312,369,489,611,747,904,1132,1372,1352,1071,625,212,38,3121,485,3
Palestine,2011,14188,2477,2869,392,208,159,320,807,625,864,1394,2078,2820,1777,265,439,368,313,312,369,495,626,768,925,1153,1405,1415,1124,653,226,39,3077,479,4
Palestine,2012,14427,2433,2821,388,205,155,312,813,630,868,1428,2126,2911,1866,286,442,371,316,314,369,499,639,789,945,1181,1431,1480,1185,681,243,43,3026,467,4
Palestine,2013,14218,2401,2787,386,202,152,257,610,530,816,1434,2163,2992,1961,305,329,281,257,273,338,478,636,798,964,1199,1450,1542,1249,712,259,46,2989,409,4
Palestine,2014,16831,2508,3091,583,288,194,431,1296,901,1047,1635,2341,3176,2096,324,702,594,470,431,462,585,736,899,1053,1288,1532,1644,1340,756,276,48,3379,625,4
Palestine,2015,14860,2403,2776,373,199,147,249,615,545,830,1514,2286,3170,2181,344,327,288,266,279,344,486,663,851,1020,1266,1514,1656,1389,792,290,54,2975,396,5
Palestine,2016,15208,2343,2709,366,195,144,250,651,572,847,1555,2350,3258,2304,366,342,309,281,291,353,494,676,879,1051,1299,1552,1706,1464,840,308,58,2904,394,5
Palestine,2017,15363,2256,2615,359,193,142,242,626,566,843,1578,2408,3326,2431,388,324,302,276,290,352,491,679,899,1079,1329,1588,1738,1540,891,324,64,2808,384,6
Palestine,2018,15980,2173,2523,350,191,142,277,798,670,897,1631,2481,3389,2561,413,410,388,338,332,384,513,699,932,1115,1366,1621,1768,1614,947,343,70,2714,419,6
Palestine,2019,15875,2118,2477,359,198,142,241,624,585,858,1626,2537,3455,2686,439,315,309,287,298,361,497,688,938,1140,1397,1654,1801,1679,1007,365,74,2675,383,7
Palestine,2020,17535,2039,2369,330,190,139,231,587,594,943,1889,3041,3967,3084,497,294,293,283,311,392,551,785,1104,1375,1666,1932,2035,1907,1177,414,83,2559,370,8
Palestine,2021,19610,2009,2375,366,209,149,252,660,672,1054,2145,3567,4494,3477,551,330,330,322,350,436,618,883,1262,1619,1948,2211,2283,2134,1343,461,90,2584,401,9
Panama,1950,10926,3141,4537,1396,578,207,290,781,725,667,765,1103,799,409,61,394,387,351,374,312,355,378,387,593,510,419,380,266,143,50,11,5115,497,2
Panama,1951,10747,3188,4621,1433,480,181,265,705,669,616,762,1079,856,445,66,352,353,324,345,296,320,373,389,567,512,442,414,288,157,56,10,5101,446,2
Panama,1952,10830,3195,4646,1451,452,182,262,664,652,614,779,1093,923,490,70,331,333,315,337,301,313,372,407,558,535,479,444,316,174,60,10,5098,444,2
Panama,1953,11081,3200,4669,1469,465,196,269,641,653,636,810,1127,1002,534,78,321,320,313,340,316,320,379,431,562,565,527,475,344,190,65,13,5134,465,2
Panama,1954,11365,3191,4676,1485,499,216,282,625,659,665,834,1164,1076,577,84,314,311,316,343,332,333,381,453,567,597,574,502,371,206,70,14,5175,498,2
Panama,1955,11558,3184,4683,1499,532,230,288,610,660,683,845,1185,1138,616,93,308,302,316,344,341,342,382,463,568,617,611,527,396,220,77,16,5215,518,2
Panama,1956,11611,3171,4680,1509,547,230,287,591,645,684,835,1184,1181,650,98,298,293,311,334,340,344,377,458,561,623,632,549,417,233,82,16,5227,517,2
Panama,1957,11567,3161,4682,1521,547,222,281,571,622,670,813,1167,1207,679,102,287,284,302,320,330,340,370,443,549,618,640,567,434,245,85,17,5229,503,2
Panama,1958,11460,3146,4677,1531,539,210,271,551,596,652,788,1142,1221,704,108,276,275,291,305,317,335,361,427,536,606,638,583,449,255,90,18,5216,481,2
Panama,1959,11335,3135,4680,1545,517,197,261,534,567,630,766,1119,1226,723,112,267,267,277,290,303,327,356,410,526,593,631,595,462,261,94,18,5197,458,2
Panama,1960,11218,3125,4685,1560,487,186,251,516,539,616,752,1099,1226,742,114,260,256,261,278,291,325,355,397,519,580,621,605,474,268,96,18,5172,437,2
Panama,1961,11131,3115,4692,1577,454,176,244,502,514,608,745,1088,1227,759,122,255,247,246,268,284,324,358,387,518,570,614,613,483,276,101,21,5146,420,2
Panama,1962,11083,3103,4700,1597,423,169,237,493,498,603,746,1083,1227,773,127,253,240,235,263,277,326,365,381,520,563,608,619,491,282,104,23,5123,406,2
Panama,1963,11078,3084,4704,1620,400,167,234,488,486,605,754,1089,1230,787,131,253,235,226,260,275,330,374,380,527,562,607,623,496,291,108,23,5104,401,3
Panama,1964,11110,3045,4683,1638,395,169,234,487,483,611,772,1103,1238,797,137,253,234,223,260,275,336,385,387,533,570,611,627,498,299,113,24,5078,403,3
Panama,1965,11185,2992,4645,1653,406,173,238,492,485,618,794,1129,1250,809,142,257,235,225,260,277,341,395,399,543,586,622,628,501,308,116,26,5051,411,3
Panama,1966,11329,2948,4609,1661,440,184,247,502,498,628,820,1165,1269,818,150,262,240,233,265,283,345,406,414,551,614,640,629,502,316,123,27,5049,431,3
Panama,1967,11437,2879,4527,1648,477,196,253,508,512,634,847,1203,1293,827,157,264,244,243,269,287,347,413,434,558,645,660,633,503,324,128,29,5004,449,3
Panama,1968,11548,2811,4441,1630,517,207,259,518,527,637,872,1240,1320,840,165,269,249,253,274,291,346,418,454,566,674,680,640,508,332,134,31,4958,466,4
Panama,1969,11602,2738,4335,1597,540,215,262,522,536,636,896,1270,1355,856,174,269,253,261,275,291,345,422,474,577,693,700,655,517,339,140,34,4875,477,4
Panama,1970,11615,2679,4250,1571,539,219,261,524,535,627,909,1289,1395,877,186,270,254,261,274,288,339,419,490,590,699,718,677,530,347,149,37,4789,480,5
Panama,1971,11440,2591,4092,1501,500,210,253,516,518,609,910,1288,1435,904,196,265,251,251,267,280,329,412,498,603,685,731,704,549,355,157,39,4592,463,5
Panama,1972,11281,2513,3951,1438,454,204,244,510,501,592,908,1284,1479,938,209,261,249,241,260,272,320,403,505,616,668,745,734,573,365,166,43,4405,448,6
Panama,1973,11124,2424,3797,1373,407,193,236,504,485,581,907,1286,1523,978,220,259,245,231,254,266,315,396,511,633,653,760,763,601,377,174,46,4204,429,6
Panama,1974,10995,2336,3630,1294,366,186,234,503,475,572,908,1297,1561,1023,231,259,244,225,250,261,311,393,515,649,648,774,787,630,393,182,49,3996,420,7
Panama,1975,10947,2256,3466,1210,339,182,237,511,479,577,917,1324,1595,1070,244,265,246,226,253,263,314,395,522,664,660,789,806,660,410,190,54,3805,419,8
Panama,1976,10975,2186,3310,1124,323,180,244,530,491,594,930,1369,1622,1118,256,277,253,232,259,271,323,403,527,678,691,804,818,687,431,198,58,3633,424,9
Panama,1977,11063,2132,3171,1039,313,178,258,549,509,614,947,1425,1652,1169,267,289,260,242,267,281,333,415,532,691,734,821,831,713,456,205,62,3484,436,10
Panama,1978,11207,2100,3059,959,306,178,273,569,528,639,964,1485,1691,1222,281,302,267,252,276,293,346,428,536,701,784,842,849,739,483,215,66,3365,451,11
Panama,1979,11323,2079,2951,872,296,173,282,584,544,654,970,1540,1741,1275,296,313,271,261,283,301,353,436,534,709,831,867,874,762,513,228,68,3247,455,12
Panama,1980,11436,2079,2878,799,281,168,285,591,553,659,967,1583,1812,1334,316,318,273,265,288,302,357,440,527,715,868,900,912,790,544,243,73,3159,453,13
Panama,1981,11522,2089,2823,734,263,158,280,586,552,652,953,1607,1897,1397,339,316,270,264,288,299,353,437,516,714,893,938,959,820,577,261,78,3086,438,14
Panama,1982,11597,2097,2776,679,246,148,269,580,547,643,937,1620,1994,1462,364,314,266,260,287,293,350,432,505,713,907,981,1013,855,607,282,82,3022,417,16
Panama,1983,11691,2104,2735,631,230,138,258,575,541,632,922,1626,2093,1534,390,311,264,257,284,288,344,425,497,709,917,1025,1068,899,635,302,88,2965,396,17
Panama,1984,11801,2084,2677,593,217,131,251,576,541,629,918,1633,2185,1608,417,309,267,258,283,286,343,423,495,708,925,1066,1119,946,662,324,93,2894,382,18
Panama,1985,11956,2046,2605,559,210,129,249,592,554,642,925,1642,2267,1686,442,313,279,266,288,294,348,424,501,709,933,1102,1165,999,687,344,98,2815,378,18
Panama,1986,12177,2010,2541,531,209,129,256,621,575,664,946,1661,2330,1764,463,321,300,280,295,308,356,429,517,717,944,1130,1200,1052,712,359,104,2750,385,19
Panama,1987,12429,1965,2473,508,210,130,265,664,606,702,980,1682,2381,1839,478,336,328,301,305,329,373,440,540,727,955,1154,1227,1102,737,370,108,2683,395,20
Panama,1988,12731,1926,2421,495,218,137,277,714,648,746,1019,1706,2425,1908,492,353,361,326,322,355,391,455,564,740,966,1178,1247,1145,763,379,113,2639,414,20
Panama,1989,13876,1921,2454,533,241,152,353,1030,846,886,1121,1784,2506,1983,503,511,519,442,404,430,456,504,617,781,1003,1222,1284,1190,793,385,118,2695,505,21
Panama,1990,13169,1849,2313,464,213,139,292,808,728,823,1085,1740,2490,2011,505,388,420,376,352,393,430,483,602,761,979,1217,1273,1199,812,386,119,2526,431,21
Panama,1991,13377,1796,2265,469,213,143,299,847,776,854,1110,1760,2528,2049,512,406,441,405,371,406,448,495,615,771,989,1237,1291,1213,836,389,123,2478,442,22
Panama,1992,13483,1758,2220,462,208,140,294,865,810,874,1127,1771,2557,2072,518,416,449,424,386,411,463,506,621,778,993,1249,1308,1216,856,395,123,2428,434,22
Panama,1993,13526,1722,2173,451,196,135,288,868,839,887,1138,1778,2578,2092,530,419,449,439,400,413,474,514,624,782,996,1254,1324,1218,874,405,125,2369,423,23
Panama,1994,13620,1694,2143,449,192,132,283,872,867,904,1156,1791,2602,2108,545,424,448,453,414,418,486,528,628,788,1003,1257,1345,1220,888,417,128,2335,415,24
Panama,1995,13734,1669,2119,450,190,132,280,869,895,923,1184,1808,2617,2128,562,420,449,466,429,427,496,546,638,797,1011,1251,1366,1225,903,433,129,2309,412,24
Panama,1996,13858,1646,2098,452,190,129,279,867,919,949,1213,1830,2627,2151,581,415,452,476,443,442,507,565,648,808,1022,1244,1383,1235,916,449,132,2288,408,25
Panama,1997,13990,1624,2077,453,191,129,280,858,942,970,1249,1855,2633,2180,601,404,454,485,457,457,513,586,663,823,1032,1236,1397,1253,927,466,135,2268,409,26
Panama,1998,14121,1601,2054,453,192,125,282,847,955,994,1283,1878,2641,2215,624,393,454,487,468,476,518,605,678,837,1041,1232,1409,1276,939,484,140,2246,407,26
Panama,1999,14229,1577,2027,450,190,125,282,831,958,1011,1314,1908,2653,2255,648,382,449,483,475,490,521,618,696,856,1052,1233,1420,1304,951,500,148,2217,407,27
Panama,2000,14307,1549,1995,446,189,120,280,806,952,1018,1335,1933,2676,2301,673,370,436,473,479,496,522,623,712,873,1060,1244,1432,1333,968,517,156,2184,400,28
Panama,2001,14364,1522,1960,438,184,119,277,779,938,1016,1347,1957,2709,2354,696,363,416,458,480,496,520,620,727,891,1066,1264,1445,1364,990,531,165,2144,396,29
Panama,2002,14432,1492,1922,430,178,116,272,755,920,1013,1355,1988,2750,2413,725,358,397,443,477,496,517,612,743,912,1076,1290,1460,1395,1018,548,177,2100,388,31
Panama,2003,14528,1462,1881,419,170,114,270,741,903,1012,1363,2018,2799,2474,754,359,382,430,473,493,519,607,756,932,1086,1321,1478,1424,1050,564,190,2051,384,33
Panama,2004,14721,1450,1861,411,164,114,272,742,893,1021,1384,2054,2847,2548,788,367,375,421,472,495,526,609,775,953,1101,1350,1497,1456,1092,585,203,2025,386,37
Panama,2005,14955,1412,1809,397,157,114,277,764,895,1046,1413,2094,2896,2623,827,384,380,420,475,505,541,620,793,973,1121,1378,1518,1488,1135,610,217,1966,391,42
Panama,2006,15307,1377,1767,390,151,115,291,809,913,1089,1458,2143,2942,2707,873,410,399,430,483,523,566,644,814,997,1146,1399,1543,1523,1184,640,233,1918,406,47
Panama,2007,15729,1351,1730,379,146,119,307,869,934,1140,1516,2199,2995,2795,926,440,429,443,491,542,598,677,839,1022,1177,1424,1571,1563,1232,676,250,1876,426,53
Panama,2008,16248,1338,1713,375,144,122,328,938,963,1199,1584,2260,3056,2892,987,473,465,461,502,565,634,718,866,1049,1211,1451,1605,1608,1284,718,269,1857,450,60
Panama,2009,16721,1308,1669,361,140,126,341,998,989,1248,1648,2324,3124,2993,1053,499,499,478,511,582,666,755,893,1075,1249,1483,1641,1656,1337,765,288,1809,467,68
Panama,2010,17219,1291,1650,359,140,129,348,1035,1008,1281,1711,2398,3216,3103,1125,512,523,492,516,591,690,789,922,1107,1291,1529,1687,1710,1393,816,309,1790,477,76
Panama,2011,17654,1284,1635,351,137,131,347,1037,1010,1291,1762,2477,3319,3220,1200,507,530,498,512,589,702,812,950,1140,1337,1581,1738,1767,1453,867,333,1772,478,84
Panama,2012,18078,1277,1629,352,137,132,339,1020,1006,1289,1810,2560,3437,3347,1279,492,528,501,505,583,706,831,979,1175,1385,1639,1798,1832,1515,920,359,1766,471,93
Panama,2013,18462,1250,1602,352,137,131,331,988,998,1274,1853,2646,3561,3478,1364,471,517,501,497,572,702,845,1008,1211,1435,1699,1862,1899,1579,975,389,1739,462,102
Panama,2014,18867,1227,1579,352,137,129,319,961,992,1264,1895,2733,3683,3617,1452,454,507,504,488,563,701,860,1035,1247,1486,1755,1928,1970,1647,1030,422,1716,448,112
Panama,2015,19268,1197,1549,352,133,126,311,937,979,1257,1938,2814,3797,3755,1545,438,499,500,479,556,701,877,1061,1280,1534,1804,1993,2042,1713,1089,456,1682,437,124
Panama,2016,19720,1165,1517,352,129,123,307,938,980,1266,1989,2898,3903,3896,1639,437,501,503,477,555,711,901,1088,1315,1583,1846,2057,2117,1779,1147,492,1646,430,137
Panama,2017,20234,1134,1484,350,128,122,310,965,1000,1292,2059,2995,4005,4008,1716,450,515,514,486,564,728,932,1127,1360,1635,1888,2117,2180,1828,1191,525,1612,432,149
Panama,2018,20849,1096,1440,344,133,125,321,1040,1060,1341,2147,3126,4115,4076,1761,487,553,542,518,588,753,967,1180,1423,1703,1943,2172,2223,1853,1213,548,1573,446,161
Panama,2019,21641,1055,1394,339,147,136,344,1186,1178,1423,2278,3304,4253,4076,1754,562,624,597,581,630,793,1016,1262,1516,1788,2025,2228,2237,1839,1206,548,1541,480,166
Panama,2020,24662,1034,1379,345,132,145,314,1106,1142,1496,2593,3964,5008,5061,2124,526,580,566,576,650,846,1131,1462,1798,2166,2433,2575,2688,2373,1474,650,1511,459,201
Panama,2021,26382,1003,1324,321,118,141,328,1151,1182,1562,2767,4297,5425,5546,2311,546,605,586,596,673,889,1202,1565,1947,2350,2637,2788,2937,2609,1598,713,1442,469,228
Papua New Guinea,1950,33333,11755,18131,6376,1794,986,1329,3510,2838,1772,1038,967,718,237,20,1798,1712,1537,1301,1031,741,544,494,501,466,417,301,170,67,17,3,19925,2315,0
Papua New Guinea,1951,37769,12209,19199,6990,2289,1404,1701,4191,3416,2165,1217,1086,801,276,25,2146,2045,1848,1568,1250,915,654,563,565,521,465,336,194,82,23,2,21488,3105,0
Papua New Guinea,1952,33493,11900,18164,6264,1731,916,1267,3450,2925,1932,1078,969,748,282,31,1749,1701,1565,1360,1109,823,593,485,498,471,429,319,195,87,28,3,19895,2183,0
Papua New Guinea,1953,33581,11970,18199,6229,1720,891,1230,3393,2944,2006,1124,975,764,298,36,1713,1680,1565,1379,1143,863,633,491,499,476,437,327,205,93,32,4,19919,2121,0
Papua New Guinea,1954,33564,11949,18125,6176,1709,866,1189,3325,2965,2090,1184,989,784,308,36,1670,1655,1564,1401,1180,910,683,501,506,483,447,337,210,98,32,4,19834,2055,0
Papua New Guinea,1955,33634,11938,18057,6119,1715,855,1158,3265,2988,2174,1261,1007,804,314,37,1633,1632,1564,1424,1218,956,738,523,513,494,458,346,215,99,32,5,19772,2013,0
Papua New Guinea,1956,33677,11902,17935,6033,1723,849,1129,3199,3009,2264,1352,1031,826,321,38,1593,1606,1563,1446,1257,1007,796,556,526,505,469,357,220,101,32,6,19658,1978,0
Papua New Guinea,1957,33581,11858,17789,5931,1721,839,1093,3092,2991,2338,1454,1055,848,325,38,1531,1561,1538,1453,1286,1052,849,605,538,517,481,367,223,102,32,6,19510,1932,0
Papua New Guinea,1958,33539,11802,17610,5808,1723,837,1070,3011,2989,2418,1563,1083,869,329,37,1483,1528,1524,1465,1319,1099,903,660,553,530,492,377,227,102,31,6,19333,1907,0
Papua New Guinea,1959,33558,11704,17418,5714,1730,841,1059,2941,2989,2503,1686,1121,895,341,37,1442,1499,1511,1478,1354,1149,962,724,576,545,506,389,236,105,31,6,19148,1900,0
Papua New Guinea,1960,33558,11625,17195,5570,1730,848,1053,2879,2990,2589,1813,1158,916,350,38,1406,1473,1501,1489,1390,1199,1023,790,603,555,517,399,242,108,32,6,18925,1901,1
Papua New Guinea,1961,33539,11556,17014,5458,1721,847,1046,2796,2965,2659,1932,1210,940,367,41,1365,1431,1476,1489,1415,1244,1079,853,643,567,530,410,254,113,35,6,18735,1893,1
Papua New Guinea,1962,33797,11554,16975,5421,1752,864,1059,2782,2973,2729,2016,1234,952,409,54,1360,1422,1475,1498,1443,1286,1123,893,673,561,533,419,275,134,47,7,18727,1923,1
Papua New Guinea,1963,33184,11427,16648,5221,1697,831,1028,2669,2859,2703,2042,1237,948,454,66,1311,1358,1415,1444,1417,1286,1136,906,696,541,526,422,297,157,58,8,18345,1859,1
Papua New Guinea,1964,33000,11355,16471,5116,1686,819,1018,2622,2808,2715,2086,1247,940,500,85,1296,1326,1388,1420,1412,1303,1161,925,721,526,517,423,318,182,74,11,18157,1837,1
Papua New Guinea,1965,32742,11268,16270,5002,1674,804,1004,2583,2752,2712,2117,1248,926,549,106,1285,1298,1361,1391,1399,1313,1179,938,740,508,500,426,338,211,88,18,17944,1808,1
Papua New Guinea,1966,32376,11194,16080,4886,1654,788,982,2522,2671,2679,2137,1250,899,586,125,1263,1259,1320,1351,1369,1310,1190,947,752,498,477,422,352,234,105,20,17734,1770,1
Papua New Guinea,1967,32073,11106,15863,4757,1638,781,965,2485,2608,2663,2175,1271,870,614,139,1249,1236,1286,1322,1349,1314,1209,966,763,508,453,417,360,254,117,22,17501,1746,1
Papua New Guinea,1968,31639,11012,15657,4645,1610,769,944,2424,2525,2611,2187,1284,829,639,159,1221,1203,1244,1281,1311,1300,1212,975,766,518,422,407,366,273,131,28,17267,1713,1
Papua New Guinea,1969,31360,10914,15438,4524,1592,769,934,2399,2475,2582,2225,1316,794,659,172,1208,1191,1217,1258,1287,1295,1229,996,779,537,397,397,371,288,142,30,17030,1703,2
Papua New Guinea,1970,30887,10798,15205,4407,1557,765,912,2331,2393,2521,2246,1343,757,669,186,1171,1160,1175,1218,1247,1274,1234,1012,788,555,377,380,371,298,152,34,16762,1677,2
Papua New Guinea,1971,30722,10670,14999,4329,1549,775,911,2310,2358,2505,2301,1394,736,679,197,1156,1154,1157,1201,1233,1272,1257,1044,816,578,372,364,372,307,160,37,16548,1686,3
Papua New Guinea,1972,30287,10511,14717,4206,1512,768,904,2261,2299,2459,2330,1427,721,681,207,1129,1132,1130,1169,1206,1253,1262,1068,835,592,380,341,368,313,167,40,16229,1672,3
Papua New Guinea,1973,29762,10294,14334,4040,1463,771,901,2188,2236,2432,2428,1496,701,614,191,1093,1095,1096,1140,1187,1245,1293,1135,889,607,391,310,333,281,152,39,15797,1672,3
Papua New Guinea,1974,29283,10058,13953,3895,1412,771,906,2123,2177,2411,2526,1578,691,560,179,1062,1061,1066,1111,1171,1240,1322,1204,950,628,405,286,303,257,140,39,15365,1677,4
Papua New Guinea,1975,28886,9826,13575,3749,1359,767,918,2071,2128,2397,2622,1685,687,510,160,1043,1028,1042,1086,1159,1238,1348,1274,1024,661,421,266,276,234,124,36,14934,1685,4
Papua New Guinea,1976,28572,9625,13241,3616,1312,761,936,2033,2085,2383,2708,1806,694,467,146,1032,1001,1021,1064,1148,1235,1367,1341,1104,702,436,258,252,215,112,34,14553,1697,4
Papua New Guinea,1977,28364,9437,12920,3483,1271,754,955,2014,2054,2377,2792,1952,711,426,133,1033,981,1005,1049,1139,1238,1386,1406,1195,757,447,264,228,198,102,31,14191,1709,4
Papua New Guinea,1978,28114,9251,12616,3365,1226,735,966,1991,2009,2358,2854,2109,738,388,121,1035,956,981,1028,1123,1235,1395,1459,1287,822,462,276,207,181,93,28,13842,1701,4
Papua New Guinea,1979,27976,9072,12329,3257,1191,721,979,1987,1973,2347,2914,2284,777,357,112,1048,939,960,1013,1111,1236,1405,1509,1384,900,488,289,190,167,86,26,13520,1700,4
Papua New Guinea,1980,27910,8922,12077,3155,1159,704,990,1998,1944,2335,2967,2470,827,333,103,1069,929,942,1002,1097,1238,1416,1551,1480,990,523,304,177,156,80,23,13236,1694,4
Papua New Guinea,1981,27963,8833,11896,3063,1127,683,991,2018,1919,2331,3019,2670,893,316,94,1093,925,926,993,1088,1243,1429,1590,1576,1094,574,319,173,143,73,21,13023,1674,3
Papua New Guinea,1982,28236,8793,11795,3002,1117,678,1001,2067,1915,2323,3014,2797,972,395,154,1126,941,923,992,1082,1241,1424,1590,1624,1173,622,350,216,179,116,38,12912,1679,5
Papua New Guinea,1983,28578,8824,11795,2971,1109,675,1001,2111,1912,2314,3011,2918,1055,466,205,1152,959,923,989,1077,1237,1424,1587,1662,1256,678,377,261,205,151,54,12904,1676,7
Papua New Guinea,1984,28939,8828,11747,2919,1100,675,1006,2175,1926,2322,3019,3040,1153,528,245,1183,992,931,995,1083,1239,1432,1587,1696,1344,744,409,301,227,178,67,12847,1681,9
Papua New Guinea,1985,29229,8847,11741,2894,1088,672,1001,2219,1926,2312,3010,3134,1259,581,277,1200,1019,935,991,1079,1233,1431,1579,1713,1421,818,441,335,246,199,78,12829,1673,11
Papua New Guinea,1986,29780,8869,11743,2874,1094,679,1014,2305,1971,2348,3043,3242,1390,630,301,1235,1070,963,1008,1102,1246,1452,1591,1738,1504,908,482,363,267,214,87,12837,1693,13
Papua New Guinea,1987,30080,8887,11740,2853,1088,679,1014,2342,1989,2345,3041,3303,1527,676,319,1243,1099,981,1008,1103,1242,1452,1589,1739,1564,1001,526,385,291,224,95,12828,1693,15
Papua New Guinea,1988,30586,8910,11757,2847,1100,690,1031,2409,2042,2370,3064,3364,1686,720,335,1263,1146,1018,1024,1117,1253,1462,1602,1744,1620,1103,583,407,313,233,102,12857,1721,16
Papua New Guinea,1989,30874,8915,11733,2818,1090,685,1035,2442,2080,2374,3062,3393,1847,764,347,1268,1174,1049,1031,1120,1254,1457,1605,1736,1657,1200,647,429,335,240,107,12823,1720,18
Papua New Guinea,1990,31374,8914,11711,2797,1097,690,1054,2506,2157,2414,3106,3464,2027,785,343,1289,1217,1100,1057,1138,1276,1473,1633,1756,1708,1307,720,445,340,236,107,12808,1744,18
Papua New Guinea,1991,32009,8928,11734,2806,1126,714,1075,2512,2227,2469,3213,3657,2252,731,281,1286,1226,1139,1088,1159,1310,1512,1701,1838,1819,1453,799,432,299,191,90,12860,1789,17
Papua New Guinea,1992,32614,8982,11754,2772,1115,706,1088,2540,2308,2517,3288,3802,2463,759,257,1300,1240,1183,1125,1183,1334,1539,1749,1904,1898,1571,892,458,301,178,79,12869,1794,15
Papua New Guinea,1993,33400,9111,11885,2774,1129,717,1104,2562,2384,2563,3358,3939,2673,816,250,1313,1249,1219,1165,1205,1358,1566,1792,1972,1967,1679,994,499,317,178,72,13014,1821,14
Papua New Guinea,1994,34246,9218,11990,2772,1133,723,1121,2596,2474,2627,3444,4091,2895,887,250,1337,1259,1256,1218,1236,1391,1603,1841,2048,2043,1787,1108,551,336,184,66,13123,1844,13
Papua New Guinea,1995,35019,9311,12092,2781,1135,729,1134,2623,2546,2676,3512,4233,3106,963,253,1356,1267,1283,1263,1265,1411,1636,1876,2118,2115,1883,1223,609,354,191,62,13227,1863,12
Papua New Guinea,1996,36323,9456,12256,2800,1157,756,1180,2739,2698,2802,3640,4427,3336,1059,261,1420,1319,1346,1352,1335,1467,1700,1940,2214,2213,1990,1346,680,379,200,61,13413,1936,12
Papua New Guinea,1997,37228,9625,12456,2831,1166,765,1188,2740,2749,2873,3716,4583,3546,1162,270,1424,1316,1353,1396,1376,1497,1735,1981,2283,2300,2082,1464,758,404,207,63,13622,1953,11
Papua New Guinea,1998,40523,9974,13194,3220,1468,964,1362,3067,3079,3171,3973,4866,3804,1286,280,1593,1474,1506,1573,1541,1630,1865,2108,2420,2446,2210,1594,852,434,216,64,14662,2326,10
Papua New Guinea,1999,39592,9939,12801,2862,1191,797,1251,2903,2953,3135,3950,4942,3960,1405,289,1505,1398,1423,1530,1529,1606,1847,2103,2435,2507,2270,1690,940,465,224,65,13992,2048,10
Papua New Guinea,2000,41006,10059,12937,2878,1217,823,1303,3029,3088,3324,4105,5154,4185,1538,299,1567,1462,1476,1612,1637,1687,1918,2187,2523,2631,2381,1804,1037,501,232,67,14154,2126,10
Papua New Guinea,2001,42436,10184,13088,2904,1241,842,1351,3149,3212,3523,4268,5361,4405,1675,309,1625,1524,1528,1684,1744,1779,1992,2276,2610,2751,2495,1910,1134,541,239,70,14329,2193,9
Papua New Guinea,2002,44276,10312,13248,2936,1283,879,1425,3311,3388,3785,4485,5614,4662,1835,355,1705,1606,1608,1780,1881,1904,2098,2387,2723,2891,2638,2024,1232,603,274,81,14531,2304,11
Papua New Guinea,2003,45677,10388,13297,2909,1290,890,1474,3415,3499,4005,4665,5836,4908,1988,398,1757,1658,1661,1838,1987,2018,2184,2481,2823,3013,2777,2131,1325,663,305,93,14587,2364,12
Papua New Guinea,2004,47409,10410,13323,2913,1315,911,1536,3574,3664,4292,4907,6100,5190,2145,436,1839,1735,1743,1921,2118,2174,2305,2602,2952,3148,2939,2251,1420,725,333,103,14638,2447,13
Papua New Guinea,2005,48983,10429,13334,2905,1345,936,1604,3725,3810,4544,5115,6329,5454,2294,476,1921,1804,1820,1990,2224,2320,2415,2700,3068,3261,3088,2366,1509,785,361,115,14679,2540,14
Papua New Guinea,2006,50356,10427,13318,2891,1369,958,1660,3851,3923,4754,5306,6538,5711,2438,511,1992,1859,1879,2044,2305,2449,2520,2786,3175,3363,3227,2484,1594,844,387,124,14687,2618,16
Papua New Guinea,2007,51740,10419,13308,2889,1414,990,1710,3976,4042,4960,5524,6731,5951,2573,545,2062,1914,1940,2102,2377,2583,2644,2880,3273,3458,3349,2602,1675,898,412,133,14722,2700,17
Papua New Guinea,2008,51846,10378,13197,2819,1340,938,1643,3858,3938,4980,5642,6849,6158,2707,577,2007,1851,1882,2056,2349,2631,2720,2922,3328,3521,3441,2717,1753,954,437,140,14537,2581,19
Papua New Guinea,2009,52921,10332,13125,2793,1341,941,1654,3914,3997,5118,5879,7056,6410,2852,610,2037,1877,1905,2092,2386,2732,2859,3020,3427,3629,3556,2854,1841,1011,463,147,14466,2595,20
Papua New Guinea,2010,53926,10300,13058,2758,1339,947,1668,3969,4047,5222,6117,7248,6652,2995,645,2064,1905,1923,2124,2411,2811,2996,3121,3512,3736,3662,2990,1929,1066,491,154,14397,2615,21
Papua New Guinea,2011,54127,10241,12946,2705,1285,909,1605,3853,3951,5202,6293,7390,6857,3139,676,2003,1850,1868,2083,2376,2826,3094,3199,3568,3822,3744,3113,2021,1118,516,160,14231,2514,22
Papua New Guinea,2012,55182,10152,12831,2679,1279,913,1612,3902,4002,5309,6594,7631,7113,3281,693,2020,1882,1888,2114,2415,2894,3247,3347,3683,3948,3866,3247,2122,1159,528,165,14110,2525,23
Papua New Guinea,2013,56162,10042,12665,2623,1259,907,1610,3928,4043,5409,6911,7889,7379,3428,703,2026,1902,1904,2139,2456,2953,3395,3516,3810,4079,3996,3383,2228,1200,538,165,13924,2517,24
Papua New Guinea,2014,56897,9925,12498,2573,1238,901,1599,3917,4049,5456,7181,8113,7626,3575,714,2012,1905,1906,2143,2476,2980,3503,3678,3920,4193,4123,3503,2336,1239,548,166,13736,2500,24
Papua New Guinea,2015,57075,9768,12290,2522,1191,868,1545,3801,3961,5420,7384,8304,7854,3718,718,1947,1854,1862,2099,2455,2965,3564,3820,4023,4281,4242,3612,2441,1277,552,166,13481,2413,24
Papua New Guinea,2016,58382,9593,12043,2450,1185,874,1570,3875,4070,5573,7751,8647,8160,3885,724,1978,1897,1918,2152,2530,3043,3702,4049,4215,4432,4411,3749,2559,1326,559,165,13228,2444,24
Papua New Guinea,2017,59237,9410,11795,2385,1171,871,1576,3873,4102,5640,8010,8961,8438,4049,729,1973,1900,1937,2165,2559,3081,3776,4234,4392,4569,4557,3881,2670,1379,564,165,12966,2447,25
Papua New Guinea,2018,60860,9239,11565,2326,1185,892,1618,3979,4253,5845,8384,9406,8762,4217,733,2021,1958,2014,2239,2649,3196,3909,4475,4649,4757,4730,4032,2782,1435,569,164,12750,2510,24
Papua New Guinea,2019,61653,9022,11260,2238,1136,857,1592,3936,4261,5917,8630,9824,9080,4394,741,1998,1938,2013,2248,2668,3249,3976,4654,4896,4928,4893,4187,2895,1499,579,162,12396,2449,24
Papua New Guinea,2020,62383,8836,11004,2168,1114,849,1584,3894,4264,5952,8789,10214,9377,4567,747,1978,1916,2011,2253,2673,3279,4008,4781,5124,5090,5033,4344,3003,1564,587,160,12118,2433,24
Papua New Guinea,2021,66458,8605,10694,2089,1102,841,1491,3626,4132,6278,9822,12058,10559,5054,779,1847,1779,1904,2228,2748,3530,4414,5408,6060,5998,5749,4810,3315,1739,618,161,11796,2332,23
Paraguay,1950,17300,5079,6774,1695,487,238,356,773,664,852,1331,2028,2226,1356,205,425,348,303,361,375,477,608,723,1042,986,1107,1119,873,483,170,35,7261,594,4
Paraguay,1951,17745,5151,6896,1745,499,244,357,779,674,868,1348,2091,2265,1461,252,422,357,307,367,386,482,623,725,1051,1040,1113,1152,925,536,204,48,7395,601,6
Paraguay,1952,18151,5229,7011,1782,507,253,363,783,678,889,1371,2146,2294,1552,295,415,368,312,366,403,486,635,736,1031,1115,1118,1176,970,582,236,59,7518,616,9
Paraguay,1953,18528,5293,7099,1806,531,261,374,782,684,913,1402,2191,2321,1632,328,404,378,321,363,420,493,645,757,1001,1190,1128,1193,1011,621,261,67,7630,635,11
Paraguay,1954,18775,5342,7159,1817,537,267,384,777,689,934,1423,2212,2335,1686,357,395,382,331,358,435,499,647,776,964,1248,1137,1198,1035,651,281,76,7696,651,12
Paraguay,1955,18976,5373,7194,1821,548,274,393,770,693,950,1443,2226,2362,1732,382,388,382,337,356,444,506,649,794,941,1285,1163,1199,1055,677,299,83,7742,667,14
Paraguay,1956,19174,5391,7206,1815,555,281,403,765,704,967,1461,2221,2418,1775,404,389,376,346,358,446,521,653,808,936,1285,1220,1198,1073,702,314,90,7761,684,15
Paraguay,1957,19297,5400,7204,1804,558,287,413,762,714,980,1467,2193,2483,1798,422,395,367,353,361,442,538,653,814,942,1251,1291,1192,1080,718,327,95,7762,700,16
Paraguay,1958,19385,5401,7185,1784,562,292,423,757,728,991,1470,2159,2552,1817,434,404,353,360,368,435,556,653,817,957,1202,1363,1189,1084,733,336,98,7747,715,17
Paraguay,1959,19459,5397,7160,1763,558,299,433,756,739,997,1472,2131,2617,1828,449,413,343,363,376,425,572,656,816,977,1154,1422,1195,1084,744,346,103,7718,732,18
Paraguay,1960,19509,5393,7134,1741,555,305,443,757,745,999,1480,2116,2670,1831,458,422,335,361,384,420,579,664,816,993,1123,1453,1217,1079,752,354,104,7689,748,19
Paraguay,1961,19587,5396,7116,1720,551,311,454,767,749,1000,1492,2115,2714,1835,468,432,335,355,394,419,581,679,813,1005,1110,1446,1268,1076,759,361,107,7667,765,19
Paraguay,1962,19703,5405,7106,1701,550,316,461,782,749,1003,1513,2135,2749,1839,477,443,339,346,403,426,577,700,813,1015,1120,1408,1341,1073,766,368,109,7656,777,20
Paraguay,1963,19856,5426,7116,1690,550,322,473,806,746,1000,1545,2166,2779,1850,488,457,349,335,411,434,566,728,817,1021,1145,1363,1416,1077,773,376,112,7666,795,20
Paraguay,1964,20276,5428,7117,1689,553,325,483,820,743,1006,1577,2217,2831,1995,584,464,356,325,418,447,559,750,827,1031,1186,1334,1497,1136,859,448,136,7670,808,26
Paraguay,1965,20642,5417,7109,1692,557,328,493,835,737,1017,1606,2262,2869,2125,671,473,362,318,419,460,557,765,841,1040,1222,1320,1549,1196,929,510,161,7666,821,30
Paraguay,1966,21013,5384,7075,1691,564,336,508,853,736,1036,1643,2311,2905,2265,750,483,370,319,417,475,561,775,868,1052,1259,1336,1569,1277,988,567,183,7639,844,34
Paraguay,1967,21332,5339,7023,1684,571,342,521,873,735,1064,1677,2350,2929,2395,816,493,380,325,410,491,573,775,902,1063,1287,1372,1557,1364,1031,613,203,7594,863,37
Paraguay,1968,21614,5293,6964,1671,576,348,532,893,730,1096,1709,2381,2954,2514,873,504,389,332,398,506,590,768,941,1073,1308,1422,1532,1445,1069,651,222,7540,880,41
Paraguay,1969,21859,5253,6906,1653,582,353,541,921,729,1124,1733,2415,2983,2612,915,519,402,341,388,516,608,760,973,1089,1326,1475,1508,1511,1101,680,235,7488,894,44
Paraguay,1970,22090,5215,6844,1629,581,359,550,946,734,1150,1757,2455,3023,2689,955,534,412,351,383,520,630,759,998,1114,1341,1522,1501,1552,1137,706,249,7425,909,47
Paraguay,1971,22378,5194,6809,1615,585,366,564,978,743,1170,1780,2510,3090,2745,982,554,424,360,383,519,651,768,1012,1152,1358,1568,1522,1564,1181,723,259,7394,930,50
Paraguay,1972,22601,5182,6781,1599,583,373,581,1009,764,1187,1801,2575,3160,2755,985,573,436,373,391,512,675,786,1015,1200,1375,1603,1557,1540,1215,722,263,7364,954,51
Paraguay,1973,22795,5200,6783,1583,582,380,598,1046,790,1195,1822,2641,3228,2718,962,594,452,387,403,499,696,812,1010,1250,1391,1628,1600,1494,1224,704,258,7365,978,50
Paraguay,1974,23398,5228,6794,1566,576,386,611,1081,823,1205,1841,2730,3412,2805,1074,608,473,403,420,489,716,842,999,1301,1429,1693,1719,1523,1282,755,319,7370,997,61
Paraguay,1975,23802,5259,6808,1549,569,391,621,1117,853,1212,1865,2799,3541,2841,1116,625,492,418,435,486,726,872,993,1330,1469,1735,1806,1542,1299,771,345,7377,1012,71
Paraguay,1976,24188,5288,6825,1537,561,392,628,1144,880,1214,1900,2853,3656,2894,1161,637,507,432,448,489,725,902,998,1337,1516,1770,1886,1587,1307,794,367,7386,1020,81
Paraguay,1977,24664,5334,6858,1524,553,393,637,1178,909,1215,1949,2911,3777,2976,1213,652,526,444,465,501,714,933,1016,1333,1578,1809,1968,1661,1315,825,388,7411,1030,91
Paraguay,1978,25210,5359,6869,1510,546,394,649,1213,946,1225,2019,2978,3905,3096,1268,669,544,461,485,522,703,968,1051,1323,1655,1856,2049,1761,1335,860,408,7415,1043,101
Paraguay,1979,25594,5429,6924,1495,539,391,654,1235,981,1222,2069,3007,3987,3186,1295,679,556,478,503,537,685,988,1081,1301,1706,1888,2099,1843,1343,877,418,7463,1045,108
Paraguay,1980,25956,5509,6989,1480,533,386,661,1256,1013,1231,2116,3029,4070,3264,1293,689,567,494,519,555,676,998,1118,1290,1739,1931,2139,1911,1353,876,417,7522,1047,111
Paraguay,1981,26289,5598,7065,1467,531,384,670,1287,1049,1253,2159,3051,4146,3322,1262,704,583,513,536,573,680,997,1162,1301,1750,1984,2162,1959,1363,857,405,7596,1054,112
Paraguay,1982,26398,5609,7065,1456,521,380,673,1310,1077,1279,2172,3046,4196,3351,1214,715,595,529,548,588,691,975,1197,1318,1728,2034,2162,1982,1369,825,389,7586,1053,109
Paraguay,1983,26387,5625,7091,1466,526,383,682,1350,1110,1321,2194,3053,4210,3286,1080,736,614,548,562,608,713,954,1240,1358,1695,2078,2132,1953,1333,743,337,7617,1065,99
Paraguay,1984,26227,5572,6996,1424,519,379,684,1375,1135,1360,2200,3060,4222,3228,974,750,625,557,578,625,735,930,1270,1402,1658,2113,2109,1921,1307,680,294,7515,1063,88
Paraguay,1985,26099,5527,6928,1401,515,377,684,1405,1162,1394,2195,3085,4223,3169,888,765,640,568,594,642,752,914,1281,1450,1635,2122,2101,1885,1284,630,258,7443,1061,77
Paraguay,1986,25996,5445,6818,1373,517,375,680,1427,1191,1425,2185,3136,4224,3121,830,776,651,581,610,656,769,912,1273,1502,1634,2109,2115,1854,1267,599,231,7335,1055,68
Paraguay,1987,25902,5361,6702,1341,516,375,677,1448,1222,1453,2170,3205,4222,3070,785,783,665,594,628,665,788,923,1247,1550,1655,2073,2149,1822,1248,578,207,7218,1052,60
Paraguay,1988,25912,5272,6576,1304,514,377,675,1471,1255,1489,2165,3303,4235,3045,759,791,680,609,646,680,809,949,1216,1601,1702,2032,2203,1805,1240,569,190,7090,1052,53
Paraguay,1989,26156,5161,6434,1273,518,381,687,1540,1315,1557,2183,3429,4268,3049,745,820,720,641,674,712,845,987,1196,1653,1776,2005,2263,1810,1239,567,178,6952,1068,48
Paraguay,1990,25924,5047,6272,1225,510,382,672,1503,1308,1575,2168,3489,4245,3027,729,795,708,635,673,718,857,1003,1165,1660,1829,1974,2271,1808,1219,561,168,6782,1054,43
Paraguay,1991,26090,4930,6114,1184,508,388,677,1524,1347,1626,2211,3577,4281,3072,731,799,725,653,694,745,881,1036,1175,1665,1912,1996,2285,1852,1220,566,165,6622,1065,39
Paraguay,1992,26267,4801,5945,1144,504,394,683,1540,1385,1677,2273,3645,4319,3136,731,802,738,672,713,774,903,1071,1202,1648,1997,2047,2272,1915,1221,568,163,6449,1077,36
Paraguay,1993,26428,4673,5778,1105,492,400,688,1552,1423,1724,2347,3685,4364,3208,734,806,746,690,733,799,925,1106,1241,1612,2073,2121,2243,1983,1225,571,163,6270,1088,34
Paraguay,1994,26688,4551,5617,1066,488,407,699,1564,1465,1778,2434,3727,4441,3293,744,810,754,709,756,820,958,1146,1288,1585,2142,2216,2225,2051,1242,578,166,6105,1106,32
Paraguay,1995,26964,4434,5467,1033,480,410,711,1576,1506,1839,2519,3758,4550,3367,752,816,760,728,778,845,994,1184,1335,1573,2185,2321,2229,2097,1270,585,167,5947,1121,31
Paraguay,1996,27238,4318,5318,1000,473,413,723,1586,1541,1899,2598,3777,4691,3429,761,822,764,744,797,869,1030,1217,1381,1584,2193,2429,2262,2115,1314,590,171,5791,1136,31
Paraguay,1997,27653,4208,5184,976,469,417,740,1602,1583,1972,2685,3807,4889,3501,774,834,768,759,824,899,1073,1253,1432,1628,2179,2549,2340,2123,1378,600,174,5653,1157,31
Paraguay,1998,28018,4105,5061,956,457,416,756,1615,1617,2036,2770,3826,5092,3549,788,844,771,770,847,926,1110,1289,1481,1688,2138,2659,2433,2107,1442,609,179,5518,1172,31
Paraguay,1999,28387,3976,4887,911,446,413,770,1632,1649,2098,2873,3862,5308,3609,808,858,774,778,871,955,1143,1336,1537,1757,2105,2753,2555,2103,1506,626,182,5333,1183,32
Paraguay,2000,28841,3859,4740,881,437,410,783,1657,1680,2163,2986,3925,5511,3679,839,876,781,785,895,984,1179,1392,1594,1827,2098,2820,2691,2125,1554,652,187,5177,1193,33
Paraguay,2001,29221,3730,4580,850,425,406,790,1677,1704,2225,3084,4009,5661,3748,876,892,785,788,916,1011,1214,1443,1641,1890,2119,2835,2826,2170,1578,684,192,5005,1196,34
Paraguay,2002,29625,3597,4413,816,415,400,795,1705,1715,2290,3186,4143,5781,3825,920,913,792,786,929,1039,1251,1501,1685,1963,2180,2815,2966,2246,1579,723,197,4828,1195,35
Paraguay,2003,29742,3471,4253,782,402,387,784,1693,1697,2323,3242,4247,5815,3899,968,912,781,772,925,1052,1271,1531,1711,2008,2239,2742,3073,2331,1568,765,203,4655,1171,36
Paraguay,2004,30110,3362,4109,747,383,377,772,1703,1695,2372,3322,4379,5869,4052,1036,919,784,767,928,1073,1299,1562,1760,2063,2316,2690,3179,2462,1590,818,218,4492,1149,41
Paraguay,2005,30788,3268,3982,714,371,369,764,1724,1707,2447,3444,4552,5983,4282,1115,929,795,771,936,1107,1340,1611,1833,2140,2412,2697,3286,2632,1650,874,241,4353,1133,46
Paraguay,2006,31028,3181,3864,683,351,355,744,1722,1691,2480,3519,4643,5988,4465,1163,923,799,764,927,1119,1361,1640,1879,2176,2467,2700,3288,2765,1700,902,261,4215,1099,50
Paraguay,2007,31125,3097,3755,658,333,338,714,1698,1665,2491,3571,4696,5956,4657,1200,902,796,754,911,1118,1373,1657,1914,2188,2508,2729,3227,2887,1770,916,284,4088,1052,54
Paraguay,2008,31335,3012,3644,632,316,322,687,1681,1644,2506,3630,4781,5950,4877,1241,883,798,748,896,1115,1391,1681,1949,2217,2564,2799,3151,3012,1865,930,311,3960,1009,59
Paraguay,2009,31617,2924,3529,605,294,306,662,1660,1632,2525,3691,4898,5972,5095,1287,863,797,746,886,1112,1413,1711,1980,2271,2627,2883,3089,3119,1976,949,338,3823,968,65
Paraguay,2010,31898,2836,3419,583,277,291,636,1641,1624,2540,3752,5018,6020,5275,1334,844,797,747,877,1104,1436,1739,2013,2331,2687,2961,3059,3184,2091,977,357,3696,927,72
Paraguay,2011,32233,2751,3316,565,267,280,615,1622,1627,2558,3826,5132,6112,5409,1390,825,797,754,873,1100,1458,1772,2054,2395,2737,3037,3075,3198,2211,1019,371,3583,895,78
Paraguay,2012,32412,2674,3213,539,256,262,587,1584,1621,2549,3885,5218,6229,5474,1449,797,787,756,865,1084,1465,1797,2088,2452,2766,3108,3121,3154,2320,1069,380,3469,849,86
Paraguay,2013,32700,2646,3164,518,243,247,562,1547,1622,2538,3952,5308,6383,5518,1520,771,776,761,861,1071,1467,1827,2125,2502,2806,3180,3203,3089,2429,1131,389,3407,809,94
Paraguay,2014,33437,2620,3120,500,233,237,545,1533,1651,2562,4079,5491,6642,5620,1622,757,776,778,873,1075,1487,1885,2194,2578,2913,3303,3339,3071,2549,1217,405,3353,782,104
Paraguay,2015,33698,2581,3069,488,225,225,518,1489,1654,2540,4141,5596,6789,5634,1711,730,759,780,874,1064,1476,1915,2226,2616,2980,3372,3417,3038,2596,1289,422,3294,743,111
Paraguay,2016,33876,2525,3002,477,219,214,488,1438,1650,2509,4188,5698,6907,5641,1805,699,739,775,875,1051,1458,1933,2255,2655,3043,3418,3489,3042,2599,1363,442,3221,702,117
Paraguay,2017,34651,2450,2914,464,215,208,470,1408,1675,2526,4305,5916,7156,5779,1953,680,728,780,895,1062,1464,1976,2329,2745,3171,3515,3641,3154,2625,1472,481,3129,678,126
Paraguay,2018,35931,2363,2812,449,208,207,457,1398,1727,2586,4491,6226,7538,6014,2134,670,728,795,932,1091,1495,2045,2446,2885,3341,3684,3854,3348,2666,1603,531,3020,664,135
Paraguay,2019,36847,2286,2727,441,207,203,440,1374,1756,2621,4621,6450,7862,6169,2270,653,721,799,957,1112,1509,2082,2539,2993,3457,3840,4022,3502,2667,1694,576,2934,643,143
Paraguay,2020,39177,2203,2621,418,156,173,517,1523,1859,2763,5295,7045,8019,6492,2548,767,756,849,1010,1190,1573,2318,2977,3437,3608,3854,4165,3702,2790,1871,677,2777,690,167
Paraguay,2021,51237,2139,2543,404,116,191,636,1620,2079,3424,6791,9409,11390,9509,3334,836,784,898,1181,1468,1956,2927,3864,4456,4953,5597,5793,5313,4196,2479,855,2659,827,196
Peru,1950,155279,57653,97346,39693,5514,2605,2889,5633,4985,5520,7085,9160,10075,4120,344,2951,2682,2389,2596,2704,2816,3308,3777,4464,4696,5454,4621,2918,1202,298,46,102860,5494,1
Peru,1951,159027,58987,99833,40846,5634,2599,2919,5721,5015,5597,7201,9463,10337,4345,360,3000,2721,2414,2601,2739,2858,3339,3862,4609,4854,5520,4817,3057,1288,314,46,105467,5518,4
Peru,1952,162268,60085,101629,41544,5787,2612,2956,5823,5061,5695,7325,9822,10605,4566,377,3061,2762,2457,2604,2774,2921,3362,3963,4742,5080,5549,5056,3197,1369,327,50,107416,5568,5
Peru,1953,165212,61094,103152,42058,5944,2623,2987,5909,5107,5786,7438,10210,10866,4787,401,3118,2791,2505,2602,2797,2989,3374,4064,4865,5345,5568,5298,3340,1447,346,55,109096,5610,6
Peru,1954,167705,61919,104335,42416,6080,2631,3001,5967,5138,5853,7538,10581,11124,5017,428,3154,2813,2540,2598,2805,3048,3392,4146,4983,5598,5638,5486,3491,1526,373,55,110415,5632,5
Peru,1955,169824,62629,105260,42631,6182,2644,3004,6005,5166,5895,7630,10923,11393,5251,463,3173,2832,2564,2602,2804,3091,3424,4206,5101,5822,5777,5616,3644,1607,405,58,111442,5648,5
Peru,1956,171560,63223,105926,42703,6239,2661,2992,6024,5188,5917,7713,11233,11667,5498,494,3178,2846,2579,2609,2795,3122,3468,4245,5218,6015,5980,5687,3810,1688,433,61,112165,5653,5
Peru,1957,172906,63642,106287,42645,6261,2685,2972,6029,5205,5915,7786,11519,11958,5756,525,3170,2859,2579,2626,2772,3143,3527,4259,5340,6179,6254,5704,3993,1763,461,64,112548,5657,6
Peru,1958,173973,63939,106400,42461,6265,2713,2951,6020,5221,5897,7861,11785,12286,6015,554,3150,2870,2574,2647,2746,3151,3598,4263,5460,6325,6569,5717,4176,1839,486,68,112665,5664,6
Peru,1959,174613,64017,106170,42153,6244,2739,2929,5973,5216,5870,7932,12032,12673,6241,587,3114,2859,2560,2656,2722,3148,3658,4274,5560,6472,6876,5797,4318,1923,513,74,112414,5668,6
Peru,1960,175308,64064,105858,41794,6232,2769,2934,5934,5226,5860,8027,12272,13129,6438,620,3083,2851,2558,2668,2715,3145,3711,4316,5641,6631,7162,5967,4425,2013,540,80,112090,5703,6
Peru,1961,175885,64097,105471,41374,6209,2784,2945,5871,5225,5852,8125,12497,13638,6608,654,3043,2828,2556,2669,2719,3133,3751,4374,5701,6796,7422,6216,4496,2112,568,86,111680,5729,7
Peru,1962,178671,64245,105563,41318,6465,2998,3123,6047,5418,6015,8411,12862,14302,6778,684,3129,2918,2661,2757,2819,3196,3869,4542,5812,7050,7721,6581,4548,2230,594,90,112028,6121,7
Peru,1963,178571,63993,104607,40614,6185,2796,3018,5755,5230,5852,8367,12907,15013,7772,1055,2974,2781,2566,2664,2763,3089,3802,4565,5753,7154,7914,7099,4965,2807,897,158,110792,5814,14
Peru,1964,180648,63978,104244,40266,6178,2791,3064,5710,5233,5863,8475,13102,15778,8749,1436,2957,2753,2567,2666,2790,3073,3811,4664,5794,7308,8163,7615,5417,3332,1205,231,110422,5855,23
Peru,1965,182669,63938,103871,39933,6177,2791,3124,5744,5276,5914,8573,13307,16444,9624,1791,2990,2754,2586,2690,2828,3086,3822,4751,5871,7436,8399,8045,5859,3765,1491,300,110048,5915,31
Peru,1966,184019,63766,103272,39506,6182,2795,3156,5711,5271,5955,8640,13498,17009,10386,2104,2993,2718,2571,2700,2850,3105,3822,4818,5969,7529,8619,8390,6283,4103,1738,366,109454,5951,39
Peru,1967,185040,63512,102433,38921,6150,2782,3178,5725,5289,6017,8685,13689,17530,11118,2397,3029,2696,2565,2724,2871,3146,3812,4873,6103,7586,8849,8681,6728,4390,1967,430,108583,5960,47
Peru,1968,185747,62945,101129,38184,6116,2780,3204,5778,5323,6110,8737,13913,18052,11872,2679,3087,2691,2564,2759,2900,3210,3811,4926,6271,7642,9091,8961,7198,4674,2185,494,107245,5984,55
Peru,1969,186320,62239,99535,37296,6091,2792,3238,5859,5367,6226,8824,14201,18596,12604,2927,3161,2698,2570,2797,2941,3285,3837,4987,6454,7747,9330,9266,7645,4959,2370,557,105626,6030,63
Peru,1970,254397,66431,112798,46367,14512,9469,8353,13507,11422,11404,13764,19265,22715,14012,3100,7400,6107,5718,5704,5590,5814,6254,7510,9095,10170,11698,11017,8663,5349,2500,600,127310,17822,69
Peru,1971,184876,60415,95557,35142,6071,2842,3332,6088,5453,6519,9085,14831,19249,12871,2902,3308,2780,2589,2864,3062,3457,3977,5108,6770,8061,9622,9627,7903,4968,2317,585,101628,6174,69
Peru,1972,184985,59434,93440,34006,5928,2771,3320,6104,5409,6589,9200,15218,19899,13853,3172,3317,2787,2554,2855,3094,3495,4056,5144,6907,8311,9816,10083,8401,5452,2521,651,99368,6091,78
Peru,1973,187805,58563,91802,33239,5949,2815,3403,6268,5474,6746,9410,15705,20787,15597,3755,3399,2869,2578,2896,3176,3570,4191,5219,7071,8634,10063,10724,9234,6363,2985,770,97751,6218,94
Peru,1974,188805,57729,90192,32463,5919,2803,3435,6373,5505,6870,9568,16047,21354,16515,4115,3440,2933,2591,2914,3237,3633,4303,5265,7163,8884,10242,11112,9673,6842,3263,852,96111,6238,108
Peru,1975,189496,56926,88641,31715,5850,2764,3446,6458,5536,6963,9697,16271,21798,17434,4512,3468,2990,2611,2925,3277,3686,4387,5310,7209,9062,10408,11390,10103,7331,3573,939,94491,6210,124
Peru,1976,190390,56264,87314,31050,5835,2767,3489,6599,5625,7094,9844,16443,22130,18223,4885,3530,3069,2669,2956,3333,3761,4468,5376,7239,9204,10577,11553,10472,7751,3860,1025,93149,6256,137
Peru,1977,191093,55605,85968,30363,5823,2776,3536,6747,5734,7239,10013,16567,22418,18913,5206,3599,3148,2747,2987,3390,3849,4540,5473,7247,9320,10783,11635,10813,8100,4109,1097,91791,6312,150
Peru,1978,191620,54816,84402,29586,5798,2785,3585,6903,5865,7408,10239,16694,22760,19541,5484,3675,3228,2840,3025,3450,3958,4625,5614,7265,9429,11041,11719,11143,8398,4321,1163,90200,6370,160
Peru,1979,192225,53936,82655,28719,5774,2798,3641,7057,6017,7598,10519,16897,23260,20132,5705,3755,3302,2943,3074,3519,4079,4737,5782,7342,9555,11347,11913,11468,8664,4487,1218,88429,6439,169
Peru,1980,193033,52907,80687,27780,5756,2811,3708,7207,6185,7803,10886,17245,23996,20706,5867,3836,3371,3044,3141,3590,4213,4895,5991,7508,9737,11718,12278,11810,8896,4603,1264,86443,6519,175
Peru,1981,191574,51755,78521,26766,5748,2833,3783,7364,6373,8045,11349,17728,24491,19791,5380,3922,3442,3144,3229,3673,4372,5108,6241,7765,9963,12058,12433,11485,8306,4197,1183,84269,6616,166
Peru,1982,191128,50677,76472,25795,5745,2861,3907,7694,6668,8338,11878,18289,25158,19033,4926,4104,3590,3294,3374,3781,4557,5369,6509,8098,10191,12433,12725,11201,7832,3824,1102,82217,6768,158
Peru,1983,191067,49466,74158,24692,5689,2879,4102,8356,7149,8694,12428,18827,25767,18342,4522,4463,3893,3547,3602,3930,4764,5656,6772,8446,10381,12746,13021,10913,7429,3497,1025,79847,6981,150
Peru,1984,189816,48275,71867,23592,5489,2790,4206,8921,7551,8939,12829,19192,26045,17666,4176,4764,4157,3753,3798,4039,4900,5867,6962,8697,10495,12885,13160,10607,7059,3224,952,77356,6996,144
Peru,1985,184335,47091,69688,22597,5302,2726,3970,8036,7119,8680,12815,19211,25790,16977,3886,4277,3759,3474,3645,3892,4788,5855,6960,8740,10471,12772,13018,10264,6713,3004,882,74990,6696,138
Peru,1986,179560,45811,67411,21600,5038,2632,3862,7852,7060,8579,12771,19097,25144,16333,3651,4162,3690,3426,3634,3860,4719,5834,6937,8698,10399,12468,12676,9927,6406,2832,819,72449,6494,132
Peru,1987,174360,44289,64810,20521,4725,2532,3775,7830,7083,8509,12658,18862,24217,15777,3451,4129,3701,3434,3649,3864,4645,5777,6881,8569,10293,12000,12217,9641,6136,2693,758,69535,6307,125
Peru,1988,169227,42595,61939,19344,4395,2434,3717,7922,7196,8517,12552,18595,23201,15363,3279,4156,3766,3493,3703,3918,4599,5720,6832,8418,10177,11472,11729,9443,5920,2576,703,66334,6151,117
Peru,1989,164636,40666,58724,18058,4032,2323,3711,8245,7470,8661,12500,18350,22263,15125,3122,4307,3938,3644,3826,4037,4624,5698,6802,8307,10043,10980,11283,9330,5795,2468,654,62756,6034,108
Peru,1990,160277,38625,55432,16807,3751,2273,3678,8252,7642,8861,12505,18173,21517,15082,2999,4285,3967,3722,3920,4156,4705,5708,6797,8271,9902,10580,10937,9320,5762,2367,632,59183,5951,112
Peru,1991,159841,36687,52676,15989,3735,2389,3876,8835,8326,9505,12856,18303,21116,15271,2862,4563,4272,4065,4261,4487,5018,5897,6959,8429,9874,10363,10753,9445,5826,2280,582,56411,6265,90
Peru,1992,155809,34160,48413,14253,3281,2214,3861,9116,8677,9885,12960,18237,20752,15589,2746,4700,4416,4240,4437,4655,5230,5956,7004,8512,9725,10167,10585,9629,5960,2201,545,51694,6075,75
Peru,1993,153751,31891,44834,12943,3075,2175,3887,9273,9046,10365,13203,18362,20720,16088,2657,4760,4513,4409,4637,4852,5513,6085,7118,8688,9674,10154,10566,9919,6169,2143,514,47909,6062,64
Peru,1994,151770,29657,41309,11652,2896,2119,3856,9266,9285,10748,13429,18543,20960,16693,2606,4731,4535,4508,4777,4991,5757,6208,7221,8848,9695,10259,10701,10278,6415,2119,487,44205,5975,56
Peru,1995,154011,27511,37991,10480,2777,2067,3854,9523,9622,11121,13731,18896,21848,18819,3644,4839,4684,4673,4949,5144,5977,6374,7357,9016,9880,10600,11248,11233,7586,2890,754,40768,5921,122
Peru,1996,154949,25485,34890,9405,2690,1992,3726,9397,9632,11210,13932,19251,22947,20644,4474,4736,4661,4667,4965,5166,6044,6500,7432,9114,10137,11040,11907,12102,8542,3507,967,37580,5718,167
Peru,1997,155930,23607,32102,8495,2681,1954,3599,9273,9594,11208,14122,19661,24198,22206,5136,4631,4642,4643,4951,5165,6043,6633,7489,9187,10474,11540,12658,12870,9336,4002,1134,34783,5553,196
Peru,1998,156457,21865,29582,7717,2674,1905,3453,9075,9480,11111,14252,20034,25425,23552,5693,4491,4584,4583,4897,5127,5984,6748,7504,9217,10817,12026,13399,13538,10014,4420,1273,32256,5358,218
Peru,1999,155170,20161,26938,6777,2461,1754,3229,8675,9161,10828,14215,20203,26416,24814,6240,4254,4421,4421,4740,4997,5831,6773,7442,9152,11051,12423,13993,14149,10665,4834,1406,29399,4983,236
Peru,2000,154375,18345,24251,5906,2274,1662,3061,8316,8897,10600,14157,20265,27162,26383,7075,4044,4272,4288,4609,4895,5705,6774,7383,9076,11189,12731,14431,14841,11542,5448,1627,26525,4723,279
Peru,2001,154868,16746,22057,5311,2117,1589,2939,8011,8681,10427,14058,20212,27664,28437,8323,3873,4138,4182,4499,4818,5609,6731,7327,8987,11225,12934,14730,15678,12759,6366,1957,24174,4528,345
Peru,2002,156445,15486,20250,4764,1932,1504,2816,7687,8467,10266,13929,20087,28054,30995,10006,3698,3989,4075,4392,4740,5526,6645,7284,8888,11199,13094,14960,16714,14281,7574,2432,22182,4320,446
Peru,2003,159276,14444,18728,4284,1771,1434,2721,7425,8310,10162,13860,20002,28490,33916,11913,3560,3865,3994,4316,4685,5477,6567,7293,8830,11172,13268,15222,17918,15998,8953,2960,20499,4155,542
Peru,2004,163439,13696,17589,3893,1655,1387,2656,7233,8219,10136,13900,20047,29116,36964,13876,3459,3774,3942,4277,4665,5471,6529,7371,8858,11189,13495,15621,19211,17753,10334,3542,19244,4043,659
Peru,2005,169011,13031,16607,3576,1586,1357,2617,7131,8209,10201,14100,20325,30111,40205,15802,3403,3728,3928,4281,4686,5515,6564,7536,9016,11309,13834,16277,20663,19542,11701,4101,18193,3974,758
Peru,2006,176043,12355,15677,3322,1553,1346,2596,7103,8265,10350,14453,20853,31555,43631,17774,3385,3718,3939,4326,4742,5608,6677,7776,9310,11543,14327,17228,22283,21348,13044,4730,17230,3942,889
Peru,2007,184258,11657,14816,3159,1588,1387,2631,7204,8425,10600,14949,21582,33336,47111,19637,3434,3770,4001,4424,4851,5749,6867,8082,9727,11855,14936,18400,23956,23155,14339,5298,16404,4018,989
Peru,2008,191045,10905,13814,2909,1529,1331,2570,7143,8426,10722,15332,22263,35056,50349,21407,3397,3746,3979,4447,4896,5826,7010,8322,10131,12132,15489,19567,25494,24855,15539,5868,15343,3901,1101
Peru,2009,198041,10298,13032,2734,1523,1320,2558,7273,8595,10945,15842,23148,36599,53428,22602,3453,3820,4042,4553,5006,5939,7225,8617,10620,12528,16007,20592,26875,26553,16519,6083,14555,3878,1173
Peru,2010,202144,9720,12294,2574,1486,1276,2475,7132,8527,10973,16136,23811,37523,55632,23669,3373,3759,3984,4543,5024,5949,7344,8792,10959,12852,16330,21193,27778,27854,17384,6285,13780,3751,1211
Peru,2011,202823,9169,11558,2389,1422,1208,2338,6738,8225,10802,16182,24161,37715,56902,24391,3166,3572,3812,4413,4948,5854,7345,8837,11089,13072,16406,21309,28164,28738,18020,6371,12980,3546,1183
Peru,2012,202404,8634,10886,2252,1361,1152,2244,6506,8004,10670,16169,24363,37476,57551,24846,3049,3457,3699,4305,4897,5773,7323,8846,11105,13258,16338,21138,28274,29277,18382,6464,12247,3396,1173
Peru,2013,200988,8127,10242,2115,1302,1104,2164,6293,7780,10545,16090,24441,37017,57914,24951,2947,3346,3593,4187,4841,5704,7266,8824,11038,13403,16191,20826,28304,29610,18468,6483,11544,3268,1143
Peru,2014,200838,7672,9653,1981,1264,1079,2115,6145,7607,10486,16044,24487,36601,58292,25681,2882,3263,3518,4089,4807,5679,7217,8827,10961,13526,16072,20529,28418,29874,18280,7401,10917,3194,1384
Peru,2015,197692,7266,9123,1857,1256,1085,2110,6106,7533,10553,16093,24532,36395,58502,23611,2877,3229,3499,4034,4819,5734,7203,8890,10923,13609,16055,20340,28635,29867,17627,5984,10379,3195,794
Peru,2016,196432,6939,8688,1749,1284,1130,2151,6193,7565,10760,16267,24632,36501,58336,22185,2937,3256,3534,4031,4881,5879,7246,9021,10969,13663,16201,20300,28922,29414,16432,5753,9972,3281,740
Peru,2017,194790,6709,8396,1687,1320,1198,2227,6360,7650,11022,16512,24855,36982,57496,20095,3039,3321,3591,4059,4958,6064,7332,9180,11108,13747,16578,20404,29077,28419,14769,5326,9716,3425,678
Peru,2018,195538,6446,8014,1568,1284,1227,2275,6466,7679,11177,16738,25301,38163,57687,18836,3106,3360,3606,4073,4986,6191,7428,9310,11348,13953,17296,20867,29514,28173,13814,5022,9298,3502,692
Peru,2019,196738,6331,7854,1523,1194,1221,2332,6575,7687,11231,16943,26094,40005,57139,17749,3167,3408,3596,4091,4981,6250,7545,9398,11727,14367,18405,21600,29565,27574,13018,4731,9048,3553,717
Peru,2020,243717,6124,7581,1457,959,1152,1877,5556,7947,14871,26763,43433,53943,61392,17503,2680,2876,3478,4469,6264,8607,11521,15242,20190,23243,26659,27284,33662,27730,12946,4557,8540,3029,740
Peru,2021,269050,5925,7339,1414,939,1206,2227,6859,10263,19144,32892,48671,57823,63953,17051,3171,3688,4484,5779,7963,11181,14381,18511,23062,25609,28557,29266,35472,28481,12844,4207,8278,3433,685
Philippines,1950,265400,89702,123585,33883,8418,5243,6617,14289,14514,15418,17125,22560,25367,10898,1341,7110,7179,6969,7545,7909,7509,8300,8825,10493,12067,13087,12280,7186,3712,1142,199,132003,11860,22
Philippines,1951,277910,96291,132129,35838,8831,5493,6902,14693,14640,15698,17282,22525,26228,12047,1414,7418,7275,7096,7544,8009,7689,8393,8889,10450,12075,13329,12899,8152,3895,1222,192,140960,12395,25
Philippines,1952,280660,96281,133614,37333,8816,5486,6920,14735,14432,15666,17204,22151,26652,13413,1544,7595,7140,7077,7355,7906,7760,8320,8884,10247,11904,13354,13298,9258,4155,1327,217,142430,12406,27
Philippines,1953,282427,96298,134175,37877,8671,5416,6907,14823,14256,15620,17189,21733,26899,14980,1733,7794,7029,7063,7193,7786,7834,8261,8928,10033,11700,13290,13609,10338,4642,1492,241,142846,12323,27
Philippines,1954,284877,96334,134623,38289,8721,5421,6938,14985,14162,15615,17290,21362,27009,16705,2020,7980,7005,7052,7110,7700,7915,8275,9015,9867,11495,13160,13849,11230,5475,1748,272,143344,12359,24
Philippines,1955,286665,96485,134837,38352,8991,5462,6906,14785,13874,15490,17340,21012,26866,18604,2477,7907,6878,6896,6978,7552,7938,8284,9056,9759,11253,12959,13907,11975,6629,2131,346,143828,12368,20
Philippines,1956,288322,96520,134410,37890,9211,5409,6907,14905,13765,15441,17396,20691,26416,20566,3176,7971,6934,6825,6940,7460,7981,8329,9067,9725,10966,12681,13735,12620,7946,2698,478,143621,12316,29
Philippines,1957,290357,96605,133984,37379,9436,5401,6926,15089,13711,15418,17504,20454,25764,22390,4222,8038,7051,6771,6940,7401,8017,8420,9084,9790,10664,12364,13400,13144,9246,3535,687,143420,12327,57
Philippines,1958,293023,96899,133825,36926,9632,5436,6942,15327,13728,15461,17693,20312,24980,23838,5775,8119,7208,6762,6966,7396,8065,8543,9150,9955,10357,12028,12952,13537,10301,4743,1032,143457,12378,74
Philippines,1959,295710,97116,133495,36379,9799,5518,6946,15561,13781,15560,17954,20255,24073,24712,7932,8200,7361,6792,6989,7432,8128,8698,9256,10160,10095,11648,12425,13655,11057,6372,1560,143294,12464,117
Philippines,1960,299155,97478,133271,35793,10067,5721,7005,15856,13936,15740,18275,20302,23041,25036,10680,8325,7531,6888,7048,7522,8218,8919,9356,10326,9976,11191,11850,13263,11773,8334,2346,143338,12726,225
Philippines,1961,297687,97053,132054,35001,10051,5839,6998,15954,14038,15877,18839,21010,23244,23447,10055,8325,7629,6965,7073,7563,8314,9246,9593,10620,10390,11272,11972,12423,11024,7738,2317,142105,12837,279
Philippines,1962,296643,96384,130857,34473,10093,5995,7027,15960,14154,16002,19424,21897,23728,22353,8863,8277,7683,7059,7095,7595,8407,9522,9902,10950,10947,11420,12308,11982,10371,6697,2166,140950,13022,289
Philippines,1963,294919,95608,129202,33594,9850,6010,7018,15768,14164,16017,19922,22833,24219,21900,7735,8140,7628,7098,7066,7574,8443,9708,10214,11276,11557,11524,12695,11913,9987,5715,2020,139052,13028,282
Philippines,1964,298142,95494,129225,33731,10098,6264,7250,15936,14501,16315,20640,23928,24822,22000,6889,8208,7728,7296,7205,7704,8611,9970,10670,11689,12239,11742,13080,12157,9843,5009,1880,139323,13514,270
Philippines,1965,298746,94860,127871,33011,9855,6253,7353,15840,14578,16403,21204,24757,25373,22548,6455,8175,7665,7335,7243,7729,8674,10107,11097,12012,12745,12094,13279,12608,9940,4719,1736,137726,13606,257
Philippines,1966,300628,94066,126554,32488,9765,6259,7500,15820,14701,16551,21779,25554,25960,23587,6351,8203,7617,7371,7330,7790,8761,10255,11524,12381,13173,12621,13339,13224,10363,4771,1580,136319,13759,246
Philippines,1967,303846,93358,125427,32069,9769,6297,7695,15887,14866,16750,22325,26445,26599,24972,6573,8298,7589,7408,7458,7887,8863,10423,11902,12820,13625,13277,13322,13903,11069,5127,1446,135196,13992,236
Philippines,1968,308568,92912,124683,31771,9843,6360,7914,16081,15058,17024,22868,27467,27317,26470,7264,8471,7610,7456,7602,8024,9000,10615,12253,13330,14137,14038,13279,14550,11920,5861,1403,134526,14274,217
Philippines,1969,314970,92893,124346,31453,9862,6370,8161,16645,15374,17427,23415,28583,28137,27836,8603,8841,7804,7577,7797,8238,9189,10834,12581,13905,14678,14809,13328,15002,12834,7061,1542,134208,14531,212
Philippines,1970,326689,93700,126023,32323,10808,6835,8592,17428,15825,18072,24130,29884,29146,29006,10711,9315,8113,7763,8062,8580,9492,11162,12968,14594,15290,15511,13635,15106,13900,8771,1940,136831,15427,236
Philippines,1971,328794,94065,125471,31406,10092,6594,8631,17727,15893,18338,24585,31081,30128,28122,11883,9515,8212,7779,8114,8706,9632,11327,13258,15180,15901,16088,14040,14328,13794,9445,2438,135563,15225,254
Philippines,1972,337768,95150,127525,32375,10456,6911,9082,18801,16618,19101,25483,32773,31569,26705,12471,10138,8663,8136,8482,9075,10026,11683,13800,15978,16795,16914,14655,13573,13132,9309,3162,137981,15993,273
Philippines,1973,347752,95599,128805,33206,10807,7228,9622,20155,17503,19997,26462,34568,33293,25622,13308,10913,9242,8570,8933,9517,10480,12108,14354,16783,17785,17878,15415,13132,12490,9158,4150,139612,16850,380
Philippines,1974,355161,96398,129731,33333,10851,7336,9915,20796,17912,20561,27144,36111,35056,24689,14325,11288,9508,8744,9168,9791,10770,12422,14722,17429,18682,18834,16222,12873,11816,9102,5223,140582,17251,727
Philippines,1975,363543,97278,130672,33394,10950,7405,10254,21513,18339,21176,27829,37645,37001,23947,15403,11689,9824,8927,9412,10107,11069,12791,15038,18062,19583,19850,17151,12726,11221,9138,6265,141622,17659,1407
Philippines,1976,373506,99429,133499,34070,11648,8013,10786,22478,18943,21943,28797,39576,39728,23256,13164,12190,10288,9247,9696,10467,11476,13288,15509,18936,20640,21142,18586,12939,10317,7807,5357,145147,18799,1672
Philippines,1977,373198,102076,135431,33355,10654,7239,10153,22126,18597,21804,29054,41051,42294,23275,10043,11893,10233,9116,9481,10348,11456,13385,15669,19491,21560,22128,20166,13767,9508,6200,3843,146085,17392,1477
Philippines,1978,384057,104835,139073,34238,10853,7324,10313,23180,19248,22452,29939,43195,45300,24352,7677,12352,10828,9530,9718,10675,11777,13834,16105,20258,22937,23211,22089,15173,9179,5014,2663,149926,17637,1151
Philippines,1979,392599,106068,140733,34665,10868,7301,10262,23632,19665,22903,30703,45243,48275,26339,5872,12459,11173,9821,9844,10910,11993,14217,16486,20832,24411,24231,24044,16986,9353,4165,1707,151601,17563,805
Philippines,1980,401471,106128,140945,34817,11005,7315,10238,24106,20237,23396,31480,47166,51217,29309,4582,12567,11539,10202,10035,11158,12238,14581,16899,21276,25890,25447,25770,19177,10132,3667,915,151950,17553,471
Philippines,1981,410631,106268,141324,35056,11371,7505,10428,24822,21023,24100,32318,48190,53352,31580,4351,12861,11961,10697,10326,11447,12653,14931,17387,21463,26727,26907,26445,20830,10750,3673,678,152695,17933,262
Philippines,1982,415932,107015,141642,34627,11304,7521,10419,24873,21418,24527,32942,48408,55017,33198,4493,12848,12025,10960,10458,11537,12990,15154,17788,21506,26902,28408,26609,22048,11150,3805,688,152946,17940,167
Philippines,1983,421586,107475,141680,34205,11239,7553,10463,25079,21929,24985,33644,48553,56797,34886,4658,12938,12141,11261,10668,11636,13349,15421,18223,21662,26891,29866,26931,23148,11738,3949,709,152919,18016,121
Philippines,1984,428524,106972,141260,34288,11720,7833,10642,25408,22585,25542,34512,48815,58680,36563,4868,13094,12314,11597,10988,11794,13748,15791,18721,21966,26849,31066,27614,23991,12572,4122,746,152980,18475,98
Philippines,1985,428101,104711,137507,32796,11112,7565,10537,25242,22801,25695,35108,48939,60302,38056,5146,12988,12254,11657,11144,11771,13924,16061,19047,22224,26715,31652,28650,24435,13621,4345,801,148619,18102,85
Philippines,1986,431428,102478,134447,31969,11067,7518,10680,25671,23390,26114,35975,49487,61954,39500,5539,13194,12477,11880,11510,11925,14189,16493,19482,22659,26828,31839,30115,24658,14842,4664,875,145514,18198,85
Philippines,1987,427555,100361,130154,29793,10618,7275,10362,24608,22946,25821,36261,49643,62848,40800,6114,12621,11987,11516,11430,11756,14065,16642,19619,22854,26789,31419,31429,24749,16051,5138,976,140772,17637,102
Philippines,1988,423982,97728,125460,27732,10127,6989,10071,23755,22517,25607,36645,50030,63477,42183,7010,12173,11582,11179,11338,11666,13941,16833,19812,23156,26874,30973,32504,25062,17121,5876,1134,135587,17060,108
Philippines,1989,418951,93574,119165,25591,9540,6674,9768,23145,22153,25438,37036,50484,63567,43555,8295,11878,11267,10916,11237,11647,13791,17002,20034,23506,26978,30598,32969,25724,17831,6934,1361,128705,16442,128
Philippines,1990,418039,90729,114759,24030,9417,6676,9624,22820,21995,25524,37631,51222,63313,44937,9946,11759,11061,10789,11206,11783,13741,17234,20397,24008,27214,30546,32767,26801,18136,8261,1685,124176,16300,171
Philippines,1991,418496,88631,111706,23075,9734,6740,9415,22495,21896,25696,38106,52057,63658,46153,10635,11638,10857,10706,11190,11982,13714,17363,20743,24480,27577,31056,32602,28230,17923,8814,1821,121440,16155,208
Philippines,1992,407560,84437,104523,20086,8086,5838,8674,21218,20980,25259,37833,52389,64064,47633,10809,10976,10242,10190,10790,11793,13466,17035,20798,24555,27834,31472,32592,29603,18030,8940,1869,112609,14512,250
Philippines,1993,405375,80978,99922,18944,7834,5654,8415,20520,20640,25406,38005,53161,64762,49607,11191,10573,9947,9948,10692,11835,13571,16903,21102,24809,28352,31902,32860,30814,18793,9156,2035,107756,14069,261
Philippines,1994,405162,78187,96110,17923,7537,5436,8230,19914,20368,25697,38223,54140,65584,51805,11859,10191,9723,9729,10639,11915,13782,16835,21388,25204,28936,32343,33241,31702,20103,9520,2339,103647,13666,257
Philippines,1995,409301,76681,94103,17422,7545,5369,8197,19621,20328,26247,38632,55349,66664,53987,12986,9985,9636,9648,10680,12124,14123,16958,21674,25813,29536,32940,33724,32239,21748,10185,2801,101648,13566,269
Philippines,1996,410000,74007,90244,16237,7102,5090,8000,19155,20077,26659,38912,56569,68137,55651,14093,9724,9431,9493,10584,12243,14416,17106,21806,26461,30108,33675,34462,32526,23125,10878,3215,97346,13090,310
Philippines,1997,415356,72388,88060,15672,6979,4999,7912,18988,20049,27311,39610,58387,70800,57398,14479,9653,9335,9464,10585,12451,14860,17497,22113,27289,31098,34809,35991,33137,24261,11303,3176,95039,12911,382
Philippines,1998,423670,71316,86615,15299,6975,4996,7855,18883,20098,28019,40476,60311,73559,59772,15692,9631,9252,9466,10632,12674,15345,18023,22453,28134,32177,36005,37554,34131,25641,12382,3310,93590,12851,419
Philippines,1999,433612,70304,85161,14857,6830,4946,7788,18857,20189,28756,41497,62355,76370,62553,17872,9665,9192,9488,10701,12901,15855,18659,22838,29000,33355,37322,39048,35543,27010,14042,3830,91991,12734,439
Philippines,2000,447028,69147,83794,14647,6865,5023,7860,19237,20567,29694,42828,64593,79261,65719,21099,9913,9324,9662,10905,13246,16448,19493,23335,29925,34668,38771,40490,37441,28278,16156,4943,90659,12883,484
Philippines,2001,453625,69320,83524,14204,6737,4990,7718,19060,20503,30212,43948,66299,81603,67059,21424,9854,9206,9633,10870,13399,16813,20212,23736,30443,35856,40042,41561,38865,28194,16081,5343,90261,12708,545
Philippines,2002,457534,68466,82436,13970,6640,4960,7629,18967,20507,30721,45180,67796,83824,68121,20169,9801,9166,9634,10873,13522,17199,20881,24299,30714,37082,41210,42614,40042,28079,15146,5023,89076,12589,588
Philippines,2003,463177,67532,81176,13644,6548,4947,7632,19149,20697,31307,46607,69185,86156,69784,19349,9856,9293,9702,10995,13671,17636,21539,25068,30935,38250,42344,43812,41225,28559,14733,4616,87724,12579,643
Philippines,2004,470633,66641,80314,13673,6783,5094,7680,19100,20787,31847,48235,70483,88684,71806,19077,9739,9361,9659,11128,13784,18063,22217,26018,31221,39262,43539,45145,42333,29473,14869,4208,87097,12774,743
Philippines,2005,476162,65524,78514,12990,6380,4895,7636,18958,20718,32185,49887,71494,91161,74003,19605,9561,9397,9530,11188,13802,18383,22834,27053,31522,39972,44721,46440,43159,30844,15577,4028,84894,12531,726
Philippines,2006,488435,65613,78795,13182,6765,5152,7893,19178,21102,32888,51853,72686,93885,76460,21145,9603,9575,9635,11467,14054,18834,23637,28216,32151,40535,46197,47688,43891,32569,16882,4263,85560,13045,625
Philippines,2007,495826,64902,77423,12521,6251,4868,7824,18900,21026,33128,53356,73611,96249,79086,23613,9449,9451,9550,11476,14143,18985,24272,29084,32833,40778,47623,48626,44714,34372,18538,5075,83674,12692,496
Philippines,2008,507902,64739,77292,12553,6300,4903,7949,19010,21280,33819,55345,75508,99359,81716,24955,9537,9473,9704,11576,14470,19349,25052,30293,34088,41420,49317,50042,45999,35717,19085,5870,83592,12852,464
Philippines,2009,521392,64742,77316,12574,6313,4869,8010,19306,21638,34722,57683,78413,103617,84255,24753,9762,9544,9966,11672,14840,19882,25896,31787,36037,42376,51320,52297,47965,36290,18971,5782,83629,12879,500
Philippines,2010,533882,63495,75783,12288,6105,4707,7934,19321,21748,35425,59821,81486,107839,87326,25888,9834,9487,10072,11676,15112,20313,26662,33159,38119,43367,52970,54869,50111,37215,20044,5844,81888,12641,498
Philippines,2011,546246,61574,74020,12446,6367,4830,8006,19609,22045,36225,61938,84694,111774,89946,26253,10038,9571,10261,11784,15485,20740,27430,34508,40102,44592,54300,57474,52019,37927,20308,5945,80387,12836,530
Philippines,2012,557390,61849,74158,12309,6390,4856,8003,19862,22237,36790,63720,87778,114902,92180,25838,10219,9643,10362,11875,15708,21082,28023,35697,41827,45951,55195,59707,53805,38375,20081,5757,80548,12859,677
Philippines,2013,574425,62182,75272,13090,7266,5314,8249,20464,22842,37701,65780,91541,117898,95183,26164,10533,9931,10610,12232,16035,21666,28763,37017,43691,47850,56048,61850,55789,39394,20503,5661,82538,13563,752
Philippines,2014,578645,60544,72056,11512,5987,4634,7849,20102,22423,37473,66620,94816,119859,98619,27463,10311,9791,10322,12101,15744,21729,28940,37680,45161,49655,56541,63318,57755,40864,21543,5920,78043,12483,742
Philippines,2015,590944,59210,70459,11249,5905,4572,7841,20229,22564,37817,67852,98792,121720,102616,29882,10335,9894,10312,12252,15760,22057,29393,38459,46963,51829,57262,64458,59869,42747,23138,6744,76364,12413,694
Philippines,2016,597012,58230,69222,10992,5808,4518,7846,20498,22761,38341,69398,103618,123699,102564,28043,10426,10072,10375,12386,15871,22470,29982,39416,48842,54776,58512,65187,60520,42044,21503,6540,75030,12364,692
Philippines,2017,604642,57711,68472,10761,5737,4504,7829,20718,22933,38864,70964,108334,126175,103036,26353,10468,10250,10453,12480,16027,22837,30567,40397,50543,57791,60304,65871,61409,41627,20139,6214,74209,12333,717
Philippines,2018,611429,56926,67452,10526,5657,4486,7727,20523,22837,39095,72321,112635,129278,103712,24965,10307,10216,10423,12414,16106,22989,31041,41280,52017,60618,62773,66505,62350,41362,19133,5832,73109,12213,744
Philippines,2019,619189,56071,66434,10363,5580,4462,7612,20265,22696,39216,73582,116738,133234,104649,23965,10135,10130,10399,12297,16186,23030,31478,42104,53340,63398,65904,67330,63249,41400,18518,5447,72014,12074,757
Philippines,2020,624582,54748,64609,9861,5333,4310,7368,19842,22315,38966,74362,120214,137554,105717,23243,9905,9937,10268,12047,16111,22855,31714,42648,54315,65899,69265,68289,63972,41745,18161,5082,69942,11678,751
Philippines,2021,832888,53346,62878,9532,5190,4315,8360,23358,29881,54525,102120,170396,187452,153262,30319,11294,12064,13422,16459,22938,31587,44005,58115,75849,94547,96750,90702,87320,65942,24492,5827,68068,12675,828
Poland,1950,300850,81858,94654,12796,3258,3000,4771,13887,11680,20152,27841,38314,45291,32070,5910,7348,6539,4711,6969,9211,10941,13129,14712,17669,20645,22252,23039,19652,12418,4922,988,97912,7771,21
Poland,1951,298592,79197,92685,13488,3174,2765,4519,13567,11170,20131,28657,39403,45780,31543,5144,6999,6568,4706,6464,9047,11084,13529,15128,18007,21396,22756,23024,19599,11944,4440,704,95859,7284,49
Poland,1952,298859,73695,86049,12354,3146,2428,4432,13858,11205,20954,30646,42394,47835,31356,4507,7085,6773,5114,6091,9419,11535,14432,16214,19592,22802,24106,23729,19845,11511,3927,580,89195,6860,48
Poland,1953,280299,69366,80431,11065,2700,2033,3305,10094,8862,17768,29315,40680,47982,32602,4485,5115,4979,4436,4426,7585,10183,13365,15950,18050,22630,24298,23684,20669,11933,3954,531,83131,5338,38
Poland,1954,293189,66636,76701,10065,3059,1781,2968,9705,8961,17919,30991,44711,53871,37720,4777,4818,4887,4883,4078,7403,10516,13832,17159,17586,27125,27310,26561,24035,13685,4319,458,79760,4749,22
Poland,1955,274090,68029,77737,9708,3141,1561,2898,9100,8888,17585,31059,43105,48440,27728,2836,4276,4824,4878,4010,7138,10447,13851,17208,19065,24040,26507,21933,18332,9396,2584,252,80878,4459,8
Poland,1956,260436,57504,64804,7300,2720,1328,2532,8526,8718,16247,30591,43580,49087,29195,3109,3955,4571,4725,3993,6337,9910,13502,17089,19435,24145,25547,23540,19034,10161,2850,259,67524,3860,7
Poland,1957,278193,61815,69680,7865,2845,1455,2547,8766,9500,16375,32364,48140,53194,30227,3096,4033,4733,5010,4490,6224,10151,13973,18391,21897,26243,27939,25255,19678,10549,2857,239,72525,4002,6
Poland,1958,240071,53805,60308,6503,2228,1315,2014,7496,8842,13482,28543,40457,45723,26307,3339,3379,4117,4522,4320,4654,8828,12319,16224,19427,21030,23786,21937,17552,8755,2835,504,62536,3329,18
Poland,1959,251584,51677,58289,6612,2341,1509,1985,7387,9445,13135,30100,43642,50597,29229,3898,3324,4063,4561,4884,4362,8773,12901,17199,20914,22728,26248,24349,18921,10308,3262,636,60630,3494,25
Poland,1960,223778,37417,42161,4744,1931,1389,1679,6546,8974,12369,28930,41920,46966,27289,3590,2921,3625,4300,4674,4222,8147,12478,16452,20153,21767,24539,22427,17875,9414,2982,608,44092,3068,32
Poland,1961,226864,33502,38111,4609,1948,1561,1678,6760,9306,11931,29501,44179,49558,28152,4126,3009,3751,4523,4783,4397,7534,12655,16846,21241,22938,25364,24194,17991,10161,3427,699,40059,3239,50
Poland,1962,238371,32296,36341,4045,1914,1554,1822,6458,9696,12036,30306,47914,53647,32155,4465,2851,3607,4608,5088,4965,7071,12874,17432,22486,25428,27043,26604,20368,11787,3732,733,38255,3376,62
Poland,1963,229230,28268,32059,3791,1787,1503,1936,5990,9493,11953,29953,48560,51437,30192,4302,2610,3380,4336,5157,5682,6271,12464,17489,22614,25946,25711,25726,19391,10801,3606,696,33846,3439,63
Poland,1964,234892,26151,29374,3223,1670,1371,1863,5355,8989,11441,29610,51380,56407,32642,4709,2325,3030,4024,4965,5843,5598,11980,17630,23863,27517,28133,28274,20844,11798,3990,719,31044,3234,82
Poland,1965,231547,22189,25104,2915,1571,1291,1960,5120,8986,11783,29224,51876,56554,32975,5012,2201,2919,3859,5127,5959,5824,11248,17976,23570,28306,28310,28244,21127,11848,4218,794,26675,3251,92
Poland,1966,231977,19922,22606,2684,1513,1301,2308,5008,8812,12382,28729,52789,57756,33519,5157,2203,2805,3652,5160,6330,6052,10797,17932,23945,28844,29417,28339,21707,11812,4298,859,24119,3609,93
Poland,1967,246812,19251,21849,2598,1451,1329,2353,5008,8943,13486,28611,56336,63546,37894,5892,2352,2656,3633,5310,6519,6967,10117,18494,25271,31065,32896,30650,24540,13354,4864,1028,23300,3682,117
Poland,1968,243617,17113,19405,2292,1409,1310,2409,5413,8673,14585,27143,57400,63012,37052,5688,2809,2604,3445,5228,6824,7761,9030,18113,25408,31992,33453,29559,24040,13012,4686,1002,20814,3719,120
Poland,1969,262357,18028,20218,2190,1328,1219,2525,5388,8828,15982,27566,61996,69925,41044,6205,2900,2488,3533,5295,7122,8860,8886,18680,27309,34687,37051,32874,26566,14478,5090,1115,21546,3744,136
Poland,1970,269146,20704,22841,2137,1243,1322,2475,5574,8413,16281,26293,61814,73495,42577,6648,3137,2437,3386,5027,7177,9104,8724,17569,27436,34378,38953,34542,27460,15117,5446,1202,24084,3797,167
Poland,1971,285800,19204,21368,2164,1243,1245,2690,6157,8733,17621,26458,66385,81593,45291,6850,3577,2580,3539,5194,7747,9874,9771,16687,28912,37473,42890,38703,29266,16025,5643,1207,22611,3935,173
Poland,1972,267245,18672,20655,1983,1189,1147,2529,6194,8097,17000,24843,60393,75031,43315,6676,3625,2569,3285,4812,7347,9653,10379,14464,26090,34303,38908,36123,27352,15963,5467,1209,21844,3676,170
Poland,1973,279368,17988,19949,1961,1090,1073,2552,6480,7956,17773,25422,62240,81584,45747,7325,3573,2907,3151,4805,7597,10176,11994,13428,26557,35683,41870,39714,28750,16997,6065,1260,21039,3625,178
Poland,1974,279456,17411,19234,1823,950,886,2287,6396,7516,17659,25232,61763,82817,47106,7426,3340,3056,2950,4566,7364,10295,12899,12333,25886,35877,42505,40312,29492,17614,6168,1258,20184,3173,181
Poland,1975,299343,18818,20881,2063,1078,973,2464,7397,7865,18805,27209,63050,88989,52315,8125,3892,3505,3039,4826,7442,11363,14100,13109,25561,37489,44649,44340,32980,19335,6730,1395,21959,3437,195
Poland,1976,306574,18892,20717,1825,1038,864,2376,7601,8241,19630,29675,62556,91364,53929,8391,3794,3807,3230,5011,7690,11940,15228,14447,24011,38545,45715,45649,34032,19897,6974,1417,21755,3240,191
Poland,1977,314943,18947,20916,1969,1070,863,2257,8285,8497,20487,32748,60899,94428,55459,8829,4044,4241,3571,4926,7871,12616,16220,16528,22366,38533,47132,47296,35713,19746,7324,1505,21986,3120,203
Poland,1978,327954,18132,20177,2045,1110,867,2138,8344,8943,21012,35717,59246,100146,60393,9652,3953,4391,4113,4830,7972,13040,16885,18832,20378,38868,49619,50527,39589,20804,8019,1633,21287,3005,210
Poland,1979,325338,17606,19490,1884,1063,883,2036,8312,8916,20235,37683,56599,99766,61544,8656,3904,4408,4238,4678,7668,12567,17007,20676,18990,37609,48585,51181,39140,22404,7297,1359,20553,2919,159
Poland,1980,353088,17541,19590,2049,1136,806,1954,8452,9666,21677,41365,59084,108476,69586,11049,3864,4588,4841,4825,8436,13241,18758,22607,20488,38596,52692,55784,45331,24255,9119,1930,20726,2760,243
Poland,1981,330953,16651,18556,1905,1153,848,1985,7730,8976,18751,40537,54895,101418,65534,10333,3494,4236,4645,4331,7312,11439,17876,22661,21277,33618,49799,51619,42184,23350,8486,1847,19709,2833,238
Poland,1982,337550,17199,18991,1792,1218,858,1843,7632,9401,18038,41491,54487,103121,69577,10634,3370,4262,4850,4551,6845,11193,18185,23306,23459,31028,49410,53711,44914,24663,8715,1919,20209,2701,258
Poland,1983,351851,16645,18416,1771,1080,869,1870,7532,10227,18537,42602,55265,107327,75860,11962,3232,4300,5209,5018,6969,11568,18492,24110,27141,28124,50611,56716,48277,27583,9767,2195,19496,2739,298
Poland,1984,366962,15794,17589,1795,1011,839,1647,6976,11356,19139,44866,57322,110187,82516,13177,2784,4192,5419,5937,7113,12026,19171,25695,30177,27145,50826,59361,52378,30138,10717,2460,18600,2486,333
Poland,1985,383376,14491,16249,1758,977,824,1562,6646,12039,19397,46428,61705,114080,88778,14336,2675,3971,5353,6686,7098,12299,19358,27070,32716,28989,50986,63094,55739,33039,11671,2665,17226,2386,356
Poland,1986,378182,13172,14867,1695,963,838,1607,6135,12319,18886,46428,65079,108586,87792,14324,2514,3621,5313,7006,6947,11939,18886,27542,34145,30934,46791,61795,54690,33102,11675,2649,15830,2445,356
Poland,1987,380101,12671,14256,1585,885,768,1577,5771,12565,19221,46669,69209,104473,89607,14735,2325,3446,5296,7269,7499,11722,18477,28192,34857,34352,42524,61949,55374,34233,12085,2650,15141,2345,365
Poland,1988,372814,11932,13407,1475,945,758,1623,5333,12628,19029,45788,72223,97686,88448,14574,2121,3212,5321,7307,8203,10826,17905,27883,35009,37214,37986,59700,54634,33814,12012,2562,14352,2381,371
Poland,1989,382781,10949,12452,1503,1044,905,1886,5837,13413,20471,45971,78076,94639,92174,15500,2524,3313,5508,7905,9431,11040,18137,27834,36433,41643,35164,59475,56127,36047,12788,2712,13496,2791,412
Poland,1990,390221,10401,11831,1430,925,924,1978,5770,14143,21657,45665,80934,94039,94912,16983,2580,3190,5707,8436,10722,10935,18149,27516,37467,43467,36288,57751,58216,36696,14001,2982,12756,2902,461
Poland,1991,405700,9830,11053,1223,899,947,2078,5886,14586,24173,46604,85512,94867,99898,18722,2718,3168,5548,9038,12337,11836,18830,27774,39170,46342,39926,54941,61041,38857,15504,3218,11952,3025,479
Poland,1992,394487,8810,9990,1180,796,852,2083,5472,13507,25028,43784,83954,91139,98296,19150,2544,2928,5048,8459,12639,12389,17489,26295,38356,45598,42665,48474,59065,39231,15883,3267,10786,2935,432
Poland,1993,391790,7783,8788,1005,745,770,1968,4857,12258,24212,40829,82739,91610,101887,20695,2291,2566,4374,7884,11749,12463,16004,24825,36900,45839,47492,44118,60201,41686,17143,3552,9533,2738,431
Poland,1994,386054,7100,8138,1038,717,770,2109,5003,12125,25675,39117,80388,90596,99945,21042,2456,2547,4228,7897,11846,13829,15171,23946,35423,44965,50366,40230,58103,41842,17465,3577,8855,2879,436
Poland,1995,385982,5694,6565,871,631,800,2015,4980,11784,27954,38619,80057,92192,98441,21538,2406,2574,3952,7832,12402,15552,14946,23673,34673,45384,51281,40911,55713,42728,17842,3696,7196,2815,406
Poland,1996,385597,5162,5991,829,647,757,1900,4765,10432,27436,37486,78547,97461,97202,22546,2429,2336,3524,6908,11743,15693,14786,22700,33121,45426,53438,44023,52871,44331,18473,4073,6638,2657,428
Poland,1997,380246,4074,4782,708,599,713,1996,5116,10153,28330,37541,77485,100082,90338,22684,2545,2571,3450,6703,11761,16569,15876,21665,31989,45496,53152,46930,47029,43309,18601,4083,5381,2709,424
Poland,1998,375351,3705,4309,604,535,674,1967,5049,9453,27948,37762,75647,104174,83782,23590,2615,2434,3189,6264,11489,16459,17253,20509,31084,44563,52457,51717,41138,42644,19266,4324,4844,2641,464
Poland,1999,381260,3305,3943,638,498,628,1962,5269,8942,28338,38959,75088,109706,82467,24961,2664,2605,3179,5763,11473,16865,18897,20062,30869,44219,53591,56115,38690,43777,20306,4655,4441,2590,500
Poland,2000,368313,3048,3560,512,422,550,1732,4873,7993,26521,38164,69918,108725,80011,25316,2437,2436,2917,5076,10381,16140,19802,18362,28874,41044,52413,56312,39031,40980,20587,4729,3982,2282,528
Poland,2001,363134,2803,3298,495,431,547,1625,4713,7422,25495,39177,66361,108174,79214,26066,2314,2399,2798,4624,9563,15932,20777,18400,27342,39019,51233,56941,41245,37969,21088,4978,3729,2172,605
Poland,2002,359515,2643,3112,469,404,575,1690,4784,7169,24028,40598,62589,107601,79423,26900,2366,2418,2862,4307,8783,15245,21223,19375,25793,36796,50821,56780,44555,34868,21610,5290,3516,2265,638
Poland,2003,365672,2474,2866,392,365,505,1445,4680,6990,23196,42604,61076,108303,83836,29087,2308,2372,2787,4203,8227,14969,21221,21383,24770,36306,50780,57523,51118,32718,23161,5926,3231,1950,716
Poland,2004,363844,2427,2800,373,327,458,1354,4757,7054,23256,45818,59086,105018,84214,28955,2293,2464,2887,4167,7753,15503,22226,23592,24013,35073,48693,56325,54356,29858,22805,6150,3127,1812,745
Poland,2005,368483,2337,2723,386,318,429,1382,4724,7168,22742,48625,57473,103986,88623,29485,2286,2438,2947,4221,7426,15316,22476,26149,23062,34411,46792,57194,56544,32079,22926,6559,3041,1811,801
Poland,2006,370252,2251,2641,390,308,444,1305,4556,7143,22022,51472,56901,102147,92660,27792,2236,2320,2896,4247,7271,14751,23077,28395,23686,33215,44772,57375,58327,34333,20978,6814,2949,1749,861
Poland,2007,377524,2295,2663,368,244,430,1360,4620,7272,21156,52738,57808,102033,99035,27199,2210,2410,3154,4118,7045,14111,23035,29703,25814,31994,44225,57808,60043,38992,19903,7296,2907,1790,964
Poland,2008,379836,2315,2707,392,247,333,1373,4616,7326,19784,52209,58610,100145,104922,26506,2092,2524,3159,4167,6678,13106,22638,29571,28187,30423,42520,57625,60637,44285,18806,7700,2954,1706,1058
Poland,2009,385395,2251,2581,330,258,365,1269,4423,7366,17870,51472,60679,98760,112391,26785,2085,2338,3140,4226,6283,11587,21654,29818,31099,29580,41904,56856,62905,49486,18647,8138,2839,1634,1173
Poland,2010,378642,2060,2391,331,212,299,1083,4173,7001,16471,49904,60700,94633,112374,28179,1895,2278,2901,4100,6019,10452,20586,29318,32654,28046,40654,53979,62229,50145,20278,7901,2603,1382,1225
Poland,2011,375993,1846,2176,330,211,287,1064,4159,7253,15740,48290,62831,89656,114185,28855,1852,2307,2980,4273,5941,9799,19344,28946,34563,28268,38406,51250,61925,52260,21661,7194,2387,1351,1280
Poland,2012,385382,1833,2146,313,210,264,1009,3880,7022,15207,47351,67594,88640,118438,32210,1682,2198,2880,4142,5785,9422,18465,28886,36628,30966,37620,51020,63670,54768,25170,7040,2356,1273,1408
Poland,2013,388176,1735,2042,307,179,284,989,3676,6789,14322,45024,71277,86225,120358,35540,1625,2051,2774,4015,5665,8657,16552,28472,37043,34234,36133,50092,63835,56523,28873,6667,2221,1273,1473
Poland,2014,377375,1662,1938,276,189,229,840,3531,6747,13674,41515,71974,81645,116329,37240,1581,1950,2773,3974,5576,8098,14920,26595,35786,36188,33946,47699,60678,55651,30608,6632,2127,1069,1524
Poland,2015,395527,1525,1790,265,191,244,777,3351,6766,13772,40799,78456,82329,123075,42400,1460,1891,2743,4023,5558,8214,14293,26506,37571,40885,33933,48396,62073,61002,34553,7847,1981,1021,1575
Poland,2016,388657,1599,1838,239,192,204,680,3145,6867,13816,38527,80066,79673,118723,43517,1315,1830,2849,4018,5632,8184,13467,25060,36988,43078,33880,45793,58607,60116,35100,8417,2030,884,1407
Poland,2017,403958,1664,1904,240,177,213,663,3081,6868,14045,36828,82087,83035,124144,49453,1252,1829,2836,4032,5835,8210,12863,23965,36963,45124,37484,45551,59724,64420,39106,10347,2081,876,1457
Poland,2018,415046,1537,1776,239,184,263,676,3049,7009,14615,35447,85144,87461,125752,52307,1244,1805,2827,4182,6222,8393,12472,22975,37861,47283,42358,45103,60072,65680,40479,11828,1960,939,1367
Poland,2019,410825,1446,1678,232,185,213,643,2922,7117,14414,33395,85200,88688,121206,53747,1158,1764,2848,4269,6027,8387,12214,21181,37116,48084,45850,42838,57839,63367,41061,12686,1863,856,1420
Poland,2020,471412,1346,1568,222,173,181,541,2707,7013,15618,32297,92386,109602,143134,64403,1111,1596,2570,4443,6446,9172,12578,19719,37159,55227,62747,46855,66224,76910,49191,15212,1741,722,1791
Poland,2021,502541,1268,1479,211,164,170,502,2264,6582,16547,31592,98241,129701,144992,68269,892,1372,2272,4310,6590,9957,12685,18907,36833,61408,75497,54204,66527,78465,51727,16542,1643,672,2036
Portugal,1950,104207,20159,29738,9579,1578,1014,1792,5194,4533,6088,7925,13163,18494,12279,2311,2643,2551,2028,2505,2855,3233,3546,4379,5980,7183,9341,9153,7748,4531,1800,511,31316,2806,98
Portugal,1951,105601,18740,27705,8965,1567,958,1615,4801,4386,6139,8455,13967,20401,12950,2542,2428,2373,2005,2381,2901,3238,3861,4594,6243,7724,10077,10324,8110,4840,1978,564,29272,2573,109
Portugal,1952,100923,20142,29892,9750,1442,820,1271,3679,3722,5412,7751,13081,18775,12524,2452,1789,1890,1690,2032,2433,2979,3477,4274,5742,7339,9101,9674,7835,4689,1925,527,31334,2091,98
Portugal,1953,97287,19162,28050,8888,1332,696,965,2811,3080,4911,7606,13131,19152,13078,2384,1394,1417,1406,1674,2223,2688,3378,4228,5827,7304,9145,10007,8188,4890,1877,507,29382,1661,88
Portugal,1954,95191,16909,23786,6877,1302,676,938,2811,3126,5109,7849,13515,20101,13277,2609,1293,1518,1457,1669,2295,2814,3517,4332,5850,7665,9540,10561,8379,4898,2042,567,25088,1614,92
Portugal,1955,99740,19087,26602,7515,1197,616,897,2740,3138,5321,8251,13894,20549,13989,2471,1281,1459,1528,1610,2337,2984,3776,4475,5966,7928,9593,10956,8872,5117,1949,522,27799,1513,77
Portugal,1956,106847,17822,24797,6975,1224,631,826,2556,3322,5520,9194,15299,23684,16831,2884,1171,1385,1595,1727,2371,3149,4056,5138,6594,8705,11180,12504,10779,6052,2273,611,26021,1457,81
Portugal,1957,102129,18969,26777,7808,1228,685,867,2629,3128,5219,8728,14263,21666,14554,2317,1203,1426,1509,1619,2191,3028,3847,4881,6026,8237,10468,11198,9271,5283,1839,478,28005,1552,60
Portugal,1958,92054,17956,24134,6178,1002,624,695,2121,2887,4585,7822,12998,19474,13481,2179,958,1163,1382,1505,1911,2674,3369,4453,5554,7444,9260,10214,8641,4840,1745,434,25136,1319,52
Portugal,1959,97855,19145,25993,6848,1060,636,703,2211,3037,4371,7927,13430,21086,14915,2426,992,1219,1407,1630,1767,2604,3478,4449,5712,7718,10039,11047,9299,5616,1965,461,27053,1339,56
Portugal,1960,96233,17338,22364,5026,904,576,676,2024,2883,4383,8178,13707,21733,16334,2418,921,1103,1308,1575,1756,2627,3594,4584,5884,7823,10398,11335,10331,6003,1989,429,23268,1252,54
Portugal,1961,99717,19513,26347,6834,1064,593,765,1978,2943,4225,8368,13907,21631,15512,2327,909,1069,1326,1617,1742,2483,3648,4720,6155,7752,10205,11426,9696,5816,1915,412,27411,1358,52
Portugal,1962,96945,17196,22524,5328,1039,544,710,1965,2878,4349,8335,14263,21779,16121,2385,830,1135,1295,1583,1812,2537,3631,4704,6310,7953,10360,11419,10040,6081,1969,416,23563,1254,54
Portugal,1963,97847,15329,20083,4754,1034,554,720,1743,2749,4233,8683,14499,23438,17461,2594,761,982,1241,1508,1786,2447,3751,4932,6384,8115,11145,12293,10760,6701,2160,434,21117,1274,56
Portugal,1964,96988,14973,19669,4696,1038,582,781,1776,2743,4411,8852,14690,23017,16849,2530,758,1018,1162,1581,2016,2395,3823,5029,6601,8089,10799,12218,10378,6471,2122,408,20707,1363,51
Portugal,1965,95163,13399,17180,3781,857,483,693,1592,2675,4358,8749,14982,23398,17368,2775,713,879,1168,1507,1986,2372,3627,5122,6630,8352,10949,12449,10838,6530,2335,440,18037,1176,54
Portugal,1966,100017,13202,16756,3554,801,529,688,1653,2675,4540,9573,16359,24953,18481,2955,777,876,1110,1565,2042,2498,3992,5581,7299,9060,11574,13379,11452,7029,2464,491,17557,1217,54
Portugal,1967,95978,12027,14947,2920,799,498,729,1615,2714,4613,9022,16074,23904,17904,3098,764,851,1175,1539,2053,2560,3694,5328,7072,9002,11067,12837,11125,6779,2588,510,15746,1227,57
Portugal,1968,94852,11912,14702,2790,697,463,695,1544,2461,4286,8578,15993,24047,18463,2871,747,797,1047,1414,1930,2356,3379,5199,6986,9007,11231,12816,11416,7047,2390,481,15399,1158,52
Portugal,1969,101446,10979,13313,2334,661,483,758,1497,2526,4699,9036,18057,26951,20063,3344,732,765,1073,1453,2024,2675,3502,5534,7663,10394,12490,14461,12410,7653,2767,577,13974,1241,56
Portugal,1970,94520,11041,13479,2438,736,482,682,1462,2173,4292,7899,16389,24721,19087,3063,739,723,905,1268,1831,2461,3069,4830,7112,9277,11565,13156,12002,7085,2517,546,14215,1164,52
Portugal,1971,98180,9552,11543,1991,792,516,717,1543,2307,4620,8442,17709,26336,20149,3447,777,766,919,1388,1884,2736,3293,5149,7555,10154,12443,13893,12394,7755,2838,609,12335,1233,61
Portugal,1972,89897,7102,8722,1620,634,484,692,1386,1981,4191,7881,16686,24633,19266,3274,737,649,797,1184,1659,2532,3207,4674,7216,9470,11770,12863,11871,7395,2691,583,9356,1176,63
Portugal,1973,94781,7583,9358,1775,674,527,751,1439,2034,4393,8009,17118,26337,20721,3354,724,715,823,1211,1878,2515,3372,4637,7234,9884,12559,13778,12779,7942,2757,597,10032,1278,64
Portugal,1974,96407,6497,7847,1350,573,497,781,1582,2077,4451,8086,17724,27422,21661,3641,853,729,835,1242,1884,2567,3644,4442,7562,10162,13227,14195,13279,8382,2996,645,8420,1278,68
Portugal,1975,97650,7069,8383,1314,602,458,875,1922,2187,4954,8706,18196,26917,20944,3442,1080,842,882,1305,2022,2932,3944,4762,7715,10481,12930,13987,12782,8162,2832,610,8985,1333,61
Portugal,1976,101535,6290,7446,1156,607,522,902,1894,2239,4936,9004,18644,29443,21985,3846,1046,848,934,1305,2012,2924,4107,4897,7747,10897,14104,15339,13322,8663,3152,694,8053,1424,67
Portugal,1977,95511,5423,6503,1080,502,440,860,1747,2056,4537,8621,17599,28069,20849,3664,918,829,873,1183,1809,2728,3856,4765,7203,10396,13536,14533,12675,8174,3030,634,7005,1300,61
Portugal,1978,95661,4769,5765,996,519,489,887,1845,1890,4343,8395,17031,28658,21779,4000,1021,824,827,1063,1718,2625,3591,4804,6659,10372,13460,15198,12923,8856,3321,679,6284,1376,62
Portugal,1979,92201,4094,5010,916,472,469,912,1844,1861,4088,8417,16000,27997,21223,3848,996,848,821,1040,1618,2470,3628,4789,6151,9849,13103,14894,12726,8497,3182,666,5482,1381,60
Portugal,1980,94470,3868,4721,853,495,426,957,1817,1931,4204,8767,16315,28628,22012,4121,972,845,898,1033,1699,2505,3704,5063,6315,10000,13234,15394,13362,8650,3408,713,5216,1383,71
Portugal,1981,95569,3315,4015,700,421,433,1083,2010,2007,4334,8940,16283,29021,22769,4178,1089,921,886,1121,1666,2668,3758,5182,6524,9759,13473,15548,13855,8914,3462,716,4436,1516,75
Portugal,1982,92156,2974,3627,653,433,397,999,1899,1955,3998,8602,15422,28569,21910,4267,1020,879,891,1064,1516,2482,3613,4989,6310,9112,13129,15440,13489,8421,3536,731,4060,1396,79
Portugal,1983,95915,2702,3331,629,387,381,920,1924,2080,3906,8907,15675,29525,24061,4734,1032,892,937,1143,1521,2385,3674,5233,6529,9146,13622,15903,14678,9383,3911,823,3718,1301,87
Portugal,1984,96775,2342,2951,609,381,382,835,1874,2030,3965,8897,15814,29709,24972,4877,1001,873,933,1097,1562,2403,3688,5209,6966,8848,13630,16079,15372,9600,4003,874,3332,1217,90
Portugal,1985,96838,2212,2771,559,328,349,781,1842,1996,3829,8643,15502,30073,25434,5185,965,877,872,1124,1455,2374,3601,5042,6973,8529,13434,16639,15356,10078,4245,940,3099,1130,98
Portugal,1986,95281,1974,2508,534,343,322,776,1703,2010,3730,8641,15525,29180,25475,4967,881,822,913,1097,1477,2253,3479,5162,6992,8533,12978,16202,15368,10107,4042,925,2851,1098,96
Portugal,1987,94904,1709,2184,475,309,324,780,1881,2114,3579,8194,15280,28658,26260,5230,982,899,952,1162,1460,2119,3388,4806,6911,8369,12264,16394,15875,10385,4189,1041,2493,1104,114
Portugal,1988,97575,1593,2079,486,266,341,774,1884,2122,3620,8144,16067,28770,27696,5678,979,905,995,1127,1510,2110,3339,4805,6976,9091,11999,16771,16354,11342,4509,1169,2345,1115,130
Portugal,1989,95578,1430,1845,415,265,314,713,1961,2110,3505,7650,15677,27772,27793,5828,975,986,1011,1099,1499,2006,3041,4609,6642,9035,11392,16380,16341,11452,4664,1164,2110,1027,141
Portugal,1990,102607,1273,1608,335,255,320,812,1932,2250,3592,8010,16749,29165,31071,6686,978,954,1028,1222,1547,2045,3179,4831,6880,9869,12011,17154,18086,12985,5377,1309,1863,1132,157
Portugal,1991,103702,1272,1624,352,270,318,851,2026,2390,3691,7945,17052,29085,31479,6815,985,1041,1142,1248,1601,2090,3109,4836,7112,9940,12048,17037,18293,13186,5530,1285,1894,1169,155
Portugal,1992,100475,1056,1372,316,222,255,779,1962,2479,3879,7587,16227,28045,30627,6870,980,982,1142,1337,1688,2191,2975,4612,6655,9572,11967,16078,17741,12886,5542,1328,1594,1034,169
Portugal,1993,105663,978,1291,313,195,228,710,1945,2379,3823,7759,17108,28977,33242,7819,943,1002,1091,1288,1650,2173,2999,4760,6977,10131,12722,16255,19158,14084,6325,1494,1486,938,189
Portugal,1994,99099,856,1100,244,202,237,645,1834,2401,3624,6965,15630,27370,31363,7542,871,963,1112,1289,1564,2060,2778,4187,6430,9200,12549,14821,17918,13445,6128,1414,1302,882,183
Portugal,1995,103213,792,1026,234,180,211,623,2144,2518,3831,6933,15857,28318,32902,8463,1025,1119,1190,1328,1666,2165,2708,4225,6491,9366,13201,15117,18459,14443,6853,1610,1206,834,208
Portugal,1996,106695,761,1002,241,164,212,588,2031,2687,3997,7094,15995,29029,34586,9066,964,1067,1250,1437,1721,2276,2932,4162,6490,9505,13516,15513,19077,15509,7224,1842,1166,800,238
Portugal,1997,104571,729,959,230,144,203,534,2015,2744,3954,6845,15517,28589,33831,9008,928,1087,1260,1484,1705,2249,2857,3988,6242,9275,13195,15394,18286,15545,7187,1821,1103,737,227
Portugal,1998,106034,688,907,219,158,196,518,1967,2609,3931,6734,15192,29638,34138,9784,899,1068,1190,1419,1735,2196,2936,3798,6079,9113,13475,16163,17933,16205,7729,2055,1065,714,262
Portugal,1999,107802,664,846,182,144,143,465,1850,2672,3891,6695,15178,30424,34742,10468,822,1028,1220,1452,1728,2163,2913,3782,5983,9195,13141,17283,17816,16926,8252,2216,990,608,282
Portugal,2000,105056,681,873,192,119,131,433,1643,2492,4029,6585,14396,29993,33525,10554,743,900,1126,1366,1726,2303,2894,3691,5642,8754,12861,17132,17039,16486,8337,2217,992,564,287
Portugal,2001,104894,557,718,161,114,142,399,1619,2435,4206,6608,14075,29739,33458,11070,681,938,1045,1390,1858,2348,2885,3723,5534,8541,12700,17039,17140,16318,8736,2334,832,541,315
Portugal,2002,106177,581,748,167,104,140,340,1394,2335,4246,6801,13780,29591,34425,11920,585,809,985,1350,1867,2379,3008,3793,5322,8458,12341,17250,17931,16494,9405,2515,852,480,355
Portugal,2003,108562,457,584,127,103,121,297,1313,2263,4134,6915,13585,30229,35761,12866,554,759,992,1271,1748,2386,3033,3882,5203,8382,12577,17652,19230,16531,10106,2760,687,418,389
Portugal,2004,101866,415,558,143,95,104,275,1161,2113,3991,6667,12739,28121,33797,11881,477,684,912,1201,1702,2289,2956,3711,4943,7796,11827,16294,18782,15015,9266,2615,653,379,365
Portugal,2005,107398,383,481,98,99,85,285,1041,2125,4023,6985,12792,28979,36620,13470,460,581,929,1196,1728,2295,3037,3948,4903,7889,11937,17042,20531,16089,10427,3043,580,370,414
Portugal,2006,101722,343,459,116,84,93,247,890,1947,3974,6735,12107,27086,34936,12749,389,501,775,1172,1686,2288,2893,3842,4918,7189,11324,15762,19287,15649,9731,3018,543,340,415
Portugal,2007,103478,351,437,86,62,87,211,864,1821,3850,6791,11828,26799,36756,13500,381,483,740,1081,1582,2268,3003,3788,4901,6927,11119,15680,20014,16742,10167,3333,499,298,472
Portugal,2008,104180,342,422,80,63,93,195,775,1668,3791,6816,11536,26612,37853,13813,320,455,721,947,1520,2271,2981,3835,4852,6684,10737,15875,20072,17781,10183,3630,485,288,542
Portugal,2009,104473,357,446,89,59,69,187,713,1620,3741,6830,11665,25858,38774,13919,316,397,617,1003,1485,2256,3089,3741,5077,6588,10354,15504,20161,18613,10082,3837,505,256,587
Portugal,2010,105946,260,331,71,65,72,157,660,1576,3676,6831,11457,25634,40241,14621,294,366,609,967,1495,2181,2994,3837,4956,6501,10276,15358,20407,19834,10626,3995,396,229,622
Portugal,2011,102883,294,364,70,65,53,163,567,1367,3490,6979,11457,24537,38445,14737,259,308,522,845,1353,2137,3096,3883,5020,6437,9637,14900,19165,19280,10800,3937,429,216,655
Portugal,2012,107622,297,361,64,57,70,126,514,1293,3414,6760,11602,24466,41610,16602,235,279,466,827,1322,2092,2941,3819,4977,6625,9405,15061,20269,21341,12297,4305,418,196,745
Portugal,2013,106382,237,310,73,45,58,121,482,1153,3226,6826,11882,23584,41021,16906,214,268,395,758,1218,2008,2971,3855,5204,6678,9039,14545,19980,21041,12780,4126,355,179,771
Portugal,2014,104791,237,292,55,45,50,135,439,1087,3025,6799,11386,22653,40465,17569,182,257,385,702,1172,1853,2909,3890,4829,6557,8736,13917,19593,20872,13442,4127,337,185,843
Portugal,2015,108687,252,310,58,49,46,120,410,944,2969,6465,11755,22816,42136,19728,182,228,335,609,1139,1830,2735,3730,5075,6680,8936,13880,20309,21827,15018,4710,359,166,936
Portugal,2016,110566,281,333,52,30,50,128,388,843,2843,6774,12114,22998,42283,20797,182,206,260,583,1130,1713,2839,3935,5193,6921,9135,13863,20156,22127,15606,5191,363,178,981
Portugal,2017,109892,225,277,52,43,47,118,432,878,2783,6746,11906,22069,41746,21822,192,240,305,573,1079,1704,2880,3866,5098,6808,9000,13069,19636,22110,16128,5694,320,165,1021
Portugal,2018,113469,287,350,63,38,49,120,396,815,2818,6571,12117,22693,43083,23328,166,230,332,483,1052,1766,2672,3899,5258,6859,9460,13233,20055,23028,16808,6520,388,169,1085
Portugal,2019,112138,241,303,62,35,51,112,396,847,2574,6462,12196,22082,42108,23875,185,211,340,507,937,1637,2610,3852,5307,6889,9408,12674,19526,22582,16911,6964,338,163,1095
Portugal,2020,123874,198,250,52,35,38,122,445,834,2755,6785,13109,24396,46699,27143,200,245,314,520,994,1761,2755,4030,5680,7429,10253,14143,21418,25281,19077,8066,285,160,1264
Portugal,2021,123550,217,275,58,30,45,92,365,797,2675,6820,13790,25798,46831,24819,172,193,320,477,918,1757,2716,4104,5911,7879,11138,14660,20774,26057,17495,7324,305,137,1213
Puerto Rico,1950,22289,6568,8067,1499,370,229,419,1215,1282,1376,1792,2517,2409,2026,561,612,603,600,682,667,709,853,939,1235,1282,1224,1185,1155,871,433,128,8437,648,22
Puerto Rico,1951,21434,6188,7637,1449,364,221,394,1142,1213,1335,1746,2462,2364,1970,559,571,571,565,648,656,679,828,918,1184,1278,1220,1144,1105,865,431,128,8001,615,22
Puerto Rico,1952,20508,5719,7093,1374,359,211,371,1079,1157,1307,1718,2403,2357,1886,543,536,543,541,616,649,658,805,913,1126,1277,1234,1123,1050,836,420,123,7452,582,22
Puerto Rico,1953,19378,5222,6489,1267,349,198,347,996,1088,1265,1659,2313,2321,1798,530,490,506,515,573,629,636,764,895,1061,1252,1228,1093,1004,794,408,122,6838,545,21
Puerto Rico,1954,18209,4821,5960,1139,335,188,322,905,1009,1204,1577,2203,2257,1711,518,443,462,481,528,594,610,714,863,1000,1203,1200,1057,964,747,396,122,6295,510,21
Puerto Rico,1955,17284,4493,5526,1033,316,179,302,825,941,1153,1502,2110,2224,1662,521,403,422,450,491,560,593,671,831,963,1147,1180,1044,937,725,393,128,5842,481,21
Puerto Rico,1956,16871,4218,5190,972,304,179,291,776,904,1135,1471,2092,2275,1682,544,381,395,430,474,540,595,653,818,967,1125,1197,1078,937,745,405,139,5494,470,24
Puerto Rico,1957,16545,3928,4852,924,291,182,285,736,875,1118,1448,2092,2336,1724,582,365,371,410,465,519,599,644,804,982,1110,1213,1123,943,781,427,155,5143,467,29
Puerto Rico,1958,16337,3733,4610,877,277,183,282,693,840,1099,1426,2098,2388,1780,628,349,344,387,453,499,600,640,786,992,1106,1225,1163,953,827,455,173,4887,465,35
Puerto Rico,1959,16164,3499,4334,835,261,187,287,660,802,1078,1414,2116,2433,1855,690,338,322,363,439,483,595,644,770,999,1117,1235,1198,977,878,496,194,4595,474,43
Puerto Rico,1960,16197,3416,4216,800,251,187,296,631,762,1058,1413,2145,2480,1930,778,329,302,339,423,474,584,655,758,1001,1144,1250,1230,1014,916,561,217,4467,483,54
Puerto Rico,1961,16259,3234,4017,783,246,185,307,640,742,1050,1446,2178,2570,1987,828,338,302,331,411,472,578,683,763,1002,1176,1286,1284,1086,901,604,224,4263,492,63
Puerto Rico,1962,16729,3223,4002,779,246,183,318,672,741,1057,1511,2240,2704,2104,875,359,313,333,408,478,579,722,789,1019,1221,1342,1362,1192,912,639,236,4248,501,70
Puerto Rico,1963,17225,3347,4109,762,242,181,327,700,739,1050,1565,2279,2808,2230,917,379,321,334,405,477,573,746,819,1029,1250,1380,1428,1279,951,664,253,4351,508,74
Puerto Rico,1964,17379,3106,3851,745,239,176,335,723,740,1043,1614,2323,2911,2381,965,394,329,337,403,473,570,759,855,1045,1278,1417,1494,1358,1023,690,275,4090,511,77
Puerto Rico,1965,17660,3011,3729,718,236,174,340,741,742,1036,1652,2362,3000,2547,1023,405,336,339,403,470,566,760,892,1061,1301,1450,1550,1434,1113,721,302,3965,514,80
Puerto Rico,1966,17894,2773,3464,691,233,174,343,762,747,1032,1689,2413,3099,2743,1105,416,346,343,404,468,564,757,932,1090,1323,1496,1603,1517,1226,773,332,3697,517,88
Puerto Rico,1967,18104,2481,3139,658,229,175,346,776,754,1033,1713,2477,3185,2946,1225,422,354,348,406,469,564,748,965,1127,1350,1544,1641,1601,1345,862,363,3368,521,106
Puerto Rico,1968,18558,2282,2905,623,226,177,350,793,766,1042,1739,2572,3292,3160,1417,429,364,353,413,475,567,742,997,1183,1389,1609,1683,1695,1465,1000,417,3131,527,119
Puerto Rico,1969,18877,2168,2742,574,219,174,352,802,768,1043,1730,2640,3350,3303,1629,436,366,354,414,479,564,727,1003,1226,1414,1653,1697,1756,1547,1142,487,2961,526,128
Puerto Rico,1970,19540,2103,2654,551,221,178,361,824,778,1062,1734,2753,3456,3468,1911,453,371,358,420,490,572,722,1012,1284,1469,1717,1739,1821,1647,1308,603,2875,539,144
Puerto Rico,1971,19901,2134,2644,510,209,171,364,865,786,1084,1751,2847,3552,3491,1972,479,386,364,422,496,588,731,1020,1328,1519,1764,1788,1832,1659,1309,663,2853,535,161
Puerto Rico,1972,20045,2020,2518,498,198,168,368,920,805,1109,1779,2940,3654,3477,1927,509,411,379,426,501,608,749,1030,1370,1570,1810,1844,1820,1657,1245,682,2716,536,178
Puerto Rico,1973,20029,1929,2413,484,187,165,362,959,818,1117,1790,3002,3725,3443,1854,524,435,391,427,501,616,764,1026,1395,1607,1843,1882,1792,1651,1178,676,2600,527,193
Puerto Rico,1974,20375,1888,2366,478,178,164,358,1004,847,1135,1828,3118,3864,3483,1815,534,470,409,438,506,629,792,1036,1442,1676,1911,1953,1805,1678,1153,662,2544,522,212
Puerto Rico,1975,20390,1802,2268,466,171,164,348,1019,866,1135,1831,3179,3940,3480,1764,527,492,423,443,506,629,805,1026,1465,1714,1951,1989,1806,1674,1136,628,2439,512,226
Puerto Rico,1976,20458,1827,2272,445,160,157,336,1022,885,1125,1841,3223,4025,3456,1720,517,505,440,445,503,622,814,1027,1476,1747,1991,2034,1813,1643,1137,583,2432,493,237
Puerto Rico,1977,20503,1845,2272,427,153,151,326,1012,907,1116,1851,3249,4123,3405,1695,505,507,456,451,501,615,817,1034,1472,1777,2021,2102,1814,1591,1155,540,2425,477,242
Puerto Rico,1978,20717,1831,2249,418,147,146,325,1004,945,1125,1880,3310,4263,3382,1707,494,510,479,466,506,619,821,1059,1475,1835,2069,2194,1828,1554,1192,515,2396,471,231
Puerto Rico,1979,20914,1779,2189,410,142,137,328,983,982,1135,1899,3366,4401,3389,1751,481,502,502,480,517,618,817,1082,1464,1902,2133,2268,1861,1528,1233,518,2331,465,209
Puerto Rico,1980,21226,1733,2138,405,137,130,334,962,1025,1152,1914,3441,4556,3438,1814,472,490,525,500,527,625,812,1102,1458,1983,2204,2352,1923,1515,1264,550,2275,464,183
Puerto Rico,1981,21578,1660,2064,404,136,124,336,967,1061,1171,1934,3498,4708,3601,1810,474,493,536,525,533,638,816,1118,1468,2030,2277,2431,2066,1535,1212,598,2200,460,171
Puerto Rico,1982,21902,1555,1951,396,131,116,326,979,1092,1191,1956,3530,4861,3827,1772,481,498,542,550,545,646,826,1130,1494,2036,2369,2492,2251,1576,1143,629,2082,442,171
Puerto Rico,1983,22507,1434,1820,386,132,116,313,1005,1140,1238,2000,3603,5103,4083,1771,496,509,556,584,572,666,847,1153,1549,2054,2515,2588,2430,1653,1124,647,1952,429,181
Puerto Rico,1984,23025,1329,1697,368,132,112,297,1023,1179,1284,2029,3635,5350,4315,1779,507,516,562,617,598,686,866,1163,1597,2038,2647,2703,2547,1768,1134,645,1829,409,194
Puerto Rico,1985,24149,1396,1851,455,173,137,301,1070,1251,1364,2096,3722,5629,4565,1786,531,539,584,667,643,721,905,1191,1658,2064,2771,2858,2660,1905,1161,625,2024,438,209
Puerto Rico,1986,24016,1246,1567,321,129,107,266,1024,1239,1367,2082,3722,5727,4770,1783,503,521,571,668,654,713,900,1182,1657,2065,2776,2951,2731,2039,1195,588,1696,373,227
Puerto Rico,1987,24433,1220,1518,298,123,106,259,1006,1257,1419,2101,3789,5856,4962,1794,485,521,578,679,687,732,910,1191,1680,2109,2776,3080,2795,2167,1235,559,1641,365,239
Puerto Rico,1988,25084,1192,1479,287,117,106,257,991,1275,1489,2135,3901,6047,5160,1882,465,526,583,692,724,765,930,1205,1718,2183,2779,3268,2878,2282,1314,568,1596,363,241
Puerto Rico,1989,25827,1210,1489,279,111,106,258,970,1285,1568,2187,3996,6200,5393,2029,443,527,586,699,765,803,955,1232,1730,2266,2773,3427,3017,2376,1426,603,1600,364,234
Puerto Rico,1990,26492,1187,1464,277,104,105,255,940,1290,1641,2239,4064,6303,5674,2189,423,517,587,703,804,837,980,1259,1735,2329,2807,3496,3203,2471,1540,649,1568,360,222
Puerto Rico,1991,27132,1134,1411,277,97,105,252,935,1298,1716,2291,4141,6425,5952,2296,418,517,587,711,840,876,1011,1280,1774,2367,2897,3528,3387,2565,1601,695,1508,357,219
Puerto Rico,1992,27772,1104,1384,280,95,102,245,927,1308,1787,2357,4210,6547,6217,2369,415,512,587,721,860,927,1047,1310,1796,2414,2990,3557,3570,2647,1643,726,1479,347,223
Puerto Rico,1993,28317,1026,1297,271,94,99,244,923,1332,1870,2450,4276,6649,6437,2421,418,505,600,732,883,987,1096,1354,1809,2467,3087,3562,3752,2685,1678,743,1391,343,226
Puerto Rico,1994,28961,950,1207,257,93,94,243,902,1345,1940,2549,4341,6785,6703,2517,412,490,608,737,891,1049,1146,1403,1846,2495,3190,3595,3909,2794,1748,769,1300,337,236
Puerto Rico,1995,29118,884,1123,239,89,88,239,859,1332,1972,2598,4342,6832,6831,2571,394,465,601,731,879,1093,1177,1421,1854,2488,3211,3621,3916,2915,1784,787,1212,327,242
Puerto Rico,1996,29395,821,1043,222,90,83,238,827,1316,1998,2660,4390,6926,6976,2596,379,448,592,724,875,1123,1223,1437,1875,2515,3234,3692,3908,3068,1788,808,1133,321,250
Puerto Rico,1997,29443,791,992,201,85,77,228,793,1276,1993,2712,4386,6975,7083,2586,366,427,569,707,871,1122,1265,1447,1890,2496,3232,3743,3867,3216,1757,829,1077,305,258
Puerto Rico,1998,29580,709,896,187,80,73,217,768,1241,1985,2792,4400,7067,7215,2574,358,410,542,699,865,1120,1322,1470,1924,2476,3266,3801,3842,3373,1719,855,976,290,268
Puerto Rico,1999,29593,670,845,175,75,71,205,745,1194,1946,2868,4393,7096,7295,2576,356,389,503,691,850,1096,1379,1489,1951,2442,3283,3813,3841,3454,1712,864,920,276,283
Puerto Rico,2000,29425,627,790,163,69,67,190,710,1139,1890,2930,4346,7086,7314,2592,348,362,467,672,830,1060,1417,1513,1938,2408,3287,3799,3860,3454,1764,828,859,257,303
Puerto Rico,2001,29102,562,712,150,60,63,174,682,1075,1838,2960,4288,6981,7231,2715,337,345,433,642,803,1035,1415,1545,1900,2388,3220,3761,3841,3390,1943,772,772,237,323
Puerto Rico,2002,29249,491,632,141,55,61,160,660,1027,1815,3030,4334,6955,7259,2916,322,338,412,615,781,1034,1414,1616,1912,2422,3182,3773,3893,3366,2157,759,687,221,340
Puerto Rico,2003,29658,449,580,131,52,58,150,644,983,1808,3120,4438,7004,7343,3122,307,337,400,583,773,1035,1416,1704,1959,2479,3162,3842,3969,3374,2335,787,632,208,351
Puerto Rico,2004,29777,429,548,119,50,55,143,618,925,1778,3176,4512,6991,7375,3258,284,334,383,542,761,1017,1391,1785,2001,2511,3120,3871,3989,3386,2411,847,598,198,349
Puerto Rico,2005,30287,403,512,109,46,52,138,598,884,1765,3255,4650,7091,7536,3417,265,333,371,513,752,1013,1384,1871,2097,2553,3165,3926,4078,3458,2456,961,558,190,345
Puerto Rico,2006,30588,370,470,100,43,49,135,568,844,1725,3282,4774,7150,7670,3531,245,323,357,487,730,995,1378,1904,2196,2578,3219,3931,4144,3526,2443,1088,513,184,345
Puerto Rico,2007,30762,346,437,91,40,43,132,536,812,1671,3284,4921,7190,7771,3570,227,309,347,465,699,972,1377,1907,2299,2622,3274,3916,4178,3593,2394,1176,477,175,356
Puerto Rico,2008,30911,310,397,87,37,39,127,505,785,1610,3259,5087,7236,7887,3569,215,290,339,446,657,953,1364,1895,2402,2685,3330,3906,4222,3665,2348,1221,434,166,374
Puerto Rico,2009,31472,298,381,83,34,37,121,480,769,1568,3248,5349,7415,8081,3586,210,270,336,433,622,946,1358,1890,2544,2805,3431,3984,4297,3784,2358,1228,415,158,401
Puerto Rico,2010,31746,305,383,78,31,34,113,456,742,1510,3209,5554,7562,8178,3542,206,250,327,415,584,926,1336,1873,2631,2923,3489,4073,4305,3873,2369,1173,414,147,431
Puerto Rico,2011,31700,289,363,74,29,32,102,427,706,1437,3142,5656,7590,8169,3584,200,227,314,392,548,889,1295,1847,2643,3013,3504,4086,4280,3889,2439,1145,392,134,461
Puerto Rico,2012,32040,275,347,72,26,29,91,405,681,1377,3120,5807,7731,8249,3679,193,212,301,380,523,854,1273,1847,2654,3153,3584,4147,4311,3938,2540,1139,373,120,496
Puerto Rico,2013,31902,261,328,67,24,26,82,375,643,1293,3049,5865,7786,8187,3724,179,196,278,365,497,796,1238,1811,2617,3248,3632,4154,4276,3911,2593,1131,352,108,518
Puerto Rico,2014,32139,257,321,64,22,25,74,353,612,1221,3012,5985,7949,8216,3807,165,188,257,355,474,747,1219,1793,2593,3392,3738,4211,4312,3904,2651,1156,343,99,539
Puerto Rico,2015,30876,222,281,59,20,21,65,312,552,1103,2836,5817,7768,7869,3701,141,171,223,329,432,671,1143,1693,2470,3347,3699,4069,4162,3707,2556,1145,301,86,532
Puerto Rico,2016,30146,205,258,53,18,18,58,279,503,1010,2692,5695,7737,7682,3659,120,159,195,308,398,612,1078,1614,2396,3299,3735,4002,4082,3600,2494,1165,276,76,533
Puerto Rico,2017,31567,222,363,141,114,74,91,319,557,1084,2784,5914,8170,7808,3735,138,181,215,342,438,646,1109,1675,2496,3418,4000,4170,4174,3634,2513,1222,477,165,551
Puerto Rico,2018,32684,171,223,52,18,18,53,262,472,999,2716,6083,8807,8359,4064,108,154,178,294,399,600,1046,1670,2549,3534,4331,4476,4470,3889,2702,1362,241,71,610
Puerto Rico,2019,35429,217,269,52,19,18,53,262,475,1029,2791,6399,9766,9178,4498,109,153,184,291,417,612,1044,1747,2675,3724,4818,4948,4900,4278,2971,1527,288,71,670
Puerto Rico,2020,36682,293,322,29,6,11,84,678,771,1290,2839,5694,9362,9891,4985,290,388,345,426,568,722,1108,1731,2356,3338,4340,5022,5220,4671,3268,1717,328,95,748
Puerto Rico,2021,32914,179,199,20,12,13,74,475,558,1054,2735,5506,8962,8833,3941,230,245,260,298,434,620,1069,1666,2365,3141,4045,4917,4727,4106,2642,1299,211,87,554
Qatar,1950,372,143,202,59,12,5,7,16,11,20,22,30,31,10,2,10,6,5,6,10,10,10,12,15,15,17,14,6,4,2,0,214,12,0
Qatar,1951,381,145,205,60,12,5,7,17,11,20,22,31,34,12,0,10,7,5,6,10,10,10,12,15,16,19,15,7,5,0,0,217,12,0
Qatar,1952,381,145,205,60,12,5,7,16,10,20,22,33,35,13,0,10,6,5,5,10,10,10,12,15,18,20,15,8,5,0,0,217,12,0
Qatar,1953,383,144,203,59,12,5,7,16,10,20,23,34,36,13,0,10,6,5,5,10,10,10,13,15,19,20,16,9,4,0,0,215,12,0
Qatar,1954,385,144,203,59,12,5,7,16,10,19,23,35,37,14,0,10,6,5,5,9,10,10,13,15,20,20,17,10,4,0,0,215,12,0
Qatar,1955,386,144,202,58,12,5,7,16,10,19,23,36,37,15,0,10,6,5,5,9,10,10,13,16,20,20,17,12,3,0,0,214,12,0
Qatar,1956,386,144,199,55,12,5,7,15,10,19,23,36,38,15,0,10,5,5,5,9,10,10,13,16,20,20,18,12,3,0,0,211,12,0
Qatar,1957,388,144,198,54,12,5,7,15,10,20,23,36,39,17,0,10,5,5,5,10,10,10,13,16,20,20,19,12,5,0,0,210,12,0
Qatar,1958,390,144,197,53,13,5,7,15,10,20,24,37,39,18,0,10,5,5,5,10,10,10,14,17,20,20,19,13,5,0,0,210,12,0
Qatar,1959,394,145,196,51,13,5,7,16,11,20,24,37,42,19,0,10,6,5,6,10,10,10,14,17,20,22,20,13,6,0,0,209,12,0
Qatar,1960,400,148,199,51,12,5,7,17,12,20,25,38,46,19,0,10,7,5,7,10,10,10,15,18,20,25,21,13,6,0,0,211,12,0
Qatar,1961,415,154,205,51,12,5,8,20,20,20,26,39,47,21,1,10,10,10,10,10,10,11,15,18,21,25,22,14,7,1,0,217,13,0
Qatar,1962,444,167,218,51,12,5,8,20,20,20,28,42,49,23,1,10,10,10,10,10,10,13,15,19,23,25,24,16,7,1,0,230,13,0
Qatar,1963,479,182,234,52,12,5,8,20,20,20,31,45,53,23,1,10,10,10,10,10,10,15,16,20,25,28,25,16,7,1,0,246,13,0
Qatar,1964,513,198,250,52,12,5,9,23,20,24,33,46,58,26,1,12,11,10,10,10,14,15,18,21,25,30,28,19,7,1,0,262,14,0
Qatar,1965,551,213,268,55,12,5,9,29,30,30,35,50,60,27,2,14,15,15,15,15,15,15,20,23,27,30,30,20,7,2,0,280,14,0
Qatar,1966,589,226,283,57,12,5,9,29,30,30,38,54,67,32,2,14,15,15,15,15,15,18,20,25,29,34,33,23,9,2,0,295,14,0
Qatar,1967,623,238,297,59,11,5,9,29,30,31,42,58,70,33,2,14,15,15,15,15,16,20,22,27,31,35,35,24,9,2,0,308,14,0
Qatar,1968,662,249,309,60,11,5,9,30,30,39,45,62,77,36,2,15,15,15,15,19,20,20,25,29,33,39,38,27,9,2,0,320,14,0
Qatar,1969,704,260,323,63,12,5,9,35,40,40,50,67,82,40,2,15,20,20,20,20,20,24,26,31,36,41,41,29,11,2,0,335,14,0
Qatar,1970,745,269,332,63,12,5,9,36,40,44,54,73,88,44,3,16,20,20,20,20,24,25,29,34,39,44,44,32,12,3,0,344,14,0
Qatar,1971,755,265,328,63,14,7,12,37,40,44,55,74,89,47,3,17,20,20,20,20,24,25,30,34,40,45,44,34,13,3,0,342,19,0
Qatar,1972,766,259,321,62,16,10,15,40,40,47,56,76,90,50,3,20,20,20,20,22,25,26,30,35,41,45,45,34,16,3,0,337,25,0
Qatar,1973,779,254,314,60,16,11,18,40,43,50,57,78,93,52,3,20,20,20,23,25,25,27,30,36,42,47,46,36,16,3,0,330,29,0
Qatar,1974,789,250,308,58,16,11,21,46,45,50,58,78,95,55,5,25,21,20,25,25,25,28,30,36,42,48,47,37,18,5,0,324,32,0
Qatar,1975,802,249,304,55,16,11,23,52,50,50,60,79,96,58,5,27,25,25,25,25,25,29,31,36,43,48,48,38,20,5,0,320,34,0
Qatar,1976,818,248,302,54,16,12,25,55,50,53,62,79,98,60,5,30,25,25,25,25,28,30,32,37,42,49,49,39,21,5,0,318,37,0
Qatar,1977,832,249,301,52,16,12,25,61,50,56,64,78,98,62,5,33,28,25,25,26,30,30,34,36,42,49,49,40,22,5,0,317,37,0
Qatar,1978,849,249,298,49,15,11,26,66,55,60,65,80,101,64,7,35,31,26,29,30,30,30,35,37,43,49,52,41,23,7,0,313,37,0
Qatar,1979,862,249,297,48,15,11,26,67,60,61,70,81,102,66,8,35,32,30,30,30,31,35,35,38,43,50,52,42,24,8,0,312,37,0
Qatar,1980,887,249,296,47,14,11,25,75,62,68,72,83,101,68,8,39,36,32,30,33,35,35,37,40,43,49,52,43,25,8,0,310,36,0
Qatar,1981,889,248,295,47,14,10,24,75,70,70,73,82,99,69,10,38,37,35,35,35,35,36,37,40,42,47,52,44,25,9,1,309,34,0
Qatar,1982,913,247,294,47,14,10,23,78,73,76,80,81,98,72,10,38,40,38,35,36,40,40,40,40,41,46,52,46,26,9,1,308,33,0
Qatar,1983,935,244,290,46,14,10,21,78,80,85,88,85,96,72,10,38,40,40,40,40,45,45,43,43,42,45,51,45,27,9,1,304,31,0
Qatar,1984,930,238,282,44,14,10,20,75,89,89,90,86,92,74,10,34,41,45,44,44,45,45,45,44,42,44,48,45,29,9,1,296,30,0
Qatar,1985,948,229,271,42,14,10,18,76,97,101,100,90,89,75,11,33,43,47,50,50,51,50,50,45,45,43,46,45,30,10,1,285,28,0
Qatar,1986,965,220,260,40,14,10,16,74,106,111,111,96,84,74,13,31,43,51,55,55,56,56,55,50,46,42,42,44,30,11,2,274,26,0
Qatar,1987,966,218,256,38,14,10,17,67,104,112,117,99,85,73,14,28,39,49,55,55,57,60,57,52,47,43,42,43,30,12,2,270,27,0
Qatar,1988,995,212,249,37,14,10,19,68,105,119,127,108,89,75,14,29,39,50,55,59,60,65,62,57,51,46,43,42,33,12,2,263,29,0
Qatar,1989,990,202,238,36,13,10,19,65,103,120,129,113,94,72,14,28,37,48,55,60,60,65,64,59,54,49,45,40,32,12,2,251,29,0
Qatar,1990,985,188,222,34,13,10,19,62,102,123,131,116,97,72,14,27,35,46,56,60,63,66,65,61,55,50,47,40,32,12,2,235,29,0
Qatar,1991,1022,171,204,33,13,10,21,67,111,134,143,127,107,72,15,30,37,50,61,65,69,71,72,66,61,56,51,41,31,13,2,217,31,0
Qatar,1992,1050,160,190,30,13,10,20,69,116,144,152,136,109,72,16,31,38,51,65,70,74,75,77,71,65,57,52,41,31,14,2,203,30,0
Qatar,1993,1083,153,182,29,13,10,21,71,122,154,160,143,115,75,17,32,39,53,69,75,79,80,80,75,68,61,54,44,31,14,3,195,31,0
Qatar,1994,1117,145,172,27,14,10,21,74,129,164,170,149,121,78,18,33,41,56,73,80,84,85,85,79,70,64,57,48,30,15,3,186,31,0
Qatar,1995,1180,138,164,26,14,11,22,78,141,186,183,160,128,80,18,34,44,61,80,91,95,93,90,86,74,68,60,51,29,15,3,178,33,0
Qatar,1996,1164,131,155,24,12,10,19,71,136,188,184,162,128,82,18,30,41,57,79,93,95,94,90,88,74,69,59,51,31,15,3,167,29,0
Qatar,1997,1194,125,148,23,12,10,19,71,138,201,192,166,129,86,18,29,42,58,80,99,102,100,92,89,77,70,59,53,33,15,3,160,29,0
Qatar,1998,1267,125,147,22,12,11,21,76,146,222,208,176,135,89,18,32,44,61,85,108,114,109,99,94,82,71,64,54,35,15,3,159,32,0
Qatar,1999,1357,127,150,23,12,11,24,86,156,247,232,187,143,94,18,37,49,65,91,118,129,122,110,97,90,76,67,55,39,14,4,162,35,0
Qatar,2000,1447,129,151,22,13,11,28,95,163,267,255,197,150,98,18,42,53,68,95,125,142,135,120,102,95,79,71,58,40,14,4,164,39,1
Qatar,2001,1460,131,154,23,12,11,25,92,157,270,270,197,153,99,20,40,52,67,90,123,147,144,126,103,94,82,71,59,40,16,4,166,36,1
Qatar,2002,1524,128,150,22,12,11,25,97,162,285,296,205,159,105,20,42,55,70,92,128,157,157,139,110,95,88,71,62,43,16,4,162,36,1
Qatar,2003,1591,125,147,22,12,11,25,100,171,298,324,214,162,106,24,43,57,75,96,132,166,172,152,119,95,91,71,62,44,20,4,159,36,1
Qatar,2004,1604,120,142,22,12,11,22,94,169,298,347,218,160,108,24,38,56,74,95,129,169,184,163,126,92,90,70,63,45,20,4,154,33,1
Qatar,2005,1648,114,136,22,11,11,20,95,172,308,368,223,168,111,25,39,56,76,96,131,177,194,174,132,91,92,76,65,46,20,5,147,31,1
Qatar,2006,1707,114,137,23,11,10,21,121,177,303,373,227,186,114,26,52,69,79,98,129,174,196,177,133,94,99,87,66,48,21,5,148,31,1
Qatar,2007,1888,122,143,21,10,8,22,171,211,316,393,255,212,123,29,73,98,96,115,137,179,208,185,145,110,112,100,72,51,24,5,153,30,1
Qatar,2008,2044,128,153,25,10,8,22,203,237,333,410,263,242,136,31,86,117,110,127,148,185,217,193,148,115,118,124,84,52,25,6,163,30,1
Qatar,2009,2145,133,159,26,10,8,20,218,248,346,428,265,259,159,31,92,126,116,132,156,190,227,201,151,114,118,141,105,54,25,6,169,28,1
Qatar,2010,2124,143,169,26,10,8,17,188,245,358,432,262,232,169,33,76,112,113,132,165,193,222,210,151,111,111,121,114,55,26,7,179,25,1
Qatar,2011,2094,153,181,28,10,8,17,157,230,353,432,271,224,177,34,64,93,104,126,160,193,216,216,158,113,112,112,119,58,27,7,191,25,1
Qatar,2012,2155,157,187,30,10,8,20,155,214,330,438,297,262,195,37,63,92,99,115,148,182,215,223,171,126,123,139,129,66,29,8,197,28,1
Qatar,2013,2235,160,192,32,9,8,18,153,206,314,447,327,300,220,38,61,92,98,108,141,173,213,234,186,141,134,166,141,79,30,8,201,26,1
Qatar,2014,2342,161,193,32,10,8,19,156,218,318,460,358,313,248,39,62,94,104,114,141,177,216,244,206,152,141,172,154,94,31,8,203,27,1
Qatar,2015,2399,160,192,32,10,8,19,158,225,333,487,394,264,266,39,63,95,107,118,146,187,226,261,226,168,121,143,161,105,31,8,202,27,1
Qatar,2016,2503,161,193,32,9,7,17,160,224,341,521,432,270,283,43,63,97,107,117,147,194,236,285,242,190,128,142,169,114,34,9,202,24,1
Qatar,2017,2649,164,197,33,9,7,17,162,227,351,534,456,323,309,51,63,99,108,119,152,199,241,293,253,203,149,174,184,125,41,10,206,24,1
Qatar,2018,2712,163,195,32,10,7,16,159,247,360,524,461,342,326,61,61,98,116,131,156,204,239,285,258,203,164,178,188,138,50,11,205,23,1
Qatar,2019,2776,157,189,32,10,8,15,153,270,378,513,468,356,342,71,57,96,125,145,167,211,242,271,266,202,179,177,193,149,60,11,199,23,1
Qatar,2020,3465,152,184,32,11,10,14,121,300,489,674,650,465,460,90,41,80,125,175,217,272,324,350,357,293,243,222,256,204,78,12,195,24,2
Qatar,2021,3542,123,151,28,11,10,11,104,311,533,725,710,447,436,91,29,75,128,183,235,298,353,372,387,323,245,202,232,204,78,13,162,21,2
Reunion,1950,5155,2069,2693,624,67,44,75,230,285,330,358,413,430,215,14,105,125,137,148,163,167,166,192,211,202,229,201,144,71,14,0,2760,119,0
Reunion,1951,4995,1960,2608,648,66,43,71,223,278,323,346,402,410,206,16,103,120,134,144,159,164,161,185,205,197,216,194,139,67,15,1,2674,114,0
Reunion,1952,4822,1854,2496,642,68,42,68,213,273,321,336,394,392,203,18,98,115,134,139,157,164,157,179,199,195,203,189,137,66,17,1,2564,110,0
Reunion,1953,4592,1698,2322,624,69,41,65,204,266,316,328,386,376,200,18,96,108,132,134,153,163,155,173,192,194,191,185,136,64,17,1,2391,106,0
Reunion,1954,4435,1575,2173,598,75,41,63,197,265,315,326,387,372,203,20,93,104,132,133,152,163,156,170,189,198,188,184,139,64,19,1,2248,104,0
Reunion,1955,4234,1492,2041,549,76,39,58,190,254,304,315,374,360,201,21,91,99,127,127,145,159,153,162,181,193,183,177,137,64,20,1,2117,97,0
Reunion,1956,4403,1535,2092,557,83,41,61,195,265,320,337,395,377,219,23,93,102,132,133,152,168,165,172,190,205,193,184,147,72,21,2,2175,102,0
Reunion,1957,4610,1592,2162,570,90,46,63,201,280,337,358,414,397,236,24,95,106,137,143,159,178,176,182,198,216,207,190,158,78,22,2,2252,109,0
Reunion,1958,4907,1688,2287,599,96,50,67,212,299,360,393,437,424,255,27,99,113,142,157,168,192,195,198,210,227,228,196,169,86,24,3,2383,117,0
Reunion,1959,4805,1632,2215,583,92,53,67,206,293,356,394,430,419,253,26,95,111,136,157,166,190,195,199,207,223,230,189,166,87,23,3,2307,120,0
Reunion,1960,4587,1527,2081,554,86,53,66,199,282,343,387,415,406,245,26,91,108,130,152,161,182,190,197,200,215,223,183,159,86,23,3,2167,119,0
Reunion,1961,4446,1447,1978,531,81,56,65,192,274,338,387,406,403,240,29,88,104,125,149,159,179,189,198,196,210,221,182,155,85,26,3,2059,121,0
Reunion,1962,4606,1432,1967,535,80,60,70,197,281,359,416,437,440,263,35,92,105,129,152,170,189,202,214,212,225,238,202,166,97,31,4,2047,130,0
Reunion,1963,4539,1376,1891,515,78,60,71,194,277,359,421,437,447,263,36,92,102,129,148,173,186,203,218,216,221,239,208,163,100,32,4,1969,131,0
Reunion,1964,4393,1295,1783,488,76,58,74,187,268,353,416,432,442,265,39,89,98,126,142,172,181,199,217,216,216,232,210,162,103,35,4,1859,132,0
Reunion,1965,4387,1271,1743,472,76,57,79,186,266,356,423,440,447,270,44,89,97,127,139,173,183,201,222,222,218,232,215,165,105,40,4,1819,136,0
Reunion,1966,4185,1137,1584,447,70,53,78,182,255,345,414,439,441,272,46,86,96,121,134,167,178,196,218,222,217,228,213,167,105,40,6,1654,131,0
Reunion,1967,4130,1019,1449,430,71,53,81,181,258,352,423,454,460,291,54,84,97,124,134,169,183,198,225,231,223,238,222,181,110,46,8,1520,134,0
Reunion,1968,3942,892,1276,384,68,51,80,175,256,347,422,453,461,295,57,82,93,126,130,163,184,193,229,232,221,240,221,184,111,46,11,1344,131,0
Reunion,1969,3912,833,1188,355,68,51,82,177,256,356,430,468,467,308,59,86,91,126,130,163,193,193,237,238,230,242,225,193,115,48,11,1256,133,1
Reunion,1970,3791,739,1064,325,66,49,80,180,254,352,429,476,465,313,61,90,90,123,131,159,193,192,237,240,236,238,227,197,116,50,11,1130,129,1
Reunion,1971,3702,675,976,301,62,48,77,180,252,347,426,489,465,318,62,94,86,120,132,154,193,194,232,247,242,236,229,200,118,51,11,1038,125,1
Reunion,1972,3620,622,898,276,58,47,74,178,247,338,423,498,463,328,63,94,84,115,132,149,189,197,226,253,245,235,228,205,123,52,11,956,121,1
Reunion,1973,3561,573,825,252,55,46,72,179,245,333,422,510,465,338,68,94,85,111,134,147,186,202,220,260,250,239,226,210,128,56,12,880,118,1
Reunion,1974,3505,496,726,230,51,46,73,180,245,331,430,524,474,350,74,92,88,109,136,147,184,209,221,265,259,247,227,215,135,60,14,777,119,1
Reunion,1975,3486,464,669,205,48,45,73,183,241,330,438,537,483,362,77,92,91,107,134,149,181,214,224,267,270,255,228,220,142,61,16,717,118,2
Reunion,1976,3500,424,610,186,45,42,73,183,238,333,448,553,508,381,83,91,92,105,133,154,179,216,232,267,286,268,240,227,154,66,17,655,115,2
Reunion,1977,3501,387,554,167,40,41,72,184,237,335,458,563,530,395,91,90,94,106,131,157,178,216,242,265,298,281,249,232,163,71,20,594,113,2
Reunion,1978,3503,354,506,152,38,40,72,185,234,336,466,571,553,405,98,89,96,107,127,159,177,215,251,263,308,293,260,235,170,77,21,544,112,3
Reunion,1979,3504,321,459,138,32,36,70,183,235,339,469,577,577,418,104,89,94,110,125,161,178,212,257,263,314,305,272,242,176,81,23,491,106,3
Reunion,1980,3585,279,414,135,36,37,74,189,240,350,483,597,614,437,111,93,96,115,125,164,186,213,270,274,323,325,289,253,184,88,23,450,111,4
Reunion,1981,3495,248,358,110,27,31,67,180,237,345,472,593,628,438,114,90,90,116,121,160,185,207,265,278,315,334,294,255,183,90,24,385,98,4
Reunion,1982,3448,227,324,97,24,27,64,177,234,340,463,590,642,442,118,89,88,116,118,154,186,201,262,282,308,342,300,259,183,93,25,348,91,4
Reunion,1983,3392,217,304,87,21,25,60,175,231,331,449,585,646,443,120,89,86,114,117,146,185,195,254,286,299,343,303,262,181,94,26,325,85,4
Reunion,1984,3370,217,297,80,18,22,56,174,227,324,438,586,651,449,121,88,86,109,118,141,183,192,246,291,295,343,308,267,182,95,26,315,78,4
Reunion,1985,3203,204,277,73,17,19,48,168,218,302,414,563,624,432,118,83,85,103,115,130,172,185,229,278,285,325,299,257,175,92,26,294,67,4
Reunion,1986,3308,190,264,74,14,18,45,168,223,306,424,587,654,466,130,82,86,102,121,132,174,193,231,288,299,333,321,276,190,100,30,278,63,5
Reunion,1987,3378,186,260,74,16,18,43,170,229,307,432,606,672,485,137,80,90,104,125,134,173,200,232,292,314,335,337,288,197,105,32,276,61,5
Reunion,1988,3432,180,251,71,13,14,39,166,231,307,438,620,689,509,146,76,90,105,126,136,171,205,233,291,329,338,351,302,207,110,36,264,53,5
Reunion,1989,3499,176,245,69,13,14,36,163,234,312,447,634,706,535,153,71,92,108,126,143,169,209,238,292,342,344,362,316,219,115,38,258,50,6
Reunion,1990,3556,171,237,66,13,12,32,157,238,316,452,646,724,560,161,66,91,111,127,149,167,210,242,291,355,355,369,330,230,121,40,250,44,6
Reunion,1991,3637,165,229,64,13,12,29,150,242,323,464,655,747,591,173,60,90,115,127,154,169,212,252,292,363,372,375,349,242,130,43,242,41,7
Reunion,1992,3715,158,219,61,13,11,27,142,246,332,469,662,772,624,190,55,87,117,129,161,171,210,259,293,369,393,379,368,256,141,49,232,38,9
Reunion,1993,3811,146,208,62,13,11,25,137,248,342,478,670,801,657,208,53,84,118,130,166,176,209,269,297,373,414,387,386,271,152,56,221,36,10
Reunion,1994,3855,135,191,56,11,10,23,126,250,347,479,671,827,686,223,49,77,119,131,164,183,206,273,300,371,433,394,400,286,162,61,202,33,12
Reunion,1995,3924,126,179,53,11,10,21,116,253,357,482,678,858,711,240,44,72,118,135,164,193,207,275,307,371,448,410,409,302,174,66,190,31,14
Reunion,1996,3997,119,169,50,10,9,20,106,252,364,482,687,889,738,258,40,66,115,137,163,201,207,275,316,371,458,431,417,321,185,73,179,29,16
Reunion,1997,4093,117,163,46,10,9,17,98,254,371,486,702,925,765,276,37,61,113,141,164,207,211,275,328,374,468,457,425,340,197,79,173,26,18
Reunion,1998,4164,110,155,45,9,8,17,91,248,378,488,715,952,791,292,34,57,107,141,166,212,215,273,337,378,471,481,434,357,209,83,164,25,19
Reunion,1999,4212,103,145,42,9,8,16,83,240,378,495,723,972,814,304,31,52,100,140,169,209,225,270,343,380,470,502,445,369,217,87,154,24,21
Reunion,2000,4247,106,147,41,8,8,15,76,230,378,502,732,983,836,312,29,47,90,140,170,208,234,268,344,388,467,516,462,374,225,87,155,23,22
Reunion,2001,4241,101,140,39,7,7,15,68,219,378,509,743,983,834,313,25,43,83,136,172,206,241,268,345,398,462,521,472,362,227,86,147,22,23
Reunion,2002,4256,97,135,38,7,7,13,61,210,378,521,756,983,842,314,23,38,78,132,172,206,249,272,342,414,460,523,492,350,230,84,142,20,24
Reunion,2003,4186,93,129,36,6,6,13,53,192,369,520,752,965,841,315,20,33,69,123,168,201,248,272,333,419,452,513,503,338,230,85,135,19,24
Reunion,2004,4252,97,132,35,6,6,13,49,181,374,534,766,977,869,319,18,31,65,116,169,205,248,286,334,432,463,514,529,340,232,87,138,19,24
Reunion,2005,4358,95,131,36,6,6,13,48,165,373,554,769,998,932,337,20,28,59,106,166,207,253,301,329,440,477,521,560,372,241,96,137,19,24
Reunion,2006,4461,96,132,36,6,5,12,45,151,370,571,773,1019,993,362,19,26,54,97,162,208,255,316,328,445,494,525,586,407,254,108,138,17,24
Reunion,2007,4363,99,134,35,6,5,12,38,134,350,559,740,995,991,374,15,23,48,86,151,199,244,315,319,421,489,506,573,418,258,116,140,17,25
Reunion,2008,4301,106,142,36,6,5,10,35,122,334,552,721,984,990,378,15,20,42,80,141,193,238,314,317,404,488,496,559,431,258,120,148,15,25
Reunion,2009,4362,103,140,37,6,5,10,33,112,323,552,733,1003,1008,410,15,18,40,72,132,191,236,316,333,400,499,504,557,451,280,130,146,15,28
Reunion,2010,4289,100,137,37,6,5,8,32,97,301,530,722,990,1009,419,15,17,34,63,117,184,226,304,336,386,488,502,545,464,279,140,143,13,34
Reunion,2011,4290,98,135,37,6,5,8,29,88,284,516,725,998,1044,415,13,16,30,58,108,176,220,296,343,382,481,517,544,500,280,135,141,13,40
Reunion,2012,4339,101,137,36,6,5,7,28,77,265,511,739,1010,1060,450,12,16,26,51,97,168,218,293,353,386,477,533,546,514,304,146,143,12,46
Reunion,2013,4476,95,131,36,6,5,7,26,69,257,519,774,1047,1093,487,11,15,24,45,92,165,219,300,370,404,487,560,568,525,328,159,137,12,52
Reunion,2014,4611,90,127,37,6,5,7,25,64,242,525,804,1078,1142,529,10,15,22,42,86,156,222,303,379,425,492,586,599,543,351,178,133,12,58
Reunion,2015,4719,87,122,35,6,5,7,24,61,226,526,834,1098,1193,559,10,14,22,39,79,147,222,304,385,449,501,597,629,564,377,182,128,12,62
Reunion,2016,4804,82,116,34,6,5,6,23,54,209,520,859,1109,1234,593,10,13,20,34,72,137,219,301,390,469,504,605,663,571,393,200,122,11,68
Reunion,2017,4910,80,112,32,6,5,6,22,50,193,519,886,1126,1287,627,10,12,19,31,66,127,217,302,392,494,513,613,704,583,403,224,118,11,74
Reunion,2018,5085,82,114,32,6,5,5,22,47,183,518,922,1164,1365,658,10,12,18,29,61,122,211,307,398,524,539,625,744,621,423,235,120,10,78
Reunion,2019,5136,87,118,31,6,5,5,21,44,165,503,921,1184,1406,676,10,11,18,26,54,111,199,304,396,525,561,623,758,648,438,238,124,10,82
Reunion,2020,5180,85,107,22,9,5,12,54,113,213,500,835,1063,1469,714,19,35,57,56,86,127,199,301,380,455,480,583,769,700,471,243,116,17,86
Reunion,2021,5638,84,105,21,9,5,12,54,114,216,533,932,1180,1615,770,19,35,58,56,86,130,205,328,420,512,546,634,828,787,515,255,114,17,93
Romania,1950,202085,32001,37223,5222,1542,1274,1832,4310,5282,11635,20003,29718,48826,36880,3557,2197,2113,1881,3401,4837,6798,8943,11060,12342,17376,22730,26096,24005,12875,3309,248,38765,3106,6
Romania,1951,201210,32947,38676,5729,1520,1240,1820,4402,5160,11675,20352,29465,47816,35871,3203,2217,2185,1956,3204,4876,6799,9104,11248,12505,16960,22319,25497,23375,12496,2989,214,40196,3060,5
Romania,1952,199564,33517,39581,6064,1518,1205,1813,4466,5047,11718,20654,30133,45537,34730,3162,2234,2232,2062,2985,4902,6816,9280,11374,13221,16912,21590,23947,22321,12409,2956,206,41099,3018,5
Romania,1953,196803,34057,40295,6238,1547,1155,1796,4476,4953,11662,20813,30798,43340,32769,3192,2223,2253,2224,2729,4842,6820,9319,11494,13787,17011,21076,22264,20681,12088,2989,203,41842,2951,4
Romania,1954,193670,33487,39844,6357,1634,1112,1786,4504,4954,11595,21105,31710,41917,30182,3318,2219,2285,2371,2583,4725,6870,9388,11717,14266,17444,21028,20889,18673,11509,3101,217,41478,2898,4
Romania,1955,192845,34482,40865,6383,1756,1070,1777,4547,5040,11533,21517,32843,41525,26870,3498,2223,2324,2480,2560,4593,6940,9493,12024,14636,18207,21475,20050,16378,10492,3244,254,42621,2847,5
Romania,1956,189299,33213,39682,6469,1872,1058,1743,4582,5247,11384,21946,33891,41905,22385,3596,2221,2361,2587,2660,4327,7057,9587,12359,14824,19067,22235,19670,13686,8699,3263,333,41554,2801,9
Romania,1957,195204,33157,39867,6710,2040,1080,1754,4742,5622,11527,22964,35251,44800,22191,3356,2290,2452,2741,2881,4189,7338,9954,13010,15459,19792,23483,21317,14006,8185,3040,316,41907,2834,10
Romania,1958,168544,27284,33004,5720,1834,946,1455,4082,5091,9625,20009,30525,39819,19460,2685,1975,2107,2409,2682,3323,6302,8668,11341,13527,16998,20498,19321,12632,6828,2427,258,34838,2401,9
Romania,1959,199692,29460,36147,6687,2240,1186,1668,4884,6372,11154,24209,36764,48508,23655,2894,2365,2519,2929,3443,3742,7412,10486,13723,16491,20273,24621,23887,15758,7897,2628,266,38387,2854,9
Romania,1960,162724,23441,28529,5088,1832,1017,1271,3903,5279,8713,19626,29896,40030,20273,2346,1886,2017,2369,2910,2901,5812,8476,11150,13547,16349,20010,20020,13678,6595,2118,228,30361,2288,8
Romania,1961,164923,21404,26388,4984,1874,1102,1260,3904,5524,8572,20152,30731,41322,21721,2361,1862,2042,2413,3111,2982,5590,8713,11439,14054,16677,20398,20924,14811,6910,2135,226,28262,2362,8
Romania,1962,176586,19663,24713,5050,2011,1255,1346,4138,6051,8967,21875,33649,45143,24818,2612,1933,2205,2591,3460,3350,5617,9445,12430,15450,18199,21996,23147,17026,7792,2375,237,26724,2601,9
Romania,1963,159934,16920,21024,4104,1778,1182,1232,3638,5474,7876,19753,30756,40970,23687,2552,1650,1988,2312,3162,3289,4587,8473,11280,14099,16657,19741,21229,16271,7416,2326,226,22802,2414,11
Romania,1964,156115,14971,18649,3678,1676,1180,1259,3460,5347,7599,19212,30547,40173,24260,2746,1520,1940,2244,3103,3497,4102,8134,11078,13958,16589,19225,20948,16657,7603,2497,249,20325,2439,11
Romania,1965,163997,13647,17135,3488,1690,1260,1411,3521,5592,7958,20028,32722,42589,26854,3229,1503,2018,2350,3242,3933,4025,8367,11661,14881,17841,20317,22272,18369,8485,2902,327,18825,2671,9
Romania,1966,156631,12132,15070,2938,1516,1203,1430,3250,5283,7746,18699,31630,40654,26720,3425,1398,1852,2232,3051,3978,3768,7521,11178,14334,17296,19452,21202,18136,8584,2986,439,16586,2633,5
Romania,1967,183701,23725,26651,2926,1511,1308,1654,3480,5787,8861,19920,35198,44950,30749,3623,1540,1940,2466,3321,4514,4347,7612,12308,15848,19350,21629,23321,20569,10180,3100,523,28162,2962,7
Romania,1968,187775,25371,28365,2994,1374,1276,1738,3415,5791,9495,19075,35710,45544,32441,3539,1585,1830,2482,3309,4563,4932,6769,12306,15948,19762,22071,23473,21332,11109,3014,525,29739,3014,13
Romania,1969,204463,22910,26618,3708,1398,1356,1964,3769,6433,11189,20194,40046,50715,36945,3815,1852,1917,2761,3672,5058,6131,6733,13461,17701,22345,24861,25854,23998,12947,3291,524,28016,3320,19
Romania,1970,198201,19824,23646,3822,1237,1247,1921,3716,6260,11306,18977,39253,49861,36929,3828,1947,1769,2670,3590,4893,6413,6139,12838,17235,22018,24782,25079,23680,13249,3363,465,24883,3168,21
Romania,1971,201621,17748,21739,3991,1149,1172,1955,3903,6331,11933,18782,40514,51655,38386,4078,2125,1778,2646,3685,4990,6943,6373,12409,17823,22691,26011,25644,24300,14086,3665,413,22888,3127,22
Romania,1972,195391,16253,19970,3717,1135,1025,1864,3872,6020,11681,17625,39497,50743,37706,4234,2154,1718,2441,3579,4823,6858,6698,10927,17348,22149,25729,25014,23416,14290,3873,361,21105,2889,21
Romania,1973,209965,15832,19603,3771,1366,1015,1946,4300,6352,12635,18581,42761,55721,40803,4856,2409,1891,2484,3868,5190,7445,8382,10199,18739,24022,28471,27250,24757,16046,4489,367,20969,2961,22
Romania,1974,198154,16257,19537,3280,1364,889,1729,4097,5805,11773,17129,39687,53089,38039,4991,2248,1849,2188,3617,4834,6939,8698,8431,17273,22414,27340,25749,22428,15611,4605,386,20901,2618,24
Romania,1975,204478,16188,19508,3320,1482,849,1648,4352,5841,12112,17679,40638,55881,38761,5705,2290,2062,2130,3711,4986,7126,9394,8285,17460,23178,28372,27509,22333,16428,5217,488,20990,2497,20
Romania,1976,208663,15058,18375,3317,1547,808,1509,4554,5787,12348,18693,40783,58281,39234,6733,2310,2244,2123,3664,5079,7269,9929,8764,16788,23995,28947,29334,22364,16870,6065,668,19922,2317,14
Romania,1977,214993,15041,18409,3368,1656,941,1438,4867,5880,12866,20432,40358,60937,39159,8041,2389,2478,2225,3655,5290,7576,10325,10107,15482,24876,30062,30875,22663,16496,7133,908,20065,2379,10
Romania,1978,215143,14051,17243,3192,1360,980,1334,4790,5617,12801,22267,38256,63233,39317,7923,2275,2515,2211,3406,5246,7555,10378,11889,13143,25113,30595,32638,23902,15415,7090,833,18603,2314,17
Romania,1979,223777,13707,16859,3152,1302,1088,1360,4874,5737,13275,24358,37983,67595,41404,7915,2267,2607,2399,3338,5464,7811,10797,13561,12123,25860,32020,35575,26180,15224,7112,803,18161,2448,27
Romania,1980,237529,12936,16098,3162,1310,1217,1380,5024,6098,14046,26273,39474,72514,46151,7911,2272,2752,2767,3331,5778,8268,11467,14806,12524,26950,34343,38171,30266,15885,7104,807,17408,2597,32
Romania,1981,234254,11756,14641,2885,1245,1255,1289,4825,6143,13672,26380,37865,71861,47794,7248,2094,2731,2933,3210,5526,8146,11367,15013,12906,24959,34323,37538,31907,15887,6472,776,15886,2544,30
Romania,1982,231277,10296,12939,2643,1192,1196,1307,4620,6186,13227,26199,36345,72000,49391,6647,1929,2691,3041,3145,5197,8030,11286,14913,14265,22080,34245,37755,32928,16463,5897,750,14131,2503,27
Romania,1983,239922,9000,11541,2541,1206,1083,1495,4683,6643,13464,27381,36870,75361,53722,6452,1922,2761,3314,3329,5107,8357,11756,15625,17431,19439,35732,39629,35805,17917,5704,748,12747,2578,24
Romania,1984,238360,9900,12119,2219,1132,971,1583,4473,6730,13031,26985,35777,73990,55391,6157,1828,2645,3291,3439,4752,8279,11535,15450,18831,16946,34795,39195,36760,18631,5441,716,13251,2554,22
Romania,1985,251980,10562,12770,2208,1114,962,1791,4458,7401,13371,28350,37618,77293,60367,6460,1802,2656,3464,3937,4695,8676,12090,16260,20344,17274,35826,41467,38896,21471,5755,705,13884,2753,22
Romania,1986,249689,10511,12627,2116,1030,917,1881,4115,7625,12799,27980,38399,74436,61194,6663,1648,2467,3450,4175,4515,8284,11888,16092,20591,17808,33117,41319,38297,22897,5998,665,13657,2798,22
Romania,1987,261470,12211,14355,2144,991,930,1893,4169,8181,12859,29134,42293,74099,65200,7340,1771,2398,3607,4574,4660,8199,12323,16811,21542,20751,30805,43294,40363,24837,6704,636,15346,2823,23
Romania,1988,260571,11783,14044,2261,892,914,1634,4253,8397,12467,29053,45920,69106,66058,7808,1990,2263,3588,4809,4741,7726,12282,16771,21626,24294,25911,43195,40412,25646,7199,609,14936,2548,24
Romania,1989,253365,12198,14421,2223,796,848,1480,4381,8327,11979,28161,46771,63470,64480,8221,2201,2180,3517,4810,4886,7093,11988,16173,21010,25761,22247,41223,39082,25398,7604,617,15217,2328,30
Romania,1990,249826,9364,11728,2364,763,801,1347,4136,8093,11924,28063,47497,61863,64274,9313,2209,1927,3307,4786,5291,6633,11941,16122,21071,26426,21663,40200,38988,25286,8579,734,12491,2148,27
Romania,1991,253102,6855,9154,2299,760,777,1350,4164,8237,12513,28379,49572,61895,65750,10527,2352,1812,3237,5000,5866,6647,11865,16514,21727,27845,23338,38557,40015,25735,9558,969,9914,2127,19
Romania,1992,262577,6867,8862,1995,810,752,1398,4307,8527,13471,29159,52301,63118,68286,11574,2357,1950,3196,5331,6525,6946,11869,17290,22918,29383,27319,35799,41632,26654,10259,1315,9672,2150,10
Romania,1993,262021,6357,8072,1715,837,680,1380,4235,8289,14030,28579,52653,62590,69442,11219,2047,2188,2959,5330,6907,7123,11251,17328,22958,29695,32147,30443,42416,27026,9923,1296,8909,2060,17
Romania,1994,263446,6380,7852,1472,883,631,1329,4250,8058,14689,28349,53092,62907,70325,11051,1886,2364,2775,5283,7099,7590,10734,17615,23025,30067,35479,27428,42691,27634,9776,1275,8735,1960,30
Romania,1995,268467,5663,7035,1372,874,609,1270,4370,7730,15805,28256,54234,65003,71937,11303,1822,2548,2569,5161,7323,8482,10318,17938,23441,30793,37251,27752,43152,28785,10024,1279,7909,1879,41
Romania,1996,284331,5616,6961,1345,834,613,1260,4645,7572,17449,28965,57378,71926,74554,12126,1858,2787,2444,5128,7802,9647,10654,18311,24686,32692,40572,31354,43257,31297,10818,1308,7795,1873,45
Romania,1997,275962,5556,6775,1219,718,601,1138,4367,7045,17631,27386,55869,73832,68474,12084,1767,2600,2416,4629,7664,9967,10358,17028,23980,31889,39663,34169,37400,31074,10841,1243,7493,1739,44
Romania,1998,266312,5023,6149,1126,605,598,997,3824,6669,17439,25668,53702,76973,61462,12179,1658,2166,2570,4099,7346,10093,10178,15490,23059,30643,38456,38517,30622,30840,10995,1184,6754,1595,49
Romania,1999,262164,4474,5520,1046,507,610,897,3472,6401,17066,24791,52578,79302,58058,12882,1547,1925,2685,3716,7035,10031,10494,14297,22695,29883,37887,41415,27302,30756,11657,1225,6027,1507,73
Romania,2000,251948,4291,5231,940,424,570,805,3114,5923,16053,23777,49960,76918,55618,13486,1391,1723,2715,3208,6406,9647,10933,12844,21542,28418,36269,40649,26344,29274,12094,1392,5655,1375,68
Romania,2001,256309,4047,4970,923,396,540,777,3001,5797,15946,24658,49698,79002,56425,15045,1328,1673,2871,2926,6110,9836,11910,12748,21059,28639,36832,42170,28601,27824,13217,1828,5366,1317,54
Romania,2002,275845,3816,4755,939,401,516,830,3047,6102,16597,27016,52137,85208,61390,17808,1320,1727,2950,3152,6034,10563,13446,13570,21518,30619,39551,45657,34699,26691,15228,2580,5156,1346,38
Romania,2003,303087,3810,4755,945,417,496,930,3147,6567,17591,30617,56055,94147,69149,19162,1303,1844,2789,3778,6054,11537,15440,15177,22375,33680,43517,50630,44523,24626,16326,2836,5172,1426,57
Romania,2004,314595,3826,4720,894,410,428,984,3059,6789,17551,32936,57160,98124,73753,18586,1231,1828,2612,4177,5809,11742,16306,16630,21946,35214,45201,52923,50318,23435,15913,2673,5130,1412,90
Romania,2005,290851,3629,4394,765,367,338,887,2652,6345,15191,31996,51523,90816,70356,15874,1063,1589,2247,4098,4843,10348,15222,16774,19139,32384,41721,49095,47574,22782,13630,2244,4761,1225,105
Romania,2006,275010,3272,3953,681,332,296,789,2360,6095,13360,31661,47411,85793,69369,13480,951,1409,2027,4068,4143,9217,14552,17109,17787,29624,39275,46518,45676,23693,11499,1981,4285,1085,108
Romania,2007,257772,2843,3448,605,287,260,657,2082,5474,11833,30554,43021,80190,68162,11687,876,1206,1821,3653,3886,7947,13668,16886,16580,26441,36594,43596,43007,25155,9856,1831,3735,917,118
Romania,2008,241067,2834,3365,531,245,228,537,1829,4590,10747,29202,39019,74241,66545,10350,829,1000,1645,2945,3956,6791,12676,16526,15770,23249,33921,40320,40113,26432,8600,1750,3610,765,160
Romania,2009,240290,2658,3171,513,221,209,435,1719,4122,10280,28655,37956,73353,68617,11389,832,887,1534,2588,4147,6133,12172,16483,16352,21604,33576,39777,40262,28355,9488,1901,3392,644,165
Romania,2010,250707,2319,2833,514,212,206,380,1659,3884,10071,28669,39054,75659,73413,14523,822,837,1453,2431,4468,5603,11756,16913,18175,20879,34367,41292,42586,30827,12208,2315,3045,586,148
Romania,2011,250965,1928,2400,472,196,194,347,1509,3570,9498,27431,39293,73798,75074,17544,744,765,1317,2253,4540,4958,10728,16703,19135,20158,32830,40968,43175,31899,14638,2906,2596,541,109
Romania,2012,256956,1984,2429,445,189,186,333,1448,3434,9489,27069,40991,73896,78653,18723,677,771,1231,2203,4448,5041,10055,17014,20477,20514,32026,41870,44924,33729,15606,3117,2618,519,120
Romania,2013,249378,1761,2168,407,176,166,307,1350,3149,9038,25179,41006,70044,77748,18895,578,772,1072,2077,3740,5298,8903,16276,20742,20264,29337,40707,43939,33809,15846,3049,2344,473,149
Romania,2014,256184,1732,2122,390,176,159,293,1324,3026,9258,24644,43315,70420,81123,20120,502,822,997,2029,3436,5822,8389,16255,21486,21829,28453,41967,45330,35793,16898,3222,2298,452,200
Romania,2015,265287,1634,2013,379,174,152,292,1289,2935,9725,23780,46835,71016,85307,21532,452,837,966,1969,3298,6427,7825,15955,22337,24498,27818,43198,47263,38044,18147,3385,2187,444,241
Romania,2016,259803,1515,1862,347,159,139,274,1181,2705,9704,21629,47761,67629,84396,22104,411,770,896,1809,3087,6617,6994,14635,22061,25700,26762,40867,46283,38113,18684,3420,2021,413,260
Romania,2017,246673,1652,1960,308,143,124,245,1024,2432,8960,19645,46763,62367,80506,22234,368,656,845,1587,2838,6122,6724,12921,21074,25689,25407,36960,43719,36787,18689,3545,2103,369,274
Romania,2018,248910,1369,1686,317,134,121,228,933,2313,8159,19393,48146,61466,81949,24080,352,581,876,1437,2788,5371,7419,11974,21049,27097,26186,35280,44235,37714,20099,3981,1820,349,300
Romania,2019,247408,1189,1484,295,123,116,211,804,2184,7374,18783,47419,60580,82318,25683,324,480,899,1285,2623,4751,7871,10912,20313,27106,27313,33267,44267,38051,21234,4449,1607,327,328
Romania,2020,281742,1109,1382,273,116,101,179,640,2474,7307,20559,54114,73616,91803,29081,300,340,1022,1452,2510,4797,9492,11067,21401,32713,36110,37506,48499,43304,23878,5203,1498,280,373
Romania,2021,314232,1061,1314,253,110,110,201,630,2625,8348,23106,60024,86650,98853,31831,376,254,1039,1586,2821,5527,12122,10984,22279,37745,45290,41360,51372,47481,25945,5886,1424,311,426
Russia,1950,1315664,269786,322541,52755,11633,17372,24152,75362,79871,120836,152779,203356,189095,94865,23426,42473,32889,31082,48789,56933,63903,70386,82393,97540,105816,100585,88510,59783,35082,15618,7808,334174,41524,381
Russia,1951,1315214,234980,307170,72190,10672,16583,24367,79445,78461,124218,156013,207673,195421,95209,19162,42877,36568,31145,47316,58587,65631,72676,83337,99049,108624,104511,90910,61529,33680,13770,5392,317842,40950,819
Russia,1952,1200385,207814,274833,67019,9922,13878,23510,74703,69304,115075,143158,190230,182380,87628,15053,37393,37310,28993,40311,54113,60962,67332,75826,90141,100089,98231,84149,57970,29658,11426,3627,284755,37388,715
Russia,1953,1153230,189851,255264,65413,10217,11431,24416,73381,64878,112185,139095,183507,179376,85768,13134,33268,40113,29077,35801,52648,59537,65942,73153,86463,97044,97321,82055,57762,28006,10330,2804,265481,35847,578
Russia,1954,1107831,182516,241949,59433,11332,7258,21647,65190,58384,105937,135674,179573,181041,87167,12240,27318,37872,28013,30371,48936,57001,64764,70910,84475,95098,98268,82773,59132,28035,9905,2335,253281,28905,435
Russia,1955,1021230,159684,211497,51813,13815,5712,19837,59922,54312,96788,126524,165951,171900,83644,11039,24183,35739,27763,26549,43910,52878,60164,66360,77526,88425,92831,79069,56714,26930,9091,1948,225312,25549,287
Russia,1956,842785,118935,160239,41304,12894,4213,15675,49418,46746,79025,106381,138073,147318,73200,9390,20065,29353,25137,21609,34671,44354,50402,55979,64290,73783,78824,68494,49276,23924,7778,1612,173133,19888,206
Russia,1957,900903,122606,163420,40814,14675,4295,15014,51792,52752,81561,114716,147081,162204,82746,10448,22336,29456,29578,23174,34101,47460,54356,60360,68349,78732,85652,76552,55005,27741,8692,1756,178095,19309,196
Russia,1958,836321,109670,145396,35726,14088,4133,11742,46572,52137,72613,107086,136030,154870,81243,10236,21877,24695,30128,22009,28709,43904,50579,56507,63270,72760,80573,74297,53256,27987,8524,1712,159484,15875,175
Russia,1959,934020,109498,144366,34868,12966,6222,11030,48532,58171,75844,117226,147245,178972,105852,26413,22920,25612,33985,24186,28523,47321,54474,62752,68795,78450,91878,87094,63380,42472,18086,8327,157332,17252,1181
Russia,1960,909975,100221,132172,31951,12220,7205,8636,46146,59947,70714,114894,145785,175862,107842,26979,22943,23203,34315,25632,25600,45114,53784,61110,68045,77740,88386,87476,65938,41904,18869,8110,144392,15841,1572
Russia,1961,921847,94059,125477,31418,11806,8073,7354,45701,63838,68472,118247,149461,180859,111808,28852,22962,22739,34856,28982,25328,43144,55500,62747,69541,79920,89449,91410,68315,43493,20543,8309,137283,15427,1901
Russia,1962,963298,90177,121532,31355,11791,8725,7473,46364,69018,68548,126126,157332,191448,121408,31313,22355,24009,35243,33775,27193,41355,58348,67778,73418,83914,94099,97349,74712,46696,22497,8816,133323,16198,2225
Russia,1963,949893,81080,110207,29127,11284,8964,8617,43834,69581,65600,126255,157912,190284,124096,31093,18944,24890,32565,37016,27708,37892,58377,67878,74930,82982,91637,98647,77574,46522,22669,8424,121491,17581,2168
Russia,1964,927467,71380,97820,26440,10643,8758,10387,41280,67789,63027,124724,157375,187302,124914,31260,15026,26254,29149,38640,28554,34473,57919,66805,76427,80948,89577,97725,78090,46824,22747,8513,108463,19145,2183
Russia,1965,976199,67793,93195,25402,10779,8950,13211,41483,71087,66434,131729,168409,198615,136430,33551,12923,28560,28659,42428,32965,33469,60102,71627,81487,86922,96261,102354,84978,51452,24115,9436,103974,22161,2324
Russia,1966,993559,64248,87624,23376,10629,8738,15159,40410,71893,70876,132202,174042,202584,142680,34401,11544,28866,28347,43546,37562,33314,57872,74330,84472,89570,99430,103154,88744,53936,24496,9905,98253,23897,2324
Russia,1967,1034803,63346,85603,22257,10538,8727,16527,40275,73786,79412,132998,185165,211548,151856,36039,12228,28047,29876,43910,43698,35714,55034,77964,90570,94595,104544,107004,93842,58014,25793,10246,96141,25254,2327
Russia,1968,1064762,62107,83290,21183,10189,8731,17877,39230,74379,87446,132969,193899,214364,163515,36604,14567,24663,32261,42118,49777,37669,52203,80766,94143,99756,107273,107091,102051,61464,26206,10398,93479,26608,2268
Russia,1969,1130144,64026,85133,21107,10059,8953,18902,40153,77750,98261,137978,210789,226452,174315,38994,18920,21233,36972,40778,56260,42001,51315,86663,100648,110141,113638,112814,106424,67891,28173,10821,95192,27855,2400
Russia,1970,1147092,63846,84277,20431,9323,8680,18377,40601,76821,105849,133862,216839,231936,177848,40184,23020,17581,38553,38268,59241,46608,47485,86377,103323,113516,116548,115388,107211,70637,29391,10793,93600,27057,2494
Russia,1971,1165839,65798,86408,20610,8626,8438,17832,41780,76300,113782,130236,222537,235759,179904,41700,26011,15769,38681,37619,60095,53687,47568,82668,105923,116614,118374,117385,106686,73218,30899,10801,95034,26270,2541
Russia,1972,1201398,68233,88940,20707,8094,8256,17446,44033,75785,120244,127139,231522,247375,185971,44086,27362,16671,36760,39025,59295,60949,50315,76824,109555,121967,123938,123437,108493,77478,33009,11077,97034,25702,2502
Russia,1973,1227159,69263,90485,21222,7633,7937,17198,48264,73513,124305,125178,238331,256049,189266,46396,28698,19566,31837,41676,56148,68157,52893,72285,112501,125830,130219,125830,108290,80976,35004,11392,98118,25135,2603
Russia,1974,1246453,71108,92627,21519,7294,7508,16847,53067,72143,125644,124416,243195,263996,189807,47548,28986,24081,26364,45779,52125,73519,56495,67921,115018,128177,137431,126565,108737,81070,36288,11260,99921,24355,2363
Russia,1975,1316539,74784,97456,22672,7353,7251,16991,59501,72534,131310,130655,255596,283735,200266,51417,29514,29987,22801,49733,50998,80312,65077,65578,118915,136681,147839,135896,115345,84921,39168,12249,104809,24242,2472
Russia,1976,1360229,77516,100983,23467,7397,6855,17169,63577,71581,134097,140699,258580,297450,205557,53727,29390,34187,20867,50714,51195,82902,74666,66033,115375,143205,154454,142996,119918,85639,40711,13016,108380,24024,2559
Russia,1977,1385868,78364,102223,23859,7483,6421,17023,65144,70544,135153,154215,253938,309026,206989,55185,28989,36155,22194,48350,53258,81895,84607,69608,106763,147175,160321,148705,122535,84454,41738,13447,109706,23444,2521
Russia,1978,1425457,79133,103419,24286,7661,6090,16694,67754,68622,135731,169034,253281,325738,211103,57732,29250,38504,26276,42346,57448,78283,95442,73592,101051,152230,166820,158918,126341,84762,43443,14289,111080,22784,2595
Russia,1979,1493471,80103,105063,24960,8055,5969,16338,70297,69223,139456,186616,258164,350964,219904,60653,29960,40337,33222,36001,64877,74579,105873,80743,97786,160378,176055,174909,131804,88100,45232,15421,113118,22307,2771
Russia,1980,1532910,78111,103192,25081,8370,5878,15556,70167,70905,140246,203861,254116,365825,230413,61469,29576,40591,40383,30522,68906,71340,112879,90982,92172,161944,182909,182916,140257,90156,45716,15753,111562,21434,2903
Russia,1981,1536699,75798,100153,24355,8463,5756,14272,68402,71944,137920,214577,243418,372261,235939,60602,29000,39402,44801,27143,68359,69561,113111,101466,90394,153024,186298,185963,144694,91245,44862,15740,108616,20028,2994
Russia,1982,1532600,73513,96982,23469,8425,5693,13003,65762,74225,134026,221331,232209,377545,240275,60086,27876,37886,46307,27918,63659,70367,108959,112372,93191,139018,188045,189500,148102,92173,44085,16001,105407,18696,3034
Russia,1983,1578886,72542,96031,23489,8667,5885,12366,65814,82884,132655,232072,231040,393114,253368,61728,27437,38377,49739,33145,56315,76340,104775,127297,99049,131991,195619,197495,157236,96132,44788,16940,104698,18251,3260
Russia,1984,1656817,71921,95961,24040,9053,6258,12221,66404,94829,135275,242292,237932,416445,272603,64129,27055,39349,52607,42222,48411,86864,100523,141769,109582,128350,207617,208828,171230,101373,46422,17707,105014,18479,3417
Russia,1985,1632281,65277,87961,22684,8664,6187,11471,61571,99638,127105,235835,235247,414060,278069,63101,24425,37146,50407,49231,39026,88079,91665,144170,118284,116963,203090,210970,173458,104611,45726,17375,96625,17658,3374
Russia,1986,1460843,57441,76463,19022,7512,5563,9969,52400,92273,108560,207803,219939,364789,255725,56716,20033,32367,43535,48738,30707,77853,79304,128499,117516,102423,172017,192772,158432,97293,41281,15435,83975,15532,3131
Russia,1987,1492331,56524,75208,18684,7435,5668,10137,50862,95169,106844,209465,241314,360643,268633,57613,18862,32000,43126,52043,32105,74739,82230,127235,133375,107939,160821,199822,166694,101939,42156,15457,82643,15805,3338
Russia,1988,1534830,51666,70266,18600,7444,5840,10563,49608,99997,104596,212343,266428,361161,284138,58877,18075,31533,43682,56315,38057,66539,89455,122888,151102,115326,152518,208643,175470,108668,43355,15522,77710,16403,3572
Russia,1989,1549948,44896,62666,17770,7341,5940,10943,48161,102022,103795,215018,287024,355149,290637,57709,17577,30584,43746,58276,47792,56003,99791,115227,163201,123823,142382,212767,177792,112845,42877,14832,70007,16883,3544
Russia,1990,1624999,39842,56586,16744,7349,6145,11537,47738,104774,109206,222550,320395,359739,312980,62349,17832,29906,44558,60216,60514,48692,109411,113139,178061,142334,138390,221349,192149,120831,47073,15276,63935,17682,3655
Russia,1991,1662278,35039,50069,15030,7275,6182,11944,46277,105477,114249,225888,346310,353525,326635,64861,17872,28405,45089,60388,69875,44374,112501,113387,183708,162602,138915,214610,200804,125831,49772,15089,57344,18126,3589
Russia,1992,1781242,31325,45412,14087,7600,6539,12964,47676,111394,129256,240494,387751,362702,356969,69030,19285,28391,47592,63802,79898,49358,115398,125096,193417,194334,153198,209504,219309,137660,53837,15193,53012,19503,3457
Russia,1993,2122065,31630,46032,14402,8727,7735,15866,55817,131668,170834,280552,473428,417033,429978,80966,23710,32107,55531,76137,101803,69031,120660,159892,218429,254999,189403,227630,264491,165487,64943,16023,54759,23601,3433
Russia,1994,2302824,31515,44988,13473,8833,8212,17481,59715,139263,205123,299054,511769,445996,471465,88139,26343,33372,57793,81470,112475,92648,108450,190604,218463,293306,217785,228211,290720,180745,72140,15999,53821,25693,2788
Russia,1995,2276818,29225,40897,11672,8000,7934,18577,65008,136970,221365,284001,497670,442307,465660,86565,29827,35181,56319,80651,110467,110898,88407,195594,199999,297671,234057,208250,283522,182138,71786,14779,48897,26511,1862
Russia,1996,2130984,26061,35997,9936,6596,7094,16455,57420,119995,214540,254515,461381,439167,432605,83572,26553,30867,47184,72811,99320,115220,72723,181792,181773,279608,245753,193414,254434,178171,69370,14202,42593,23549,1644
Russia,1997,2046908,23796,32700,8904,5492,6559,14701,51173,106057,205905,234610,438979,458587,406082,84511,23523,27650,40026,66031,91011,114894,70867,163743,177404,261575,263865,194722,226667,179415,70030,14481,38192,21260,1556
Russia,1998,2021523,22276,30511,8235,4630,6137,14206,50811,99234,207138,219853,427129,485264,388722,86361,23325,27486,36690,62544,88129,119009,80430,139423,185158,241971,284242,201022,206554,182168,71018,15343,35141,20343,1525
Russia,1999,2192510,21813,30174,8361,4309,6251,15949,59782,105885,226835,232640,459924,551464,404323,93346,27535,32247,39435,66450,95201,131634,108034,124606,219598,240326,321843,229621,206479,197844,76306,17040,34483,22200,1627
Russia,2000,2276886,20830,28878,8048,3941,6067,16240,62848,105278,232889,244334,473929,604562,398206,97938,28652,34196,40179,65099,97417,135472,136697,107637,239733,234196,344585,259977,197558,200648,80057,17881,32819,22307,1775
Russia,2001,2291683,20418,27755,7337,3543,5537,15506,61478,99722,230379,251503,472532,638685,383035,100093,27479,33999,39337,60385,97060,133319,155216,96287,242137,230395,348234,290451,194609,188426,82032,18061,31298,21043,1911
Russia,2002,2363373,20330,27256,6926,3325,5014,15563,63639,99178,233211,271871,479822,678897,380199,103319,28125,35514,40972,58206,98411,134800,169407,102464,236473,243349,349645,329252,206915,173284,84949,18370,30581,20577,2085
Russia,2003,2378150,19256,25662,6406,3094,4330,14824,63613,96542,230496,300119,467215,690536,375889,103594,27724,35889,41676,54866,96083,134413,180301,119818,206404,260811,330808,359728,216285,159604,85878,17716,28756,19154,2234
Russia,2004,2306801,18368,24275,5907,2834,3613,13468,61149,91455,216528,319908,440487,658249,370311,102267,26191,34958,40989,50466,88748,127780,176745,143163,164166,276321,293565,364684,223064,147247,85043,17224,27109,17081,2255
Russia,2005,2321138,16962,22730,5768,2647,3154,12581,60011,90736,208102,348807,426433,653149,387156,103294,25146,34865,41650,49086,82891,125211,174188,174619,136008,290425,275805,377344,247881,139275,85133,18161,25377,15735,2334
Russia,2006,2181617,15931,21025,5094,2303,2562,10506,53601,83438,185547,340296,383676,608067,393668,94640,22015,31586,38797,44641,70760,114787,157313,182983,112423,271253,252128,355939,262203,131465,76404,18236,23328,13068,2284
Russia,2007,2093325,15534,20219,4685,2051,2190,8816,49487,79490,168900,329780,355337,579562,410257,84928,20074,29413,37037,42453,62403,106497,146060,183720,111122,244215,248057,331505,277768,132489,66511,18417,22270,11006,2310
Russia,2008,2089676,14948,19554,4606,1901,2008,7592,47528,79458,159687,334563,337451,573360,441714,82431,18987,28541,36972,42486,57914,101773,143027,191536,128082,209369,263709,309651,301452,140262,62918,19513,21455,9600,2423
Russia,2009,2028377,14513,18907,4394,1737,1816,6294,43858,76961,145990,320469,317757,554924,457038,80214,17258,26600,35567,41394,52819,93171,134706,185763,152028,165729,279318,275606,308191,148847,60412,19802,20644,8110,2411
Russia,2010,2049572,14265,18666,4401,1643,1688,5377,41762,77374,138456,314365,322102,555445,491233,78869,16274,25488,35431,41943,51360,87096,131874,182491,184733,137369,294240,261205,322669,168564,58677,20192,20309,7065,2586
Russia,2011,1939563,13660,17649,3989,1475,1476,4413,37075,72782,123555,290400,310980,520144,483054,73943,14023,23052,32890,39892,47682,75873,123146,167254,195880,115100,277587,242557,304154,178900,55905,18038,19124,5889,2615
Russia,2012,1925504,15602,19556,3954,1411,1354,3797,34065,70910,116070,278194,320230,507795,492914,76396,12155,21910,31602,39308,46818,69252,118013,160181,202385,117845,258120,249675,295135,197779,59842,16554,20967,5151,2809
Russia,2013,1894940,14674,18870,4196,1337,1222,3372,30669,68623,109354,265534,341858,482803,487621,80619,10236,20433,30105,38518,46038,63316,111052,154482,207637,134221,218532,264271,273725,213896,64479,16140,20207,4594,3052
Russia,2014,1903300,13297,17609,4312,1308,1141,3142,28070,67669,106724,257276,375114,471473,480934,89509,8776,19294,29164,38505,46616,60108,105872,151404,209601,165513,180334,291139,253383,227551,72892,16617,18917,4283,3325
Russia,2015,1873440,11651,15773,4122,1255,1052,2847,25019,64744,103179,241928,398521,447722,469821,98198,7332,17687,27306,37438,46072,57107,96838,145090,201447,197074,146721,301001,236914,232907,82115,16083,17028,3899,3380
Russia,2016,1834697,10277,14098,3821,1219,977,2590,21965,61844,100507,228364,407412,422109,460405,109944,6161,15804,25723,36121,45457,55050,87623,140741,191210,216202,127703,294406,230747,229658,92956,16988,15317,3567,3268
Russia,2017,1780587,7939,11345,3406,1227,908,2321,18674,58086,96968,211193,399537,398456,456779,122012,5243,13431,23995,34091,43936,53032,78566,132627,180278,219259,128860,269596,236326,220453,103182,18830,12572,3229,3081
Russia,2018,1800581,6711,9708,2997,1275,889,2164,16607,56857,98489,203467,411421,386323,471283,138769,4861,11746,23197,33660,44566,53923,74342,129125,179910,231511,151301,235022,259355,211928,116557,22212,10983,3053,3325
Russia,2019,1781485,6131,8651,2520,1261,856,1987,14446,53831,97787,191146,404288,375163,477735,150653,4477,9969,21621,32210,43961,53826,69657,121489,174221,230067,183854,191309,282834,194901,124384,26269,9912,2843,3686
Russia,2020,2066849,5581,7331,1750,1286,1425,4552,23525,85959,133515,233204,463299,433654,518196,157260,7817,15708,35108,50851,63118,70397,88618,144586,201460,261839,243824,189830,328768,189428,127838,29422,8617,5977,3647
Russia,2021,2458539,5426,7070,1644,1489,1798,4873,23261,98334,160037,259568,531964,498024,662307,204952,8099,15162,37894,60440,74882,85155,102286,157282,246575,285389,292685,205339,412765,249542,162249,42703,8559,6671,4859
Rwanda,1950,48161,17389,28856,11467,2292,1143,1249,2750,1919,1898,2253,2936,2075,733,53,1485,1265,956,963,970,928,1090,1163,1487,1449,1156,919,530,203,46,7,31148,2392,0
Rwanda,1951,50153,17925,30229,12304,2402,1140,1245,2864,1975,1935,2280,3051,2191,780,56,1517,1347,1007,968,992,943,1099,1181,1509,1542,1243,948,562,218,49,7,32631,2385,0
Rwanda,1952,51720,18384,31265,12881,2523,1141,1229,2945,2025,1961,2300,3133,2310,828,61,1534,1411,1065,960,1002,959,1095,1205,1503,1630,1342,968,594,234,52,9,33788,2370,1
Rwanda,1953,53197,18834,32172,13338,2642,1149,1206,3015,2097,1995,2323,3203,2448,876,65,1548,1467,1138,959,1010,985,1087,1236,1490,1713,1454,994,628,248,57,8,34814,2355,1
Rwanda,1954,54634,19243,32949,13706,2794,1171,1189,3078,2197,2032,2351,3269,2610,921,72,1556,1522,1220,977,1015,1017,1088,1263,1488,1781,1569,1041,657,264,63,9,35743,2360,1
Rwanda,1955,55922,19610,33586,13976,2973,1205,1174,3108,2306,2053,2374,3319,2786,960,77,1549,1559,1297,1009,1016,1037,1093,1281,1493,1826,1676,1110,680,280,68,9,36559,2379,1
Rwanda,1956,57209,19962,34198,14236,3128,1254,1168,3124,2434,2075,2400,3365,2980,998,83,1539,1585,1375,1059,1018,1057,1109,1291,1513,1852,1783,1197,702,296,73,10,37326,2422,1
Rwanda,1957,57202,19903,33939,14036,3163,1280,1141,3063,2526,2059,2391,3363,3157,1028,89,1487,1576,1420,1106,1000,1059,1118,1273,1531,1832,1872,1285,715,313,78,11,37102,2421,1
Rwanda,1958,57177,19812,33618,13806,3184,1308,1129,3004,2629,2048,2396,3361,3342,1063,95,1438,1566,1460,1169,990,1058,1140,1256,1559,1802,1955,1387,732,331,83,12,36802,2437,1
Rwanda,1959,57006,19701,33307,13606,3187,1348,1122,2901,2686,2021,2387,3347,3494,1106,100,1376,1525,1468,1218,983,1038,1151,1236,1571,1776,2011,1483,762,344,88,12,36494,2470,1
Rwanda,1960,57072,19576,33007,13431,3180,1405,1136,2837,2769,2044,2412,3368,3641,1170,102,1338,1499,1485,1284,1008,1036,1172,1240,1588,1780,2057,1584,816,354,91,11,36187,2541,1
Rwanda,1961,57150,19467,32788,13321,3188,1459,1162,2754,2822,2066,2431,3385,3754,1242,99,1300,1454,1483,1339,1041,1025,1184,1247,1588,1797,2075,1679,880,362,91,8,35976,2621,1
Rwanda,1962,57377,19356,32662,13306,3222,1515,1204,2675,2863,2107,2460,3412,3847,1315,95,1273,1402,1475,1388,1093,1014,1194,1266,1580,1832,2070,1777,951,364,90,5,35884,2719,1
Rwanda,1963,65937,19555,33822,14267,4372,2548,2000,3882,4181,2834,2934,3725,4105,1436,93,1873,2009,2136,2045,1553,1281,1440,1494,1720,2005,2155,1950,1059,377,90,3,38194,4548,1
Rwanda,1964,58224,19245,32598,13353,3355,1641,1340,2586,2916,2240,2518,3470,3976,1492,91,1278,1308,1451,1465,1229,1011,1191,1327,1558,1912,2041,1935,1107,385,88,3,35953,2981,0
Rwanda,1965,59092,19455,32906,13451,3440,1695,1434,2583,2917,2338,2541,3500,4042,1605,93,1312,1271,1429,1488,1301,1037,1187,1354,1562,1938,2055,1987,1188,417,90,3,36346,3129,0
Rwanda,1966,60612,19925,33600,13675,3550,1765,1547,2669,2937,2478,2574,3545,4116,1734,100,1394,1275,1419,1518,1386,1092,1191,1383,1588,1957,2095,2021,1275,459,96,4,37150,3312,0
Rwanda,1967,62457,20669,34679,14010,3652,1835,1648,2771,2930,2618,2586,3573,4177,1872,113,1488,1283,1395,1535,1457,1161,1184,1402,1620,1953,2150,2027,1362,510,106,7,38331,3483,0
Rwanda,1968,65282,21707,36269,14562,3776,1927,1781,2980,2997,2826,2641,3655,4274,2023,132,1633,1347,1409,1588,1555,1271,1206,1435,1689,1966,2235,2039,1454,569,120,12,40045,3708,0
Rwanda,1969,68420,22917,38213,15296,3899,2023,1902,3225,3042,3016,2690,3738,4362,2153,154,1799,1426,1420,1622,1635,1381,1237,1453,1755,1983,2305,2057,1528,625,136,18,42112,3925,1
Rwanda,1970,71517,24160,40311,16151,4014,2112,1992,3473,3047,3164,2740,3805,4431,2250,171,1964,1509,1420,1627,1685,1479,1281,1459,1803,2002,2348,2083,1574,676,151,20,44325,4104,1
Rwanda,1971,74863,25393,42459,17066,4134,2203,2088,3768,3086,3335,2840,3905,4518,2333,191,2141,1627,1445,1641,1741,1594,1364,1476,1858,2047,2383,2135,1605,728,169,22,46593,4291,1
Rwanda,1972,78350,26694,44826,18132,4288,2291,2185,4058,3103,3470,2939,4003,4589,2388,211,2300,1758,1472,1631,1778,1692,1460,1479,1899,2104,2389,2200,1611,777,188,23,49114,4476,1
Rwanda,1973,82757,28248,47642,19394,4516,2395,2308,4421,3187,3643,3109,4153,4707,2446,226,2491,1930,1542,1645,1838,1805,1601,1508,1950,2203,2415,2292,1619,827,203,23,52158,4703,2
Rwanda,1974,87473,29964,50815,20851,4807,2502,2437,4785,3271,3767,3285,4268,4797,2493,243,2666,2119,1622,1649,1872,1895,1738,1547,1974,2294,2435,2362,1632,861,219,24,55622,4939,2
Rwanda,1975,92298,31682,54013,22331,5098,2586,2557,5189,3435,3898,3504,4365,4863,2522,258,2829,2360,1752,1683,1913,1985,1886,1618,1999,2366,2466,2397,1647,875,233,25,59111,5143,2
Rwanda,1976,95815,33365,56945,23580,5403,2659,2632,5351,3415,3791,3612,4337,4857,2537,274,2888,2463,1793,1622,1832,1959,1953,1659,1961,2376,2471,2386,1661,876,246,28,62348,5291,2
Rwanda,1977,98405,34582,58932,24350,5577,2688,2670,5515,3488,3734,3776,4317,4860,2556,290,2945,2570,1881,1607,1777,1957,2033,1743,1931,2386,2501,2359,1689,867,261,29,64509,5358,1
Rwanda,1978,98930,35113,59520,24407,5591,2661,2638,5551,3517,3617,3904,4246,4832,2553,296,2938,2613,1937,1580,1693,1924,2075,1829,1888,2358,2526,2306,1707,846,267,29,65111,5299,1
Rwanda,1979,97556,35048,58716,23668,5417,2575,2545,5473,3546,3476,4008,4162,4796,2539,299,2877,2596,1985,1561,1606,1870,2093,1915,1863,2299,2539,2257,1708,831,269,30,64133,5120,1
Rwanda,1980,95490,34385,56865,22480,5134,2469,2442,5421,3688,3415,4166,4189,4831,2561,308,2832,2589,2086,1602,1568,1847,2132,2034,1908,2281,2574,2257,1721,840,275,33,61999,4911,1
Rwanda,1981,92824,33397,54450,21053,4804,2342,2324,5341,3834,3365,4317,4258,4884,2584,322,2767,2574,2172,1662,1547,1818,2161,2156,1993,2265,2605,2279,1724,860,282,40,59254,4666,1
Rwanda,1982,90732,32382,52162,19780,4521,2236,2235,5322,4047,3367,4497,4395,4981,2626,345,2727,2595,2276,1771,1563,1804,2205,2292,2132,2263,2647,2334,1729,897,292,53,56683,4471,3
Rwanda,1983,90533,31610,50587,18977,4366,2188,2216,5482,4449,3523,4809,4677,5170,2699,363,2763,2719,2478,1971,1667,1856,2322,2487,2361,2316,2722,2448,1755,944,301,62,54953,4404,5
Rwanda,1984,90899,30937,49426,18489,4320,2176,2234,5659,4884,3702,5081,4996,5325,2744,347,2804,2855,2677,2207,1797,1905,2418,2663,2600,2396,2769,2556,1777,967,296,51,53746,4410,3
Rwanda,1985,91784,30277,48399,18122,4340,2186,2284,5872,5380,3954,5354,5399,5477,2800,343,2858,3014,2879,2501,1973,1981,2514,2840,2864,2535,2822,2655,1816,984,297,46,52739,4470,2
Rwanda,1986,93655,29878,47663,17785,4413,2223,2372,6171,5980,4321,5655,5924,5672,2895,363,2950,3221,3137,2843,2221,2100,2627,3028,3173,2751,2902,2770,1887,1008,313,50,52076,4595,2
Rwanda,1987,96133,29757,47248,17491,4509,2276,2479,6544,6674,4786,5934,6482,5811,2987,400,3082,3462,3445,3229,2533,2253,2728,3206,3469,3013,2952,2859,1964,1023,338,62,51757,4755,5
Rwanda,1988,99837,29699,47044,17345,4628,2357,2616,7050,7582,5435,6316,7206,6046,3128,424,3276,3774,3858,3724,2948,2487,2875,3441,3818,3388,3066,2980,2081,1047,357,67,51672,4973,7
Rwanda,1989,104291,29817,47439,17622,4857,2518,2801,7595,8507,6170,6638,7893,6244,3226,402,3514,4081,4289,4218,3420,2750,3006,3632,4128,3765,3197,3047,2175,1051,352,50,52296,5319,4
Rwanda,1990,112984,30338,48862,18524,5242,2787,3281,9216,10143,7368,7145,8714,6549,3308,367,4332,4884,5139,5004,4172,3196,3247,3898,4496,4218,3422,3127,2253,1055,333,34,54104,6068,3
Rwanda,1991,123550,31665,51758,20093,5787,3173,3763,10678,11819,8709,7643,9538,6930,3397,348,5072,5606,5986,5833,4988,3721,3511,4132,4838,4700,3727,3203,2326,1071,320,28,57545,6936,2
Rwanda,1992,136865,33992,56367,22375,6588,3706,4297,12125,13619,10263,8195,10414,7413,3507,367,5795,6330,6865,6754,5890,4373,3837,4358,5201,5213,4135,3278,2399,1108,328,39,62955,8003,1
Rwanda,1993,152417,37273,62637,25364,7636,4399,4825,13311,15448,12008,8825,11324,8009,3613,378,6338,6973,7705,7743,6885,5123,4242,4583,5584,5740,4636,3373,2459,1154,332,46,70273,9224,1
Rwanda,1994,808523,59440,115957,56517,33012,34830,72083,163001,152983,100569,59034,48856,21411,6261,526,84234,78767,79571,73412,60965,39604,31280,27754,26955,21901,13911,7500,4429,1832,461,65,148969,106913,1
Rwanda,1995,111332,28907,51210,22303,7104,4134,4023,9199,9299,7680,5035,6513,4996,1934,204,4576,4623,4624,4675,4184,3496,2589,2446,3082,3431,3032,1964,1300,634,174,30,58314,8157,1
Rwanda,1996,118678,31956,55385,23429,7435,4477,4402,9660,9584,8095,5310,6690,5430,1994,214,4823,4837,4741,4843,4360,3735,2814,2496,3125,3565,3298,2132,1335,659,184,30,62820,8879,2
Rwanda,1997,148219,39759,68153,28394,9024,5575,6001,13120,11989,10119,6660,8071,6860,2381,259,6698,6422,5977,6012,5419,4700,3619,3041,3723,4348,4146,2714,1590,791,223,36,77177,11576,2
Rwanda,1998,149453,40467,67988,27521,8527,5482,6463,14158,12128,10299,6859,7871,7080,2335,263,7356,6802,6099,6029,5480,4819,3816,3043,3578,4293,4226,2854,1556,779,228,35,76515,11945,2
Rwanda,1999,137969,39242,64906,25664,7478,4965,5496,11179,10080,9023,6504,7524,7551,2770,491,5776,5403,4993,5087,4774,4249,3566,2938,3374,4150,4271,3280,1838,932,378,113,72384,10461,4
Rwanda,2000,128721,36862,60264,23402,6453,4382,4957,9850,8858,8240,6272,7298,7943,3405,788,5143,4707,4364,4494,4357,3883,3392,2880,3273,4025,4317,3626,2270,1135,542,246,66717,9339,14
Rwanda,2001,122682,34129,54722,20593,5579,3792,4661,9518,8425,8132,6353,7428,8532,4332,1167,5031,4487,4149,4276,4295,3837,3404,2949,3371,4057,4535,3997,2902,1430,738,429,60301,8453,43
Rwanda,2002,116920,31533,49547,18014,4886,3224,4257,8884,7856,8002,6385,7602,9079,5473,1624,4736,4148,3865,3991,4197,3805,3411,2974,3491,4111,4782,4297,3635,1838,977,647,54433,7481,103
Rwanda,2003,109685,29214,45127,15913,4293,2713,3751,7967,7019,7569,6261,7530,9266,6232,1795,4277,3690,3463,3556,3903,3666,3359,2902,3460,4070,4856,4410,4034,2198,1091,704,49420,6464,165
Rwanda,2004,101635,26673,40588,13915,3774,2343,3354,7449,6352,7114,6226,7290,9193,6251,1527,4025,3424,3164,3188,3579,3535,3346,2880,3323,3967,4767,4426,3927,2324,1009,518,44362,5697,173
Rwanda,2005,95326,24485,36594,12109,3334,2067,2981,6996,5859,6775,6320,7182,9286,6360,1413,3762,3234,2931,2928,3312,3463,3369,2951,3241,3941,4712,4574,3852,2508,1011,402,39928,5048,158
Rwanda,2006,90993,22443,32970,10527,2995,1874,2702,6771,5635,6626,6571,7197,9500,6572,1443,3584,3187,2819,2816,3146,3480,3458,3113,3227,3970,4693,4807,3844,2728,1093,350,35965,4576,133
Rwanda,2007,87583,20648,29932,9284,2739,1716,2451,6528,5429,6424,6812,7238,9727,6864,1624,3380,3148,2712,2717,2972,3452,3531,3281,3247,3991,4688,5039,3917,2947,1259,365,32671,4167,106
Rwanda,2008,84599,18938,27134,8196,2504,1573,2223,6249,5278,6226,7046,7276,9876,7188,1943,3146,3103,2636,2642,2828,3398,3602,3444,3300,3976,4683,5193,4072,3116,1501,442,29638,3796,86
Rwanda,2009,83284,17444,24749,7305,2316,1465,2084,6102,5301,6151,7377,7449,10108,7673,2427,2983,3119,2663,2638,2773,3378,3725,3652,3449,4000,4757,5351,4381,3292,1825,602,27065,3549,81
Rwanda,2010,83217,16108,22709,6601,2183,1392,2062,6268,5526,6148,7695,7652,10270,8201,3009,3000,3268,2822,2704,2789,3359,3857,3838,3646,4006,4836,5434,4759,3442,2174,835,24892,3454,97
Rwanda,2011,82677,14838,20607,5769,1986,1289,1930,5911,5525,6072,8046,8042,10542,8883,3691,2769,3142,2851,2674,2777,3295,3990,4056,3951,4091,4995,5547,5237,3646,2560,1131,22593,3219,149
Rwanda,2012,82496,14004,19171,5167,1859,1232,1813,5438,5436,5892,8213,8391,10721,9613,4473,2512,2926,2834,2602,2729,3163,4012,4201,4218,4173,5097,5624,5689,3924,2961,1512,21030,3045,247
Rwanda,2013,80941,13501,18207,4706,1739,1190,1753,5238,5527,5860,8435,8801,10658,9401,3856,2404,2834,2900,2627,2747,3113,4051,4384,4502,4299,5114,5544,5631,3770,2569,1287,19946,2943,276
Rwanda,2014,79114,13150,17593,4443,1663,1177,1719,5087,5635,5798,8456,9070,10368,9019,3256,2331,2756,2958,2677,2749,3049,3987,4469,4683,4387,4986,5382,5383,3636,2184,1072,19256,2896,270
Rwanda,2015,78346,12862,17119,4257,1597,1170,1709,5009,5818,5836,8528,9469,10253,8778,2809,2299,2710,3021,2797,2788,3048,3933,4595,4876,4593,4918,5335,5170,3608,1904,905,18716,2879,247
Rwanda,2016,77457,12708,16868,4160,1557,1173,1703,4882,5915,5829,8475,9825,10103,8478,2438,2256,2626,3016,2899,2790,3039,3814,4661,5013,4812,4839,5264,4915,3563,1677,761,18425,2876,212
Rwanda,2017,77903,12553,16697,4144,1529,1177,1731,4890,6199,6024,8538,10321,10121,8288,2204,2266,2624,3083,3116,2895,3129,3776,4762,5214,5107,4872,5249,4757,3531,1551,653,18226,2908,182
Rwanda,2018,78077,12469,16628,4159,1519,1182,1759,4826,6300,6124,8463,10741,10170,8136,2069,2254,2572,3054,3246,2958,3166,3702,4761,5365,5376,4957,5213,4662,3474,1501,568,18147,2941,161
Rwanda,2019,78822,12245,16307,4062,1482,1163,1790,4814,6484,6392,8529,11283,10368,8061,2001,2257,2557,3061,3423,3120,3272,3728,4801,5583,5700,5163,5205,4652,3409,1501,500,17789,2953,141
Rwanda,2020,78870,11987,15893,3906,1431,1116,1761,4613,6340,6516,8509,11830,10739,8042,1957,2178,2435,2918,3422,3215,3301,3737,4772,5809,6021,5500,5239,4710,3332,1515,442,17324,2877,121
Rwanda,2021,84576,11684,15468,3784,1393,1077,1691,4380,6287,7115,9450,14135,12467,8908,2095,2072,2308,2797,3490,3515,3600,4169,5281,6855,7280,6670,5797,5252,3656,1669,426,16861,2768,109
Saint Barthelemy,1950,31,5,7,2,0,0,0,0,0,0,0,1,4,4,0,0,0,0,0,0,0,0,0,0,1,0,4,4,0,0,0,7,0,0
Saint Barthelemy,1951,31,5,7,2,0,0,0,0,0,0,0,2,3,4,0,0,0,0,0,0,0,0,0,0,2,0,3,4,0,0,0,7,0,0
Saint Barthelemy,1952,28,4,5,1,0,0,0,0,0,0,0,1,2,5,0,0,0,0,0,0,0,0,0,0,1,0,2,5,0,0,0,5,0,0
Saint Barthelemy,1953,28,4,5,1,0,0,0,0,0,0,0,3,3,5,0,0,0,0,0,0,0,0,0,0,3,2,1,5,0,0,0,5,0,0
Saint Barthelemy,1954,28,4,5,1,0,0,0,0,0,0,0,2,3,4,0,0,0,0,0,0,0,0,0,0,2,3,0,3,1,0,0,5,0,0
Saint Barthelemy,1955,28,4,5,1,0,0,0,0,0,0,0,3,4,2,0,0,0,0,0,0,0,0,0,0,3,4,0,2,0,0,0,5,0,0
Saint Barthelemy,1956,28,4,5,1,0,0,0,0,0,0,0,4,5,1,0,0,0,0,0,0,0,0,0,0,4,5,0,1,0,0,0,5,0,0
Saint Barthelemy,1957,27,4,5,1,0,0,0,0,0,0,0,3,6,0,0,0,0,0,0,0,0,0,0,0,3,5,1,0,0,0,0,5,0,0
Saint Barthelemy,1958,27,4,5,1,0,0,0,0,0,0,0,4,7,0,0,0,0,0,0,0,0,0,0,0,4,5,2,0,0,0,0,5,0,0
Saint Barthelemy,1959,27,4,5,1,0,0,0,0,0,0,0,4,8,0,0,0,0,0,0,0,0,0,0,0,4,5,3,0,0,0,0,5,0,0
Saint Barthelemy,1960,27,4,5,1,0,0,0,0,0,0,0,3,9,0,0,0,0,0,0,0,0,0,0,0,3,5,4,0,0,0,0,5,0,0
Saint Barthelemy,1961,28,4,5,1,0,0,0,0,0,0,0,2,10,0,0,0,0,0,0,0,0,0,0,0,2,5,5,0,0,0,0,5,0,0
Saint Barthelemy,1962,27,4,5,1,0,0,0,0,0,0,0,2,10,1,0,0,0,0,0,0,0,0,0,0,2,5,5,1,0,0,0,5,0,0
Saint Barthelemy,1963,26,3,4,1,0,0,0,0,0,0,0,1,10,1,0,0,0,0,0,0,0,0,0,0,1,5,5,1,0,0,0,4,0,0
Saint Barthelemy,1964,26,3,4,1,0,0,0,0,0,0,0,0,10,2,0,0,0,0,0,0,0,0,0,0,0,5,5,2,0,0,0,4,0,0
Saint Barthelemy,1965,28,4,5,1,0,0,0,0,0,0,0,1,10,2,0,0,0,0,0,0,0,0,0,1,0,5,5,2,0,0,0,5,0,0
Saint Barthelemy,1966,26,4,5,1,0,0,0,0,0,0,0,1,9,3,0,0,0,0,0,0,0,0,0,0,1,4,5,3,0,0,0,5,0,0
Saint Barthelemy,1967,25,3,3,0,0,0,0,0,0,0,0,2,8,3,0,0,0,0,0,0,0,0,0,0,2,3,5,3,0,0,0,3,0,0
Saint Barthelemy,1968,25,3,3,0,0,0,0,0,0,0,0,2,7,4,0,0,0,0,0,0,0,0,0,0,2,2,5,4,0,0,0,3,0,0
Saint Barthelemy,1969,23,3,3,0,0,0,0,0,0,0,0,2,6,3,0,0,0,0,0,0,0,0,0,0,2,1,5,3,0,0,0,3,0,0
Saint Barthelemy,1970,22,2,2,0,0,0,0,0,0,0,0,1,6,1,0,0,0,0,0,0,0,0,0,0,1,1,5,1,0,0,0,2,0,0
Saint Barthelemy,1971,22,2,2,0,0,0,0,0,0,0,0,0,7,2,0,0,0,0,0,0,0,0,0,0,0,3,4,2,0,0,0,2,0,0
Saint Barthelemy,1972,21,2,2,0,0,0,0,0,0,0,0,0,7,3,0,0,0,0,0,0,0,0,0,0,0,3,4,3,0,0,0,2,0,0
Saint Barthelemy,1973,21,2,2,0,0,0,0,0,0,0,0,0,7,4,0,0,0,0,0,0,0,0,0,0,0,4,3,4,0,0,0,2,0,0
Saint Barthelemy,1974,20,2,2,0,0,0,0,0,0,0,0,0,6,4,0,0,0,0,0,0,0,0,0,0,0,3,3,4,0,0,0,2,0,0
Saint Barthelemy,1975,20,1,1,0,0,0,0,0,0,0,0,0,4,4,0,0,0,0,0,0,0,0,0,0,0,2,2,4,0,0,0,1,0,0
Saint Barthelemy,1976,20,1,1,0,0,0,0,0,0,0,0,0,4,4,0,0,0,0,0,0,0,0,0,0,0,1,3,4,0,0,0,1,0,0
Saint Barthelemy,1977,20,1,1,0,0,0,0,0,0,0,0,0,4,2,0,0,0,0,0,0,0,0,0,0,0,0,4,2,0,0,0,1,0,0
Saint Barthelemy,1978,20,1,1,0,0,0,0,0,0,0,0,0,4,0,0,0,0,0,0,0,0,0,0,0,0,0,4,0,0,0,0,1,0,0
Saint Barthelemy,1979,20,1,1,0,0,0,0,0,0,0,0,0,4,1,0,0,0,0,0,0,0,0,0,0,0,0,4,1,0,0,0,1,0,0
Saint Barthelemy,1980,20,1,1,0,0,0,0,0,0,0,0,0,3,2,0,0,0,0,0,0,0,0,0,0,0,0,3,2,0,0,0,1,0,0
Saint Barthelemy,1981,19,1,1,0,0,0,0,0,0,0,0,0,2,3,0,0,0,0,0,0,0,0,0,0,0,0,2,3,0,0,0,1,0,0
Saint Barthelemy,1982,17,1,1,0,0,0,0,0,0,0,0,0,0,3,0,0,0,0,0,0,0,0,0,0,0,0,0,3,0,0,0,1,0,0
Saint Barthelemy,1983,19,1,1,0,0,0,0,0,0,0,0,0,1,3,0,0,0,0,0,0,0,0,0,0,0,1,0,3,0,0,0,1,0,0
Saint Barthelemy,1984,19,1,1,0,0,0,0,0,0,0,0,0,2,4,0,0,0,0,0,0,0,0,0,0,0,2,0,4,0,0,0,1,0,0
Saint Barthelemy,1985,20,2,2,0,0,0,0,0,0,0,0,0,3,4,0,0,0,0,0,0,0,0,0,0,0,3,0,3,1,0,0,2,0,0
Saint Barthelemy,1986,20,2,2,0,0,0,0,0,0,0,0,0,3,3,0,0,0,0,0,0,0,0,0,0,0,3,0,2,1,0,0,2,0,0
Saint Barthelemy,1987,20,2,2,0,0,0,0,0,0,0,0,0,3,2,0,0,0,0,0,0,0,0,0,0,0,2,1,1,1,0,0,2,0,0
Saint Barthelemy,1988,20,1,1,0,0,0,0,0,0,0,0,0,3,0,0,0,0,0,0,0,0,0,0,0,0,1,2,0,0,0,0,1,0,0
Saint Barthelemy,1989,21,1,1,0,0,0,0,0,0,0,0,0,3,0,0,0,0,0,0,0,0,0,0,0,0,0,3,0,0,0,0,1,0,0
Saint Barthelemy,1990,21,1,1,0,0,0,0,0,0,0,0,1,4,0,0,0,0,0,0,0,0,0,0,0,1,0,4,0,0,0,0,1,0,0
Saint Barthelemy,1991,20,1,1,0,0,0,0,0,0,0,0,2,4,0,0,0,0,0,0,0,0,0,0,0,2,0,4,0,0,0,0,1,0,0
Saint Barthelemy,1992,23,1,1,0,0,0,0,0,0,0,0,3,7,1,0,0,0,0,0,0,0,0,0,0,3,3,4,1,0,0,0,1,0,0
Saint Barthelemy,1993,24,1,1,0,0,0,0,0,0,0,0,3,10,2,0,0,0,0,0,0,0,0,0,0,3,5,5,2,0,0,0,1,0,0
Saint Barthelemy,1994,26,1,1,0,0,0,0,0,0,0,0,4,10,3,0,0,0,0,0,0,0,0,0,0,4,5,5,3,0,0,0,1,0,0
Saint Barthelemy,1995,28,1,1,0,0,0,0,0,0,0,0,4,10,4,0,0,0,0,0,0,0,0,0,0,4,5,5,4,0,0,0,1,0,0
Saint Barthelemy,1996,30,1,1,0,0,0,0,0,0,0,0,4,10,5,0,0,0,0,0,0,0,0,0,0,4,5,5,5,0,0,0,1,0,0
Saint Barthelemy,1997,33,1,1,0,0,0,0,0,0,0,0,5,10,6,0,0,0,0,0,0,0,0,0,2,3,5,5,5,1,0,0,1,0,0
Saint Barthelemy,1998,36,1,1,0,0,0,0,0,0,0,1,4,10,8,0,0,0,0,0,0,0,0,1,2,2,5,5,5,3,0,0,1,0,0
Saint Barthelemy,1999,40,1,1,0,0,0,0,0,0,0,0,8,14,10,0,0,0,0,0,0,0,0,0,3,5,5,9,6,4,0,0,1,0,0
Saint Barthelemy,2000,41,1,1,0,0,0,0,0,0,0,0,10,14,12,0,0,0,0,0,0,0,0,0,5,5,5,9,7,5,0,0,1,0,0
Saint Barthelemy,2001,42,1,1,0,0,0,0,0,0,0,0,9,13,13,0,0,0,0,0,0,0,0,0,4,5,5,8,8,5,0,0,1,0,0
Saint Barthelemy,2002,43,1,1,0,0,0,0,0,0,0,0,8,13,14,1,0,0,0,0,0,0,0,0,3,5,5,8,9,5,1,0,1,0,0
Saint Barthelemy,2003,44,1,1,0,0,0,0,0,0,0,1,10,13,15,2,0,0,0,0,0,0,0,1,5,5,5,8,10,5,2,0,1,0,0
Saint Barthelemy,2004,46,1,1,0,0,0,0,0,0,0,1,10,13,16,3,0,0,0,0,0,0,0,1,5,5,5,8,10,6,3,0,1,0,0
Saint Barthelemy,2005,47,1,1,0,0,0,0,0,0,0,1,10,13,17,3,0,0,0,0,0,0,0,1,5,5,5,8,10,7,3,0,1,0,0
Saint Barthelemy,2006,48,1,1,0,0,0,0,0,0,0,2,10,13,16,4,0,0,0,0,0,0,0,2,5,5,5,8,10,6,4,0,1,0,0
Saint Barthelemy,2007,49,1,1,0,0,0,0,0,0,0,2,10,12,17,4,0,0,0,0,0,0,0,2,5,5,5,7,10,7,4,0,1,0,0
Saint Barthelemy,2008,50,1,1,0,0,0,0,0,0,0,6,10,11,17,5,0,0,0,0,0,0,1,5,5,5,5,6,10,7,5,0,1,0,0
Saint Barthelemy,2009,52,1,1,0,0,0,0,0,0,0,6,10,10,18,3,0,0,0,0,0,0,1,5,5,5,5,5,10,8,3,0,1,0,0
Saint Barthelemy,2010,53,1,1,0,0,0,0,0,0,0,5,10,10,18,4,0,0,0,0,0,0,0,5,5,5,5,5,10,8,4,0,1,0,0
Saint Barthelemy,2011,54,1,1,0,0,0,0,0,0,0,5,10,10,17,4,0,0,0,0,0,0,0,5,5,5,5,5,9,8,4,0,1,0,0
Saint Barthelemy,2012,49,1,1,0,0,0,0,0,0,0,3,10,10,14,4,0,0,0,0,0,0,0,3,5,5,5,5,7,7,4,0,1,0,0
Saint Barthelemy,2013,55,1,1,0,0,0,0,0,0,0,4,10,13,15,7,0,0,0,0,0,0,0,4,5,5,6,7,6,9,7,0,1,0,0
Saint Barthelemy,2014,55,1,1,0,0,0,0,0,0,0,4,10,13,14,9,0,0,0,0,0,0,0,4,5,5,5,8,6,8,8,1,1,0,0
Saint Barthelemy,2015,55,1,1,0,0,0,0,0,0,0,6,10,14,13,8,0,0,0,0,0,0,1,5,5,5,5,9,7,6,7,1,1,0,0
Saint Barthelemy,2016,55,1,1,0,0,0,0,0,0,0,6,10,14,14,8,0,0,0,0,0,0,1,5,5,5,5,9,8,6,6,2,1,0,0
Saint Barthelemy,2017,60,1,1,0,0,0,0,0,0,0,9,10,13,15,7,0,0,0,0,0,0,4,5,5,5,5,8,9,6,5,2,1,0,0
Saint Barthelemy,2018,57,1,1,0,0,0,0,0,0,0,7,10,13,15,8,0,0,0,0,0,0,2,5,5,5,6,7,10,5,5,3,1,0,0
Saint Barthelemy,2019,57,1,1,0,0,0,0,0,0,0,8,10,12,16,5,0,0,0,0,0,0,3,5,5,5,5,7,10,6,5,0,1,0,0
Saint Barthelemy,2020,59,1,1,0,0,0,0,0,0,0,9,10,13,17,5,0,0,0,0,0,0,4,5,5,5,5,8,10,7,5,0,1,0,1
Saint Barthelemy,2021,60,1,1,0,0,0,0,0,0,0,8,10,13,18,4,0,0,0,0,0,0,3,5,5,5,5,8,10,8,4,0,1,0,1
Saint Helena,1950,64,9,11,2,0,0,0,0,0,0,0,6,15,19,4,0,0,0,0,0,0,0,0,1,5,8,7,12,7,4,0,11,0,0
Saint Helena,1951,64,9,12,3,0,0,0,0,0,0,0,9,15,17,3,0,0,0,0,0,0,0,0,4,5,8,7,10,7,3,0,12,0,0
Saint Helena,1952,61,8,10,2,0,0,0,0,0,0,0,9,15,17,3,0,0,0,0,0,0,0,0,4,5,7,8,9,8,3,0,10,0,0
Saint Helena,1953,60,8,10,2,0,0,0,0,0,0,0,9,15,16,2,0,0,0,0,0,0,0,0,4,5,6,9,8,8,2,0,10,0,0
Saint Helena,1954,58,7,8,1,0,0,0,0,0,0,1,10,15,14,2,0,0,0,0,0,0,0,1,5,5,5,10,6,8,2,0,8,0,0
Saint Helena,1955,57,7,8,1,0,0,0,0,0,0,2,10,14,11,2,0,0,0,0,0,0,0,2,5,5,5,9,6,5,2,0,8,0,0
Saint Helena,1956,55,7,8,1,0,0,0,0,0,0,3,10,11,11,3,0,0,0,0,0,0,0,3,5,5,5,6,6,5,3,0,8,0,0
Saint Helena,1957,54,6,7,1,0,0,0,0,0,0,5,10,10,11,3,0,0,0,0,0,0,0,5,5,5,5,5,6,5,3,0,7,0,0
Saint Helena,1958,53,6,7,1,0,0,0,0,0,0,5,10,10,11,3,0,0,0,0,0,0,0,5,5,5,5,5,6,5,3,0,7,0,0
Saint Helena,1959,53,6,7,1,0,0,0,0,0,0,5,10,10,10,1,0,0,0,0,0,0,0,5,5,5,5,5,5,5,1,0,7,0,0
Saint Helena,1960,53,6,7,1,0,0,0,0,0,0,5,10,10,10,1,0,0,0,0,0,0,0,5,5,5,5,5,5,5,1,0,7,0,0
Saint Helena,1961,54,6,7,1,0,0,0,0,0,0,5,10,10,10,1,0,0,0,0,0,0,0,5,5,5,5,5,5,5,1,0,7,0,0
Saint Helena,1962,54,6,7,1,0,0,0,0,0,0,5,10,10,10,0,0,0,0,0,0,0,0,5,5,5,5,5,5,5,0,0,7,0,0
Saint Helena,1963,54,6,7,1,0,0,0,0,0,0,5,10,11,10,0,0,0,0,0,0,0,0,5,5,5,6,5,5,5,0,0,7,0,0
Saint Helena,1964,53,6,6,0,0,0,0,0,0,0,5,10,11,10,0,0,0,0,0,0,0,0,5,5,5,5,6,5,5,0,0,6,0,0
Saint Helena,1965,53,6,6,0,0,0,0,0,0,0,5,10,12,10,1,0,0,0,0,0,0,0,5,5,5,5,7,5,5,1,0,6,0,0
Saint Helena,1966,54,6,6,0,0,0,0,0,0,0,4,10,12,10,1,0,0,0,0,0,0,0,4,5,5,5,7,5,5,1,0,6,0,0
Saint Helena,1967,53,5,5,0,0,0,0,0,0,0,6,10,12,10,1,0,0,0,0,0,0,1,5,5,5,5,7,5,5,1,0,5,0,0
Saint Helena,1968,55,6,6,0,0,0,0,0,0,0,6,10,13,10,0,0,0,0,0,0,0,1,5,5,5,5,8,5,5,0,0,6,0,0
Saint Helena,1969,56,6,6,0,0,0,0,0,0,0,6,11,12,11,1,0,0,0,0,0,0,1,5,5,6,5,7,6,5,1,0,6,0,0
Saint Helena,1970,56,6,6,0,0,0,0,0,0,0,5,11,13,12,1,0,0,0,0,0,0,0,5,5,6,7,6,7,5,1,0,6,0,0
Saint Helena,1971,56,6,6,0,0,0,0,0,0,0,5,11,13,12,0,0,0,0,0,0,0,0,5,5,6,8,5,8,4,0,0,6,0,0
Saint Helena,1972,57,6,6,0,0,0,0,0,0,0,4,10,17,12,0,0,0,0,0,0,0,0,4,5,5,10,7,7,5,0,0,6,0,0
Saint Helena,1973,57,6,6,0,0,0,0,0,0,0,4,10,18,10,0,0,0,0,0,0,0,0,4,5,5,10,8,5,5,0,0,6,0,0
Saint Helena,1974,57,5,5,0,0,0,0,0,0,0,3,10,18,10,0,0,0,0,0,0,0,0,3,5,5,9,9,5,5,0,0,5,0,0
Saint Helena,1975,57,5,5,0,0,0,0,0,0,0,3,10,19,10,0,0,0,0,0,0,0,0,3,5,5,9,10,5,5,0,0,5,0,0
Saint Helena,1976,58,5,5,0,0,0,0,0,0,0,3,10,19,11,0,0,0,0,0,0,0,0,3,5,5,9,10,6,5,0,0,5,0,0
Saint Helena,1977,57,4,4,0,0,0,0,0,0,0,3,10,18,12,0,0,0,0,0,0,0,0,3,5,5,8,10,7,5,0,0,4,0,0
Saint Helena,1978,58,5,5,0,0,0,0,0,0,0,3,10,18,13,1,0,0,0,0,0,0,0,3,5,5,8,10,8,5,1,0,5,0,0
Saint Helena,1979,59,4,4,0,0,0,0,0,0,0,2,10,19,13,1,0,0,0,0,0,0,0,2,5,5,9,10,8,5,1,0,4,0,0
Saint Helena,1980,58,4,4,0,0,0,0,0,0,0,2,10,18,13,1,0,0,0,0,0,0,0,2,5,5,8,10,8,5,1,0,4,0,0
Saint Helena,1981,58,4,4,0,0,0,0,0,0,0,2,10,17,14,1,0,0,0,0,0,0,0,2,5,5,7,10,9,5,1,0,4,0,0
Saint Helena,1982,59,4,4,0,0,0,0,0,0,0,1,10,16,14,1,0,0,0,0,0,0,0,1,5,5,6,10,9,5,1,0,4,0,0
Saint Helena,1983,59,4,4,0,0,0,0,0,0,0,1,11,15,15,1,0,0,0,0,0,0,0,1,5,6,5,10,10,5,1,0,4,0,0
Saint Helena,1984,60,4,4,0,0,0,0,0,0,0,2,11,16,15,2,0,0,0,0,0,0,0,2,5,6,7,9,10,5,2,0,4,0,0
Saint Helena,1985,61,4,4,0,0,0,0,0,0,0,2,10,17,16,3,0,0,0,0,0,0,0,2,5,5,9,8,10,6,3,0,4,0,0
Saint Helena,1986,62,3,3,0,0,0,0,0,0,0,3,10,16,17,3,0,0,0,0,0,0,0,3,5,5,8,8,10,7,3,0,3,0,0
Saint Helena,1987,63,3,3,0,0,0,0,0,0,0,3,10,16,18,6,0,0,0,0,0,0,0,3,5,5,9,7,10,8,6,0,3,0,0
Saint Helena,1988,62,3,3,0,0,0,0,0,0,0,3,10,16,19,4,0,0,0,0,0,0,0,3,5,5,8,8,10,9,4,0,3,0,0
Saint Helena,1989,62,3,3,0,0,0,0,0,0,0,3,10,16,16,4,0,0,0,0,0,0,0,3,5,5,7,9,9,7,4,0,3,0,0
Saint Helena,1990,61,3,3,0,0,0,0,0,0,0,3,10,17,15,5,0,0,0,0,0,0,0,3,5,5,7,10,8,7,5,0,3,0,0
Saint Helena,1991,60,3,3,0,0,0,0,0,0,0,3,10,17,16,5,0,0,0,0,0,0,0,3,5,5,7,10,8,8,5,0,3,0,0
Saint Helena,1992,58,3,3,0,0,0,0,0,0,0,4,10,16,16,3,0,0,0,0,0,0,0,4,5,5,6,10,8,8,3,0,3,0,0
Saint Helena,1993,58,2,2,0,0,0,0,0,0,0,4,10,15,17,4,0,0,0,0,0,0,0,4,5,5,6,9,8,9,4,0,2,0,0
Saint Helena,1994,57,2,2,0,0,0,0,0,0,0,5,10,16,17,4,0,0,0,0,0,0,1,4,5,5,6,10,9,8,4,0,2,0,0
Saint Helena,1995,55,2,2,0,0,0,0,0,0,0,5,10,15,15,3,0,0,0,0,0,0,2,3,5,5,5,10,9,6,3,0,2,0,0
Saint Helena,1996,54,2,2,0,0,0,0,0,0,0,4,10,14,16,3,0,0,0,0,0,0,2,2,5,5,5,9,9,7,3,0,2,0,0
Saint Helena,1997,54,2,2,0,0,0,0,0,0,0,3,10,13,14,4,0,0,0,0,0,0,2,1,5,5,5,8,9,5,4,0,2,0,0
Saint Helena,1998,52,1,1,0,0,0,0,0,0,0,2,10,12,15,5,0,0,0,0,0,0,1,1,5,5,5,7,10,5,5,0,1,0,0
Saint Helena,1999,50,1,1,0,0,0,0,0,0,0,2,9,11,15,5,0,0,0,0,0,0,0,2,4,5,5,6,9,6,4,1,1,0,0
Saint Helena,2000,52,1,1,0,0,0,0,0,0,0,6,10,12,17,5,0,0,0,0,0,0,1,5,5,5,5,7,10,7,4,1,1,0,0
Saint Helena,2001,52,1,1,0,0,0,0,0,0,0,5,10,13,16,6,0,0,0,0,0,0,0,5,5,5,5,8,8,8,4,2,1,0,0
Saint Helena,2002,54,1,1,0,0,0,0,0,0,0,5,10,12,18,3,0,0,0,0,0,0,0,5,5,5,5,7,10,8,2,1,1,0,0
Saint Helena,2003,53,1,1,0,0,0,0,0,0,0,4,10,11,18,3,0,0,0,0,0,0,0,4,5,5,5,6,10,8,3,0,1,0,0
Saint Helena,2004,51,1,1,0,0,0,0,0,0,0,4,10,11,14,3,0,0,0,0,0,0,0,4,5,5,5,6,8,6,3,0,1,0,0
Saint Helena,2005,53,1,1,0,0,0,0,0,0,0,5,10,11,15,3,0,0,0,0,0,0,0,5,5,5,5,6,8,7,3,0,1,0,0
Saint Helena,2006,56,1,1,0,0,0,0,0,0,0,5,10,15,18,4,0,0,0,0,0,0,0,5,5,5,7,8,10,8,4,0,1,0,0
Saint Helena,2007,63,1,1,0,0,0,0,0,0,0,5,10,18,19,5,0,0,0,0,0,0,0,5,5,5,9,9,10,9,5,0,1,0,0
Saint Helena,2008,65,1,1,0,0,0,0,0,0,0,5,12,18,18,7,0,0,0,0,0,0,0,5,6,6,9,9,10,8,6,1,1,0,0
Saint Helena,2009,64,1,1,0,0,0,0,0,0,0,4,13,18,18,8,0,0,0,0,0,0,0,4,5,8,8,10,10,8,6,2,1,0,0
Saint Helena,2010,63,1,1,0,0,0,0,0,0,0,3,13,17,19,7,0,0,0,0,0,0,0,3,5,8,7,10,10,9,5,2,1,0,0
Saint Helena,2011,64,1,1,0,0,0,0,0,0,0,3,13,18,20,6,0,0,0,0,0,0,0,3,5,8,8,10,10,10,5,1,1,0,0
Saint Helena,2012,67,1,1,0,0,0,0,0,0,0,4,13,19,21,6,0,0,0,0,0,0,0,4,5,8,9,10,11,10,5,1,1,0,0
Saint Helena,2013,69,1,1,0,0,0,0,0,0,0,4,13,19,21,6,0,0,0,0,0,0,0,4,5,8,9,10,11,10,5,1,1,0,0
Saint Helena,2014,74,1,1,0,0,0,0,0,0,0,6,16,24,21,8,0,0,0,0,0,0,1,5,6,10,12,12,11,10,6,2,1,0,0
Saint Helena,2015,78,1,1,0,0,0,0,0,0,0,6,15,24,23,7,0,0,0,0,0,0,1,5,5,10,12,12,13,10,6,1,1,0,0
Saint Helena,2016,76,1,1,0,0,0,0,0,0,0,6,14,23,22,7,0,0,0,0,0,0,1,5,5,9,12,11,14,8,7,0,1,0,0
Saint Helena,2017,75,1,1,0,0,0,0,0,0,0,5,14,22,21,6,0,0,0,0,0,0,0,5,5,9,12,10,13,8,5,1,1,0,0
Saint Helena,2018,78,1,1,0,0,0,0,0,0,0,5,13,23,23,7,0,0,0,0,0,0,0,5,5,8,12,11,14,9,5,2,1,0,0
Saint Helena,2019,79,1,1,0,0,0,0,0,0,0,5,13,26,23,7,0,0,0,0,0,0,0,5,5,8,12,14,14,9,5,2,1,0,0
Saint Helena,2020,82,1,1,0,0,0,0,0,0,0,4,13,27,23,8,0,0,0,0,0,0,0,4,5,8,12,15,13,10,5,3,1,0,0
Saint Helena,2021,87,0,0,0,0,0,0,0,0,0,4,12,32,27,7,0,0,0,0,0,0,0,4,5,7,14,18,15,12,5,2,0,0,0
Saint Kitts and Nevis,1950,742,212,280,68,22,10,13,33,46,55,53,82,121,25,3,15,18,20,26,30,25,30,23,37,45,57,64,15,10,3,0,302,23,0
Saint Kitts and Nevis,1951,746,210,288,78,22,10,12,30,43,54,54,79,121,30,3,15,15,19,24,29,25,29,25,34,45,55,66,22,8,3,0,310,22,0
Saint Kitts and Nevis,1952,733,202,279,77,22,10,11,30,38,53,54,75,116,37,4,15,15,16,22,27,26,28,26,32,43,53,63,32,5,4,0,301,21,0
Saint Kitts and Nevis,1953,725,198,276,78,22,10,10,30,35,52,55,73,113,45,3,15,15,15,20,25,27,27,28,29,44,53,60,41,4,3,0,298,20,0
Saint Kitts and Nevis,1954,722,201,277,76,22,10,10,26,33,52,57,70,109,53,4,11,15,15,18,25,27,26,31,28,42,52,57,47,6,4,0,299,20,0
Saint Kitts and Nevis,1955,710,194,267,73,23,10,10,21,32,52,58,69,106,58,4,10,11,15,17,24,28,26,32,27,42,51,55,49,9,4,0,290,20,0
Saint Kitts and Nevis,1956,750,209,289,80,24,10,10,20,31,50,60,69,106,69,5,10,10,15,16,23,27,27,33,30,39,51,55,52,17,5,0,313,20,0
Saint Kitts and Nevis,1957,842,255,360,105,28,15,15,24,31,49,62,71,108,79,5,13,11,15,16,22,27,30,32,33,38,53,55,54,25,5,0,388,30,0
Saint Kitts and Nevis,1958,903,287,411,124,30,15,15,24,30,47,62,74,108,83,8,14,10,15,15,21,26,30,32,35,39,53,55,52,31,7,1,441,30,0
Saint Kitts and Nevis,1959,929,300,434,134,30,15,15,24,27,43,61,75,106,85,14,14,10,12,15,19,24,30,31,37,38,51,55,50,35,12,2,464,30,0
Saint Kitts and Nevis,1960,877,270,381,111,27,13,15,23,25,40,60,78,105,88,23,13,10,10,15,17,23,29,31,37,41,50,55,51,37,18,5,408,28,0
Saint Kitts and Nevis,1961,872,263,378,115,29,12,15,24,24,38,60,79,104,87,24,14,10,10,14,16,22,29,31,38,41,49,55,51,36,19,5,407,27,0
Saint Kitts and Nevis,1962,795,222,313,91,27,11,14,22,22,36,60,79,103,83,22,12,10,10,12,15,21,28,32,38,41,48,55,49,34,17,5,340,25,0
Saint Kitts and Nevis,1963,728,189,261,72,22,10,12,21,21,35,62,83,102,81,21,11,10,10,11,15,20,28,34,39,44,48,54,48,33,16,5,283,22,0
Saint Kitts and Nevis,1964,697,172,234,62,22,10,10,20,20,34,61,85,102,81,18,10,10,10,10,15,19,27,34,40,45,48,54,48,33,14,4,256,20,0
Saint Kitts and Nevis,1965,664,152,205,53,21,10,10,20,20,32,62,87,102,82,17,10,10,10,10,14,18,27,35,41,46,50,52,50,32,13,4,226,20,0
Saint Kitts and Nevis,1966,636,134,178,44,17,10,10,18,18,31,61,90,100,83,17,10,8,8,10,13,18,26,35,43,47,50,50,49,34,13,4,195,20,1
Saint Kitts and Nevis,1967,606,115,152,37,17,10,10,16,16,29,60,92,100,84,17,10,6,6,10,12,17,25,35,44,48,50,50,49,35,14,3,169,20,1
Saint Kitts and Nevis,1968,585,96,125,29,14,10,10,16,15,29,61,95,103,86,17,10,6,5,10,12,17,25,36,45,50,53,50,48,38,14,3,139,20,0
Saint Kitts and Nevis,1969,574,84,111,27,14,10,10,15,13,27,59,96,105,87,20,10,5,5,8,11,16,24,35,46,50,55,50,48,39,17,3,125,20,0
Saint Kitts and Nevis,1970,550,67,89,22,14,10,11,14,12,26,57,98,105,86,24,9,5,5,7,10,16,23,34,46,52,55,50,46,40,20,4,103,21,0
Saint Kitts and Nevis,1971,559,72,94,22,14,10,14,15,11,25,56,101,109,83,24,10,5,5,6,10,15,22,34,46,55,57,52,45,38,20,4,108,24,0
Saint Kitts and Nevis,1972,572,71,92,21,13,10,15,18,12,26,58,107,116,79,25,12,6,5,7,10,16,23,35,49,58,60,56,45,34,20,5,105,25,0
Saint Kitts and Nevis,1973,574,70,88,18,12,10,15,20,12,26,57,108,121,78,23,13,7,5,7,10,16,23,34,49,59,63,58,46,32,18,5,100,25,0
Saint Kitts and Nevis,1974,545,64,79,15,10,10,14,19,10,24,54,106,122,77,21,12,7,5,5,10,14,22,32,48,58,63,59,46,31,16,5,89,24,0
Saint Kitts and Nevis,1975,519,61,75,14,8,7,12,19,10,20,47,101,120,77,19,12,7,5,5,8,12,18,29,45,56,61,59,46,31,14,5,83,19,0
Saint Kitts and Nevis,1976,512,58,72,14,7,6,12,19,10,18,45,99,125,80,18,12,7,5,5,7,11,17,28,43,56,64,61,49,31,14,4,79,18,1
Saint Kitts and Nevis,1977,518,56,70,14,7,6,12,20,10,18,43,98,128,85,19,12,8,5,5,7,11,17,26,42,56,65,63,51,34,15,4,77,18,1
Saint Kitts and Nevis,1978,536,56,71,15,7,6,12,22,10,17,43,101,136,93,21,13,9,5,5,6,11,17,26,42,59,69,67,55,38,17,4,78,18,1
Saint Kitts and Nevis,1979,549,56,71,15,7,6,12,22,10,17,42,100,138,97,20,13,9,5,5,6,11,17,25,41,59,69,69,58,39,17,3,78,18,1
Saint Kitts and Nevis,1980,557,57,72,15,7,5,12,22,10,16,40,98,143,104,24,13,9,5,5,6,10,16,24,40,58,71,72,61,43,20,4,79,17,1
Saint Kitts and Nevis,1981,547,58,72,14,7,5,11,22,10,15,37,94,144,103,26,12,10,5,5,5,10,14,23,37,57,71,73,61,42,22,4,79,16,1
Saint Kitts and Nevis,1982,536,55,67,12,6,5,11,22,11,14,36,90,143,101,26,12,10,6,5,5,9,14,22,35,55,70,73,60,41,21,5,73,16,0
Saint Kitts and Nevis,1983,523,48,58,10,6,5,9,22,12,14,35,89,144,99,24,12,10,7,5,5,9,13,22,35,54,71,73,59,40,19,5,64,14,0
Saint Kitts and Nevis,1984,505,41,50,9,5,5,8,20,13,14,35,85,145,100,23,10,10,8,5,5,9,13,22,34,51,71,74,60,40,18,5,55,13,1
Saint Kitts and Nevis,1985,492,36,43,7,5,5,8,20,14,14,33,84,144,100,22,10,10,9,5,5,9,13,20,33,51,70,74,60,40,17,5,48,13,1
Saint Kitts and Nevis,1986,497,35,44,9,5,5,8,20,16,15,32,82,148,102,22,10,10,10,6,5,10,12,20,33,49,69,79,62,40,17,5,49,13,1
Saint Kitts and Nevis,1987,495,32,39,7,5,5,8,20,19,16,32,79,148,104,21,10,10,10,9,6,10,12,20,31,48,68,80,65,39,16,5,44,13,1
Saint Kitts and Nevis,1988,495,29,35,6,5,5,8,20,20,18,31,80,146,105,20,10,10,10,10,8,10,12,19,32,48,67,79,66,39,16,4,40,13,1
Saint Kitts and Nevis,1989,505,27,34,7,5,5,8,20,20,20,31,79,145,111,22,10,10,10,10,10,10,12,19,32,47,66,79,70,41,18,4,39,13,1
Saint Kitts and Nevis,1990,502,25,30,5,5,5,8,20,20,20,31,77,142,115,24,10,10,10,10,10,10,13,18,30,47,64,78,73,42,20,4,35,13,1
Saint Kitts and Nevis,1991,481,21,25,4,5,5,7,20,20,20,29,71,134,117,26,10,10,10,10,10,10,12,17,27,44,61,73,72,45,22,4,30,12,1
Saint Kitts and Nevis,1992,460,20,24,4,5,5,7,20,20,20,27,67,128,119,25,10,10,10,10,10,10,11,16,25,42,58,70,73,46,20,5,29,12,1
Saint Kitts and Nevis,1993,446,20,24,4,5,5,6,20,20,20,26,63,123,117,25,10,10,10,10,10,10,10,16,24,39,55,68,69,48,19,6,29,11,1
Saint Kitts and Nevis,1994,452,20,24,4,5,5,6,20,20,20,27,62,125,118,24,10,10,10,10,10,10,11,16,24,38,57,68,69,49,18,6,29,11,1
Saint Kitts and Nevis,1995,455,20,24,4,5,5,7,20,20,21,28,61,123,117,24,10,10,10,10,11,10,12,16,24,37,55,68,68,49,19,5,29,12,1
Saint Kitts and Nevis,1996,454,20,24,4,5,5,7,20,21,25,29,59,120,118,26,10,10,10,11,15,10,13,16,23,36,53,67,68,50,20,6,29,12,1
Saint Kitts and Nevis,1997,445,20,24,4,5,5,6,20,21,27,29,56,117,117,26,10,10,10,11,15,12,13,16,22,34,53,64,67,50,21,5,29,11,1
Saint Kitts and Nevis,1998,453,20,24,4,5,5,6,20,22,30,31,56,116,120,28,10,10,10,12,15,15,15,16,22,34,51,65,68,52,23,5,29,11,1
Saint Kitts and Nevis,1999,438,17,21,4,3,2,5,12,20,30,31,54,110,120,30,5,7,10,10,15,15,15,16,22,32,48,62,68,52,25,5,24,7,1
Saint Kitts and Nevis,2000,419,14,18,4,1,1,5,10,18,29,30,52,104,115,32,5,5,8,10,14,15,15,15,21,31,45,59,65,50,27,5,19,6,1
Saint Kitts and Nevis,2001,418,14,18,4,1,1,5,10,16,28,30,50,104,118,37,5,5,6,10,13,15,15,15,21,29,45,59,64,54,30,7,19,6,1
Saint Kitts and Nevis,2002,414,14,18,4,1,1,5,10,15,27,30,50,100,117,37,5,5,5,10,12,15,15,15,21,29,43,57,63,54,30,7,19,6,1
Saint Kitts and Nevis,2003,405,14,18,4,0,1,5,10,15,27,31,49,96,113,34,5,5,5,10,12,15,15,16,21,28,41,55,60,53,26,8,18,6,1
Saint Kitts and Nevis,2004,392,12,16,4,0,0,5,10,14,27,32,47,91,111,33,5,5,5,9,12,15,17,15,20,27,39,52,60,51,25,8,16,5,1
Saint Kitts and Nevis,2005,396,12,15,3,0,0,5,10,14,28,37,48,90,112,34,5,5,5,9,12,16,20,17,21,27,39,51,60,52,26,8,15,5,1
Saint Kitts and Nevis,2006,406,12,15,3,0,0,5,10,13,29,40,49,90,117,37,5,5,5,8,12,17,20,20,22,27,39,51,62,55,29,8,15,5,1
Saint Kitts and Nevis,2007,411,11,14,3,0,0,5,10,13,28,40,49,89,116,40,5,5,5,8,11,17,20,20,22,27,39,50,60,56,32,8,14,5,1
Saint Kitts and Nevis,2008,417,11,13,2,0,0,4,10,14,29,45,50,89,116,42,5,5,5,9,12,17,23,22,22,28,39,50,58,58,34,8,13,4,1
Saint Kitts and Nevis,2009,423,10,12,2,0,0,5,10,14,29,50,53,86,112,49,5,5,5,9,12,17,25,25,24,29,38,48,55,57,38,11,12,5,1
Saint Kitts and Nevis,2010,439,9,10,1,0,0,5,10,16,30,52,56,86,112,55,5,5,6,10,12,18,25,27,25,31,38,48,53,59,41,14,10,5,1
Saint Kitts and Nevis,2011,445,7,7,0,0,0,5,10,16,30,57,56,86,107,62,5,5,6,10,12,18,27,30,25,31,37,49,50,57,44,18,7,5,1
Saint Kitts and Nevis,2012,437,6,6,0,0,0,5,10,15,30,56,60,84,100,57,5,5,5,10,12,18,26,30,29,31,37,47,49,51,39,18,6,5,2
Saint Kitts and Nevis,2013,444,7,7,0,0,0,5,10,15,30,62,64,86,99,59,5,5,5,10,12,18,27,35,32,32,39,47,50,49,41,18,7,5,2
Saint Kitts and Nevis,2014,460,9,11,2,0,0,5,10,16,30,62,70,90,103,57,5,5,6,10,12,18,27,35,37,33,40,50,53,50,40,17,11,5,2
Saint Kitts and Nevis,2015,468,9,11,2,0,0,5,10,16,29,65,74,92,102,54,5,5,6,10,12,17,27,38,39,35,43,49,54,48,39,15,11,5,2
Saint Kitts and Nevis,2016,449,5,5,0,0,0,4,10,16,29,65,78,86,96,50,5,5,6,10,12,17,27,38,42,36,41,45,50,46,36,14,5,4,3
Saint Kitts and Nevis,2017,452,5,5,0,0,0,4,10,16,29,64,85,86,96,49,5,5,6,10,12,17,26,38,45,40,41,45,49,47,35,14,5,4,3
Saint Kitts and Nevis,2018,470,6,7,1,0,0,4,10,17,31,64,93,91,101,49,5,5,7,10,13,18,26,38,49,44,42,49,52,49,34,15,7,4,2
Saint Kitts and Nevis,2019,474,5,6,1,0,0,4,10,17,29,64,97,92,99,49,5,5,7,10,12,17,26,38,49,48,43,49,51,48,34,15,6,4,2
Saint Kitts and Nevis,2020,479,5,5,0,0,0,3,10,17,29,64,105,95,98,46,5,5,7,10,12,17,26,38,52,53,45,50,50,48,32,14,5,3,2
Saint Kitts and Nevis,2021,485,5,5,0,0,0,3,10,17,29,62,111,98,96,46,5,5,7,10,12,17,25,37,53,58,47,51,49,47,34,12,5,3,2
Saint Lucia,1950,1701,481,717,236,76,40,44,128,108,102,102,111,134,110,29,70,58,50,58,49,53,51,51,59,52,75,59,68,42,20,9,793,84,2
Saint Lucia,1951,1563,491,724,233,64,34,36,96,85,85,90,103,124,100,24,52,44,39,46,42,43,45,45,53,50,67,57,59,41,18,6,788,70,2
Saint Lucia,1952,1523,515,747,232,58,31,30,81,73,76,90,103,121,91,21,42,39,35,38,38,38,45,45,51,52,61,60,52,39,15,6,805,61,2
Saint Lucia,1953,1478,527,759,232,52,26,30,69,62,71,81,103,117,83,19,34,35,30,32,37,34,40,41,49,54,56,61,46,37,14,5,811,56,1
Saint Lucia,1954,1422,533,767,234,48,25,25,56,51,63,77,102,116,75,18,27,29,25,26,32,31,37,40,47,55,54,62,41,34,14,4,815,50,1
Saint Lucia,1955,1396,536,769,233,44,22,25,50,50,58,73,101,116,73,18,25,25,25,25,29,29,34,39,47,54,54,62,41,32,14,4,813,47,1
Saint Lucia,1956,1380,535,767,232,44,21,24,46,43,58,71,103,117,71,16,23,23,21,22,28,30,33,38,47,56,57,60,42,29,13,3,811,45,1
Saint Lucia,1957,1389,535,764,229,44,21,25,45,46,57,75,105,119,71,16,24,21,22,24,27,30,34,41,48,57,62,57,44,27,13,3,808,46,1
Saint Lucia,1958,1371,530,757,227,44,21,23,44,42,56,73,106,120,72,15,24,20,20,22,26,30,33,40,49,57,64,56,48,24,12,3,801,44,1
Saint Lucia,1959,1347,519,740,221,43,20,22,43,40,54,71,108,122,71,13,23,20,20,20,25,29,33,38,49,59,68,54,48,23,11,2,783,42,0
Saint Lucia,1960,1312,499,712,213,42,20,22,40,38,52,70,108,125,69,13,22,18,18,20,24,28,33,37,49,59,69,56,47,22,11,2,754,42,0
Saint Lucia,1961,1256,476,680,204,38,20,20,35,33,47,68,107,128,69,12,20,15,15,18,21,26,31,37,48,59,69,59,46,23,10,2,718,40,0
Saint Lucia,1962,1203,446,636,190,37,16,19,34,31,45,68,106,130,69,10,19,15,15,16,20,25,31,37,47,59,69,61,44,25,8,2,673,35,0
Saint Lucia,1963,1159,417,592,175,37,16,18,33,30,44,68,106,135,70,10,18,15,15,15,20,24,31,37,47,59,70,65,43,27,8,2,629,34,0
Saint Lucia,1964,1101,385,539,154,35,15,16,29,26,43,68,108,141,71,9,16,13,11,15,19,24,31,37,49,59,72,69,44,27,7,2,574,31,0
Saint Lucia,1965,1052,355,491,136,33,15,15,27,25,42,68,110,144,74,10,15,12,10,15,19,23,31,37,49,61,73,71,46,28,8,2,524,30,0
Saint Lucia,1966,1006,325,444,119,30,15,15,26,24,41,68,110,145,73,9,15,11,10,14,18,23,30,38,49,61,73,72,47,26,8,1,474,30,0
Saint Lucia,1967,962,297,402,105,29,15,15,25,23,40,68,110,148,77,10,15,10,10,13,17,23,30,38,49,61,75,73,51,26,9,1,431,30,0
Saint Lucia,1968,923,271,362,91,26,15,15,24,22,39,69,113,149,78,10,14,10,10,12,17,22,30,39,51,62,75,74,54,24,9,1,388,30,0
Saint Lucia,1969,905,246,326,80,26,15,15,25,22,40,72,115,155,82,10,15,10,10,12,17,23,32,40,51,64,78,77,57,25,9,1,352,30,0
Saint Lucia,1970,886,224,293,69,24,15,15,26,22,40,74,120,157,85,10,15,11,10,12,17,23,32,42,54,66,79,78,59,26,9,1,317,30,0
Saint Lucia,1971,880,207,266,59,23,15,18,28,23,42,77,125,162,87,10,16,12,10,13,17,25,33,44,56,69,81,81,60,27,9,1,289,33,0
Saint Lucia,1972,883,191,243,52,22,15,19,33,25,44,82,130,165,92,10,18,15,10,15,18,26,36,46,59,71,83,82,62,30,9,1,265,34,0
Saint Lucia,1973,884,178,222,44,21,15,20,34,30,45,85,135,167,96,11,19,15,15,15,18,27,36,49,61,74,84,83,64,32,9,2,243,35,0
Saint Lucia,1974,861,166,206,40,19,15,19,34,30,42,85,135,168,98,11,19,15,15,15,17,25,36,49,61,74,84,84,65,33,9,2,225,34,0
Saint Lucia,1975,855,155,192,37,18,14,19,34,30,42,85,139,172,99,11,19,15,15,15,17,25,36,49,63,76,87,85,65,34,9,2,210,33,0
Saint Lucia,1976,852,147,181,34,18,12,21,35,30,42,85,142,174,101,13,20,15,15,15,17,25,36,49,65,77,88,86,65,36,11,2,199,33,0
Saint Lucia,1977,835,139,169,30,14,11,20,34,30,40,82,142,174,105,12,19,15,15,15,17,23,34,48,65,77,88,86,68,37,11,1,183,31,0
Saint Lucia,1978,826,131,160,29,14,11,20,35,30,39,81,141,174,106,13,20,15,15,15,16,23,34,47,63,78,88,86,69,37,12,1,174,31,0
Saint Lucia,1979,836,124,151,27,14,11,21,38,30,40,82,147,179,108,15,22,16,15,15,17,23,34,48,66,81,90,89,70,38,13,2,165,32,0
Saint Lucia,1980,834,118,145,27,15,12,21,38,30,39,78,145,181,110,15,22,16,15,15,17,22,31,47,64,81,90,91,70,40,13,2,160,33,0
Saint Lucia,1981,808,110,133,23,13,11,20,36,30,37,75,143,181,112,17,21,15,15,15,16,21,30,45,63,80,90,91,70,42,15,2,146,31,0
Saint Lucia,1982,796,105,127,22,12,10,18,35,30,36,71,142,182,116,18,20,15,15,15,15,21,29,42,62,80,91,91,74,42,16,2,139,28,0
Saint Lucia,1983,771,99,121,22,12,10,17,33,25,34,67,139,181,118,19,18,15,10,15,15,19,27,40,60,79,90,91,75,43,16,3,133,27,0
Saint Lucia,1984,765,95,115,20,11,7,16,31,23,34,65,138,186,120,19,17,14,10,13,15,19,26,39,59,79,93,93,75,45,16,3,126,23,0
Saint Lucia,1985,793,91,109,18,11,7,16,34,30,37,67,144,191,126,19,19,15,15,15,16,21,27,40,60,84,97,94,79,47,16,3,120,23,0
Saint Lucia,1986,801,87,105,18,11,7,16,34,30,38,67,145,197,128,21,19,15,15,15,17,21,27,40,60,85,99,98,80,48,18,3,116,23,0
Saint Lucia,1987,832,83,100,17,11,10,16,38,30,43,72,154,205,133,23,20,18,15,15,20,23,30,42,64,90,104,101,84,49,20,3,111,26,0
Saint Lucia,1988,846,79,95,16,11,10,16,40,31,44,72,153,214,136,24,20,20,15,16,20,24,30,42,63,90,109,105,85,51,20,4,106,26,0
Saint Lucia,1989,855,76,92,16,11,10,16,40,33,45,73,151,219,143,24,20,20,16,17,20,25,31,42,61,90,111,108,89,54,20,4,103,26,0
Saint Lucia,1990,866,73,88,15,11,10,17,40,37,47,74,150,224,145,25,20,20,18,19,21,26,32,42,60,90,112,112,90,55,20,5,99,27,0
Saint Lucia,1991,869,70,84,14,10,8,17,40,40,47,73,149,230,150,26,20,20,20,20,21,26,32,41,60,89,114,116,93,57,21,5,94,25,0
Saint Lucia,1992,876,68,82,14,9,8,16,40,40,48,74,148,233,152,27,20,20,20,20,21,27,33,41,60,88,114,119,94,58,22,5,91,24,1
Saint Lucia,1993,886,65,78,13,9,7,16,39,40,48,77,151,238,158,29,19,20,20,20,21,27,33,44,60,91,117,121,98,60,24,5,87,23,1
Saint Lucia,1994,921,63,76,13,10,8,16,40,40,51,80,160,246,165,31,20,20,20,20,23,28,35,45,65,95,120,126,102,63,26,5,86,24,1
Saint Lucia,1995,949,60,72,12,9,7,16,40,40,55,84,169,253,170,31,20,20,20,20,25,30,37,47,70,99,124,129,106,64,26,5,81,23,1
Saint Lucia,1996,985,58,69,11,9,8,18,40,45,57,88,176,264,178,33,20,20,20,25,25,32,39,49,72,104,131,133,111,67,27,6,78,26,1
Saint Lucia,1997,1023,55,66,11,9,8,18,42,48,59,92,185,274,186,33,22,20,23,25,26,33,41,51,74,111,139,135,116,70,27,6,75,26,1
Saint Lucia,1998,1058,52,62,10,9,8,19,43,51,65,97,192,285,192,35,23,20,24,27,30,35,44,53,76,116,144,141,120,72,29,6,71,27,1
Saint Lucia,1999,1088,49,59,10,9,8,18,42,51,67,102,200,298,197,36,22,20,23,28,30,37,47,55,78,122,153,145,122,75,29,7,68,26,1
Saint Lucia,2000,1115,46,56,10,8,7,18,40,51,68,106,201,308,205,40,20,20,22,29,31,37,48,58,76,125,159,149,127,78,32,8,64,25,1
Saint Lucia,2001,1119,43,53,10,7,7,17,40,49,69,103,202,318,211,41,20,20,21,28,32,37,47,56,75,127,164,154,129,82,33,8,60,24,1
Saint Lucia,2002,1122,41,51,10,6,6,16,40,47,70,107,194,329,218,41,20,20,20,27,33,37,47,60,73,121,168,161,133,85,33,8,57,22,1
Saint Lucia,2003,1125,39,48,9,6,6,15,37,46,71,108,186,337,223,43,19,18,20,26,33,38,46,62,73,113,169,168,135,88,35,8,54,21,1
Saint Lucia,2004,1133,38,47,9,6,6,14,33,43,70,109,184,342,232,44,18,15,19,24,32,38,47,62,76,108,168,174,141,91,36,8,53,20,1
Saint Lucia,2005,1145,37,46,9,5,5,13,33,41,73,111,183,348,238,46,18,15,18,23,32,41,47,64,77,106,166,182,145,93,37,9,51,18,1
Saint Lucia,2006,1157,36,45,9,5,5,13,30,39,72,112,183,350,251,49,15,15,17,22,32,40,48,64,80,103,161,189,153,98,40,9,50,18,1
Saint Lucia,2007,1175,36,45,9,5,5,12,30,38,74,112,190,351,260,51,15,15,16,22,32,42,50,62,84,106,155,196,160,100,42,9,50,17,1
Saint Lucia,2008,1199,36,44,8,5,5,12,30,38,74,116,198,352,273,55,15,15,16,22,31,43,52,64,88,110,152,200,169,104,44,11,49,17,1
Saint Lucia,2009,1226,36,44,8,5,5,12,30,38,75,122,205,351,286,56,15,15,16,22,31,44,55,67,90,115,150,201,178,108,45,11,49,17,1
Saint Lucia,2010,1249,36,45,9,5,6,13,30,38,78,127,210,345,295,57,15,15,16,22,32,46,58,69,92,118,148,197,183,112,46,11,50,19,1
Saint Lucia,2011,1263,35,42,7,5,5,13,30,37,77,131,212,341,310,59,15,15,15,22,31,46,60,71,92,120,148,193,192,118,48,11,47,18,1
Saint Lucia,2012,1295,35,42,7,5,5,13,30,38,80,140,219,340,324,62,15,15,16,22,32,48,64,76,94,125,151,189,200,124,51,11,47,18,1
Saint Lucia,2013,1330,35,43,8,5,5,13,30,38,81,148,226,341,334,63,15,15,16,22,32,49,67,81,97,129,155,186,204,130,52,11,48,18,1
Saint Lucia,2014,1350,33,39,6,5,5,12,30,39,83,156,232,339,342,66,15,15,17,22,33,50,70,86,101,131,157,182,205,137,53,13,44,17,1
Saint Lucia,2015,1353,32,38,6,5,5,11,30,39,81,158,232,339,346,69,15,15,17,22,31,50,70,88,102,130,159,180,201,145,56,13,43,16,2
Saint Lucia,2016,1384,30,36,6,5,5,11,30,40,82,167,241,347,346,73,15,15,18,22,32,50,74,93,108,133,164,183,196,150,60,13,41,16,2
Saint Lucia,2017,1412,28,34,6,5,5,11,30,41,84,172,249,352,345,77,15,15,18,23,34,50,75,97,114,135,168,184,192,153,62,15,39,16,2
Saint Lucia,2018,1419,27,33,6,5,5,10,30,41,83,175,255,357,343,81,15,15,18,23,33,50,75,100,119,136,170,187,187,156,66,15,38,15,2
Saint Lucia,2019,1441,25,30,5,5,5,10,30,41,83,182,262,362,342,85,15,15,18,23,33,50,78,104,123,139,172,190,186,156,69,16,35,15,2
Saint Lucia,2020,1471,25,31,6,5,5,10,31,43,84,184,274,371,342,89,15,16,20,23,34,50,78,106,129,145,175,196,186,156,73,16,36,15,2
Saint Lucia,2021,1850,24,29,5,5,5,11,36,54,107,233,354,470,435,110,16,20,23,31,42,65,97,136,167,187,221,249,235,200,92,18,34,16,2
Saint Martin (French part),1950,27,7,9,2,0,0,0,0,0,0,0,0,5,0,0,0,0,0,0,0,0,0,0,0,0,4,1,0,0,0,0,9,0,0
Saint Martin (French part),1951,27,7,9,2,0,0,0,0,0,0,0,0,5,0,0,0,0,0,0,0,0,0,0,0,0,3,2,0,0,0,0,9,0,0
Saint Martin (French part),1952,25,6,7,1,0,0,0,0,0,0,0,0,5,0,0,0,0,0,0,0,0,0,0,0,0,2,3,0,0,0,0,7,0,0
Saint Martin (French part),1953,26,6,7,1,0,0,0,0,0,0,0,0,5,0,0,0,0,0,0,0,0,0,0,0,0,1,4,0,0,0,0,7,0,0
Saint Martin (French part),1954,26,6,7,1,0,0,0,0,0,0,0,0,5,0,0,0,0,0,0,0,0,0,0,0,0,0,5,0,0,0,0,7,0,0
Saint Martin (French part),1955,26,6,7,1,0,0,0,0,0,0,0,0,5,0,0,0,0,0,0,0,0,0,0,0,0,0,5,0,0,0,0,7,0,0
Saint Martin (French part),1956,27,6,7,1,0,0,0,0,0,0,0,0,4,1,0,0,0,0,0,0,0,0,0,0,0,0,4,1,0,0,0,7,0,0
Saint Martin (French part),1957,27,6,7,1,0,0,0,0,0,0,0,0,3,2,0,0,0,0,0,0,0,0,0,0,0,0,3,2,0,0,0,7,0,0
Saint Martin (French part),1958,27,6,7,1,0,0,0,0,0,0,0,0,3,3,0,0,0,0,0,0,0,0,0,0,0,1,2,3,0,0,0,7,0,0
Saint Martin (French part),1959,27,6,7,1,0,0,0,0,0,0,0,0,4,3,0,0,0,0,0,0,0,0,0,0,0,3,1,3,0,0,0,7,0,0
Saint Martin (French part),1960,28,6,7,1,0,0,0,0,0,0,0,0,4,4,0,0,0,0,0,0,0,0,0,0,0,4,0,4,0,0,0,7,0,0
Saint Martin (French part),1961,29,6,7,1,0,0,0,0,0,0,0,0,5,3,0,0,0,0,0,0,0,0,0,0,0,5,0,3,0,0,0,7,0,0
Saint Martin (French part),1962,28,6,6,0,0,0,0,0,0,0,0,0,7,2,0,0,0,0,0,0,0,0,0,0,0,5,2,2,0,0,0,6,0,0
Saint Martin (French part),1963,27,5,5,0,0,0,0,0,0,0,0,0,7,0,0,0,0,0,0,0,0,0,0,0,0,4,3,0,0,0,0,5,0,0
Saint Martin (French part),1964,28,5,5,0,0,0,0,0,0,0,0,0,9,0,0,0,0,0,0,0,0,0,0,0,0,5,4,0,0,0,0,5,0,0
Saint Martin (French part),1965,31,6,7,1,0,0,0,0,0,0,0,0,10,1,0,0,0,0,0,0,0,0,0,0,0,5,5,1,0,0,0,7,0,0
Saint Martin (French part),1966,29,6,6,0,0,0,0,0,0,0,0,0,9,1,0,0,0,0,0,0,0,0,0,0,0,4,5,1,0,0,0,6,0,0
Saint Martin (French part),1967,30,6,6,0,0,0,0,0,0,0,0,0,9,2,0,0,0,0,0,0,0,0,0,0,0,4,5,2,0,0,0,6,0,0
Saint Martin (French part),1968,31,6,6,0,0,0,0,0,0,0,0,2,10,2,0,0,0,0,0,0,0,0,0,0,2,5,5,2,0,0,0,6,0,0
Saint Martin (French part),1969,30,6,6,0,0,0,0,0,0,0,0,3,10,3,0,0,0,0,0,0,0,0,0,0,3,5,5,3,0,0,0,6,0,0
Saint Martin (French part),1970,29,5,5,0,0,0,0,0,0,0,0,3,10,4,0,0,0,0,0,0,0,0,0,0,3,5,5,4,0,0,0,5,0,0
Saint Martin (French part),1971,30,5,5,0,0,0,0,0,0,0,0,3,10,5,0,0,0,0,0,0,0,0,0,0,3,5,5,5,0,0,0,5,0,0
Saint Martin (French part),1972,31,5,5,0,0,0,0,0,0,0,0,4,10,5,0,0,0,0,0,0,0,0,0,0,4,5,5,5,0,0,0,5,0,0
Saint Martin (French part),1973,31,5,5,0,0,0,0,0,0,0,0,7,10,6,0,0,0,0,0,0,0,0,0,2,5,5,5,5,1,0,0,5,0,0
Saint Martin (French part),1974,32,5,5,0,0,0,0,0,0,0,0,9,10,6,0,0,0,0,0,0,0,0,0,4,5,5,5,5,1,0,0,5,0,0
Saint Martin (French part),1975,32,5,5,0,0,0,0,0,0,0,0,9,10,6,0,0,0,0,0,0,0,0,0,4,5,5,5,5,1,0,0,5,0,0
Saint Martin (French part),1976,33,5,5,0,0,0,0,0,0,0,0,8,10,6,0,0,0,0,0,0,0,0,0,3,5,5,5,5,1,0,0,5,0,0
Saint Martin (French part),1977,33,5,5,0,0,0,0,0,0,0,0,7,10,6,0,0,0,0,0,0,0,0,0,2,5,5,5,5,1,0,0,5,0,0
Saint Martin (French part),1978,34,6,6,0,0,0,0,0,0,0,0,6,10,6,0,0,0,0,0,0,0,0,0,1,5,5,5,5,1,0,0,6,0,0
Saint Martin (French part),1979,34,6,6,0,0,0,0,0,0,0,0,5,10,6,0,0,0,0,0,0,0,0,0,0,5,5,5,5,1,0,0,6,0,0
Saint Martin (French part),1980,34,5,5,0,0,0,0,0,0,0,0,3,9,7,0,0,0,0,0,0,0,0,0,0,3,4,5,5,2,0,0,5,0,0
Saint Martin (French part),1981,33,5,5,0,0,0,0,0,0,0,0,2,8,6,0,0,0,0,0,0,0,0,0,0,2,3,5,5,1,0,0,5,0,0
Saint Martin (French part),1982,32,5,5,0,0,0,0,0,0,0,0,0,6,7,0,0,0,0,0,0,0,0,0,0,0,1,5,5,2,0,0,5,0,0
Saint Martin (French part),1983,38,7,7,0,0,0,0,0,0,0,3,2,8,7,0,0,0,0,0,0,0,0,3,1,1,3,5,5,2,0,0,7,0,0
Saint Martin (French part),1984,43,9,9,0,0,0,0,0,0,0,4,10,9,7,0,0,0,0,0,0,0,0,4,5,5,4,5,5,2,0,0,9,0,0
Saint Martin (French part),1985,50,11,12,1,0,0,0,0,0,0,5,10,10,8,0,0,0,0,0,0,0,0,5,5,5,5,5,5,3,0,0,12,0,0
Saint Martin (French part),1986,53,11,12,1,0,0,0,0,0,0,6,10,10,8,0,0,0,0,0,0,0,1,5,5,5,5,5,5,3,0,0,12,0,0
Saint Martin (French part),1987,59,13,14,1,0,0,0,2,0,0,8,10,10,8,0,0,2,0,0,0,0,3,5,5,5,5,5,4,4,0,0,14,0,0
Saint Martin (French part),1988,63,13,14,1,0,0,0,6,4,2,10,10,10,6,0,1,5,4,0,0,2,5,5,5,5,5,5,4,2,0,0,14,0,0
Saint Martin (French part),1989,71,15,17,2,0,0,0,6,10,10,10,10,10,5,0,1,5,5,5,5,5,5,5,5,5,5,5,5,0,0,0,17,0,0
Saint Martin (French part),1990,78,16,18,2,0,0,0,6,10,10,10,10,10,6,0,1,5,5,5,5,5,5,5,5,5,5,5,5,1,0,0,18,0,0
Saint Martin (French part),1991,71,13,14,1,0,0,0,3,10,10,10,10,10,6,0,0,3,5,5,5,5,5,5,5,5,5,5,5,1,0,0,14,0,0
Saint Martin (French part),1992,78,13,15,2,0,0,0,3,10,10,10,10,11,7,0,0,3,5,5,5,5,5,5,5,5,6,5,5,2,0,0,15,0,0
Saint Martin (French part),1993,81,12,14,2,0,0,0,1,10,10,10,10,16,9,0,0,1,5,5,5,5,5,5,5,5,10,6,6,3,0,0,14,0,0
Saint Martin (French part),1994,83,12,13,1,0,0,0,0,10,10,10,11,18,13,0,0,0,5,5,5,5,5,5,5,6,10,8,9,4,0,0,13,0,0
Saint Martin (French part),1995,87,11,12,1,0,0,0,0,9,10,10,11,20,16,0,0,0,4,5,5,5,5,5,5,6,10,10,10,6,0,0,12,0,0
Saint Martin (French part),1996,91,11,11,0,0,0,0,0,8,10,10,10,20,17,1,0,0,3,5,5,5,5,5,5,5,10,10,10,7,1,0,11,0,0
Saint Martin (French part),1997,95,10,10,0,0,0,0,0,7,10,10,10,19,19,2,0,0,2,5,5,5,5,5,5,5,9,10,10,9,2,0,10,0,0
Saint Martin (French part),1998,99,10,10,0,0,0,0,0,6,10,10,10,21,20,3,0,0,1,5,5,5,5,5,5,5,9,12,10,10,3,0,10,0,0
Saint Martin (French part),1999,104,9,9,0,0,0,0,0,5,10,10,13,23,24,6,0,0,0,5,5,5,5,5,5,8,9,14,11,13,6,0,9,0,0
Saint Martin (French part),2000,107,9,9,0,0,0,0,0,4,10,10,12,23,25,7,0,0,0,4,5,5,5,5,5,7,10,13,13,12,7,0,9,0,0
Saint Martin (French part),2001,109,9,9,0,0,0,0,0,4,10,10,12,23,24,8,0,0,0,4,5,5,5,5,5,7,10,13,14,10,8,0,9,0,0
Saint Martin (French part),2002,111,9,9,0,0,0,0,0,4,10,12,16,23,24,9,0,0,0,4,5,5,5,7,8,8,10,13,14,10,8,1,9,0,0
Saint Martin (French part),2003,113,8,8,0,0,0,0,0,3,10,14,20,22,25,10,0,0,0,3,5,5,5,9,10,10,10,12,15,10,8,2,8,0,0
Saint Martin (French part),2004,115,8,8,0,0,0,0,0,3,10,14,20,21,26,10,0,0,0,3,5,5,5,9,10,10,10,11,15,11,8,2,8,0,0
Saint Martin (French part),2005,118,8,8,0,0,0,0,0,2,10,14,20,21,26,8,0,0,0,2,5,5,5,9,10,10,10,11,15,11,6,2,8,0,0
Saint Martin (French part),2006,121,8,8,0,0,0,0,0,2,10,15,20,21,28,8,0,0,0,2,5,5,5,10,10,10,11,10,15,13,5,3,8,0,0
Saint Martin (French part),2007,124,8,8,0,0,0,0,0,2,10,15,20,23,30,9,0,0,0,2,5,5,5,10,10,10,10,13,15,15,6,3,8,0,0
Saint Martin (French part),2008,128,7,7,0,0,0,0,0,1,10,16,20,25,30,11,0,0,0,1,5,5,6,10,10,10,10,15,15,15,8,3,7,0,0
Saint Martin (French part),2009,132,7,7,0,0,0,0,0,1,10,16,23,24,30,13,0,0,0,1,5,5,6,10,10,13,10,14,15,15,10,3,7,0,1
Saint Martin (French part),2010,137,7,7,0,0,0,0,0,0,10,16,26,28,30,15,0,0,0,0,5,5,6,10,11,15,13,15,15,15,12,3,7,0,1
Saint Martin (French part),2011,137,7,7,0,0,0,0,0,0,10,17,26,30,28,13,0,0,0,0,5,5,7,10,11,15,15,15,15,13,12,1,7,0,1
Saint Martin (French part),2012,141,7,7,0,0,0,0,0,0,9,17,26,30,30,15,0,0,0,0,4,5,7,10,11,15,15,15,15,15,12,3,7,0,1
Saint Martin (French part),2013,147,7,7,0,0,0,0,0,0,9,18,28,30,30,18,0,0,0,0,4,5,8,10,13,15,15,15,15,15,14,4,7,0,1
Saint Martin (French part),2014,138,6,6,0,0,0,0,0,0,8,16,26,30,28,17,0,0,0,0,3,5,6,10,12,14,15,15,13,15,12,5,6,0,1
Saint Martin (French part),2015,151,6,6,0,0,0,0,0,0,8,18,30,33,29,19,0,0,0,0,3,5,8,10,15,15,18,15,15,14,13,6,6,0,1
Saint Martin (French part),2016,153,6,6,0,0,0,0,0,0,7,17,32,37,30,20,0,0,0,0,2,5,7,10,15,17,19,18,16,14,13,7,6,0,1
Saint Martin (French part),2017,166,6,8,2,0,0,0,0,0,9,22,34,40,30,19,0,0,0,0,4,5,10,12,15,19,20,20,17,13,12,7,8,0,1
Saint Martin (French part),2018,144,5,5,0,0,0,0,0,0,6,16,33,37,30,15,0,0,0,0,1,5,6,10,15,18,20,17,15,15,11,4,5,0,1
Saint Martin (French part),2019,157,5,5,0,0,0,0,0,0,6,20,33,40,32,14,0,0,0,0,1,5,8,12,15,18,20,20,16,16,10,4,5,0,2
Saint Martin (French part),2020,158,4,4,0,0,0,0,0,0,6,19,34,40,34,12,0,0,0,0,1,5,7,12,15,19,20,20,17,17,8,4,4,0,2
Saint Martin (French part),2021,159,4,4,0,0,0,0,0,0,6,19,33,42,36,10,0,0,0,0,1,5,7,12,15,18,22,20,18,18,7,3,4,0,2
Saint Pierre and Miquelon,1950,58,5,5,0,0,0,0,0,4,10,10,10,10,7,0,0,0,0,4,5,5,5,5,5,5,5,5,5,2,0,0,5,0,0
Saint Pierre and Miquelon,1951,58,5,5,0,0,0,0,0,4,10,10,10,10,8,0,0,0,0,4,5,5,5,5,5,5,5,5,5,3,0,0,5,0,0
Saint Pierre and Miquelon,1952,57,4,4,0,0,0,0,0,3,10,10,10,10,8,0,0,0,0,3,5,5,5,5,5,5,5,5,5,3,0,0,4,0,0
Saint Pierre and Miquelon,1953,56,4,4,0,0,0,0,0,2,10,10,10,10,7,0,0,0,0,2,5,5,5,5,5,5,5,5,5,2,0,0,4,0,0
Saint Pierre and Miquelon,1954,55,4,4,0,0,0,0,0,1,10,10,10,10,8,0,0,0,0,1,5,5,5,5,5,5,5,5,5,3,0,0,4,0,0
Saint Pierre and Miquelon,1955,56,4,4,0,0,0,0,0,0,10,10,10,10,8,0,0,0,0,0,5,5,5,5,5,5,5,5,5,3,0,0,4,0,0
Saint Pierre and Miquelon,1956,55,4,4,0,0,0,0,0,0,9,10,10,10,8,0,0,0,0,0,4,5,5,5,5,5,5,5,5,3,0,0,4,0,0
Saint Pierre and Miquelon,1957,56,5,5,0,0,0,0,0,0,8,10,10,10,8,0,0,0,0,0,3,5,5,5,5,5,5,5,5,3,0,0,5,0,0
Saint Pierre and Miquelon,1958,55,4,4,0,0,0,0,0,0,8,10,10,10,8,0,0,0,0,0,3,5,5,5,5,5,5,5,5,3,0,0,4,0,0
Saint Pierre and Miquelon,1959,55,3,3,0,0,0,0,0,0,7,10,10,10,8,0,0,0,0,0,2,5,5,5,5,5,5,5,5,3,0,0,3,0,0
Saint Pierre and Miquelon,1960,56,3,3,0,0,0,0,0,0,6,10,10,10,8,0,0,0,0,0,1,5,5,5,5,5,5,5,5,3,0,0,3,0,0
Saint Pierre and Miquelon,1961,57,3,3,0,0,0,0,0,0,6,10,10,10,8,0,0,0,0,0,1,5,5,5,5,5,5,5,5,3,0,0,3,0,0
Saint Pierre and Miquelon,1962,55,3,3,0,0,0,0,0,0,5,10,10,10,8,0,0,0,0,0,0,5,5,5,5,5,5,5,5,3,0,0,3,0,0
Saint Pierre and Miquelon,1963,54,2,2,0,0,0,0,0,0,4,10,10,10,8,0,0,0,0,0,0,4,5,5,5,5,5,5,5,3,0,0,2,0,0
Saint Pierre and Miquelon,1964,55,2,2,0,0,0,0,0,0,4,10,10,10,8,0,0,0,0,0,0,4,5,5,5,5,5,5,5,3,0,0,2,0,0
Saint Pierre and Miquelon,1965,57,4,4,0,0,0,0,0,0,3,10,10,10,8,0,0,0,0,0,0,3,5,5,5,5,5,5,5,3,0,0,4,0,0
Saint Pierre and Miquelon,1966,57,4,4,0,0,0,0,0,0,3,10,10,10,8,0,0,0,0,0,0,3,5,5,5,5,5,5,5,3,0,0,4,0,0
Saint Pierre and Miquelon,1967,55,3,3,0,0,0,0,0,0,2,10,10,10,8,0,0,0,0,0,0,2,5,5,5,5,5,5,5,3,0,0,3,0,0
Saint Pierre and Miquelon,1968,54,3,3,0,0,0,0,0,0,2,10,10,10,8,0,0,0,0,0,0,2,5,5,5,5,5,5,5,3,0,0,3,0,0
Saint Pierre and Miquelon,1969,54,3,3,0,0,0,0,0,0,4,10,10,10,8,0,0,0,0,0,0,4,5,5,5,5,5,5,5,3,0,0,3,0,0
Saint Pierre and Miquelon,1970,54,3,3,0,0,0,0,0,0,3,10,10,10,9,0,0,0,0,0,0,3,5,5,5,5,5,5,5,4,0,0,3,0,0
Saint Pierre and Miquelon,1971,53,3,3,0,0,0,0,0,0,2,10,10,10,9,0,0,0,0,0,0,2,5,5,5,5,5,5,5,4,0,0,3,0,0
Saint Pierre and Miquelon,1972,51,3,3,0,0,0,0,0,0,1,10,10,10,10,0,0,0,0,0,0,1,5,5,5,5,5,5,5,5,0,0,3,0,0
Saint Pierre and Miquelon,1973,50,2,2,0,0,0,0,0,0,0,10,10,10,8,0,0,0,0,0,0,0,5,5,5,5,5,5,5,3,0,0,2,0,0
Saint Pierre and Miquelon,1974,47,2,2,0,0,0,0,0,0,0,9,10,10,8,0,0,0,0,0,0,0,4,5,5,5,5,5,5,3,0,0,2,0,0
Saint Pierre and Miquelon,1975,45,1,1,0,0,0,0,0,0,0,8,10,10,8,0,0,0,0,0,0,0,3,5,5,5,5,5,5,3,0,0,1,0,0
Saint Pierre and Miquelon,1976,44,1,1,0,0,0,0,0,0,0,6,10,10,9,0,0,0,0,0,0,0,1,5,5,5,5,5,5,4,0,0,1,0,0
Saint Pierre and Miquelon,1977,45,2,2,0,0,0,0,0,0,0,7,10,10,9,0,0,0,0,0,0,0,2,5,5,5,5,5,5,4,0,0,2,0,0
Saint Pierre and Miquelon,1978,46,2,2,0,0,0,0,0,0,0,6,10,10,9,0,0,0,0,0,0,0,1,5,5,5,5,5,5,4,0,0,2,0,0
Saint Pierre and Miquelon,1979,50,2,2,0,0,0,0,0,0,0,6,10,11,10,0,0,0,0,0,0,0,1,5,5,5,5,6,5,5,0,0,2,0,0
Saint Pierre and Miquelon,1980,53,3,3,0,0,0,0,0,0,0,8,10,12,11,0,0,0,0,0,0,0,3,5,5,5,5,7,6,5,0,0,3,0,0
Saint Pierre and Miquelon,1981,54,2,2,0,0,0,0,0,0,0,7,10,12,12,0,0,0,0,0,0,0,2,5,5,5,6,6,7,5,0,0,2,0,0
Saint Pierre and Miquelon,1982,50,2,2,0,0,0,0,0,0,0,6,10,10,12,0,0,0,0,0,0,0,1,5,5,5,5,5,7,5,0,0,2,0,0
Saint Pierre and Miquelon,1983,53,2,2,0,0,0,0,0,0,0,6,10,12,13,0,0,0,0,0,0,0,1,5,5,5,6,6,8,5,0,0,2,0,0
Saint Pierre and Miquelon,1984,55,2,2,0,0,0,0,0,0,0,5,10,15,12,1,0,0,0,0,0,0,0,5,5,5,7,8,7,5,1,0,2,0,0
Saint Pierre and Miquelon,1985,51,2,2,0,0,0,0,0,0,0,5,10,13,12,1,0,0,0,0,0,0,0,5,5,5,5,8,7,5,1,0,2,0,0
Saint Pierre and Miquelon,1986,52,2,2,0,0,0,0,0,0,0,5,10,14,11,2,0,0,0,0,0,0,0,5,5,5,5,9,5,6,2,0,2,0,0
Saint Pierre and Miquelon,1987,53,2,2,0,0,0,0,0,0,0,5,10,14,10,2,0,0,0,0,0,0,1,4,5,5,5,9,5,5,2,0,2,0,0
Saint Pierre and Miquelon,1988,53,2,2,0,0,0,0,0,0,0,6,10,13,11,3,0,0,0,0,0,0,2,4,5,5,5,8,6,5,3,0,2,0,0
Saint Pierre and Miquelon,1989,54,2,2,0,0,0,0,0,0,0,8,10,14,12,3,0,0,0,0,0,0,3,5,5,5,5,9,7,5,3,0,2,0,0
Saint Pierre and Miquelon,1990,52,1,1,0,0,0,0,0,0,0,7,10,11,13,3,0,0,0,0,0,0,3,4,5,5,5,6,8,5,3,0,1,0,0
Saint Pierre and Miquelon,1991,56,2,2,0,0,0,0,0,0,0,7,10,14,14,3,0,0,0,0,0,0,2,5,5,5,5,9,9,5,3,0,2,0,0
Saint Pierre and Miquelon,1992,54,1,1,0,0,0,0,0,0,0,6,10,12,15,3,0,0,0,0,0,0,1,5,5,5,5,7,10,5,3,0,1,0,0
Saint Pierre and Miquelon,1993,56,1,1,0,0,0,0,0,0,0,6,10,13,16,4,0,0,0,0,0,0,1,5,5,5,5,8,10,6,4,0,1,0,0
Saint Pierre and Miquelon,1994,59,2,2,0,0,0,0,0,0,0,5,10,13,17,4,0,0,0,0,0,0,0,5,5,5,5,8,10,7,4,0,2,0,0
Saint Pierre and Miquelon,1995,60,2,2,0,0,0,0,0,0,0,7,10,14,18,5,0,0,0,0,0,0,2,5,5,5,5,9,10,8,5,0,2,0,0
Saint Pierre and Miquelon,1996,57,1,1,0,0,0,0,0,0,0,6,10,11,19,3,0,0,0,0,0,0,1,5,5,5,5,6,10,9,3,0,1,0,0
Saint Pierre and Miquelon,1997,58,1,1,0,0,0,0,0,0,0,6,10,11,20,3,0,0,0,0,0,0,1,5,5,5,5,6,10,10,3,0,1,0,0
Saint Pierre and Miquelon,1998,60,1,1,0,0,0,0,0,0,1,8,10,15,20,4,0,0,0,0,0,1,3,5,5,5,5,10,10,10,4,0,1,0,0
Saint Pierre and Miquelon,1999,61,1,1,0,0,0,0,0,0,0,8,10,15,20,5,0,0,0,0,0,0,3,5,5,5,5,10,10,10,5,0,1,0,0
Saint Pierre and Miquelon,2000,61,1,1,0,0,0,0,0,0,0,9,10,14,19,6,0,0,0,0,0,0,4,5,5,5,5,9,10,9,6,0,1,0,0
Saint Pierre and Miquelon,2001,62,1,1,0,0,0,0,0,0,0,9,10,14,17,8,0,0,0,0,0,0,4,5,5,5,6,8,10,7,8,0,1,0,0
Saint Pierre and Miquelon,2002,62,1,1,0,0,0,0,0,0,0,8,10,16,17,8,0,0,0,0,0,0,3,5,5,5,6,10,10,7,7,1,1,0,0
Saint Pierre and Miquelon,2003,62,1,1,0,0,0,0,0,0,0,7,10,16,18,6,0,0,0,0,0,0,2,5,5,5,6,10,10,8,5,1,1,0,0
Saint Pierre and Miquelon,2004,61,1,1,0,0,0,0,0,0,0,7,10,15,18,7,0,0,0,0,0,0,2,5,5,5,5,10,10,8,5,2,1,0,0
Saint Pierre and Miquelon,2005,55,0,0,0,0,0,0,0,0,0,6,10,11,15,4,0,0,0,0,0,0,1,5,5,5,5,6,9,6,4,0,0,0,0
Saint Pierre and Miquelon,2006,62,1,1,0,0,0,0,0,0,0,8,10,16,19,5,0,0,0,0,0,0,3,5,5,5,6,10,10,9,5,0,1,0,0
Saint Pierre and Miquelon,2007,61,1,1,0,0,0,0,0,0,0,7,10,17,19,5,0,0,0,0,0,0,2,5,5,5,7,10,10,9,5,0,1,0,0
Saint Pierre and Miquelon,2008,53,0,0,0,0,0,0,0,0,0,3,10,11,17,6,0,0,0,0,0,0,0,3,5,5,5,6,9,8,5,1,0,0,0
Saint Pierre and Miquelon,2009,61,1,1,0,0,0,0,0,0,0,6,10,18,20,7,0,0,0,0,0,0,1,5,5,5,8,10,10,10,5,2,1,0,0
Saint Pierre and Miquelon,2010,61,1,1,0,0,0,0,0,0,0,6,10,18,20,7,0,0,0,0,0,0,1,5,5,5,8,10,10,10,5,2,1,0,0
Saint Pierre and Miquelon,2011,62,1,1,0,0,0,0,0,0,0,6,10,19,20,7,0,0,0,0,0,0,1,5,5,5,9,10,10,10,6,1,1,0,0
Saint Pierre and Miquelon,2012,62,0,0,0,0,0,0,0,0,0,6,10,18,20,6,0,0,0,0,0,0,1,5,5,5,8,10,10,10,5,1,0,0,0
Saint Pierre and Miquelon,2013,65,0,0,0,0,0,0,0,0,0,6,10,18,20,6,0,0,0,0,0,0,1,5,5,5,8,10,10,10,5,1,0,0,0
Saint Pierre and Miquelon,2014,70,0,0,0,0,0,0,0,0,0,6,10,18,22,8,0,0,0,0,0,0,1,5,5,5,7,11,10,12,6,2,0,0,0
Saint Pierre and Miquelon,2015,73,0,0,0,0,0,0,0,0,0,7,10,18,25,8,0,0,0,0,0,0,2,5,5,5,6,12,12,13,6,2,0,0,0
Saint Pierre and Miquelon,2016,72,0,0,0,0,0,0,0,0,0,6,10,17,26,9,0,0,0,0,0,0,1,5,5,5,6,11,13,13,6,3,0,0,0
Saint Pierre and Miquelon,2017,72,0,0,0,0,0,0,0,0,0,6,10,18,22,10,0,0,0,0,0,0,1,5,5,5,7,11,12,10,7,3,0,0,0
Saint Pierre and Miquelon,2018,73,0,0,0,0,0,0,0,0,0,5,10,18,24,10,0,0,0,0,0,0,0,5,5,5,7,11,12,12,7,3,0,0,0
Saint Pierre and Miquelon,2019,73,0,0,0,0,0,0,0,0,0,6,10,18,24,11,0,0,0,0,0,0,1,5,5,5,6,12,14,10,8,3,0,0,0
Saint Pierre and Miquelon,2020,73,0,0,0,0,0,0,0,0,0,5,10,15,25,12,0,0,0,0,0,0,0,5,5,5,5,10,14,11,9,3,0,0,1
Saint Pierre and Miquelon,2021,73,0,0,0,0,0,0,0,0,0,5,10,18,24,11,0,0,0,0,0,0,0,5,5,5,8,10,12,12,8,3,0,0,1
Saint Vincent and the Grenadines,1950,1363,406,563,157,14,10,12,35,53,62,65,105,174,183,76,15,20,24,29,30,32,35,30,43,62,84,90,98,85,53,23,577,22,8
Saint Vincent and the Grenadines,1951,1346,411,576,165,15,10,12,35,52,62,67,101,168,167,69,15,20,23,29,30,32,36,31,42,59,79,89,91,76,48,21,591,22,8
Saint Vincent and the Grenadines,1952,1336,424,597,173,15,10,12,35,52,63,71,96,160,155,65,15,20,23,29,30,33,38,33,40,56,75,85,85,70,45,20,612,22,7
Saint Vincent and the Grenadines,1953,1325,437,618,181,18,10,12,34,50,63,73,91,150,141,57,15,19,22,28,30,33,38,35,39,52,70,80,77,64,40,17,636,22,6
Saint Vincent and the Grenadines,1954,1297,451,638,187,15,10,11,33,48,62,70,86,138,129,50,15,18,21,27,30,32,35,35,37,49,64,74,71,58,35,15,653,21,5
Saint Vincent and the Grenadines,1955,1418,484,708,224,40,21,15,37,53,64,79,89,137,123,46,17,20,24,29,30,34,40,39,40,49,64,73,69,54,32,14,748,36,5
Saint Vincent and the Grenadines,1956,1286,480,678,198,15,10,12,32,45,60,70,80,122,112,42,15,17,20,25,29,31,35,35,36,44,56,66,64,48,29,13,693,22,4
Saint Vincent and the Grenadines,1957,1287,494,699,205,16,10,13,32,45,56,70,82,117,106,38,15,17,20,25,25,31,35,35,40,42,54,63,61,45,27,11,715,23,4
Saint Vincent and the Grenadines,1958,1284,505,714,209,17,10,13,31,44,55,70,80,110,100,36,15,16,20,24,25,30,35,35,40,40,51,59,58,42,25,11,731,23,4
Saint Vincent and the Grenadines,1959,1274,510,718,208,16,10,14,31,44,55,70,79,103,95,33,15,16,20,24,25,30,35,35,40,39,48,55,54,41,23,10,734,24,3
Saint Vincent and the Grenadines,1960,1230,507,709,202,17,10,14,30,40,52,68,76,94,87,30,15,15,18,22,25,27,34,34,39,37,44,50,50,37,21,9,726,24,3
Saint Vincent and the Grenadines,1961,1158,476,664,188,16,10,11,30,36,51,65,75,88,82,27,15,15,16,20,24,27,34,31,38,37,41,47,47,35,19,8,680,21,3
Saint Vincent and the Grenadines,1962,1075,432,603,171,15,10,10,25,35,45,63,76,82,76,27,10,15,15,20,20,25,32,31,38,38,38,44,44,32,19,8,618,20,3
Saint Vincent and the Grenadines,1963,989,385,534,149,15,10,10,23,33,43,61,77,76,70,25,10,13,15,18,20,23,30,31,38,39,36,40,40,30,17,8,549,20,3
Saint Vincent and the Grenadines,1964,909,343,469,126,14,10,10,20,32,43,61,78,74,67,23,10,10,15,17,20,23,30,31,38,40,35,39,39,28,16,7,483,20,3
Saint Vincent and the Grenadines,1965,837,307,414,107,14,10,10,20,27,42,59,78,71,61,22,10,10,12,15,20,22,29,30,38,40,36,35,35,26,15,7,428,20,3
Saint Vincent and the Grenadines,1966,779,276,366,90,13,10,10,20,26,38,58,78,72,60,22,10,10,11,15,17,21,28,30,38,40,37,35,34,26,15,7,379,20,3
Saint Vincent and the Grenadines,1967,740,252,332,80,13,10,10,20,25,37,57,78,73,58,20,10,10,10,15,16,21,27,30,38,40,38,35,34,24,13,7,345,20,3
Saint Vincent and the Grenadines,1968,709,233,305,72,11,10,10,20,24,35,56,80,76,57,20,10,10,10,14,15,20,26,30,38,42,41,35,33,24,13,7,316,20,3
Saint Vincent and the Grenadines,1969,688,219,284,65,11,10,10,20,23,34,53,83,76,54,19,10,10,10,13,15,19,25,28,38,45,43,33,30,24,12,7,295,20,3
Saint Vincent and the Grenadines,1970,679,210,272,62,11,10,10,20,22,34,53,85,79,54,18,10,10,10,12,15,19,25,28,40,45,44,35,30,24,12,6,283,20,3
Saint Vincent and the Grenadines,1971,679,205,265,60,11,10,10,20,22,33,53,87,86,54,18,10,10,10,12,15,18,25,28,41,46,48,38,30,24,12,6,276,20,4
Saint Vincent and the Grenadines,1972,694,202,262,60,11,11,15,22,21,33,56,92,90,56,19,12,10,10,11,15,18,25,31,42,50,50,40,32,24,13,6,273,26,4
Saint Vincent and the Grenadines,1973,699,201,261,60,10,12,15,25,21,33,55,93,97,56,18,15,10,10,11,15,18,25,30,43,50,53,44,32,24,13,5,271,27,4
Saint Vincent and the Grenadines,1974,690,200,260,60,9,11,15,23,20,31,52,91,99,56,18,13,10,10,10,14,17,24,28,41,50,53,46,32,24,13,5,269,26,3
Saint Vincent and the Grenadines,1975,688,195,253,58,9,11,15,24,20,30,52,92,103,58,19,14,10,10,10,13,17,24,28,41,51,55,48,34,24,13,6,262,26,3
Saint Vincent and the Grenadines,1976,692,187,242,55,7,10,15,28,20,30,52,96,111,61,20,15,13,10,10,13,17,24,28,43,53,58,53,37,24,14,6,249,25,3
Saint Vincent and the Grenadines,1977,688,176,227,51,6,10,15,29,20,29,52,97,115,66,20,15,14,10,10,12,17,24,28,43,54,60,55,41,25,14,6,233,25,3
Saint Vincent and the Grenadines,1978,700,165,209,44,6,10,15,30,20,29,54,101,125,74,21,15,15,10,10,12,17,24,30,44,57,65,60,47,27,14,7,215,25,3
Saint Vincent and the Grenadines,1979,704,153,192,39,6,10,15,32,21,28,54,104,133,81,23,17,15,11,10,11,17,24,30,45,59,69,64,53,28,16,7,198,25,4
Saint Vincent and the Grenadines,1980,693,137,172,35,6,9,14,33,22,28,54,104,137,87,23,18,15,12,10,11,17,24,30,45,59,70,67,56,31,16,7,178,23,4
Saint Vincent and the Grenadines,1981,696,126,156,30,6,9,14,35,24,26,54,108,144,95,23,20,15,14,10,10,16,24,30,47,61,73,71,60,35,16,7,162,23,4
Saint Vincent and the Grenadines,1982,708,116,142,26,5,8,13,37,26,26,54,109,148,102,24,20,17,15,11,10,16,24,30,47,62,74,74,64,38,17,7,147,21,4
Saint Vincent and the Grenadines,1983,696,104,126,22,5,8,13,38,28,26,53,105,152,110,26,19,19,15,13,10,16,23,30,45,60,75,77,67,43,19,7,131,21,4
Saint Vincent and the Grenadines,1984,693,91,111,20,5,8,12,38,30,26,52,105,155,116,29,18,20,15,15,10,16,23,29,45,60,76,79,70,46,21,8,116,20,4
Saint Vincent and the Grenadines,1985,686,80,96,16,5,8,12,38,31,27,52,103,156,121,30,18,20,16,15,12,15,23,29,44,59,76,80,71,50,22,8,101,20,4
Saint Vincent and the Grenadines,1986,687,72,87,15,5,8,11,37,33,30,51,103,156,123,34,17,20,18,15,15,15,22,29,44,59,76,80,73,50,25,9,92,19,4
Saint Vincent and the Grenadines,1987,675,65,78,13,5,8,10,37,34,30,50,103,154,123,35,17,20,19,15,15,15,22,28,44,59,74,80,73,50,25,10,83,18,4
Saint Vincent and the Grenadines,1988,664,60,72,12,5,7,10,38,36,30,48,101,152,123,36,16,22,20,16,15,15,21,27,43,58,72,80,73,50,26,10,77,17,4
Saint Vincent and the Grenadines,1989,651,57,69,12,5,7,10,35,39,30,47,99,150,122,37,14,21,22,17,15,15,20,27,43,56,71,79,72,50,26,11,74,17,4
Saint Vincent and the Grenadines,1990,670,54,64,10,5,7,10,35,43,32,47,103,153,128,37,14,21,24,19,16,16,20,27,44,59,73,80,75,53,26,11,69,17,4
Saint Vincent and the Grenadines,1991,646,52,62,10,4,6,10,32,44,31,45,99,148,122,35,13,19,25,19,15,16,20,25,42,57,70,78,72,50,25,10,66,16,4
Saint Vincent and the Grenadines,1992,671,52,62,10,4,6,10,32,47,38,46,101,152,131,39,13,19,25,22,18,20,20,26,42,59,73,79,76,55,28,11,66,16,5
Saint Vincent and the Grenadines,1993,694,51,60,9,4,5,10,32,49,39,48,105,157,139,41,14,18,25,24,19,20,22,26,43,62,75,82,81,58,30,11,64,15,5
Saint Vincent and the Grenadines,1994,733,49,58,9,2,5,11,33,54,41,51,108,167,150,48,15,18,26,28,21,20,25,26,45,63,80,87,87,63,35,13,60,16,6
Saint Vincent and the Grenadines,1995,734,48,57,9,2,5,10,32,54,43,51,106,170,152,48,15,17,25,29,22,21,25,26,43,63,81,89,88,64,35,13,59,15,6
Saint Vincent and the Grenadines,1996,789,47,56,9,2,5,10,32,58,49,54,111,182,165,54,15,17,26,32,26,23,26,28,45,66,87,95,94,71,39,15,58,15,6
Saint Vincent and the Grenadines,1997,817,45,54,9,3,5,9,33,60,54,61,115,191,175,57,15,18,26,34,29,25,30,31,45,70,91,100,99,76,41,16,57,14,5
Saint Vincent and the Grenadines,1998,812,44,52,8,1,5,8,32,58,56,61,110,190,174,57,15,17,24,34,31,25,30,31,45,65,90,100,98,76,41,16,53,13,5
Saint Vincent and the Grenadines,1999,805,43,51,8,1,5,8,31,56,59,61,108,189,171,57,14,17,23,33,33,26,30,31,43,65,89,100,96,75,41,16,52,13,5
Saint Vincent and the Grenadines,2000,809,42,50,8,1,5,7,33,55,63,63,108,189,173,58,13,20,22,33,35,28,32,31,43,65,89,100,97,76,42,16,51,12,5
Saint Vincent and the Grenadines,2001,783,41,49,8,1,5,7,31,52,66,62,103,182,168,57,12,19,21,31,35,31,31,31,43,60,84,98,94,74,41,16,50,12,5
Saint Vincent and the Grenadines,2002,777,39,47,8,3,5,6,30,49,68,63,102,180,165,57,12,18,20,29,35,33,32,31,43,59,83,97,93,72,41,16,50,11,5
Saint Vincent and the Grenadines,2003,781,37,45,8,0,4,5,28,48,70,67,100,180,171,59,11,17,20,28,35,35,32,35,43,57,82,98,96,75,42,17,45,9,5
Saint Vincent and the Grenadines,2004,754,36,44,8,0,3,5,24,44,69,65,97,174,167,58,9,15,20,24,34,35,32,33,41,56,78,96,95,72,42,16,44,8,5
Saint Vincent and the Grenadines,2005,740,35,42,7,0,3,5,21,42,68,66,95,168,168,57,8,13,20,22,33,35,34,32,41,54,75,93,96,72,41,16,42,8,5
Saint Vincent and the Grenadines,2006,727,34,41,7,0,2,5,19,40,67,68,94,163,167,57,7,12,19,21,30,37,36,32,42,52,72,91,96,71,40,17,41,7,5
Saint Vincent and the Grenadines,2007,706,33,39,6,0,1,5,17,35,65,70,91,157,165,57,6,11,15,20,28,37,38,32,41,50,69,88,94,71,40,17,39,6,5
Saint Vincent and the Grenadines,2008,704,33,39,6,0,0,5,15,36,62,71,92,153,166,58,5,10,16,20,26,36,39,32,43,49,67,86,94,72,41,17,39,5,5
Saint Vincent and the Grenadines,2009,722,33,38,5,0,0,5,15,35,61,79,96,154,174,59,5,10,15,20,25,36,44,35,44,52,67,87,98,76,42,17,38,5,6
Saint Vincent and the Grenadines,2010,762,31,36,5,0,0,5,14,35,61,87,103,162,186,65,5,9,15,20,24,37,48,39,47,56,72,90,103,83,46,19,36,5,6
Saint Vincent and the Grenadines,2011,787,30,35,5,0,0,4,14,35,60,92,107,166,195,69,5,9,15,20,23,37,50,42,49,58,73,93,107,88,49,20,35,4,7
Saint Vincent and the Grenadines,2012,833,28,33,5,0,0,4,13,36,61,103,115,173,208,75,5,8,13,23,25,36,54,49,52,63,77,96,112,96,54,21,33,4,7
Saint Vincent and the Grenadines,2013,864,29,37,8,0,0,5,13,36,61,113,123,180,212,78,5,8,13,23,25,36,57,56,56,67,80,100,114,98,56,22,37,5,7
Saint Vincent and the Grenadines,2014,845,26,30,4,0,0,3,12,33,57,111,125,176,210,78,5,7,12,21,25,32,54,57,57,68,79,97,112,98,56,22,30,3,7
Saint Vincent and the Grenadines,2015,868,24,28,4,0,0,3,11,30,57,114,136,180,213,83,5,6,11,19,25,32,54,60,65,71,82,98,114,99,60,23,28,3,7
Saint Vincent and the Grenadines,2016,894,22,26,4,0,0,3,10,30,56,120,144,187,220,89,5,5,11,19,25,31,54,66,70,74,87,100,117,103,64,25,26,3,7
Saint Vincent and the Grenadines,2017,910,20,24,4,0,0,2,10,28,54,121,155,192,221,93,5,5,11,17,25,29,53,68,78,77,91,101,117,104,67,26,24,2,8
Saint Vincent and the Grenadines,2018,941,19,23,4,0,0,2,10,26,58,121,168,201,227,96,5,5,9,17,27,31,50,71,86,82,96,105,119,108,69,27,23,2,8
Saint Vincent and the Grenadines,2019,1063,18,21,3,0,0,3,10,27,64,135,199,230,255,108,5,5,10,17,28,36,55,80,103,96,112,118,134,121,77,31,21,3,8
Saint Vincent and the Grenadines,2020,1157,17,19,2,0,0,0,10,24,65,142,236,257,280,113,5,5,8,16,28,37,56,86,120,116,126,131,146,134,81,32,19,0,8
Saint Vincent and the Grenadines,2021,1403,16,20,4,0,0,5,15,31,84,172,294,307,337,127,5,10,12,19,35,49,68,104,146,148,152,155,175,162,91,36,20,5,9
Samoa,1950,1503,485,678,193,77,41,55,129,102,84,81,95,98,57,8,67,62,53,49,44,40,40,41,48,47,50,48,37,20,7,1,755,96,0
Samoa,1951,1505,485,674,189,74,41,54,125,100,84,80,98,100,63,12,65,60,52,48,44,40,40,40,48,50,50,50,40,23,10,2,748,95,0
Samoa,1952,1502,484,669,185,73,40,52,122,98,84,80,98,100,68,14,64,58,52,46,44,40,40,40,48,50,50,50,43,25,12,2,742,92,0
Samoa,1953,1495,480,661,181,72,40,52,117,96,83,81,98,102,72,18,60,57,51,45,43,40,40,41,48,50,50,52,45,27,14,4,733,92,0
Samoa,1954,1489,475,651,176,70,38,50,115,94,83,81,102,106,76,21,60,55,49,45,43,40,40,41,48,54,52,54,47,29,16,5,721,88,0
Samoa,1955,1483,468,639,171,68,37,50,109,93,83,88,102,110,81,24,55,54,48,45,43,40,43,45,48,54,55,55,49,32,18,6,707,87,0
Samoa,1956,1471,460,625,165,65,37,49,107,92,80,89,102,112,86,26,55,52,47,45,40,40,44,45,48,54,57,55,51,35,19,7,690,86,0
Samoa,1957,1453,452,611,159,64,35,48,103,88,80,89,104,114,87,28,53,50,46,42,40,40,44,45,49,55,59,55,51,36,20,8,675,83,0
Samoa,1958,1463,443,599,156,64,35,46,100,86,80,90,105,118,100,41,51,49,45,41,40,40,43,47,50,55,60,58,56,44,30,11,663,81,1
Samoa,1959,1458,436,587,151,64,35,45,94,86,80,89,105,118,99,45,49,45,45,41,40,40,42,47,50,55,61,57,54,45,34,11,651,80,1
Samoa,1960,1448,427,574,147,64,35,45,94,84,80,88,110,122,101,52,49,45,44,40,40,40,41,47,55,55,63,59,55,46,37,15,638,80,2
Samoa,1961,1442,418,559,141,63,34,44,93,82,80,94,110,125,103,57,48,45,42,40,40,40,45,49,55,55,63,62,56,47,41,16,622,78,2
Samoa,1962,1449,410,547,137,63,34,43,89,80,81,94,113,128,110,66,48,41,40,40,40,41,45,49,58,55,63,65,58,52,47,19,610,77,2
Samoa,1963,1407,400,532,132,62,34,43,86,80,82,92,119,130,99,51,45,41,40,40,40,42,45,47,59,60,65,65,55,44,36,15,594,77,2
Samoa,1964,1639,429,627,198,121,60,55,96,90,92,102,128,138,91,38,51,45,45,45,45,47,50,52,63,65,70,68,54,37,26,12,748,115,2
Samoa,1965,1339,380,502,122,57,35,43,80,76,83,92,123,136,82,27,42,38,36,40,40,43,45,47,58,65,69,67,50,32,18,9,559,78,2
Samoa,1966,1325,371,492,121,58,35,44,80,75,83,92,124,143,78,18,42,38,35,40,40,43,45,47,57,67,74,69,50,28,12,6,550,79,2
Samoa,1967,1294,358,471,113,56,35,46,76,72,83,93,125,150,75,11,41,35,33,39,40,43,45,48,56,69,78,72,50,25,9,2,527,81,2
Samoa,1968,1275,347,453,106,52,33,45,75,69,83,96,125,153,75,10,40,35,31,38,40,43,47,49,56,69,79,74,50,25,9,1,505,78,1
Samoa,1969,1253,336,435,99,50,33,44,70,66,82,99,126,155,78,10,40,30,30,36,40,42,49,50,57,69,79,76,53,25,9,1,485,77,1
Samoa,1970,1232,323,417,94,48,31,44,70,64,82,100,124,157,79,10,40,30,30,34,40,42,50,50,57,67,79,78,54,25,9,1,465,75,1
Samoa,1971,1211,308,396,88,45,31,44,69,62,83,100,123,161,81,10,41,28,30,32,40,43,49,51,57,66,80,81,56,25,9,1,441,75,0
Samoa,1972,1191,295,379,84,43,31,43,68,59,85,106,124,163,85,10,41,27,28,31,40,45,51,55,58,66,81,82,58,27,9,1,422,74,0
Samoa,1973,1171,281,359,78,41,27,43,67,57,84,106,125,162,88,10,40,27,27,30,39,45,51,55,58,67,80,82,60,28,9,1,400,70,0
Samoa,1974,1153,268,342,74,38,27,43,68,55,81,110,127,162,93,10,41,27,25,30,36,45,52,58,60,67,79,83,63,30,9,1,380,70,0
Samoa,1975,1148,256,324,68,36,26,42,67,55,83,112,131,167,96,10,40,27,25,30,36,47,53,59,63,68,80,87,64,32,9,1,360,68,0
Samoa,1976,1148,243,306,63,35,26,42,64,56,82,117,137,172,102,10,38,26,25,31,36,46,56,61,66,71,79,93,67,35,9,1,341,68,0
Samoa,1977,1147,231,289,58,32,25,42,64,56,82,122,143,175,107,12,38,26,25,31,36,46,58,64,69,74,79,96,71,36,11,1,321,67,0
Samoa,1978,1135,221,275,54,31,23,39,65,55,82,123,145,173,109,12,39,26,25,30,36,46,58,65,70,75,81,92,73,36,11,1,306,62,0
Samoa,1979,1120,212,263,51,29,22,39,67,53,81,126,147,171,108,15,40,27,25,28,36,45,59,67,72,75,82,89,72,36,13,2,292,61,0
Samoa,1980,1105,202,249,47,27,22,39,67,50,78,127,149,172,108,15,40,27,23,27,34,44,59,68,74,75,83,89,71,37,13,2,276,61,0
Samoa,1981,1091,194,239,45,26,21,39,68,49,77,128,150,173,105,15,41,27,22,27,34,43,58,70,75,75,80,93,69,36,13,2,265,60,0
Samoa,1982,1080,187,229,42,24,21,39,67,47,75,129,157,174,105,16,40,27,21,26,33,42,58,71,78,79,79,95,70,35,14,2,253,60,0
Samoa,1983,1072,180,219,39,23,19,38,68,46,75,127,160,173,108,16,40,28,22,24,33,42,56,71,80,80,82,91,73,35,14,2,242,57,0
Samoa,1984,1062,173,210,37,21,18,34,68,47,74,126,160,173,109,17,39,29,23,24,32,42,55,71,80,80,83,90,72,37,14,3,231,52,0
Samoa,1985,1054,167,201,34,19,17,34,66,47,72,124,168,178,111,17,38,28,24,23,31,41,54,70,84,84,86,92,73,38,14,3,220,51,0
Samoa,1986,1046,160,193,33,19,16,34,65,48,70,122,170,182,112,17,37,28,25,23,30,40,54,68,85,85,87,95,72,40,14,3,212,50,0
Samoa,1987,1039,153,184,31,18,16,34,64,50,69,120,173,185,113,19,36,28,25,25,30,39,53,67,86,87,86,99,73,40,16,3,202,50,0
Samoa,1988,1029,148,178,30,17,15,32,64,50,67,118,176,178,117,19,36,28,25,25,28,39,52,66,85,91,85,93,77,40,16,3,195,47,0
Samoa,1989,1018,141,169,28,17,14,29,63,50,66,116,182,174,119,18,35,28,25,25,27,39,51,65,85,97,86,88,78,41,15,3,186,43,0
Samoa,1990,1014,137,165,28,18,16,29,61,50,63,114,187,173,119,19,34,27,25,25,27,36,50,64,85,102,88,85,77,42,16,3,183,45,0
Samoa,1991,1007,133,161,28,18,16,29,60,50,63,113,187,175,117,19,33,27,25,25,27,36,49,64,81,106,91,84,74,43,16,3,179,45,0
Samoa,1992,984,129,154,25,14,12,28,58,50,60,109,188,179,113,19,32,26,25,25,26,34,48,61,80,108,96,83,70,43,16,3,168,40,0
Samoa,1993,979,127,151,24,14,12,27,56,50,60,108,184,184,113,19,31,25,25,25,26,34,47,61,77,107,103,81,69,44,16,3,165,39,0
Samoa,1994,977,125,149,24,14,11,25,54,50,59,107,180,193,113,19,29,25,25,25,26,33,46,61,77,103,111,82,68,45,16,3,163,36,0
Samoa,1995,971,122,145,23,14,11,24,54,50,59,104,174,202,113,20,29,25,25,25,27,32,44,60,75,99,117,85,68,45,17,3,159,35,0
Samoa,1996,968,118,141,23,13,11,23,54,50,60,104,171,211,113,22,29,25,25,25,27,33,44,60,75,96,122,89,68,45,19,3,154,34,0
Samoa,1997,964,114,136,22,13,10,21,52,48,61,102,170,219,113,23,28,24,23,25,28,33,44,58,75,95,123,96,68,45,20,3,149,31,0
Samoa,1998,960,110,132,22,12,10,20,48,46,61,100,167,227,112,23,25,23,21,25,28,33,42,58,75,92,122,105,67,45,20,3,144,30,0
Samoa,1999,956,106,128,22,12,10,19,47,46,62,99,167,231,114,24,25,22,21,25,29,33,42,57,75,92,118,113,69,45,20,4,140,29,0
Samoa,2000,953,102,122,20,12,10,19,46,45,63,98,165,235,118,25,25,21,20,25,29,34,42,56,74,91,115,120,73,45,20,5,134,29,0
Samoa,2001,951,99,118,19,12,10,18,40,44,63,97,164,237,122,25,20,20,20,24,29,34,42,55,73,91,111,126,77,45,20,5,130,28,1
Samoa,2002,949,95,114,19,12,10,18,40,44,65,95,164,237,128,25,20,20,20,24,29,36,42,53,73,91,110,127,83,45,20,5,126,28,1
Samoa,2003,958,93,111,18,11,10,16,40,43,65,95,162,233,142,27,20,20,20,23,29,36,42,53,71,91,107,126,92,50,22,5,122,26,1
Samoa,2004,967,91,109,18,11,10,16,40,43,66,97,162,228,156,32,20,20,20,23,29,37,44,53,70,92,106,122,100,56,26,6,120,26,1
Samoa,2005,986,91,110,19,12,10,17,36,42,66,98,163,226,168,35,18,18,20,22,29,37,45,53,70,93,106,120,107,61,28,7,122,27,1
Samoa,2006,988,90,108,18,11,10,16,32,42,65,101,164,224,177,42,16,16,20,22,28,37,47,54,70,94,107,117,110,67,33,9,119,26,1
Samoa,2007,1003,90,108,18,11,9,17,31,41,65,105,163,225,187,43,16,15,19,22,28,37,49,56,68,95,110,115,112,75,34,9,119,26,1
Samoa,2008,1013,92,110,18,11,9,17,31,41,66,107,162,227,191,41,16,15,19,22,28,38,49,58,67,95,112,115,113,78,32,9,121,26,1
Samoa,2009,1182,107,150,43,29,22,27,45,55,80,121,172,238,197,40,24,21,25,30,35,45,56,65,73,99,118,120,115,82,31,9,179,49,1
Samoa,2010,1036,96,114,18,10,8,18,32,39,67,113,162,236,199,38,17,15,17,22,28,39,51,62,69,93,116,120,113,86,29,9,124,26,1
Samoa,2011,1051,98,116,18,10,8,18,32,40,67,114,164,239,203,38,17,15,17,23,28,39,51,63,72,92,118,121,115,88,29,9,126,26,1
Samoa,2012,1073,100,121,21,12,10,18,33,40,68,120,165,243,204,39,18,15,17,23,28,40,54,66,74,91,119,124,116,88,31,8,133,28,1
Samoa,2013,1068,97,115,18,10,8,18,33,38,68,120,167,243,203,40,18,15,16,22,28,40,54,66,77,90,118,125,114,89,33,7,125,26,1
Samoa,2014,1075,96,114,18,10,7,16,34,38,69,124,171,244,201,45,19,15,16,22,29,40,55,69,80,91,117,127,114,87,38,7,124,23,1
Samoa,2015,1083,95,113,18,10,7,16,34,38,70,127,176,243,197,48,19,15,16,22,30,40,56,71,83,93,115,128,113,84,40,8,123,23,1
Samoa,2016,1095,93,111,18,10,7,16,35,37,71,131,183,244,198,49,20,15,15,22,30,41,58,73,86,97,115,129,115,83,41,8,121,23,1
Samoa,2017,1106,91,109,18,10,7,16,36,36,72,133,192,246,196,51,20,16,15,21,31,41,58,75,91,101,115,131,115,81,42,9,119,23,1
Samoa,2018,1118,90,108,18,10,7,16,37,36,74,137,198,248,199,52,20,17,15,21,31,43,59,78,94,104,116,132,118,81,41,11,118,23,1
Samoa,2019,1172,91,114,23,14,10,18,40,42,79,144,210,251,200,51,20,20,20,22,34,45,62,82,99,111,118,133,120,80,40,11,128,28,1
Samoa,2020,1143,86,102,16,11,7,16,39,36,74,142,214,251,200,50,20,19,15,21,30,44,60,82,100,114,120,131,121,79,39,11,113,23,1
Samoa,2021,1171,84,100,16,11,8,16,40,37,75,145,225,258,208,50,20,20,16,21,29,46,61,84,104,121,125,133,126,82,39,11,111,24,1
San Marino,1950,150,6,6,0,0,0,0,0,2,10,17,29,38,32,6,0,0,0,2,5,5,7,10,14,15,17,21,18,14,6,0,6,0,0
San Marino,1951,150,6,6,0,0,0,0,0,2,10,17,29,40,31,7,0,0,0,2,5,5,7,10,14,15,19,21,18,13,6,1,6,0,0
San Marino,1952,150,6,6,0,0,0,0,0,2,10,17,29,41,32,6,0,0,0,2,5,5,7,10,13,16,20,21,19,13,6,0,6,0,0
San Marino,1953,150,5,5,0,0,0,0,0,2,10,17,32,40,31,7,0,0,0,2,5,5,7,10,13,19,20,20,19,12,7,0,5,0,0
San Marino,1954,150,5,5,0,0,0,0,0,2,10,16,32,40,31,6,0,0,0,2,5,5,6,10,13,19,20,20,19,12,6,0,5,0,0
San Marino,1955,151,5,5,0,0,0,0,0,3,10,16,30,40,31,6,0,0,0,3,5,5,6,10,12,18,20,20,19,12,6,0,5,0,0
San Marino,1956,152,5,5,0,0,0,0,0,4,10,16,31,40,33,7,0,0,0,4,5,5,6,10,13,18,20,20,20,13,6,1,5,0,0
San Marino,1957,153,5,5,0,0,0,0,0,5,10,16,31,40,33,7,0,0,0,5,5,5,6,10,13,18,20,20,20,13,6,1,5,0,0
San Marino,1958,153,5,5,0,0,0,0,0,5,10,16,31,40,33,6,0,0,0,5,5,5,6,10,14,17,20,20,20,13,6,0,5,0,0
San Marino,1959,154,4,4,0,0,0,0,0,5,10,16,31,40,30,6,0,0,0,5,5,5,6,10,14,17,20,20,17,13,6,0,4,0,0
San Marino,1960,154,4,4,0,0,0,0,0,5,10,16,31,42,30,6,0,0,0,5,5,5,6,10,14,17,22,20,17,13,6,0,4,0,0
San Marino,1961,155,4,4,0,0,0,0,0,5,10,17,30,44,31,6,0,0,0,5,5,5,7,10,13,17,22,22,18,13,6,0,4,0,0
San Marino,1962,155,4,4,0,0,0,0,0,5,10,19,30,45,29,6,0,0,0,5,5,5,9,10,13,17,22,23,18,11,6,0,4,0,0
San Marino,1963,148,4,4,0,0,0,0,0,3,10,18,28,43,30,6,0,0,0,3,5,5,8,10,12,16,21,22,19,11,6,0,4,0,0
San Marino,1964,141,4,4,0,0,0,0,0,1,10,17,27,40,29,6,0,0,0,1,5,5,7,10,11,16,20,20,19,10,5,1,4,0,0
San Marino,1965,143,4,4,0,0,0,0,0,1,10,17,27,44,29,6,0,0,0,1,5,5,7,10,11,16,20,24,19,10,5,1,4,0,0
San Marino,1966,142,4,4,0,0,0,0,0,0,10,17,26,45,29,6,0,0,0,0,5,5,7,10,10,16,20,25,20,9,5,1,4,0,0
San Marino,1967,141,4,4,0,0,0,0,0,0,9,15,26,45,30,6,0,0,0,0,4,5,5,10,10,16,20,25,21,9,5,1,4,0,0
San Marino,1968,146,4,4,0,0,0,0,0,0,9,15,27,46,32,5,0,0,0,0,4,5,5,10,11,16,21,25,23,9,5,0,4,0,0
San Marino,1969,151,4,4,0,0,0,0,0,0,9,15,27,46,32,4,0,0,0,0,4,5,5,10,11,16,21,25,23,9,4,0,4,0,0
San Marino,1970,149,4,4,0,0,0,0,0,0,10,14,26,44,34,5,0,0,0,0,5,5,5,9,11,15,20,24,24,10,5,0,4,0,0
San Marino,1971,142,4,4,0,0,0,0,0,0,9,13,26,40,35,6,0,0,0,0,4,5,5,8,11,15,19,21,23,12,5,1,4,0,0
San Marino,1972,144,4,4,0,0,0,0,0,0,8,14,28,40,36,6,0,0,0,0,3,5,6,8,13,15,19,21,24,12,5,1,4,0,0
San Marino,1973,140,4,4,0,0,0,0,0,0,7,13,28,39,36,7,0,0,0,0,2,5,6,7,13,15,18,21,22,14,6,1,4,0,0
San Marino,1974,139,4,4,0,0,0,0,0,0,6,11,28,38,35,8,0,0,0,0,1,5,5,6,13,15,18,20,21,14,7,1,4,0,0
San Marino,1975,144,4,4,0,0,0,0,0,0,6,12,28,43,36,9,0,0,0,0,1,5,5,7,13,15,19,24,22,14,7,2,4,0,0
San Marino,1976,150,3,3,0,0,0,0,0,0,6,14,28,43,38,9,0,0,0,0,1,5,5,9,13,15,19,24,22,16,8,1,3,0,0
San Marino,1977,157,3,3,0,0,0,0,0,0,7,15,29,44,42,9,0,0,0,0,2,5,5,10,12,17,20,24,24,18,8,1,3,0,0
San Marino,1978,160,3,3,0,0,0,0,0,0,7,14,30,45,43,11,0,0,0,0,2,5,5,9,11,19,20,25,25,18,9,2,3,0,0
San Marino,1979,163,3,3,0,0,0,0,0,0,6,15,29,45,46,11,0,0,0,0,1,5,5,10,11,18,20,25,27,19,9,2,3,0,0
San Marino,1980,165,3,3,0,0,0,0,0,0,7,14,31,44,48,13,0,0,0,0,2,5,5,9,12,19,20,24,27,21,11,2,3,0,0
San Marino,1981,162,2,2,0,0,0,0,0,0,7,14,29,45,46,13,0,0,0,0,2,5,5,9,12,17,22,23,27,19,11,2,2,0,0
San Marino,1982,161,2,2,0,0,0,0,0,0,6,14,29,48,46,12,0,0,0,0,1,5,5,9,14,15,23,25,26,20,10,2,2,0,0
San Marino,1983,160,2,2,0,0,0,0,0,0,5,13,27,48,46,12,0,0,0,0,0,5,5,8,13,14,23,25,24,22,10,2,2,0,0
San Marino,1984,161,2,2,0,0,0,0,0,0,4,12,27,49,46,14,0,0,0,0,0,4,5,7,12,15,24,25,24,22,11,3,2,0,0
San Marino,1985,162,2,2,0,0,0,0,0,0,3,12,27,49,47,14,0,0,0,0,0,3,5,7,12,15,24,25,24,23,11,3,2,0,0
San Marino,1986,168,2,2,0,0,0,0,0,0,3,11,27,52,49,16,0,0,0,0,0,3,5,6,11,16,23,29,26,23,13,3,2,0,0
San Marino,1987,172,2,2,0,0,0,0,0,0,2,10,27,52,54,17,0,0,0,0,0,2,5,5,10,17,20,32,29,25,14,3,2,0,0
San Marino,1988,172,2,2,0,0,0,0,0,0,1,10,28,54,52,17,0,0,0,0,0,1,5,5,10,18,20,34,30,22,14,3,2,0,0
San Marino,1989,172,3,3,0,0,0,0,0,0,1,11,28,53,52,17,0,0,0,0,0,1,5,6,10,18,20,33,30,22,14,3,3,0,1
San Marino,1990,176,3,3,0,0,0,0,0,0,1,11,27,53,56,18,0,0,0,0,0,1,5,6,10,17,20,33,34,22,14,4,3,0,1
San Marino,1991,181,2,2,0,0,0,0,0,0,2,11,27,54,61,19,0,0,0,0,0,2,5,6,10,17,23,31,37,24,14,5,2,0,1
San Marino,1992,189,2,2,0,0,0,0,0,0,3,12,26,56,65,19,0,0,0,0,0,3,5,7,10,16,26,30,39,26,14,5,2,0,1
San Marino,1993,196,2,2,0,0,0,0,0,0,3,12,30,55,69,21,0,0,0,0,0,3,5,7,12,18,27,28,40,29,16,5,2,0,1
San Marino,1994,199,2,2,0,0,0,0,0,0,4,12,29,57,68,23,0,0,0,0,0,4,5,7,12,17,27,30,39,29,17,6,2,0,1
San Marino,1995,202,2,2,0,0,0,0,0,0,4,12,28,56,69,25,0,0,0,0,0,4,5,7,11,17,25,31,38,31,18,7,2,0,1
San Marino,1996,217,3,3,0,0,0,0,0,0,3,12,29,62,77,30,0,0,0,0,0,3,5,7,12,17,27,35,40,37,21,9,3,0,1
San Marino,1997,218,3,3,0,0,0,0,0,0,3,12,28,62,75,31,0,0,0,0,0,3,5,7,11,17,25,37,38,37,22,9,3,0,1
San Marino,1998,219,2,2,0,0,0,0,0,0,3,11,28,61,73,35,0,0,0,0,0,3,5,6,11,17,25,36,37,36,26,9,2,0,1
San Marino,1999,225,2,2,0,0,0,0,0,0,3,11,28,63,75,35,0,0,0,0,0,3,5,6,11,17,25,38,37,38,25,10,2,0,1
San Marino,2000,241,2,2,0,0,0,0,0,0,3,12,30,67,84,38,0,0,0,0,0,3,5,7,12,18,27,40,43,41,28,10,2,0,1
San Marino,2001,237,2,2,0,0,0,0,0,0,4,12,29,63,82,39,0,0,0,0,0,4,5,7,11,18,25,38,43,39,27,12,2,0,1
San Marino,2002,236,1,1,0,0,0,0,0,0,4,12,29,61,82,39,0,0,0,0,0,4,5,7,11,18,25,36,42,40,27,12,1,0,2
San Marino,2003,246,1,1,0,0,0,0,0,0,5,12,28,62,89,41,0,0,0,0,0,5,5,7,11,17,25,37,48,41,29,12,1,0,2
San Marino,2004,254,1,1,0,0,0,0,0,0,7,13,28,63,93,43,0,0,0,0,2,5,5,8,11,17,27,36,51,42,30,13,1,0,2
San Marino,2005,253,1,1,0,0,0,0,0,0,6,13,27,61,95,43,0,0,0,0,1,5,5,8,10,17,25,36,53,42,30,13,1,0,2
San Marino,2006,246,1,1,0,0,0,0,0,0,6,12,27,60,92,42,0,0,0,0,1,5,5,7,10,17,25,35,50,42,29,13,1,0,2
San Marino,2007,236,1,1,0,0,0,0,0,0,5,12,25,57,87,43,0,0,0,0,0,5,5,7,10,15,23,34,46,41,29,14,1,0,2
San Marino,2008,252,1,1,0,0,0,0,0,0,5,11,26,59,93,51,0,0,0,0,0,5,5,6,10,16,24,35,46,47,35,16,1,0,3
San Marino,2009,270,1,1,0,0,0,0,0,0,4,11,26,60,101,63,0,0,0,0,0,4,5,6,10,16,24,36,48,53,43,20,1,0,3
San Marino,2010,274,1,1,0,0,0,0,0,0,4,11,24,60,105,64,0,0,0,0,0,4,5,6,10,14,24,36,50,55,44,20,1,0,3
San Marino,2011,282,1,1,0,0,0,0,0,0,4,11,25,61,107,64,0,0,0,0,0,4,5,6,10,15,24,37,51,56,44,20,1,0,4
San Marino,2012,299,1,1,0,0,0,0,0,0,4,11,28,64,115,68,0,0,0,0,0,4,5,6,11,17,25,39,55,60,47,21,1,0,4
San Marino,2013,315,1,1,0,0,0,0,0,0,4,12,28,65,124,72,0,0,0,0,0,4,5,7,12,16,25,40,58,66,50,22,1,0,4
San Marino,2014,303,1,1,0,0,0,0,0,0,4,11,26,60,120,72,0,0,0,0,0,4,5,6,11,15,23,37,58,62,50,22,1,0,4
San Marino,2015,307,1,1,0,0,0,0,0,0,4,12,27,63,119,74,0,0,0,0,0,4,5,7,10,17,25,38,56,63,50,24,1,0,4
San Marino,2016,314,1,1,0,0,0,0,0,0,4,12,28,62,125,75,0,0,0,0,0,4,5,7,11,17,23,39,57,68,50,25,1,0,4
San Marino,2017,325,1,1,0,0,0,0,0,0,4,13,29,67,126,81,0,0,0,0,0,4,5,8,11,18,27,40,56,70,55,26,1,0,5
San Marino,2018,330,1,1,0,0,0,0,0,0,4,14,29,67,128,79,0,0,0,0,0,4,5,9,12,17,26,41,57,71,54,25,1,0,5
San Marino,2019,332,1,1,0,0,0,0,0,0,4,15,29,66,129,81,0,0,0,0,0,4,5,10,12,17,28,38,59,70,56,25,1,0,5
San Marino,2020,438,1,1,0,0,0,0,0,0,8,30,52,100,152,85,0,0,0,0,2,6,12,18,22,30,46,54,72,80,60,25,1,0,5
San Marino,2021,391,1,1,0,0,0,0,0,0,6,26,48,90,134,82,0,0,0,0,1,5,10,16,21,27,40,50,64,70,57,25,1,0,5
Sao Tome and Principe,1950,1540,477,808,331,61,19,20,130,100,71,70,77,102,78,5,65,65,57,43,36,35,35,35,36,41,51,51,55,23,5,0,869,39,0
Sao Tome and Principe,1951,1562,486,826,340,66,22,16,124,104,72,73,79,99,76,5,58,66,59,45,37,35,38,35,38,41,49,50,52,24,5,0,892,38,0
Sao Tome and Principe,1952,1562,479,821,342,66,25,20,116,107,73,77,82,97,75,5,50,66,59,48,38,35,37,40,40,42,49,48,48,27,5,0,887,45,0
Sao Tome and Principe,1953,1555,470,813,343,65,26,25,110,108,74,77,82,96,73,5,44,66,59,49,39,35,37,40,40,42,48,48,45,28,5,0,878,51,0
Sao Tome and Principe,1954,1554,466,811,345,63,28,30,104,108,75,76,85,97,71,7,41,63,57,51,40,35,36,40,43,42,49,48,41,30,7,0,874,58,0
Sao Tome and Principe,1955,1576,472,824,352,63,27,36,104,109,77,78,90,97,65,8,43,61,57,52,42,35,36,42,45,45,49,48,37,28,8,0,887,63,0
Sao Tome and Principe,1956,1708,487,851,364,72,31,45,130,131,92,85,100,99,63,8,56,74,69,62,50,42,40,45,50,50,50,49,37,26,8,0,923,76,0
Sao Tome and Principe,1957,1687,513,900,387,66,26,41,116,113,84,80,96,96,59,9,56,60,61,52,44,40,38,42,49,47,50,46,36,23,9,0,966,67,0
Sao Tome and Principe,1958,1645,501,859,358,63,24,38,122,112,85,82,100,96,58,10,63,59,61,51,45,40,40,42,50,50,50,46,36,22,10,0,922,62,0
Sao Tome and Principe,1959,1584,480,799,319,59,22,33,129,109,84,81,103,98,55,10,68,61,61,48,44,40,40,41,53,50,52,46,36,19,9,1,858,55,0
Sao Tome and Principe,1960,1522,456,741,285,57,20,27,135,110,83,81,107,101,54,9,69,66,62,48,43,40,40,41,52,55,55,46,35,19,8,1,798,47,0
Sao Tome and Principe,1961,1459,426,677,251,54,19,22,139,112,80,85,107,103,53,9,67,72,63,49,40,40,44,41,52,55,55,48,34,19,8,1,731,41,0
Sao Tome and Principe,1962,1400,399,625,226,53,20,19,124,110,80,88,112,111,51,8,55,69,60,50,40,40,43,45,52,60,60,51,33,18,7,1,678,39,0
Sao Tome and Principe,1963,1388,364,577,213,58,24,22,117,117,84,94,119,118,53,9,49,68,63,54,44,40,46,48,55,64,64,54,35,18,7,2,635,46,0
Sao Tome and Principe,1964,1333,330,520,190,57,26,25,105,113,85,96,121,122,54,7,42,63,60,53,44,41,46,50,56,65,65,57,36,18,6,1,577,51,0
Sao Tome and Principe,1965,1248,309,487,178,52,26,25,82,97,81,92,119,128,54,7,32,50,50,47,41,40,43,49,54,65,69,59,38,16,6,1,539,51,0
Sao Tome and Principe,1966,1147,306,485,179,46,21,21,57,70,64,79,110,125,55,7,23,34,35,35,32,32,36,43,49,61,65,60,39,16,6,1,531,42,0
Sao Tome and Principe,1967,1058,295,465,170,40,20,20,43,50,52,70,103,126,59,6,20,23,25,25,25,27,32,38,47,56,65,61,42,17,6,0,505,40,0
Sao Tome and Principe,1968,1044,293,460,167,39,20,20,40,43,50,68,103,134,62,6,20,20,20,23,25,25,31,37,47,56,69,65,45,17,6,0,499,40,0
Sao Tome and Principe,1969,1059,291,452,161,40,20,22,43,40,51,70,106,141,67,6,23,20,20,20,25,26,32,38,48,58,71,70,49,18,6,0,492,42,0
Sao Tome and Principe,1970,1027,291,449,158,35,19,20,36,31,43,65,103,144,71,6,20,16,15,16,20,23,29,36,46,57,71,73,51,20,6,0,484,39,0
Sao Tome and Principe,1971,1011,269,413,144,35,20,22,40,32,44,68,108,146,75,6,23,17,15,17,20,24,31,37,49,59,72,74,55,20,6,0,448,42,0
Sao Tome and Principe,1972,1005,266,396,130,35,20,23,40,32,44,70,109,147,81,6,23,17,15,17,20,24,32,38,49,60,72,75,58,23,6,0,431,43,0
Sao Tome and Principe,1973,998,258,377,119,35,19,23,40,33,46,71,111,152,85,6,23,17,15,18,20,26,32,39,50,61,74,78,59,26,6,0,412,42,0
Sao Tome and Principe,1974,1015,260,375,115,37,20,23,42,33,47,73,115,154,89,7,24,18,15,18,21,26,33,40,51,64,75,79,62,27,7,0,412,43,0
Sao Tome and Principe,1975,1029,260,372,112,37,20,23,43,33,49,76,117,156,92,7,24,19,15,18,22,27,34,42,52,65,76,80,63,29,7,0,409,43,0
Sao Tome and Principe,1976,1039,263,371,108,35,20,24,44,33,50,78,120,158,95,8,25,19,15,18,22,28,35,43,54,66,78,80,65,30,8,0,406,44,0
Sao Tome and Principe,1977,1055,268,377,109,34,20,24,45,33,51,80,120,162,100,8,25,20,15,18,23,28,36,44,54,66,79,83,68,32,8,0,411,44,0
Sao Tome and Principe,1978,1061,276,387,111,33,20,24,44,31,49,79,121,162,99,9,25,19,15,16,22,27,35,44,54,67,80,82,67,32,9,0,420,44,0
Sao Tome and Principe,1979,1075,291,411,120,32,20,23,42,30,47,75,119,162,101,10,24,18,15,15,20,27,33,42,54,65,80,82,67,34,9,1,443,43,0
Sao Tome and Principe,1980,1104,301,428,127,32,20,24,43,30,48,78,122,165,105,11,24,19,15,15,21,27,35,43,56,66,81,84,69,36,10,1,460,44,0
Sao Tome and Principe,1981,1151,319,458,139,34,20,24,43,30,48,79,125,171,106,12,24,19,15,15,21,27,35,44,56,69,83,88,69,37,11,1,492,44,0
Sao Tome and Principe,1982,1181,328,476,148,34,19,24,42,30,48,82,127,177,108,13,24,18,15,15,20,28,37,45,58,69,86,91,71,37,12,1,510,43,0
Sao Tome and Principe,1983,1207,342,499,157,35,20,25,42,30,46,82,128,175,111,13,24,18,15,15,19,27,37,45,58,70,85,90,73,38,12,1,534,45,0
Sao Tome and Principe,1984,1222,352,514,162,38,20,25,41,30,45,81,129,174,112,13,23,18,15,15,18,27,36,45,59,70,84,90,74,38,12,1,552,45,0
Sao Tome and Principe,1985,1218,346,500,154,38,20,24,42,30,44,82,130,174,114,14,24,18,15,15,18,26,36,46,59,71,84,90,75,39,12,2,538,44,0
Sao Tome and Principe,1986,1359,355,534,179,55,28,33,59,42,53,93,144,182,118,14,33,26,22,20,22,31,41,52,66,78,89,93,78,40,12,2,589,61,0
Sao Tome and Principe,1987,1185,334,472,138,34,20,23,42,30,41,81,135,174,115,14,24,18,15,15,17,24,35,46,61,74,85,89,75,40,12,2,506,43,0
Sao Tome and Principe,1988,1188,333,469,136,34,20,23,43,30,41,82,137,176,116,14,25,18,15,15,17,24,35,47,62,75,87,89,75,41,12,2,503,43,0
Sao Tome and Principe,1989,1274,342,491,149,43,25,26,55,40,45,90,146,180,119,15,32,23,20,20,20,25,39,51,67,79,91,89,75,44,13,2,534,51,0
Sao Tome and Principe,1990,1220,336,470,134,35,20,23,50,39,42,85,145,181,119,15,29,21,20,19,20,22,36,49,66,79,91,90,75,44,13,2,505,43,0
Sao Tome and Principe,1991,1245,344,482,138,35,20,24,50,40,43,84,149,184,119,16,28,22,20,20,20,23,35,49,68,81,93,91,75,44,14,2,517,44,0
Sao Tome and Principe,1992,1274,350,489,139,38,21,25,51,40,43,85,154,192,119,17,28,23,20,20,20,23,35,50,69,85,98,94,75,44,15,2,527,46,0
Sao Tome and Principe,1993,1300,353,492,139,39,23,28,56,40,44,85,158,198,118,17,30,26,20,20,20,24,34,51,70,88,101,97,75,43,15,2,531,51,0
Sao Tome and Principe,1994,1321,352,490,138,39,24,29,57,44,50,85,161,205,120,17,30,27,24,20,25,25,34,51,71,90,104,101,77,43,15,2,529,53,0
Sao Tome and Principe,1995,1336,348,483,135,39,25,32,58,50,50,85,164,212,122,18,30,28,25,25,25,25,34,51,72,92,108,104,79,43,16,2,522,57,0
Sao Tome and Principe,1996,1347,343,471,128,39,25,33,61,50,51,84,166,221,124,18,32,29,25,25,25,26,34,50,73,93,112,109,81,43,16,2,510,58,0
Sao Tome and Principe,1997,1354,335,456,121,39,26,36,65,51,57,84,169,225,128,18,35,30,26,25,27,30,34,50,74,95,113,112,84,44,16,2,495,62,0
Sao Tome and Principe,1998,1365,326,439,113,39,26,37,68,60,60,85,170,231,131,19,38,30,30,30,30,30,35,50,75,95,115,116,87,44,16,3,478,63,0
Sao Tome and Principe,1999,1362,316,419,103,38,26,40,72,60,62,86,171,237,134,19,41,31,30,30,30,32,36,50,75,96,117,120,90,44,16,3,457,66,0
Sao Tome and Principe,2000,1355,305,400,95,37,26,41,75,61,66,82,171,239,139,19,43,32,30,31,31,35,35,47,75,96,117,122,93,46,16,3,437,67,0
Sao Tome and Principe,2001,1339,294,379,85,36,26,42,79,62,70,81,170,237,140,19,46,33,30,32,35,35,35,46,74,96,115,122,94,46,16,3,415,68,0
Sao Tome and Principe,2002,1325,290,370,80,32,23,40,80,61,71,85,165,234,144,19,46,34,30,31,35,36,40,45,71,94,114,120,97,47,16,3,402,63,0
Sao Tome and Principe,2003,1309,276,353,77,31,22,39,80,61,72,84,163,234,147,19,45,35,30,31,35,37,40,44,68,95,114,120,98,49,16,3,384,61,0
Sao Tome and Principe,2004,1290,262,335,73,29,21,36,80,61,76,89,161,235,149,19,44,36,30,31,36,40,43,46,66,95,115,120,99,50,16,3,364,57,0
Sao Tome and Principe,2005,1312,250,324,74,31,22,38,86,67,78,92,161,239,150,19,47,39,32,35,38,40,45,47,66,95,117,122,99,51,16,3,355,60,0
Sao Tome and Principe,2006,1281,234,297,63,27,21,35,84,68,82,98,157,240,157,19,45,39,33,35,38,44,48,50,63,94,118,122,102,55,16,3,324,56,0
Sao Tome and Principe,2007,1275,219,275,56,27,21,35,86,70,83,104,154,245,157,20,45,41,35,35,38,45,49,55,61,93,119,126,102,55,17,3,302,56,0
Sao Tome and Principe,2008,1268,206,257,51,27,18,34,87,72,89,106,153,246,157,20,45,42,37,35,41,48,51,55,62,91,119,127,102,55,17,3,284,52,0
Sao Tome and Principe,2009,1283,192,238,46,26,18,35,89,80,93,115,153,251,160,22,45,44,40,40,42,51,55,60,64,89,120,131,103,57,19,3,264,53,0
Sao Tome and Principe,2010,1292,179,220,41,26,20,35,90,83,99,124,153,252,165,23,45,45,42,41,45,54,60,64,66,87,119,133,105,60,20,3,246,55,0
Sao Tome and Principe,2011,1337,167,205,38,27,21,40,100,92,109,136,157,254,168,23,50,50,47,45,50,59,65,71,71,86,119,135,108,60,20,3,232,61,0
Sao Tome and Principe,2012,1294,155,188,33,24,18,37,91,90,105,139,155,247,172,24,46,45,45,45,49,56,68,71,73,82,114,133,112,60,21,3,212,55,0
Sao Tome and Principe,2013,1275,144,174,30,24,17,35,87,90,104,140,157,244,177,25,44,43,45,45,48,56,68,72,77,80,112,132,116,61,21,4,198,52,0
Sao Tome and Principe,2014,1259,131,158,27,21,17,34,82,90,104,144,161,239,180,26,42,40,45,45,48,56,69,75,80,81,108,131,119,61,22,4,179,51,0
Sao Tome and Principe,2015,1252,118,143,25,20,17,34,80,90,108,145,166,236,185,26,40,40,43,47,51,57,69,76,84,82,105,131,122,63,22,4,163,51,0
Sao Tome and Principe,2016,1258,107,130,23,19,17,34,80,91,110,150,173,234,189,28,40,40,43,48,51,59,70,80,87,86,102,132,123,66,23,5,149,51,0
Sao Tome and Principe,2017,1225,96,117,21,17,16,33,72,85,110,152,175,226,190,30,37,35,39,46,51,59,69,83,87,88,97,129,122,68,25,5,134,49,0
Sao Tome and Principe,2018,1247,89,108,19,17,16,34,73,87,116,159,185,226,200,31,38,35,39,48,54,62,72,87,91,94,97,129,126,74,26,5,125,50,1
Sao Tome and Principe,2019,1266,83,99,16,17,16,34,73,89,121,164,194,224,203,31,38,35,39,50,57,64,74,90,95,99,98,126,127,76,26,5,116,50,1
Sao Tome and Principe,2020,1376,78,94,16,17,16,34,72,88,130,182,229,249,229,35,37,35,37,51,61,69,82,100,110,119,115,134,141,88,29,6,111,50,1
Sao Tome and Principe,2021,1428,76,92,16,16,16,35,74,88,138,193,247,254,240,37,39,35,37,51,64,74,88,105,120,127,122,132,146,94,31,6,108,51,1
Saudi Arabia,1950,76601,31710,48797,17087,3003,1374,1437,3217,2841,2956,3446,4409,3935,1060,122,1700,1517,1426,1415,1466,1490,1651,1795,2137,2272,2255,1680,703,357,104,18,51800,2811,2
Saudi Arabia,1951,79146,32709,50508,17799,3074,1397,1470,3299,2902,3009,3516,4541,4151,1151,126,1743,1556,1459,1443,1492,1517,1682,1834,2193,2348,2352,1799,813,338,109,17,53582,2867,2
Saudi Arabia,1952,80426,32974,51186,18212,3096,1402,1486,3335,2925,3026,3570,4657,4351,1254,135,1761,1574,1473,1452,1497,1529,1704,1866,2240,2417,2445,1906,940,314,116,19,54282,2888,2
Saudi Arabia,1953,81448,33257,51718,18461,3082,1403,1493,3352,2935,3037,3610,4761,4535,1378,139,1768,1584,1479,1456,1499,1538,1719,1891,2281,2480,2532,2003,1072,306,120,19,54800,2896,2
Saudi Arabia,1954,82307,33504,52077,18573,3087,1405,1496,3359,2946,3050,3653,4862,4715,1515,139,1771,1588,1484,1462,1503,1547,1736,1917,2322,2540,2620,2095,1189,326,119,20,55164,2901,2
Saudi Arabia,1955,83291,33762,52346,18584,3174,1419,1509,3390,2980,3079,3711,4977,4903,1663,135,1786,1604,1502,1478,1516,1563,1761,1950,2371,2606,2712,2191,1291,372,116,19,55520,2928,2
Saudi Arabia,1956,84074,33987,52515,18528,3255,1430,1516,3407,3001,3099,3756,5079,5076,1811,129,1794,1613,1512,1489,1526,1573,1780,1976,2412,2667,2796,2280,1379,432,108,21,55770,2946,2
Saudi Arabia,1957,84849,34237,52710,18473,3318,1440,1519,3415,3018,3114,3798,5178,5250,1959,123,1798,1617,1522,1496,1532,1582,1796,2002,2453,2725,2878,2372,1460,499,100,23,56028,2959,2
Saudi Arabia,1958,85760,34495,52895,18400,3393,1449,1534,3453,3064,3157,3862,5292,5428,2103,124,1817,1636,1544,1520,1555,1602,1823,2039,2501,2791,2963,2465,1535,568,100,24,56288,2983,2
Saudi Arabia,1959,86656,34741,53064,18323,3461,1469,1555,3485,3107,3200,3925,5409,5606,2238,131,1833,1652,1564,1543,1577,1623,1849,2076,2550,2859,3047,2559,1610,628,108,23,56525,3024,2
Saudi Arabia,1960,87264,35029,53237,18208,3476,1493,1567,3479,3110,3210,3954,5485,5754,2356,147,1830,1649,1564,1546,1581,1629,1859,2095,2578,2907,3114,2640,1676,680,125,22,56713,3060,2
Saudi Arabia,1961,88112,35365,53503,18138,3489,1525,1585,3491,3137,3244,3998,5580,5918,2473,167,1834,1657,1575,1562,1600,1644,1876,2122,2617,2963,3191,2727,1747,726,146,21,56992,3110,2
Saudi Arabia,1962,88876,35734,53803,18069,3479,1549,1592,3492,3152,3268,4034,5662,6075,2586,187,1834,1658,1580,1572,1610,1658,1889,2145,2648,3014,3262,2813,1818,768,168,19,57282,3141,2
Saudi Arabia,1963,90040,36172,54159,17987,3502,1596,1617,3553,3219,3339,4108,5783,6251,2703,209,1862,1691,1611,1608,1646,1693,1922,2186,2704,3079,3347,2904,1894,809,189,20,57661,3213,2
Saudi Arabia,1964,91231,36658,54565,17907,3515,1635,1642,3616,3285,3410,4183,5903,6429,2816,228,1895,1721,1643,1642,1681,1729,1956,2227,2757,3146,3434,2995,1969,847,208,20,58080,3277,2
Saudi Arabia,1965,92076,36979,54765,17786,3513,1651,1677,3654,3325,3463,4243,6006,6595,2932,252,1917,1737,1661,1664,1706,1757,1983,2260,2802,3204,3513,3082,2045,887,227,25,58278,3328,2
Saudi Arabia,1966,93145,37228,54910,17682,3520,1663,1727,3728,3400,3557,4350,6158,6799,3060,271,1959,1769,1695,1705,1752,1805,2035,2315,2872,3286,3614,3185,2130,930,243,28,58430,3390,2
Saudi Arabia,1967,93747,37433,54820,17387,3500,1662,1766,3769,3452,3634,4430,6281,6972,3171,289,1983,1786,1719,1733,1789,1845,2074,2356,2926,3355,3695,3277,2203,968,256,33,58320,3428,2
Saudi Arabia,1968,93770,37406,54418,17012,3443,1643,1798,3751,3465,3674,4487,6376,7125,3280,306,1970,1781,1723,1742,1805,1869,2102,2385,2965,3411,3765,3360,2272,1008,269,37,57861,3441,2
Saudi Arabia,1969,93600,37235,53786,16551,3382,1619,1821,3743,3477,3722,4554,6483,7292,3395,323,1962,1781,1724,1753,1824,1898,2134,2420,3009,3474,3842,3450,2345,1050,282,41,57168,3440,2
Saudi Arabia,1970,93414,37006,52981,15975,3328,1599,1832,3784,3514,3794,4651,6613,7471,3511,339,1989,1795,1740,1774,1855,1939,2182,2469,3067,3546,3925,3546,2420,1091,296,43,56309,3431,3
Saudi Arabia,1971,92744,36699,52029,15330,3225,1555,1806,3775,3499,3824,4718,6707,7629,3621,356,1991,1784,1728,1771,1863,1961,2213,2505,3104,3603,3997,3632,2492,1129,308,48,55254,3361,3
Saudi Arabia,1972,92312,36387,51053,14666,3136,1518,1789,3809,3526,3890,4820,6837,7818,3742,370,2015,1794,1735,1791,1887,2003,2260,2560,3158,3679,4086,3732,2571,1171,321,49,54189,3307,3
Saudi Arabia,1973,91471,35919,49843,13924,3015,1468,1757,3814,3532,3940,4909,6950,7999,3855,386,2029,1785,1735,1797,1905,2035,2301,2608,3207,3743,4169,3830,2647,1208,334,52,52858,3225,4
Saudi Arabia,1974,90833,35438,48679,13241,2904,1423,1729,3830,3558,4003,5021,7087,8202,3987,402,2042,1788,1745,1813,1928,2075,2353,2668,3267,3820,4265,3937,2737,1250,347,55,51583,3152,4
Saudi Arabia,1975,90348,35075,47754,12679,2801,1382,1692,3812,3565,4050,5120,7217,8404,4124,420,2018,1794,1747,1818,1943,2107,2395,2725,3324,3893,4358,4046,2831,1293,362,58,50555,3074,4
Saudi Arabia,1976,89517,34224,46281,12057,2756,1393,1718,3800,3523,4065,5230,7386,8647,4275,438,2010,1790,1726,1797,1939,2126,2440,2790,3398,3988,4482,4165,2930,1345,378,60,49037,3111,5
Saudi Arabia,1977,87919,33048,44459,11411,2691,1395,1733,3737,3423,4005,5263,7488,8852,4410,457,1978,1759,1677,1746,1898,2107,2445,2818,3439,4049,4575,4277,3016,1394,393,64,47150,3128,5
Saudi Arabia,1978,86509,32044,42750,10706,2597,1382,1748,3715,3341,3966,5306,7597,9074,4550,474,1968,1747,1635,1706,1868,2098,2454,2852,3486,4111,4673,4401,3101,1449,409,65,45347,3130,5
Saudi Arabia,1979,85552,31151,41201,10050,2504,1373,1792,3799,3333,3942,5352,7717,9326,4716,494,2016,1783,1639,1694,1850,2092,2465,2887,3539,4178,4779,4547,3205,1511,425,69,43705,3165,6
Saudi Arabia,1980,83839,30201,39629,9428,2371,1332,1758,3631,3195,3835,5337,7793,9550,4888,515,1935,1696,1570,1625,1786,2049,2442,2895,3567,4226,4864,4686,3317,1571,442,73,42000,3090,6
Saudi Arabia,1981,82941,29301,38136,8835,2270,1312,1775,3655,3203,3826,5390,7933,9811,5086,538,1955,1700,1579,1624,1775,2051,2455,2935,3631,4302,4971,4840,3455,1631,462,76,40406,3087,6
Saudi Arabia,1982,81769,28372,36708,8336,2151,1277,1760,3595,3147,3750,5376,8031,10079,5325,563,1929,1666,1556,1591,1732,2018,2436,2940,3667,4364,5072,5007,3622,1703,485,78,38859,3037,7
Saudi Arabia,1983,80793,27420,35201,7781,2047,1242,1752,3605,3166,3744,5406,8157,10324,5550,591,1934,1671,1572,1594,1727,2017,2441,2965,3718,4439,5161,5163,3783,1767,508,83,37248,2994,7
Saudi Arabia,1984,80225,26443,33736,7293,1969,1208,1754,3644,3222,3777,5479,8344,10634,5828,621,1952,1692,1603,1619,1746,2031,2470,3009,3794,4550,5284,5350,3977,1851,534,87,35705,2962,7
Saudi Arabia,1985,79517,25401,32229,6828,1891,1167,1741,3661,3280,3816,5540,8502,10917,6111,654,1953,1708,1627,1653,1770,2046,2495,3045,3853,4649,5393,5524,4168,1943,563,91,34120,2908,8
Saudi Arabia,1986,78902,24293,30661,6368,1820,1125,1729,3684,3367,3888,5619,8681,11211,6419,686,1954,1730,1663,1704,1813,2075,2528,3091,3919,4762,5513,5698,4369,2050,591,95,32481,2854,8
Saudi Arabia,1987,78617,23083,28989,5906,1761,1086,1730,3768,3531,4054,5776,8915,11529,6744,720,1983,1785,1735,1796,1903,2151,2605,3171,4015,4900,5655,5874,4576,2168,619,101,30750,2816,8
Saudi Arabia,1988,77956,21943,27422,5479,1688,1046,1698,3750,3618,4162,5862,9061,11807,7075,758,1961,1789,1765,1853,1962,2200,2644,3218,4065,4996,5780,6027,4780,2295,651,107,29110,2744,9
Saudi Arabia,1989,77430,20751,25836,5085,1615,1012,1659,3726,3717,4312,5976,9221,12108,7433,804,1936,1790,1800,1917,2040,2272,2696,3280,4124,5097,5925,6183,4996,2437,691,113,27451,2671,9
Saudi Arabia,1990,77143,19531,24218,4687,1570,1005,1638,3738,3857,4526,6131,9387,12416,7790,858,1930,1808,1853,2004,2150,2376,2770,3361,4192,5195,6079,6337,5207,2583,736,122,25788,2643,10
Saudi Arabia,1991,77046,18385,22701,4316,1510,990,1600,3762,4031,4807,6333,9562,12707,8124,913,1929,1833,1920,2111,2289,2518,2874,3459,4272,5290,6227,6480,5396,2728,784,129,24211,2590,11
Saudi Arabia,1992,76112,17224,21168,3944,1426,962,1516,3622,4033,4965,6434,9615,12933,8447,977,1850,1772,1896,2137,2358,2607,2933,3501,4297,5318,6327,6606,5566,2881,840,137,22594,2478,11
Saudi Arabia,1993,76056,16166,19768,3602,1380,961,1515,3606,4120,5204,6641,9789,13219,8793,1049,1838,1768,1918,2202,2465,2739,3050,3591,4388,5401,6456,6763,5740,3053,903,146,21148,2476,12
Saudi Arabia,1994,75388,15232,18519,3287,1288,930,1577,3658,4066,5175,6675,9939,13369,9056,1125,1875,1783,1894,2172,2446,2729,3081,3594,4461,5478,6528,6841,5841,3215,968,157,19807,2507,13
Saudi Arabia,1995,75148,14301,17334,3033,1233,916,1690,3856,4096,5104,6648,10115,13601,9328,1211,1988,1868,1930,2166,2424,2680,3069,3579,4532,5583,6633,6968,5939,3389,1042,169,18567,2606,14
Saudi Arabia,1996,75274,13466,16286,2820,1171,880,1723,4016,4208,5192,6725,10295,13875,9585,1300,2074,1942,1995,2213,2474,2718,3093,3632,4586,5709,6762,7113,6029,3556,1117,183,17457,2603,15
Saudi Arabia,1997,75770,12754,15383,2629,1136,862,1748,4249,4399,5322,6783,10456,14179,9843,1398,2197,2052,2103,2296,2546,2776,3089,3694,4619,5837,6910,7269,6127,3716,1198,200,16519,2610,16
Saudi Arabia,1998,75162,12118,14579,2461,1091,835,1685,4321,4442,5271,6608,10385,14353,10072,1500,2236,2085,2140,2302,2527,2744,2962,3646,4528,5857,6985,7368,6227,3845,1283,217,15670,2520,18
Saudi Arabia,1999,75284,11535,13843,2308,1043,795,1598,4450,4646,5402,6510,10400,14638,10329,1606,2283,2167,2243,2403,2598,2804,2896,3614,4488,5912,7121,7517,6370,3959,1371,235,14886,2393,19
Saudi Arabia,2000,75009,11005,13195,2190,1017,776,1508,4471,4798,5499,6312,10275,14847,10574,1717,2246,2225,2309,2489,2654,2845,2825,3487,4414,5861,7196,7651,6516,4058,1460,257,14212,2284,21
Saudi Arabia,2001,73366,10333,12370,2037,968,744,1399,4273,4765,5417,5912,9950,14919,10798,1829,2079,2194,2278,2487,2624,2793,2704,3208,4276,5674,7173,7746,6647,4151,1550,279,13338,2143,23
Saudi Arabia,2002,72524,9663,11566,1903,930,723,1328,4154,4905,5545,5623,9684,15051,11047,1937,1929,2225,2318,2587,2706,2839,2691,2932,4186,5498,7168,7883,6796,4251,1634,303,12496,2051,26
Saudi Arabia,2003,72036,8969,10753,1784,903,713,1288,4031,5103,5788,5415,9392,15205,11371,2042,1780,2251,2383,2720,2849,2939,2750,2665,4074,5318,7148,8057,6983,4388,1714,328,11656,2001,28
Saudi Arabia,2004,70160,8328,9987,1659,832,667,1198,3673,5059,5911,5192,8808,15049,11628,2127,1555,2118,2331,2728,2921,2990,2794,2398,3776,5032,6937,8112,7116,4512,1774,353,10819,1865,31
Saudi Arabia,2005,69551,7808,9365,1557,788,654,1174,3290,4890,6091,5524,8602,14944,11968,2228,1391,1899,2230,2660,2976,3115,3014,2510,3601,5001,6804,8140,7292,4676,1847,381,10153,1828,34
Saudi Arabia,2006,70330,7634,9064,1430,749,650,1241,3350,5023,6517,6078,8500,14509,12281,2331,1476,1874,2310,2713,3149,3368,3269,2809,3532,4968,6555,7954,7424,4857,1921,410,9813,1891,38
Saudi Arabia,2007,71134,7537,8878,1341,714,646,1285,3418,5156,6911,6642,8508,13999,12499,2440,1560,1858,2384,2772,3285,3626,3533,3109,3526,4982,6255,7744,7460,5039,2003,437,9592,1931,42
Saudi Arabia,2008,71876,7259,8537,1278,679,638,1305,3503,5318,7305,7233,8655,13474,12628,2560,1628,1875,2452,2866,3409,3896,3842,3391,3611,5044,5943,7531,7400,5228,2097,463,9216,1943,46
Saudi Arabia,2009,73152,7012,8293,1281,659,637,1319,3603,5525,7715,7888,8964,13037,12760,2705,1680,1923,2517,3008,3539,4176,4214,3674,3799,5165,5706,7331,7296,5464,2215,490,8952,1956,50
Saudi Arabia,2010,73175,6692,7897,1205,589,586,1250,3535,5564,7941,8469,9214,12514,12722,2840,1637,1898,2490,3074,3591,4350,4552,3917,3963,5251,5534,6980,7085,5637,2326,514,8486,1836,55
Saudi Arabia,2011,72640,6397,7558,1161,547,553,1177,3243,5376,7966,9045,9245,12228,12657,2986,1507,1736,2336,3040,3592,4374,4772,4273,4068,5177,5638,6590,6903,5754,2444,542,8105,1730,59
Saudi Arabia,2012,74331,6059,7178,1119,529,534,1154,3071,5461,8514,10090,9581,12354,12653,3147,1436,1635,2282,3179,3851,4663,5184,4906,4435,5146,5988,6366,6820,5833,2573,574,7707,1688,64
Saudi Arabia,2013,76804,5711,6789,1078,522,520,1158,2964,5572,9245,11238,10207,12598,12603,3317,1395,1569,2230,3342,4187,5058,5658,5580,5015,5192,6319,6279,6761,5842,2709,608,7311,1678,68
Saudi Arabia,2014,79853,5332,6353,1021,517,509,1169,2896,5647,10110,12445,11172,12937,12517,3507,1373,1523,2164,3483,4565,5545,6198,6247,5780,5392,6546,6391,6720,5797,2857,650,6870,1678,73
Saudi Arabia,2015,83169,4971,5942,971,514,495,1186,2939,5725,11041,13615,12376,13263,12318,3680,1405,1534,2123,3602,4966,6075,6767,6848,6611,5765,6597,6666,6607,5711,2986,694,6456,1681,78
Saudi Arabia,2016,86811,4636,5556,920,511,484,1128,3026,5663,11913,14916,13049,13910,12725,3846,1411,1615,2064,3599,5305,6608,7415,7501,7274,5775,6463,7447,7026,5699,3103,743,6067,1612,83
Saudi Arabia,2017,89911,4436,5300,864,511,483,1121,3319,5876,12692,16035,13328,13829,13343,3980,1488,1831,2188,3688,5642,7050,7990,8045,7710,5618,6028,7801,7641,5702,3186,794,5811,1604,90
Saudi Arabia,2018,92656,4288,5153,865,527,494,1199,3602,6153,13279,16928,13853,13384,13906,4083,1624,1978,2346,3807,5911,7368,8446,8482,8018,5835,5780,7604,8191,5715,3233,850,5680,1693,97
Saudi Arabia,2019,94839,4125,4955,830,528,505,1241,3686,6240,13686,17811,14439,12979,14511,4158,1666,2020,2413,3827,6047,7639,8855,8956,8331,6108,5636,7343,8773,5738,3248,910,5483,1746,106
Saudi Arabia,2020,106371,3967,4732,765,503,495,1086,2879,5729,15055,21660,18145,14317,17092,4553,1323,1556,2062,3667,6439,8616,10524,11136,10441,7704,6555,7762,10303,6789,3540,1013,5235,1581,118
Saudi Arabia,2021,103140,3635,4378,743,489,498,991,2376,4749,14015,21460,19304,13852,16498,4410,1098,1278,1737,3012,5662,8353,10353,11107,10800,8504,6491,7361,9678,6820,3389,1021,4867,1489,124
Senegal,1950,70149,18193,40004,21811,3028,1351,1717,3901,3164,2836,3133,4502,4770,1697,46,2058,1843,1636,1528,1448,1388,1503,1630,2077,2425,2593,2177,1352,345,44,2,43032,3068,0
Senegal,1951,71373,19180,41071,21891,3070,1355,1730,3943,3200,2872,3171,4477,4722,1712,48,2077,1866,1654,1546,1466,1406,1524,1647,2067,2410,2574,2148,1321,391,42,6,44141,3085,1
Senegal,1952,72658,19336,42078,22742,3116,1365,1751,4001,3246,2917,3229,4471,4713,1716,52,2105,1896,1677,1569,1488,1429,1551,1678,2067,2404,2572,2141,1293,423,44,8,45194,3116,1
Senegal,1953,73519,19497,42722,23225,3126,1371,1768,4049,3289,2962,3286,4465,4705,1708,62,2127,1922,1700,1589,1512,1450,1575,1711,2069,2396,2568,2137,1269,439,49,13,45848,3139,3
Senegal,1954,74406,19693,43275,23582,3113,1391,1794,4120,3352,3019,3360,4486,4720,1703,74,2160,1960,1733,1619,1541,1478,1606,1754,2088,2398,2576,2144,1256,447,58,16,46388,3185,4
Senegal,1955,75134,19914,43726,23812,3147,1409,1805,4162,3397,3066,3419,4505,4717,1691,83,2179,1983,1755,1642,1565,1501,1633,1786,2109,2396,2573,2144,1247,444,66,17,46873,3214,5
Senegal,1956,75940,20163,44139,23976,3263,1431,1816,4211,3447,3111,3481,4535,4721,1688,89,2202,2009,1783,1664,1587,1524,1661,1820,2139,2396,2573,2148,1247,441,72,17,47402,3247,6
Senegal,1957,76951,20428,44663,24235,3372,1456,1831,4276,3511,3171,3549,4588,4736,1692,93,2236,2040,1817,1694,1617,1554,1692,1857,2183,2405,2577,2159,1253,439,76,17,48035,3287,6
Senegal,1958,78330,20783,45352,24569,3507,1487,1860,4372,3602,3252,3636,4675,4774,1707,99,2284,2088,1865,1737,1657,1595,1734,1902,2245,2430,2594,2180,1270,437,81,18,48859,3347,6
Senegal,1959,79820,21261,46300,25039,3624,1494,1886,4442,3673,3321,3711,4753,4794,1718,101,2320,2122,1901,1772,1691,1630,1769,1942,2298,2455,2602,2192,1281,437,82,19,49924,3380,7
Senegal,1960,81546,21801,47470,25669,3721,1513,1917,4499,3742,3387,3788,4843,4823,1734,103,2346,2153,1937,1805,1725,1662,1805,1983,2352,2491,2615,2208,1293,441,84,19,51191,3430,7
Senegal,1961,83613,22398,48775,26377,3822,1563,1969,4586,3839,3473,3882,4966,4871,1757,103,2386,2200,1985,1854,1768,1705,1850,2032,2415,2551,2643,2228,1310,447,84,19,52597,3532,7
Senegal,1962,86017,23025,50204,27179,3952,1631,2036,4701,3956,3578,3998,5121,4939,1788,105,2438,2263,2042,1914,1822,1756,1906,2092,2489,2632,2680,2259,1332,456,86,19,54156,3667,7
Senegal,1963,88190,23652,51650,27998,4040,1691,2075,4785,4044,3663,4092,5247,4977,1810,106,2477,2308,2084,1960,1866,1797,1953,2139,2546,2701,2704,2273,1348,462,86,20,55690,3766,7
Senegal,1964,90465,24279,53097,28818,4138,1775,2102,4881,4142,3757,4196,5388,5042,1834,108,2527,2354,2131,2011,1913,1844,2004,2192,2608,2780,2748,2294,1364,470,86,22,57235,3877,7
Senegal,1965,92996,24962,54562,29600,4265,1861,2153,5018,4264,3872,4320,5553,5140,1864,113,2605,2413,2191,2073,1973,1899,2063,2257,2684,2869,2815,2325,1384,480,88,25,58827,4014,7
Senegal,1966,95105,25628,55932,30304,4336,1901,2204,5112,4342,3960,4413,5677,5218,1883,119,2667,2445,2229,2113,2019,1941,2108,2305,2742,2935,2873,2345,1395,488,92,27,60268,4105,8
Senegal,1967,97316,26265,57236,30971,4423,1947,2275,5222,4442,4061,4521,5815,5323,1911,125,2738,2484,2278,2164,2072,1989,2160,2361,2807,3008,2951,2372,1413,498,97,28,61659,4222,9
Senegal,1968,99372,26852,58406,31554,4504,1991,2359,5318,4540,4161,4631,5950,5438,1938,133,2791,2527,2328,2212,2124,2037,2211,2420,2871,3079,3035,2403,1430,508,102,31,62910,4350,10
Senegal,1969,101478,27427,59530,32103,4587,2035,2477,5404,4640,4271,4747,6098,5574,1967,139,2822,2582,2378,2262,2181,2090,2266,2481,2941,3157,3126,2448,1449,518,106,33,64117,4512,10
Senegal,1970,103029,27952,60428,32476,4617,2058,2550,5467,4695,4350,4834,6208,5682,1986,140,2845,2622,2403,2292,2220,2130,2307,2527,2993,3215,3193,2489,1461,525,107,33,65045,4608,11
Senegal,1971,104511,28389,61064,32675,4679,2091,2600,5597,4766,4448,4940,6338,5817,2012,143,2920,2677,2433,2333,2266,2182,2358,2582,3055,3283,3270,2547,1479,533,109,34,65743,4691,11
Senegal,1972,105472,28680,61384,32704,4705,2107,2632,5693,4806,4521,5028,6452,5952,2037,142,2982,2711,2447,2359,2299,2222,2400,2628,3110,3342,3340,2612,1497,540,110,32,66089,4739,10
Senegal,1973,105414,28830,61391,32561,4616,2079,2609,5674,4764,4520,5045,6487,6029,2050,140,2997,2677,2419,2345,2292,2228,2407,2638,3125,3362,3371,2658,1507,543,109,31,66007,4688,10
Senegal,1974,105802,28888,61169,32281,4634,2089,2634,5757,4801,4586,5131,6600,6171,2087,138,3092,2665,2437,2364,2319,2267,2447,2684,3177,3423,3440,2731,1536,551,108,30,65803,4723,9
Senegal,1975,105209,28844,60563,31719,4577,2063,2609,5721,4758,4587,5164,6652,6270,2116,123,3104,2617,2420,2338,2312,2275,2462,2702,3199,3453,3485,2785,1564,552,102,21,65140,4672,7
Senegal,1976,104054,28687,59623,30936,4509,2028,2559,5620,4669,4558,5186,6698,6361,2141,96,3042,2578,2379,2290,2288,2270,2471,2715,3217,3481,3526,2835,1591,550,90,6,64132,4587,3
Senegal,1977,102502,28370,58476,30106,4424,1986,2496,5477,4538,4506,5191,6723,6434,2168,75,2959,2518,2315,2223,2253,2253,2471,2720,3222,3501,3556,2878,1624,544,74,1,62900,4482,1
Senegal,1978,100615,27870,57108,29238,4342,1947,2433,5311,4373,4433,5181,6741,6503,2179,61,2859,2452,2226,2147,2207,2226,2464,2717,3225,3516,3584,2919,1657,522,60,1,61450,4380,1
Senegal,1979,98791,27358,55741,28383,4264,1914,2373,5175,4188,4351,5169,6759,6578,2220,53,2767,2408,2113,2075,2156,2195,2453,2716,3225,3534,3615,2963,1693,527,52,1,60005,4287,0
Senegal,1980,97249,27020,54678,27658,4173,1875,2310,5018,4023,4257,5149,6772,6667,2275,53,2675,2343,2016,2007,2097,2160,2438,2711,3223,3549,3650,3017,1735,540,53,0,58851,4185,0
Senegal,1981,96624,26828,53917,27089,4168,1874,2292,4939,3958,4212,5181,6851,6816,2358,56,2641,2298,1984,1974,2061,2151,2446,2735,3255,3596,3720,3096,1794,564,55,1,58085,4166,0
Senegal,1982,96003,26671,53250,26579,4144,1868,2269,4857,3885,4153,5197,6915,6960,2448,59,2606,2251,1950,1935,2018,2135,2445,2752,3278,3637,3786,3174,1856,592,58,1,57394,4137,0
Senegal,1983,95783,26452,52591,26139,4155,1884,2276,4834,3854,4129,5253,7032,7155,2560,65,2604,2230,1951,1903,1993,2136,2461,2792,3328,3704,3881,3274,1932,628,64,1,56746,4160,0
Senegal,1984,94444,26087,51557,25470,4037,1857,2231,4710,3740,4038,5228,7052,7265,2653,69,2545,2165,1928,1812,1939,2099,2439,2789,3331,3721,3927,3338,1993,660,68,1,55594,4088,0
Senegal,1985,93381,25604,50204,24600,3997,1872,2233,4685,3702,4008,5254,7138,7433,2768,78,2537,2148,1931,1771,1921,2087,2443,2811,3367,3771,4003,3430,2072,696,77,1,54201,4105,0
Senegal,1986,90601,24800,48119,23319,3784,1806,2156,4521,3550,3872,5180,7122,7537,2866,88,2452,2069,1848,1702,1854,2018,2397,2783,3350,3772,4036,3501,2145,721,87,1,51903,3962,0
Senegal,1987,88930,24116,46332,22216,3675,1794,2139,4473,3498,3812,5179,7193,7719,3010,105,2427,2046,1818,1680,1827,1985,2389,2790,3378,3815,4112,3607,2236,774,104,1,50007,3933,0
Senegal,1988,86919,23359,44519,21160,3503,1747,2093,4382,3418,3708,5145,7236,7886,3157,122,2379,2003,1768,1650,1771,1937,2366,2779,3389,3847,4177,3709,2328,829,119,3,48022,3840,0
Senegal,1989,86161,22973,43370,20397,3429,1741,2098,4391,3434,3646,5158,7340,8098,3319,135,2385,2006,1762,1672,1726,1920,2363,2795,3431,3909,4268,3830,2431,888,132,3,46799,3839,0
Senegal,1990,86250,22958,42918,19960,3360,1733,2113,4432,3460,3618,5173,7457,8338,3493,153,2409,2023,1771,1689,1701,1917,2360,2813,3476,3981,4374,3964,2545,948,149,4,46278,3846,0
Senegal,1991,87599,23056,43000,19944,3425,1780,2182,4546,3526,3669,5250,7677,8677,3697,171,2471,2075,1812,1714,1727,1942,2383,2867,3566,4111,4536,4141,2686,1011,167,4,46425,3962,0
Senegal,1992,89871,23354,43553,20199,3522,1842,2294,4784,3673,3770,5361,7932,9038,3914,189,2603,2181,1898,1775,1783,1987,2421,2940,3671,4261,4711,4327,2834,1080,182,7,47075,4136,0
Senegal,1993,92654,23857,44511,20654,3626,1910,2412,5041,3835,3877,5477,8202,9418,4135,205,2746,2295,1993,1842,1856,2021,2461,3016,3783,4419,4898,4520,2987,1148,199,6,48137,4322,0
Senegal,1994,95143,24303,45537,21234,3707,1970,2493,5177,3935,3945,5564,8443,9794,4357,219,2821,2356,2050,1885,1930,2015,2492,3072,3879,4564,5082,4712,3138,1219,212,7,49244,4463,0
Senegal,1995,97963,24892,46723,21831,3778,2026,2595,5434,4096,4043,5661,8668,10145,4566,233,2964,2470,2141,1955,2008,2035,2537,3124,3968,4700,5254,4891,3281,1285,225,8,50501,4621,0
Senegal,1996,101013,25479,47866,22387,3942,2130,2711,5657,4263,4160,5786,8935,10540,4776,242,3086,2571,2230,2033,2068,2092,2601,3185,4079,4856,5454,5086,3428,1348,234,8,51808,4841,0
Senegal,1997,103620,25927,48458,22531,4057,2186,2837,6013,4471,4287,5900,9210,10958,4992,248,3288,2725,2346,2125,2133,2154,2660,3240,4194,5016,5666,5292,3579,1413,242,6,52515,5023,0
Senegal,1998,106679,26285,48961,22676,4267,2300,3011,6433,4744,4487,6039,9538,11424,5219,256,3521,2912,2492,2252,2230,2257,2724,3315,4337,5201,5907,5517,3739,1480,248,8,53228,5311,0
Senegal,1999,108241,26565,49048,22483,4410,2372,3087,6556,4854,4615,6069,9752,11798,5420,266,3584,2972,2547,2307,2273,2342,2714,3355,4421,5331,6092,5706,3878,1542,259,7,53458,5459,0
Senegal,2000,108766,26266,48089,21823,4451,2398,3169,6790,5012,4746,6125,9935,12156,5615,278,3704,3086,2633,2379,2330,2416,2721,3404,4487,5448,6266,5890,4013,1602,270,8,52540,5567,0
Senegal,2001,107728,25611,46454,20843,4394,2380,3175,6859,5073,4781,6157,9992,12395,5775,290,3730,3129,2666,2407,2355,2426,2735,3422,4490,5502,6370,6025,4119,1656,283,7,50848,5555,0
Senegal,2002,106349,24773,44331,19558,4373,2371,3185,6932,5151,4831,6195,10060,12658,5954,307,3751,3181,2708,2443,2389,2442,2759,3436,4492,5568,6481,6177,4238,1716,298,9,48704,5556,0
Senegal,2003,103869,23889,42031,18142,4211,2299,3108,6862,5126,4824,6170,10011,12803,6098,322,3698,3164,2696,2430,2391,2433,2775,3395,4441,5570,6525,6278,4330,1768,313,9,46242,5407,0
Senegal,2004,101255,22905,39677,16772,4068,2221,3017,6750,5098,4802,6126,9951,12945,6260,340,3621,3129,2683,2415,2383,2419,2819,3307,4395,5556,6564,6381,4434,1826,330,10,43745,5238,0
Senegal,2005,98881,22147,37798,15651,3878,2129,2897,6574,5042,4775,6075,9869,13059,6427,357,3512,3062,2652,2390,2369,2406,2838,3237,4353,5516,6585,6474,4540,1887,346,11,41676,5026,0
Senegal,2006,96823,21467,35904,14437,3703,2029,2804,6487,5029,4770,6045,9823,13223,6627,376,3457,3030,2649,2380,2366,2404,2821,3224,4337,5486,6633,6590,4670,1957,364,12,39607,4833,0
Senegal,2007,94763,20620,34182,13562,3548,1953,2687,6260,4964,4754,6026,9762,13391,6841,396,3323,2937,2611,2353,2351,2403,2806,3220,4315,5447,6684,6707,4810,2031,383,13,37730,4640,0
Senegal,2008,93168,19889,32695,12806,3399,1886,2590,6101,4936,4765,6050,9685,13572,7073,418,3226,2875,2593,2343,2351,2414,2804,3246,4270,5415,6743,6829,4959,2114,404,14,36094,4476,0
Senegal,2009,91835,19475,31547,12072,3251,1823,2495,5937,4902,4773,6118,9556,13701,7287,440,3123,2814,2569,2333,2349,2424,2804,3314,4173,5383,6770,6931,5096,2191,425,15,34798,4318,0
Senegal,2010,90265,18912,30359,11447,3078,1756,2377,5733,4838,4762,6149,9450,13790,7506,464,3000,2733,2525,2313,2338,2424,2802,3347,4090,5360,6768,7022,5230,2276,448,16,33437,4133,0
Senegal,2011,88945,18405,29312,10907,2924,1695,2268,5534,4774,4760,6141,9422,13879,7746,493,2884,2650,2478,2296,2331,2429,2809,3332,4072,5350,6758,7121,5373,2373,473,20,32236,3963,0
Senegal,2012,89885,17907,28281,10374,3040,1757,2323,5691,4980,4963,6332,9656,14246,8100,524,2957,2734,2573,2407,2435,2528,2914,3418,4183,5473,6888,7358,5599,2501,503,21,31321,4080,0
Senegal,2013,88577,17361,27225,9864,2901,1707,2208,5446,4909,4960,6348,9628,14326,8356,558,2828,2618,2524,2385,2429,2531,2933,3415,4209,5419,6864,7462,5748,2608,535,23,30126,3915,0
Senegal,2014,88400,16769,26115,9346,2879,1711,2197,5395,4975,5065,6468,9747,14576,8676,592,2796,2599,2545,2430,2482,2583,2999,3469,4366,5381,6947,7629,5942,2734,567,25,28994,3908,0
Senegal,2015,87797,15984,24826,8842,2839,1702,2166,5298,5001,5162,6583,9819,14772,8984,638,2745,2553,2551,2450,2527,2635,3061,3522,4469,5350,7022,7750,6123,2861,609,29,27665,3868,0
Senegal,2016,86228,15294,23610,8316,2683,1644,2079,5053,4891,5158,6607,9769,14814,9238,684,2610,2443,2485,2406,2521,2637,3075,3532,4440,5329,7031,7783,6261,2977,651,33,26293,3723,0
Senegal,2017,86790,14766,22579,7813,2711,1679,2121,5106,5003,5348,6814,9978,15099,9613,739,2636,2470,2533,2470,2618,2730,3176,3638,4528,5450,7169,7930,6489,3124,703,36,25290,3800,0
Senegal,2018,86967,14385,21763,7378,2686,1676,2123,5054,5027,5469,6975,10172,15265,9955,799,2597,2457,2537,2490,2675,2794,3250,3725,4594,5578,7223,8042,6692,3263,755,44,24449,3799,0
Senegal,2019,86623,13983,21009,7026,2595,1656,2090,4965,4984,5551,7088,10362,15235,10231,852,2559,2406,2500,2484,2707,2844,3303,3785,4625,5737,7123,8112,6840,3391,804,48,23604,3746,0
Senegal,2020,91832,13648,20387,6739,2561,1645,1958,4564,4874,6000,8170,12381,17001,11342,951,2351,2213,2380,2494,2868,3132,3749,4421,5487,6894,8065,8936,7523,3819,897,54,22948,3603,1
Senegal,2021,99995,13376,19909,6533,2616,1713,2202,5171,5557,6953,9431,14133,18893,12378,1038,2663,2508,2700,2857,3296,3657,4352,5079,6337,7796,9014,9879,8208,4170,974,64,22525,3915,1
Serbia,1950,81205,17347,21403,4056,921,720,1339,2818,2184,4991,7606,12207,14317,10720,1931,1565,1253,801,1383,2095,2896,3551,4055,5638,6569,6682,7635,6660,4060,1569,362,22324,2059,49
Serbia,1951,81797,16195,20698,4503,930,701,1331,2965,2195,5132,8042,12763,14469,10643,1879,1624,1341,911,1284,2152,2980,3806,4236,5748,7015,6857,7612,6623,4020,1533,346,21628,2032,45
Serbia,1952,72994,14516,18587,4071,850,594,1138,2680,1935,4561,7402,11481,12877,9232,1618,1447,1233,923,1012,1908,2653,3522,3880,5053,6428,6261,6616,5747,3485,1323,295,19437,1732,38
Serbia,1953,72886,14621,18613,3992,883,560,1078,2681,1926,4492,7590,11436,12980,9027,1583,1422,1259,1028,898,1857,2635,3590,4000,4950,6486,6530,6450,5612,3415,1298,285,19496,1638,36
Serbia,1954,68838,13146,16956,3810,902,511,970,2546,1871,4194,7427,10879,12595,8462,1492,1325,1221,1066,805,1688,2506,3457,3970,4663,6216,6549,6046,5252,3210,1222,270,17858,1481,33
Serbia,1955,70403,13011,16821,3810,999,529,978,2647,2021,4230,8067,10692,12814,9020,1547,1359,1288,1172,849,1620,2610,3667,4400,4626,6066,6728,6086,5568,3452,1265,282,17820,1507,35
Serbia,1956,65223,11104,14606,3502,978,501,899,2500,2035,3850,7960,9723,11951,8714,1466,1264,1236,1152,883,1373,2477,3513,4447,4348,5375,6337,5614,5307,3407,1196,270,15584,1400,34
Serbia,1957,63948,10077,13378,3301,978,515,877,2481,2192,3667,8262,9409,11788,8888,1476,1238,1243,1188,1004,1204,2463,3541,4721,4443,4966,6225,5563,5319,3569,1203,273,14356,1392,35
Serbia,1958,58185,8761,11570,2809,911,498,790,2258,2166,3201,7851,8468,10693,8365,1384,1113,1145,1124,1042,976,2225,3290,4561,4284,4184,5520,5173,4896,3469,1124,260,12481,1288,34
Serbia,1959,58370,8662,11276,2614,897,536,789,2240,2313,3066,8117,8484,10551,8614,1449,1092,1148,1160,1153,917,2149,3352,4765,4608,3876,5274,5277,4926,3688,1181,268,12173,1325,36
Serbia,1960,58143,8802,11258,2456,862,570,789,2195,2403,2912,8235,8565,10125,8666,1526,1064,1131,1178,1225,928,1984,3366,4869,4933,3632,4867,5258,4854,3812,1251,275,12120,1359,37
Serbia,1961,58309,8678,11089,2411,820,596,790,2161,2487,2815,8306,9149,9861,8585,1612,1039,1122,1202,1285,1035,1780,3373,4933,5417,3732,4575,5286,4728,3857,1334,278,11909,1386,38
Serbia,1962,58155,8081,10486,2405,771,591,778,2089,2531,2740,8124,10317,9901,8113,1675,993,1096,1207,1324,1196,1544,3285,4839,6008,4309,4558,5343,4454,3659,1395,280,11257,1369,38
Serbia,1963,58029,7653,9990,2337,716,589,793,2014,2570,2717,7946,11276,9748,7889,1744,950,1064,1210,1360,1362,1355,3183,4763,6366,4910,4400,5348,4428,3461,1463,281,10706,1382,39
Serbia,1964,59636,7493,9797,2304,702,587,845,2005,2670,2840,7935,12552,9927,7881,1856,949,1056,1238,1432,1546,1294,3107,4828,6757,5795,4452,5475,4560,3321,1560,296,10499,1432,40
Serbia,1965,60081,7344,9550,2206,683,561,881,1958,2697,2991,7646,13478,10004,7696,1900,933,1025,1231,1466,1662,1329,2869,4777,6863,6615,4582,5422,4596,3100,1588,312,10233,1442,40
Serbia,1966,59211,6701,8780,2079,661,525,900,1877,2663,3170,7172,14037,10068,7461,1860,904,973,1196,1467,1711,1459,2521,4651,6748,7289,4860,5208,4577,2884,1537,323,9441,1425,39
Serbia,1967,62186,6691,8759,2068,675,526,948,1928,2770,3611,7081,15288,10928,7753,1876,950,978,1223,1547,1848,1763,2297,4784,6969,8319,5675,5253,4822,2931,1524,352,9434,1474,41
Serbia,1968,62939,6483,8462,1979,661,495,956,1924,2759,3940,6710,15795,11630,7775,1794,979,945,1198,1561,1913,2027,2035,4675,6916,8879,6526,5104,4848,2927,1429,365,9123,1451,40
Serbia,1969,64777,6318,8255,1937,653,480,948,1981,2781,4300,6483,16354,12840,7925,1736,1045,936,1187,1594,2007,2293,1940,4543,6978,9376,7682,5158,4933,2992,1353,383,8908,1428,41
Serbia,1970,64669,5806,7641,1835,623,455,896,1994,2706,4478,6135,16273,13986,7809,1627,1083,911,1137,1569,2038,2440,1977,4158,6841,9432,8696,5290,4830,2979,1247,380,8264,1351,43
Serbia,1971,64544,5400,7123,1723,585,439,846,1987,2617,4578,5852,16009,15304,7631,1532,1102,885,1085,1532,2051,2527,2181,3671,6692,9317,9631,5673,4657,2974,1165,367,7708,1285,44
Serbia,1972,64636,5157,6768,1611,554,428,804,1973,2522,4640,5666,15625,16717,7425,1468,1092,881,1035,1487,2052,2588,2496,3170,6516,9109,10413,6304,4451,2974,1127,341,7322,1232,45
Serbia,1973,65175,4989,6505,1516,528,418,747,1971,2419,4692,5618,15272,18194,7292,1464,1079,892,983,1436,2043,2649,2837,2781,6303,8969,11018,7176,4285,3007,1142,322,7033,1165,47
Serbia,1974,65319,4828,6270,1442,501,403,704,1956,2315,4708,5680,14701,19417,7164,1447,1036,920,943,1372,2017,2691,3106,2574,5925,8776,11254,8163,4177,2987,1147,300,6771,1107,49
Serbia,1975,66863,4773,6186,1413,482,392,678,1965,2264,4791,6029,14278,20924,7351,1471,997,968,927,1337,2016,2775,3358,2671,5512,8766,11521,9403,4354,2997,1182,289,6668,1070,50
Serbia,1976,68098,4578,5964,1386,463,373,668,1958,2206,4834,6532,13682,22178,7691,1498,957,1001,913,1293,1997,2837,3533,2999,4946,8736,11586,10592,4749,2942,1217,281,6427,1041,50
Serbia,1977,69127,4273,5627,1354,444,360,664,1932,2173,4852,7170,13002,23138,8197,1523,923,1009,921,1252,1967,2885,3676,3494,4343,8659,11520,11618,5358,2839,1244,279,6071,1024,48
Serbia,1978,71948,4104,5440,1336,439,357,679,1938,2208,4961,8023,12638,24437,9187,1595,896,1042,971,1237,1975,2986,3909,4114,3954,8684,11738,12699,6360,2827,1303,292,5879,1036,46
Serbia,1979,74656,3915,5214,1299,438,353,685,1927,2271,5043,8828,12318,25424,10460,1648,886,1041,1039,1232,1970,3073,4139,4689,3816,8502,11944,13480,7578,2882,1346,302,5652,1038,44
Serbia,1980,75964,3796,5025,1229,430,341,668,1875,2310,4999,9357,11874,25657,11749,1638,867,1008,1095,1215,1921,3078,4282,5075,3964,7910,11911,13746,8737,3012,1332,306,5455,1009,42
Serbia,1981,78438,3527,4716,1189,432,337,652,1867,2383,5017,9925,11789,26235,13414,1626,876,991,1160,1223,1898,3119,4473,5452,4547,7242,12127,14108,10059,3355,1312,314,5148,989,40
Serbia,1982,81108,3576,4701,1125,422,327,634,1856,2444,5000,10404,11863,26668,15156,1596,882,974,1192,1252,1872,3128,4630,5774,5388,6475,12293,14375,11293,3863,1273,323,5123,961,40
Serbia,1983,85375,3650,4756,1106,416,326,633,1854,2584,5055,11060,12396,27473,17174,1602,901,953,1247,1337,1874,3181,4849,6211,6424,5972,12545,14928,12535,4639,1267,335,5172,959,41
Serbia,1984,87027,3617,4697,1080,396,317,614,1808,2639,4964,11377,12868,27152,18563,1591,886,922,1229,1410,1841,3123,4911,6466,7201,5667,12112,15040,13136,5427,1260,331,5093,931,40
Serbia,1985,86457,3348,4382,1034,368,304,579,1721,2624,4774,11388,13415,25888,19367,1605,842,879,1168,1456,1782,2992,4831,6557,7643,5772,11063,14825,13230,6137,1291,314,4750,883,38
Serbia,1986,87729,3170,4180,1010,345,298,559,1679,2655,4683,11565,14604,24950,20449,1726,807,872,1131,1524,1768,2915,4819,6746,8085,6519,9984,14966,13477,6972,1427,299,4525,857,38
Serbia,1987,88949,2937,3911,974,327,292,540,1641,2654,4639,11695,16100,23842,21351,1915,776,865,1100,1554,1793,2846,4786,6909,8467,7633,8816,15026,13629,7722,1632,283,4238,832,38
Serbia,1988,88137,2743,3641,898,309,276,511,1577,2571,4525,11494,17282,22205,21566,2140,736,841,1024,1547,1817,2708,4622,6872,8644,8638,7706,14499,13440,8126,1873,267,3950,787,37
Serbia,1989,88615,2411,3257,846,299,262,491,1530,2495,4541,11416,18548,21193,22065,2481,709,821,982,1513,1900,2641,4505,6911,8938,9610,7276,13917,13549,8516,2209,272,3556,753,37
Serbia,1990,87767,2197,2963,766,285,243,472,1450,2369,4518,11120,19255,20147,22091,2818,670,780,933,1436,1961,2557,4320,6800,9063,10192,7424,12723,13453,8638,2530,288,3248,715,36
Serbia,1991,87398,1969,2665,696,274,227,457,1379,2287,4526,10839,19824,19571,22134,3184,639,740,913,1374,2025,2501,4149,6690,9188,10636,8290,11281,13409,8725,2861,323,2939,684,34
Serbia,1992,86697,1786,2421,635,257,210,445,1307,2199,4515,10627,20725,19136,21244,3575,609,698,886,1313,2028,2487,4013,6614,9408,11317,9894,9242,12562,8682,3197,378,2678,655,33
Serbia,1993,87089,1728,2301,573,243,202,431,1257,2118,4633,10425,21358,19462,20702,3924,585,672,874,1244,2066,2567,3888,6537,9583,11775,11386,8076,12033,8669,3470,454,2544,633,33
Serbia,1994,86747,1567,2090,523,225,193,410,1208,2030,4704,10164,21814,20112,19565,4195,565,643,844,1186,2026,2678,3778,6386,9676,12138,12584,7528,11013,8552,3650,545,2315,603,34
Serbia,1995,85738,1426,1902,476,202,183,379,1147,1919,4699,9795,21899,21220,17962,4395,543,604,799,1120,1930,2769,3650,6145,9582,12317,13373,7847,9632,8330,3756,639,2104,562,38
Serbia,1996,89196,1348,1801,453,188,184,368,1149,1920,4932,9920,23019,23980,16961,4728,549,600,784,1136,1932,3000,3728,6192,9927,13092,14609,9371,8457,8504,3970,758,1989,552,44
Serbia,1997,90309,1228,1651,423,174,178,348,1119,1880,4970,9853,23410,26524,15318,4832,540,579,753,1127,1889,3081,3786,6067,9933,13477,15342,11182,7006,8312,3984,848,1825,526,52
Serbia,1998,93157,971,1421,450,210,221,404,1297,2060,5184,10049,23909,29405,14030,4906,628,669,834,1226,1906,3278,4032,6017,9990,13919,16180,13225,6080,7950,3989,917,1631,625,63
Serbia,1999,99809,950,1485,535,412,485,695,1975,2844,5918,10814,24561,32237,13352,4956,944,1031,1203,1641,2239,3679,4610,6204,10131,14430,17078,15159,5993,7359,3986,970,1897,1180,76
Serbia,2000,99844,821,1146,325,145,154,328,1071,1835,4959,10611,24968,35510,13826,5197,500,571,720,1115,1755,3204,4602,6009,10032,14936,18283,17227,7031,6795,4143,1054,1291,482,92
Serbia,2001,95184,857,1117,260,125,132,297,967,1651,4519,10066,23144,34847,13435,4786,441,526,653,998,1610,2909,4518,5548,9138,14006,17613,17234,8107,5328,3791,995,1242,429,98
Serbia,2002,98887,806,1053,247,119,123,290,947,1618,4488,10373,23180,36987,14842,4756,422,525,644,974,1613,2875,4691,5682,9020,14160,18394,18593,10341,4501,3748,1008,1172,413,110
Serbia,2003,100538,713,950,237,108,112,277,911,1565,4309,10631,22669,38112,16254,4520,403,508,624,941,1590,2719,4780,5851,8708,13961,18695,19417,12313,3941,3526,994,1058,389,117
Serbia,2004,102289,575,798,223,95,101,258,877,1519,4157,10854,22190,39182,17945,4190,390,487,608,911,1553,2604,4714,6140,8493,13697,18970,20212,13974,3971,3204,986,893,359,123
Serbia,2005,104725,499,704,205,83,94,238,839,1479,4011,11085,21859,40308,20098,3790,377,462,600,879,1502,2509,4594,6491,8380,13479,19237,21071,15439,4659,2807,983,787,332,130
Serbia,2006,101664,454,623,169,75,85,208,761,1375,3710,10727,20394,39088,21337,3156,347,414,564,811,1365,2345,4245,6482,7881,12513,18392,20696,15780,5557,2228,928,698,293,128
Serbia,2007,102368,435,583,148,67,77,188,713,1321,3568,10582,19839,39106,23455,2741,328,385,546,775,1291,2277,4065,6517,7830,12009,18089,21017,16586,6869,1836,905,650,265,130
Serbia,2008,102706,420,553,133,61,70,166,665,1258,3436,10301,19342,38802,25416,2500,304,361,519,739,1226,2210,3785,6516,7918,11424,17630,21172,17281,8135,1640,860,614,236,132
Serbia,2009,104470,446,571,125,56,63,153,630,1214,3341,10039,19395,38867,27461,2539,283,347,496,718,1185,2156,3624,6415,8280,11115,17311,21556,18121,9340,1743,796,627,216,137
Serbia,2010,104418,415,538,123,51,54,139,585,1155,3158,9521,19241,38164,28870,2793,255,330,462,693,1121,2037,3417,6104,8533,10708,16690,21474,18628,10242,2100,693,589,193,140
Serbia,2011,103473,399,518,119,44,48,125,540,1089,2950,9037,18984,37000,29785,3215,229,311,424,665,1057,1893,3269,5768,8696,10288,15886,21114,18899,10886,2641,574,562,173,142
Serbia,2012,102937,403,518,115,39,43,116,495,1033,2777,8639,18815,35876,30683,3760,203,292,391,642,1000,1777,3154,5485,8669,10146,15165,20711,19192,11491,3278,482,557,159,144
Serbia,2013,100707,398,510,112,34,37,103,447,960,2594,8025,18572,34052,30954,4281,179,268,361,599,937,1657,3009,5016,8502,10070,14173,19879,19094,11860,3835,446,544,140,140
Serbia,2014,102363,374,491,117,34,34,93,414,928,2521,7757,18932,33573,32422,5023,164,250,350,578,916,1605,2940,4817,8383,10549,13856,19717,19729,12693,4505,518,525,127,137
Serbia,2015,104426,325,437,112,34,32,82,386,891,2463,7525,19368,33353,33904,5823,153,233,340,551,905,1558,2853,4672,8201,11167,13732,19621,20356,13548,5144,679,471,114,128
Serbia,2016,102209,337,440,103,31,28,72,344,821,2323,7084,18992,31758,33819,6384,139,205,319,502,864,1459,2637,4447,7704,11288,13124,18634,20034,13785,5508,876,471,100,110
Serbia,2017,105220,317,419,102,32,27,68,323,795,2303,7029,19308,32097,35400,7318,132,191,312,483,865,1438,2571,4458,7624,11684,13484,18613,20639,14761,6161,1157,451,95,102
Serbia,2018,104262,309,404,95,32,23,60,291,747,2199,6790,18814,31450,35424,7924,120,171,292,455,826,1373,2449,4341,7122,11692,13652,17798,20332,15092,6537,1387,436,83,101
Serbia,2019,104149,311,403,92,32,22,55,263,708,2125,6590,18281,31474,35548,8532,106,157,272,436,791,1334,2362,4228,6811,11470,14202,17272,20051,15497,6927,1605,435,77,118
Serbia,2020,120926,301,392,91,30,21,54,240,741,2338,7306,20438,37788,41215,10200,95,145,254,487,880,1458,2535,4771,7534,12904,17331,20457,22560,18655,8231,1969,422,75,163
Serbia,2021,138202,299,388,89,30,21,49,233,780,2641,7715,22686,44694,47113,11635,92,141,238,542,944,1697,2736,4979,8293,14393,21751,22943,25666,21447,9347,2288,418,70,219
Seychelles,1950,1106,102,134,32,17,6,6,22,41,80,100,168,312,206,17,10,12,17,24,36,44,45,55,79,89,125,187,140,66,16,1,151,12,0
Seychelles,1951,1029,106,139,33,17,6,5,21,40,78,94,161,275,179,13,10,11,16,24,36,42,42,52,78,83,107,168,122,57,12,1,156,11,0
Seychelles,1952,979,109,143,34,17,6,5,21,38,76,92,152,247,164,11,10,11,16,22,34,42,41,51,74,78,94,153,112,52,11,0,160,11,0
Seychelles,1953,937,110,146,36,20,6,5,21,38,77,90,149,219,155,11,10,11,16,22,34,43,40,50,72,77,83,136,105,50,11,0,166,11,0
Seychelles,1954,901,110,146,36,17,6,5,21,38,77,91,144,197,145,11,10,11,16,22,34,43,41,50,69,75,77,120,98,47,11,0,163,11,0
Seychelles,1955,910,111,149,38,17,6,6,22,39,80,96,150,185,144,14,10,12,17,22,35,45,45,51,71,79,74,111,97,47,13,1,166,12,0
Seychelles,1956,890,113,151,38,18,6,6,22,39,79,96,145,171,139,16,10,12,17,22,35,44,45,51,68,77,72,99,92,47,15,1,169,12,0
Seychelles,1957,869,116,154,38,20,6,6,22,39,78,96,140,155,129,20,10,12,17,22,34,44,45,51,66,74,68,87,83,46,18,2,174,12,0
Seychelles,1958,854,118,158,40,20,6,6,22,38,77,95,138,146,123,26,10,12,16,22,34,43,45,50,66,72,66,80,76,47,21,5,178,12,0
Seychelles,1959,820,120,161,41,18,7,5,21,36,68,87,126,135,119,35,10,11,15,21,29,39,40,47,61,65,62,73,70,49,27,8,179,12,0
Seychelles,1960,765,124,165,41,18,6,5,19,33,63,84,115,118,98,38,9,10,14,19,27,36,40,44,56,59,56,62,56,42,27,11,183,11,1
Seychelles,1961,756,126,169,43,19,6,5,19,33,63,86,114,117,89,34,9,10,14,19,27,36,40,46,57,57,57,60,52,37,25,9,188,11,1
Seychelles,1962,748,128,170,42,21,6,5,19,33,64,86,116,119,81,25,9,10,14,19,28,36,40,46,58,58,57,62,49,32,18,7,191,11,1
Seychelles,1963,742,129,170,41,20,6,5,19,34,63,88,117,121,77,20,9,10,15,19,28,35,40,48,59,58,58,63,48,29,14,6,190,11,1
Seychelles,1964,788,130,172,42,20,6,5,21,38,70,96,134,131,79,14,10,11,16,22,31,39,43,53,68,66,62,69,51,28,11,3,192,11,1
Seychelles,1965,757,129,171,42,20,6,5,20,36,65,91,129,125,74,11,10,10,15,21,29,36,40,51,66,63,59,66,48,26,9,2,191,11,0
Seychelles,1966,726,127,169,42,20,6,5,19,33,61,85,124,120,72,9,9,10,14,19,27,34,38,47,63,61,56,64,46,26,8,1,189,11,0
Seychelles,1967,709,124,163,39,20,6,5,19,31,59,82,123,116,75,8,9,10,13,18,26,33,36,46,62,61,54,62,47,28,8,0,183,11,0
Seychelles,1968,727,119,156,37,20,7,5,19,31,61,84,131,120,82,11,9,10,13,18,27,34,37,47,65,66,57,63,51,31,11,0,176,12,0
Seychelles,1969,727,113,148,35,20,7,5,19,31,61,82,131,123,87,12,9,10,13,18,27,34,36,46,63,68,60,63,53,34,12,0,168,12,0
Seychelles,1970,723,106,137,31,19,7,5,19,30,59,81,132,122,92,17,9,10,12,18,26,33,36,45,63,69,60,62,54,38,16,1,156,12,0
Seychelles,1971,723,99,129,30,18,7,5,18,29,57,80,131,128,96,22,8,10,12,17,25,32,35,45,61,70,65,63,54,42,20,2,147,12,0
Seychelles,1972,707,93,119,26,17,7,5,18,28,56,78,131,129,92,24,8,10,11,17,25,31,35,43,61,70,65,64,52,40,21,3,136,12,0
Seychelles,1973,686,87,110,23,16,7,5,18,28,56,77,131,133,84,22,8,10,11,17,25,31,35,42,62,69,66,67,49,35,18,4,126,12,0
Seychelles,1974,664,81,102,21,15,7,5,18,26,55,77,127,132,80,19,8,10,10,16,25,30,35,42,60,67,65,67,49,31,16,3,117,12,0
Seychelles,1975,644,77,96,19,13,6,5,19,26,53,74,123,133,76,17,9,10,10,16,23,30,33,41,58,65,66,67,48,28,14,3,109,11,0
Seychelles,1976,618,64,80,16,12,6,5,20,25,53,72,121,134,75,15,10,10,10,15,23,30,32,40,56,65,65,69,48,27,12,3,92,11,0
Seychelles,1977,594,56,71,15,11,6,6,20,24,52,70,118,130,73,14,10,10,10,14,23,29,31,39,55,63,62,68,47,26,11,3,82,12,0
Seychelles,1978,573,55,68,13,10,6,6,20,24,51,69,110,129,69,13,10,10,10,14,22,29,30,39,51,59,62,67,45,24,10,3,78,12,0
Seychelles,1979,569,49,59,10,10,5,6,20,24,49,67,109,129,80,12,10,10,10,14,21,28,30,37,51,58,60,69,51,29,10,2,69,11,0
Seychelles,1980,575,46,55,9,10,5,6,20,23,47,67,109,130,92,12,10,10,10,13,20,27,30,37,51,58,60,70,57,35,10,2,65,11,0
Seychelles,1981,577,41,50,9,9,5,6,20,23,44,66,109,129,103,14,10,10,10,13,18,26,30,36,51,58,59,70,62,41,11,3,59,11,0
Seychelles,1982,574,33,40,7,5,5,5,20,23,43,65,109,130,111,15,10,10,10,13,18,25,30,35,51,58,59,71,65,46,12,3,45,10,0
Seychelles,1983,575,31,38,7,5,5,5,20,23,41,63,109,131,119,18,10,10,10,13,17,24,28,35,51,58,59,72,69,50,15,3,43,10,0
Seychelles,1984,576,31,37,6,5,5,5,19,22,40,61,108,130,124,20,9,10,10,12,17,23,27,34,50,58,59,71,71,53,16,4,42,10,0
Seychelles,1985,577,28,33,5,5,5,5,19,22,39,60,108,130,129,22,9,10,10,12,17,22,26,34,50,58,59,71,72,57,18,4,38,10,0
Seychelles,1986,575,27,32,5,5,5,5,18,22,37,59,107,130,133,25,8,10,10,12,16,21,25,34,49,58,59,71,74,59,21,4,37,10,1
Seychelles,1987,577,26,31,5,5,5,5,18,22,36,59,107,130,137,27,8,10,10,12,16,20,25,34,48,59,59,71,75,62,22,5,36,10,1
Seychelles,1988,567,25,29,4,5,5,5,18,21,36,54,101,129,135,29,8,10,10,11,16,20,23,31,46,55,58,71,72,63,24,5,34,10,1
Seychelles,1989,582,23,27,4,5,5,5,18,22,37,57,107,136,135,30,8,10,10,12,17,20,24,33,48,59,62,74,72,63,25,5,32,10,1
Seychelles,1990,602,22,26,4,5,5,5,18,23,38,58,111,143,137,32,8,10,10,13,18,20,24,34,51,60,64,79,74,63,27,5,31,10,1
Seychelles,1991,614,22,26,4,5,5,5,17,29,41,60,117,147,136,33,7,10,14,15,19,22,25,35,53,64,66,81,74,62,27,6,31,10,1
Seychelles,1992,612,21,25,4,5,5,5,17,29,45,60,117,150,132,30,7,10,14,15,20,25,25,35,53,64,67,83,73,59,25,5,30,10,1
Seychelles,1993,626,21,25,4,5,5,5,17,30,46,60,119,153,134,32,7,10,15,15,21,25,25,35,54,65,68,85,76,58,26,6,30,10,1
Seychelles,1994,645,21,25,4,5,5,5,17,30,47,60,121,158,140,34,7,10,15,15,22,25,25,35,55,66,69,89,80,60,27,7,30,10,1
Seychelles,1995,673,19,23,4,5,5,5,17,36,52,62,127,166,145,35,7,10,16,20,23,29,26,36,58,69,73,93,83,62,29,6,28,10,1
Seychelles,1996,669,18,22,4,5,4,5,17,36,51,59,124,165,147,38,7,10,16,20,23,28,26,33,55,69,73,92,84,63,31,7,27,9,1
Seychelles,1997,676,18,23,5,5,5,5,17,36,52,61,124,165,148,42,7,10,16,20,25,27,28,33,55,69,73,92,84,64,33,9,28,10,2
Seychelles,1998,545,17,21,4,5,2,4,17,37,54,62,106,135,85,20,7,10,15,22,25,29,30,32,47,59,63,72,54,31,18,2,26,6,2
Seychelles,1999,583,17,21,4,5,2,5,17,38,59,63,108,145,98,25,7,10,15,23,29,30,30,33,48,60,67,78,61,37,22,3,26,7,2
Seychelles,2000,599,17,21,4,5,2,5,16,38,60,64,106,148,107,29,6,10,15,23,30,30,30,34,47,59,68,80,66,41,23,6,26,7,2
Seychelles,2001,606,17,21,4,5,1,4,16,37,63,65,104,149,113,30,6,10,15,22,33,30,30,35,46,58,67,82,70,43,23,7,26,5,2
Seychelles,2002,605,17,21,4,5,1,4,16,36,65,66,99,146,114,31,6,10,14,22,33,32,30,36,45,54,64,82,69,45,23,8,26,5,1
Seychelles,2003,599,17,21,4,5,0,3,15,33,66,65,96,142,118,33,5,10,13,20,33,33,30,35,44,52,61,81,71,47,24,9,26,3,1
Seychelles,2004,603,17,21,4,5,1,3,15,33,68,66,97,143,121,32,5,10,13,20,33,35,30,36,46,51,61,82,72,49,23,9,26,4,1
Seychelles,2005,602,18,22,4,1,0,3,14,33,71,66,95,140,122,32,5,9,13,20,33,38,30,36,45,50,59,81,72,50,23,9,23,3,1
Seychelles,2006,604,18,22,4,0,0,2,13,32,71,67,98,137,127,31,5,8,13,19,32,39,31,36,48,50,57,80,74,53,23,8,22,2,1
Seychelles,2007,607,19,23,4,1,0,2,13,32,72,68,98,135,128,31,5,8,13,19,32,40,32,36,48,50,56,79,74,54,24,7,24,2,2
Seychelles,2008,612,20,24,4,0,0,2,12,30,71,70,98,135,131,33,5,7,12,18,31,40,34,36,48,50,56,79,76,55,26,7,24,2,2
Seychelles,2009,616,20,24,4,1,0,1,12,29,71,74,101,134,132,34,5,7,12,17,30,41,38,36,49,52,56,78,77,55,27,7,25,1,2
Seychelles,2010,619,19,23,4,1,0,1,11,28,70,77,103,130,134,35,5,6,11,17,29,41,40,37,50,53,54,76,77,57,28,7,24,1,2
Seychelles,2011,601,20,24,4,1,0,0,10,27,65,76,101,124,130,38,5,5,10,17,27,38,39,37,48,53,52,72,75,55,30,8,25,0,1
Seychelles,2012,629,21,25,4,1,0,0,10,27,66,83,106,127,139,41,5,5,10,17,27,39,43,40,51,55,53,74,79,60,33,8,26,0,2
Seychelles,2013,641,20,24,4,1,0,0,10,28,64,87,108,128,144,43,5,5,11,17,26,38,45,42,51,57,54,74,80,64,34,9,25,0,2
Seychelles,2014,662,20,24,4,1,0,0,10,27,64,91,113,131,145,45,5,5,10,17,26,38,45,46,53,60,57,74,80,65,36,9,25,0,2
Seychelles,2015,684,21,25,4,2,0,0,10,26,65,99,118,138,149,48,5,5,10,16,27,38,47,52,57,61,61,77,80,69,37,11,27,0,2
Seychelles,2016,708,22,26,4,3,0,0,9,27,68,103,124,143,155,51,4,5,10,17,29,39,47,56,60,64,64,79,82,73,39,12,29,0,2
Seychelles,2017,719,22,26,4,3,0,0,9,26,65,106,130,146,155,52,4,5,10,16,27,38,47,59,65,65,67,79,82,73,40,12,29,0,2
Seychelles,2018,732,21,25,4,3,0,0,9,25,66,106,134,149,155,54,4,5,10,15,28,38,46,60,68,66,68,81,82,73,41,13,28,0,2
Seychelles,2019,740,21,25,4,3,0,0,8,23,64,105,143,152,154,56,3,5,9,14,27,37,45,60,74,69,68,84,82,72,43,13,28,0,2
Seychelles,2020,766,20,24,4,4,0,5,27,38,63,111,149,146,144,52,12,15,20,18,27,36,48,63,68,81,67,79,77,67,40,12,28,5,2
Seychelles,2021,955,19,23,4,4,0,5,26,40,75,131,193,197,189,66,11,15,20,20,31,44,56,75,89,104,89,108,100,89,50,16,27,5,3
Sierra Leone,1950,68402,24076,44063,19987,3296,1471,1488,3576,3150,2754,2667,2989,2323,551,71,1849,1727,1624,1526,1446,1308,1333,1334,1501,1488,1368,955,365,186,59,12,47359,2959,2
Sierra Leone,1951,68637,24489,43842,19353,3327,1473,1494,3594,3175,2792,2722,3079,2460,606,72,1858,1736,1635,1540,1464,1328,1358,1364,1539,1540,1435,1025,431,175,61,11,47169,2967,2
Sierra Leone,1952,68372,24348,43295,18947,3318,1464,1491,3577,3166,2805,2763,3160,2588,667,76,1848,1729,1629,1537,1467,1338,1374,1389,1573,1587,1500,1088,507,160,65,11,46613,2955,2
Sierra Leone,1953,68159,24215,42856,18641,3258,1456,1486,3560,3164,2820,2801,3237,2706,736,78,1841,1719,1625,1539,1471,1349,1390,1411,1607,1630,1564,1142,583,153,66,12,46114,2942,2
Sierra Leone,1954,68348,24290,42782,18492,3144,1460,1489,3561,3172,2842,2847,3323,2834,816,76,1842,1719,1628,1544,1480,1362,1409,1438,1646,1677,1632,1202,652,164,65,11,45926,2949,1
Sierra Leone,1955,68584,24435,42817,18382,3047,1463,1485,3542,3165,2856,2885,3400,2952,900,72,1833,1709,1623,1542,1484,1372,1424,1461,1680,1720,1694,1258,709,191,61,11,45864,2948,1
Sierra Leone,1956,69038,24573,42942,18369,3011,1470,1484,3541,3171,2876,2930,3483,3076,987,69,1833,1708,1623,1548,1491,1385,1444,1486,1717,1766,1755,1321,762,225,57,12,45953,2954,1
Sierra Leone,1957,69477,24654,42972,18318,2984,1480,1489,3556,3192,2912,2982,3572,3197,1072,64,1841,1715,1632,1560,1508,1404,1468,1514,1756,1816,1814,1383,808,264,52,12,45956,2969,1
Sierra Leone,1958,69824,24731,42991,18260,2971,1475,1493,3557,3196,2931,3024,3653,3318,1153,64,1842,1715,1631,1565,1515,1416,1485,1539,1792,1861,1869,1449,851,302,51,13,45962,2968,1
Sierra Leone,1959,70119,24800,42981,18181,2982,1440,1495,3550,3196,2948,3065,3731,3433,1229,67,1837,1713,1630,1566,1522,1426,1504,1561,1825,1906,1922,1511,894,335,55,12,45963,2935,1
Sierra Leone,1960,70505,24941,43078,18137,3000,1400,1500,3535,3191,2965,3103,3806,3545,1301,77,1830,1705,1624,1567,1527,1438,1519,1584,1856,1950,1975,1570,938,363,65,12,46078,2900,1
Sierra Leone,1961,70988,25109,43235,18126,3017,1374,1509,3527,3189,2986,3146,3887,3658,1374,89,1825,1702,1620,1569,1536,1450,1537,1609,1890,1997,2030,1628,985,389,77,12,46252,2883,1
Sierra Leone,1962,71422,25237,43335,18098,3040,1349,1520,3520,3193,3007,3190,3960,3764,1442,99,1820,1700,1621,1572,1543,1464,1556,1634,1920,2040,2082,1682,1030,412,90,9,46375,2869,1
Sierra Leone,1963,71879,25393,43464,18071,3063,1336,1516,3515,3196,3030,3233,4034,3871,1512,111,1817,1698,1621,1575,1552,1478,1574,1659,1952,2082,2136,1735,1079,433,101,10,46527,2852,1
Sierra Leone,1964,72193,25515,43529,18014,3075,1341,1482,3501,3183,3039,3267,4102,3972,1581,124,1814,1687,1613,1570,1553,1486,1587,1680,1982,2120,2188,1784,1125,456,112,12,46604,2823,1
Sierra Leone,1965,72497,25550,43544,17994,3092,1353,1452,3495,3173,3050,3303,4171,4078,1648,133,1817,1678,1607,1566,1556,1494,1602,1701,2012,2159,2242,1836,1169,479,120,13,46636,2805,1
Sierra Leone,1966,72757,25579,43525,17946,3110,1360,1421,3487,3158,3060,3339,4245,4187,1717,144,1821,1666,1597,1561,1557,1503,1616,1723,2045,2200,2296,1891,1214,503,129,15,46635,2781,1
Sierra Leone,1967,72859,25655,43429,17774,3117,1366,1388,3476,3143,3062,3367,4304,4277,1775,154,1823,1653,1588,1555,1554,1508,1627,1740,2071,2233,2341,1936,1251,524,135,19,46546,2754,1
Sierra Leone,1968,73248,25673,43376,17703,3156,1390,1387,3488,3162,3092,3416,4388,4390,1841,162,1827,1661,1596,1566,1566,1526,1649,1767,2109,2279,2398,1992,1291,550,142,20,46532,2777,1
Sierra Leone,1969,73611,25661,43289,17628,3191,1411,1409,3477,3178,3122,3470,4477,4503,1910,173,1803,1674,1603,1575,1578,1544,1673,1797,2150,2327,2454,2049,1334,576,151,22,46480,2820,1
Sierra Leone,1970,73631,25691,43169,17478,3194,1419,1420,3416,3148,3111,3490,4532,4589,1964,180,1748,1668,1586,1562,1568,1543,1680,1810,2172,2360,2493,2096,1368,596,157,23,46363,2839,1
Sierra Leone,1971,73829,25755,43100,17345,3205,1431,1433,3387,3139,3118,3522,4598,4682,2022,190,1713,1674,1579,1560,1569,1549,1692,1830,2200,2398,2537,2145,1405,617,165,25,46305,2864,2
Sierra Leone,1972,73941,25821,43039,17218,3201,1438,1441,3340,3114,3116,3543,4657,4771,2077,201,1670,1670,1563,1551,1565,1551,1699,1844,2223,2434,2579,2192,1441,636,174,27,46240,2879,2
Sierra Leone,1973,74174,25898,43032,17134,3207,1450,1456,3309,3102,3118,3573,4721,4865,2134,209,1652,1657,1556,1546,1564,1554,1711,1862,2249,2472,2625,2240,1480,654,181,28,46239,2906,2
Sierra Leone,1974,74449,26084,43127,17043,3198,1457,1467,3266,3088,3116,3595,4775,4950,2190,217,1657,1609,1551,1537,1561,1555,1720,1875,2270,2505,2666,2284,1517,673,187,30,46325,2924,2
Sierra Leone,1975,74619,26173,43131,16958,3187,1463,1477,3227,3075,3108,3614,4828,5037,2245,223,1667,1560,1547,1528,1554,1554,1726,1888,2291,2537,2711,2326,1553,692,193,30,46318,2940,2
Sierra Leone,1976,74780,26229,43143,16914,3175,1464,1484,3190,3059,3102,3629,4877,5118,2299,231,1670,1520,1545,1514,1549,1553,1729,1900,2311,2566,2752,2366,1589,710,199,32,46318,2948,3
Sierra Leone,1977,74968,26301,43137,16836,3168,1470,1497,3165,3054,3103,3649,4929,5201,2351,240,1678,1487,1547,1507,1547,1556,1736,1913,2333,2596,2794,2407,1621,730,206,34,46305,2967,3
Sierra Leone,1978,75358,26479,43281,16802,3169,1477,1513,3165,3040,3109,3676,4986,5287,2404,246,1695,1470,1536,1504,1547,1562,1746,1930,2356,2630,2838,2449,1656,748,211,35,46450,2990,3
Sierra Leone,1979,75652,26594,43360,16766,3173,1480,1527,3187,3001,3111,3696,5035,5367,2454,253,1709,1478,1498,1503,1545,1566,1752,1944,2375,2660,2878,2489,1687,767,217,36,46533,3007,3
Sierra Leone,1980,76303,26720,43496,16776,3212,1502,1561,3263,3011,3148,3749,5114,5471,2511,261,1749,1514,1481,1530,1562,1586,1775,1974,2411,2703,2930,2541,1723,788,224,37,46708,3063,3
Sierra Leone,1981,77078,26925,43703,16778,3256,1526,1600,3345,3040,3191,3809,5199,5574,2561,268,1795,1550,1477,1563,1582,1609,1802,2007,2451,2748,2981,2593,1756,805,229,39,46959,3126,3
Sierra Leone,1982,77975,27179,43961,16782,3304,1553,1642,3442,3075,3245,3876,5293,5681,2618,276,1847,1595,1476,1599,1606,1639,1834,2042,2496,2797,3037,2644,1793,825,236,40,47265,3195,3
Sierra Leone,1983,78907,27499,44336,16837,3350,1577,1678,3529,3098,3290,3934,5376,5782,2671,283,1894,1635,1484,1614,1628,1662,1862,2072,2535,2841,3086,2696,1827,844,242,41,47686,3255,4
Sierra Leone,1984,80222,27882,44832,16950,3431,1624,1733,3662,3157,3368,4020,5481,5895,2728,291,1964,1698,1536,1621,1670,1698,1903,2117,2586,2895,3146,2749,1866,862,248,43,48263,3357,4
Sierra Leone,1985,81915,28258,45393,17135,3534,1687,1809,3848,3267,3498,4143,5624,6026,2790,299,2062,1786,1620,1647,1742,1756,1963,2180,2657,2967,3216,2810,1910,880,256,43,48927,3496,4
Sierra Leone,1986,83849,28683,46021,17338,3659,1763,1901,4067,3399,3647,4280,5781,6166,2852,306,2175,1892,1709,1690,1826,1821,2031,2249,2735,3046,3293,2873,1952,900,261,45,49680,3664,4
Sierra Leone,1987,85191,29147,46592,17445,3717,1794,1948,4194,3455,3719,4359,5894,6289,2920,313,2240,1954,1762,1693,1870,1849,2067,2292,2788,3106,3355,2934,1998,922,267,46,50309,3742,4
Sierra Leone,1988,87207,29592,47278,17686,3843,1865,2036,4409,3604,3847,4499,6060,6444,2992,319,2351,2058,1858,1746,1932,1915,2135,2364,2868,3192,3439,3005,2048,944,273,46,51121,3901,4
Sierra Leone,1989,89265,30011,47960,17949,3984,1942,2133,4634,3791,3953,4643,6229,6599,3068,327,2463,2171,1958,1833,1964,1989,2205,2438,2950,3279,3523,3076,2099,969,279,48,51944,4075,4
Sierra Leone,1990,90918,30433,48543,18110,4094,1997,2211,4814,3950,4027,4750,6352,6717,3124,335,2552,2262,2039,1911,1973,2054,2255,2495,3008,3344,3587,3130,2136,988,287,48,52637,4208,4
Sierra Leone,1991,97471,32035,51082,19047,4467,2186,2485,5514,4476,4427,5173,6835,7158,3306,354,2919,2595,2323,2153,2149,2278,2462,2711,3243,3592,3831,3327,2262,1044,303,51,55549,4671,4
Sierra Leone,1992,93924,30816,48865,18049,4313,2120,2442,5466,4452,4296,5004,6578,6862,3176,340,2888,2578,2314,2138,2064,2232,2384,2620,3126,3452,3675,3187,2172,1004,292,48,53178,4562,5
Sierra Leone,1993,93316,30499,48222,17723,4322,2134,2476,5545,4533,4284,4998,6534,6788,3137,337,2926,2619,2359,2174,2057,2227,2383,2615,3110,3424,3640,3148,2144,993,289,48,52544,4610,5
Sierra Leone,1994,95450,30520,48428,17908,4510,2244,2645,5987,4875,4478,5198,6704,6885,3149,340,3158,2829,2542,2333,2191,2287,2489,2709,3201,3503,3702,3183,2155,994,290,50,52938,4889,5
Sierra Leone,1995,96242,30283,48075,17792,4555,2281,2753,6351,5135,4592,5319,6776,6916,3147,339,3355,2996,2685,2450,2292,2300,2561,2758,3241,3535,3724,3192,2153,994,289,50,52630,5034,5
Sierra Leone,1996,92648,29635,46663,17028,4394,2220,2599,5813,4829,4332,5118,6554,6714,3072,335,3069,2744,2507,2322,2185,2147,2471,2647,3133,3421,3614,3100,2099,973,285,50,51057,4819,5
Sierra Leone,1997,93262,29496,46315,16819,4442,2263,2683,6046,5020,4426,5233,6642,6767,3085,338,3195,2851,2605,2415,2266,2160,2539,2694,3179,3463,3646,3121,2107,978,287,51,50757,4946,5
Sierra Leone,1998,97001,29532,46451,16919,4586,2347,2995,7151,5716,4848,5554,6920,6955,3128,342,3792,3359,2991,2725,2516,2332,2699,2855,3323,3597,3755,3200,2139,989,291,51,51037,5342,5
Sierra Leone,1999,98875,28742,44673,15931,4335,2274,3403,9030,6790,5399,5729,6934,6874,3090,338,4813,4217,3616,3174,2839,2560,2769,2960,3349,3585,3713,3161,2112,978,288,50,49008,5677,5
Sierra Leone,2000,89931,28297,43900,15603,4300,2211,2651,5872,4946,4430,5056,6544,6653,3026,335,3103,2769,2541,2405,2276,2154,2372,2684,3130,3414,3581,3072,2065,961,284,51,48200,4862,5
Sierra Leone,2001,91311,28693,44240,15547,4318,2230,2712,6017,5070,4565,5156,6703,6833,3115,345,3180,2837,2599,2471,2347,2218,2388,2768,3202,3501,3674,3159,2126,989,293,52,48558,4942,5
Sierra Leone,2002,95171,29940,45967,16027,4510,2331,2813,6127,5224,4795,5395,7084,7247,3308,367,3237,2890,2664,2560,2457,2338,2462,2933,3377,3707,3894,3353,2257,1051,313,54,50477,5144,5
Sierra Leone,2003,96252,30014,45991,15977,4545,2358,2864,6227,5311,4930,5494,7278,7458,3410,381,3289,2938,2702,2609,2519,2411,2499,2995,3466,3812,4007,3451,2327,1083,324,57,50536,5222,5
Sierra Leone,2004,96575,29630,45406,15776,4561,2383,2905,6303,5381,5055,5573,7457,7652,3504,389,3331,2972,2736,2645,2577,2478,2576,2997,3555,3902,4110,3542,2391,1113,332,57,49967,5288,5
Sierra Leone,2005,96015,29159,44436,15277,4520,2380,2911,6315,5395,5126,5605,7582,7773,3568,394,3342,2973,2742,2653,2605,2521,2636,2969,3624,3958,4172,3601,2435,1133,336,58,48956,5291,5
Sierra Leone,2006,93801,28778,43434,14656,4333,2291,2786,6006,5145,4985,5464,7546,7795,3605,401,3185,2821,2609,2536,2517,2468,2594,2870,3610,3936,4174,3621,2457,1148,342,59,47767,5077,5
Sierra Leone,2007,91190,28071,42102,14031,4123,2188,2649,5686,4886,4843,5330,7509,7822,3641,408,3021,2665,2471,2415,2429,2414,2560,2770,3597,3912,4179,3643,2479,1162,346,62,46225,4837,5
Sierra Leone,2008,88600,27448,40806,13358,3893,2080,2518,5374,4636,4694,5225,7433,7847,3674,413,2859,2515,2340,2296,2338,2356,2525,2700,3541,3892,4183,3664,2498,1176,351,62,44699,4598,6
Sierra Leone,2009,86298,26812,39586,12774,3675,1985,2404,5089,4415,4564,5192,7344,7897,3725,419,2708,2381,2220,2195,2253,2311,2498,2694,3442,3902,4197,3700,2529,1196,356,63,43261,4389,6
Sierra Leone,2010,84203,26060,38234,12174,3463,1906,2313,4860,4243,4470,5202,7304,7984,3793,428,2584,2276,2126,2117,2188,2282,2491,2711,3361,3943,4232,3752,2573,1220,364,64,41697,4219,6
Sierra Leone,2011,82494,25379,36995,11616,3289,1838,2243,4677,4111,4409,5225,7308,8090,3869,434,2483,2194,2051,2060,2144,2265,2497,2728,3307,4001,4275,3815,2621,1248,370,64,40284,4081,6
Sierra Leone,2012,81047,24706,35810,11104,3153,1789,2189,4541,4016,4368,5268,7317,8201,3947,443,2409,2132,1997,2019,2110,2258,2511,2757,3257,4060,4322,3879,2673,1274,378,65,38963,3978,6
Sierra Leone,2013,79187,23792,34305,10513,2987,1717,2126,4395,3908,4316,5309,7317,8317,4027,454,2332,2063,1937,1971,2072,2244,2521,2788,3242,4075,4373,3944,2725,1302,386,68,37292,3843,6
Sierra Leone,2014,80108,23148,33594,10446,3107,1816,2228,4583,4094,4501,5545,7478,8554,4134,466,2428,2155,2032,2062,2163,2338,2634,2911,3374,4104,4505,4049,2797,1337,396,70,36701,4044,6
Sierra Leone,2015,78359,22285,32112,9827,2956,1738,2174,4455,4001,4459,5595,7479,8695,4212,473,2365,2090,1982,2019,2135,2324,2648,2947,3433,4046,4587,4108,2847,1365,403,70,35068,3912,6
Sierra Leone,2016,75264,21493,30453,8960,2646,1556,2012,4114,3721,4268,5524,7393,8793,4292,484,2194,1920,1834,1887,2029,2239,2597,2927,3429,3964,4640,4153,2898,1394,412,72,33099,3568,7
Sierra Leone,2017,75858,21094,29748,8654,2699,1636,2093,4227,3829,4390,5721,7542,9053,4420,498,2258,1969,1888,1941,2086,2304,2684,3037,3551,3991,4793,4260,2982,1438,424,74,32447,3729,7
Sierra Leone,2018,73193,20560,28668,8108,2396,1428,1897,3864,3542,4185,5612,7480,9090,4510,511,2068,1796,1735,1807,1975,2210,2614,2998,3543,3937,4781,4309,3037,1473,436,75,31064,3325,7
Sierra Leone,2019,72960,20064,27821,7757,2320,1409,1892,3871,3559,4240,5742,7715,9219,4640,526,2070,1801,1739,1820,1996,2244,2661,3081,3650,4065,4784,4435,3122,1518,450,76,30141,3301,7
Sierra Leone,2020,76540,19523,26957,7434,2239,1382,1821,3707,3588,4658,6679,9245,10430,5246,584,1985,1722,1705,1883,2155,2503,3048,3631,4360,4885,5420,5010,3504,1742,500,84,29196,3203,7
Sierra Leone,2021,76745,19018,26130,7112,2159,1363,1832,3782,3649,4768,6876,9605,10644,5342,585,2018,1764,1732,1917,2189,2579,3133,3743,4536,5069,5462,5182,3582,1760,502,83,28289,3195,7
Singapore,1950,15503,4060,5772,1712,381,179,250,650,848,1255,1355,1732,1629,1258,188,318,332,389,459,573,682,721,634,795,937,723,906,818,440,155,33,6153,429,5
Singapore,1951,14773,4074,5681,1607,342,175,246,630,832,1259,1402,1637,1427,998,138,311,319,378,454,570,689,751,651,745,892,694,733,655,343,111,27,6023,421,5
Singapore,1952,14031,3960,5465,1505,306,165,239,611,804,1249,1447,1528,1282,818,108,304,307,360,444,562,687,768,679,689,839,691,591,536,282,84,24,5771,404,6
Singapore,1953,13331,3811,5179,1368,273,155,232,589,772,1228,1497,1430,1188,686,90,295,294,340,432,549,679,780,717,644,786,698,490,449,237,69,21,5452,387,6
Singapore,1954,12306,3561,4777,1216,263,142,212,544,705,1150,1467,1299,1083,568,84,273,271,307,398,512,638,751,716,593,706,666,417,369,199,63,21,5040,354,6
Singapore,1955,11294,3239,4315,1076,236,128,192,500,643,1075,1430,1202,1008,480,81,251,249,278,365,475,600,719,711,566,636,627,381,310,170,59,22,4551,320,6
Singapore,1956,10833,3073,4045,972,227,122,182,479,609,1043,1439,1176,993,431,80,240,239,262,347,458,585,711,728,576,600,608,385,275,156,58,22,4272,304,6
Singapore,1957,10554,2979,3898,919,223,115,172,462,579,1018,1449,1173,989,389,81,231,231,251,328,445,573,706,743,606,567,588,401,243,146,57,24,4121,287,6
Singapore,1958,10453,2879,3762,883,229,115,166,453,560,1013,1488,1205,1009,367,80,226,227,243,317,442,571,714,774,653,552,580,429,227,140,56,24,3991,281,7
Singapore,1959,9970,2681,3508,827,230,110,155,424,520,963,1455,1203,977,341,75,210,214,228,292,417,546,690,765,675,528,546,431,212,129,53,22,3738,265,7
Singapore,1960,9606,2420,3173,753,216,111,147,408,500,942,1465,1252,975,340,74,202,206,221,279,405,537,687,778,711,541,533,442,216,124,51,23,3389,258,7
Singapore,1961,9279,2151,2809,658,209,122,141,394,477,901,1483,1337,991,347,60,196,198,215,262,380,521,687,796,753,584,536,455,232,115,46,14,3018,263,5
Singapore,1962,9064,1949,2538,589,200,127,139,379,459,870,1492,1433,1007,366,54,189,190,208,251,362,508,687,805,795,638,541,466,256,110,42,12,2738,266,4
Singapore,1963,9143,1825,2356,531,199,133,143,374,455,864,1537,1572,1057,401,50,185,189,205,250,356,508,703,834,858,714,566,491,290,111,41,9,2555,276,3
Singapore,1964,9265,1712,2199,487,193,139,154,369,452,849,1574,1707,1133,443,51,181,188,203,249,346,503,713,861,916,791,611,522,325,118,42,9,2392,293,2
Singapore,1965,9302,1556,2008,452,185,142,166,359,447,829,1593,1818,1217,492,52,173,186,199,248,336,493,711,882,958,860,665,552,357,135,44,8,2193,308,2
Singapore,1966,9529,1475,1892,417,179,143,178,356,445,819,1622,1941,1337,558,56,171,185,196,249,331,488,709,913,999,942,740,597,398,160,48,8,2071,321,1
Singapore,1967,9684,1297,1673,376,168,146,189,361,444,814,1651,2068,1466,634,65,177,184,194,250,329,485,704,947,1040,1028,819,647,442,192,56,9,1841,335,1
Singapore,1968,9990,1141,1479,338,158,149,201,377,449,819,1691,2213,1641,733,79,193,184,197,252,336,483,707,984,1087,1126,918,723,501,232,67,12,1637,350,1
Singapore,1969,10180,1024,1325,301,150,148,205,384,444,811,1686,2306,1792,829,99,208,176,198,246,338,473,696,990,1113,1193,994,798,558,271,84,15,1475,353,1
Singapore,1970,10550,949,1214,265,140,147,210,401,446,815,1689,2424,1980,953,132,233,168,201,245,346,469,693,996,1163,1261,1090,890,631,322,110,22,1354,357,1
Singapore,1971,10740,924,1160,236,133,144,212,416,445,822,1690,2521,2083,977,134,249,167,202,243,353,469,698,992,1219,1302,1166,917,644,333,112,22,1293,356,1
Singapore,1972,11053,915,1130,215,124,142,218,439,447,835,1706,2634,2220,1018,140,260,179,203,244,357,478,711,995,1279,1355,1260,960,669,349,117,23,1254,360,2
Singapore,1973,11100,827,1020,193,113,136,217,454,439,832,1681,2683,2326,1051,145,264,190,197,242,351,481,702,979,1302,1381,1330,996,691,360,121,24,1133,353,2
Singapore,1974,11077,670,837,167,100,130,216,472,430,828,1666,2725,2435,1082,150,267,205,187,243,342,486,694,972,1309,1416,1393,1042,711,371,126,24,937,346,2
Singapore,1975,10958,546,689,143,90,122,211,484,414,817,1634,2736,2508,1099,153,264,220,173,241,331,486,677,957,1287,1449,1421,1087,721,378,129,24,779,333,2
Singapore,1976,11101,525,649,124,80,117,207,498,410,814,1631,2780,2619,1131,162,265,233,170,240,326,488,672,959,1271,1509,1460,1159,743,388,136,26,729,324,3
Singapore,1977,11298,472,587,115,76,111,201,507,413,814,1635,2827,2758,1191,174,267,240,176,237,324,490,675,960,1260,1567,1510,1248,781,410,146,28,663,312,3
Singapore,1978,11572,477,588,111,74,103,193,516,424,809,1644,2863,2899,1268,184,270,246,191,233,323,486,685,959,1253,1610,1563,1336,831,437,155,29,662,296,3
Singapore,1979,11959,493,600,107,71,98,189,525,435,812,1669,2915,3070,1370,204,272,253,209,226,330,482,704,965,1265,1650,1636,1434,900,470,169,35,671,287,4
Singapore,1980,12318,509,614,105,65,90,183,532,449,817,1690,2952,3234,1466,222,274,258,233,216,337,480,723,967,1283,1669,1725,1509,971,495,182,40,679,273,5
Singapore,1981,12637,486,587,101,60,84,175,536,466,820,1715,2971,3392,1574,245,273,263,252,214,340,480,740,975,1300,1671,1820,1572,1051,523,195,50,647,259,8
Singapore,1982,12870,458,553,95,57,80,169,540,495,818,1727,2964,3538,1675,251,269,271,264,231,336,482,740,987,1300,1664,1902,1636,1118,557,200,51,610,249,8
Singapore,1983,12938,414,502,88,50,74,156,533,521,803,1719,2921,3633,1756,262,262,271,270,251,318,485,723,996,1275,1646,1926,1707,1162,594,207,55,552,230,7
Singapore,1984,13077,400,486,86,49,70,144,521,549,794,1712,2882,3735,1850,279,250,271,274,275,305,489,706,1006,1249,1633,1931,1804,1205,645,222,57,535,214,6
Singapore,1985,12927,400,482,82,44,64,130,496,557,764,1669,2790,3740,1888,294,232,264,269,288,295,469,683,986,1210,1580,1879,1861,1226,662,240,54,526,194,7
Singapore,1986,12909,343,423,80,42,58,123,476,565,747,1633,2737,3777,1998,316,218,258,267,298,305,442,673,960,1202,1535,1857,1920,1316,682,271,45,465,181,15
Singapore,1987,12945,362,440,78,39,53,118,459,570,724,1589,2688,3774,2134,340,207,252,266,304,315,409,661,928,1199,1489,1831,1943,1434,700,292,48,479,171,15
Singapore,1988,13700,397,471,74,38,50,116,464,609,753,1632,2792,3953,2415,390,208,256,282,327,349,404,680,952,1261,1531,1898,2055,1644,771,330,60,509,166,12
Singapore,1989,14048,343,412,69,38,47,111,462,630,779,1623,2827,4013,2662,435,206,256,291,339,379,400,671,952,1283,1544,1911,2102,1814,848,360,75,450,158,9
Singapore,1990,14572,363,426,63,36,46,104,464,652,832,1620,2893,4080,2940,472,206,258,301,351,412,420,657,963,1309,1584,1929,2151,1977,963,386,86,462,150,9
Singapore,1991,14735,292,353,61,36,43,94,446,664,891,1615,2906,4040,3152,483,195,251,303,361,440,451,639,976,1304,1602,1901,2139,2046,1106,388,95,389,137,15
Singapore,1992,15187,265,323,58,34,42,89,425,682,972,1661,2974,4054,3398,513,182,243,305,377,474,498,639,1022,1332,1642,1904,2150,2101,1297,406,107,357,131,18
Singapore,1993,15772,244,301,57,33,41,85,406,700,1066,1719,3086,4099,3639,582,171,235,307,393,509,557,649,1070,1391,1695,1927,2172,2142,1497,454,128,334,126,17
Singapore,1994,16565,224,278,54,32,41,83,391,720,1171,1795,3246,4203,3892,700,163,228,309,411,544,627,683,1112,1482,1764,1986,2217,2192,1700,549,151,310,124,16
Singapore,1995,17416,228,279,51,32,40,81,373,733,1276,1884,3433,4310,4088,871,155,218,308,425,574,702,743,1141,1587,1846,2054,2256,2226,1862,702,169,311,121,18
Singapore,1996,17345,197,246,49,31,38,76,344,710,1308,1879,3444,4240,4004,1001,143,201,290,420,572,736,783,1096,1584,1860,2044,2196,2155,1849,837,164,277,114,24
Singapore,1997,16958,203,252,49,28,37,70,317,673,1313,1848,3353,4144,3818,1067,129,188,269,404,563,750,816,1032,1525,1828,2029,2115,2068,1750,912,155,280,107,35
Singapore,1998,16469,164,212,48,27,34,66,290,633,1304,1825,3226,4055,3636,1125,116,174,249,384,552,752,850,975,1470,1756,2022,2033,1983,1653,962,163,239,100,39
Singapore,1999,16489,150,194,44,24,31,64,268,608,1314,1879,3175,4102,3580,1213,106,162,237,371,550,764,911,968,1457,1718,2069,2033,1963,1617,1016,197,218,95,37
Singapore,2000,16392,164,204,40,23,28,61,248,574,1302,1943,3089,4116,3491,1286,99,149,220,354,544,758,960,983,1423,1666,2067,2049,1916,1575,1033,253,227,89,28
Singapore,2001,16956,125,161,36,21,28,60,238,564,1333,2104,3145,4284,3594,1402,97,141,216,348,554,779,1038,1066,1410,1735,2098,2186,1970,1624,1068,334,182,88,24
Singapore,2002,17482,127,162,35,20,27,58,229,546,1353,2258,3168,4420,3720,1484,96,133,209,337,556,797,1098,1160,1353,1815,2109,2311,2034,1686,1087,397,182,85,36
Singapore,2003,18000,112,148,36,21,27,58,223,532,1374,2421,3185,4556,3850,1548,96,127,204,328,555,819,1151,1270,1327,1858,2144,2412,2101,1749,1110,438,169,85,50
Singapore,2004,18057,103,135,32,20,26,55,207,499,1345,2508,3117,4582,3915,1585,89,118,191,308,532,813,1159,1349,1320,1797,2152,2430,2137,1778,1125,460,155,81,64
Singapore,2005,17710,99,128,29,18,22,52,193,458,1287,2520,3007,4479,3882,1592,83,110,173,285,498,789,1129,1391,1345,1662,2110,2369,2127,1755,1125,467,146,74,75
Singapore,2006,17938,100,129,29,17,20,51,188,437,1268,2608,3010,4497,3964,1656,82,106,163,274,481,787,1139,1469,1417,1593,2109,2388,2192,1772,1167,489,146,71,91
Singapore,2007,18534,103,131,28,16,19,48,190,429,1272,2763,3085,4599,4125,1738,84,106,158,271,473,799,1179,1584,1527,1558,2153,2446,2314,1811,1221,517,147,67,114
Singapore,2008,19225,104,134,30,15,19,46,190,423,1273,2913,3210,4711,4321,1838,83,107,155,268,466,807,1224,1689,1692,1518,2203,2508,2452,1869,1286,552,149,65,134
Singapore,2009,19809,102,131,29,15,18,46,185,416,1260,3013,3391,4762,4495,1930,79,106,153,263,457,803,1258,1755,1893,1498,2208,2554,2562,1933,1335,595,146,64,149
Singapore,2010,20528,100,129,29,12,18,45,183,408,1247,3100,3691,4797,4701,2030,77,106,151,257,448,799,1292,1808,2124,1567,2167,2630,2664,2037,1377,653,141,63,165
Singapore,2011,21086,104,133,29,12,16,41,176,394,1222,3159,4008,4770,4889,2081,75,101,147,247,439,783,1311,1848,2261,1747,2054,2716,2727,2162,1390,691,145,57,183
Singapore,2012,21561,110,139,29,11,16,38,168,374,1184,3208,4268,4750,5094,2101,72,96,142,232,426,758,1311,1897,2323,1945,1955,2795,2788,2306,1400,701,150,54,206
Singapore,2013,22020,104,134,30,11,14,36,163,356,1141,3240,4504,4749,5314,2134,69,94,137,219,411,730,1297,1943,2405,2099,1915,2834,2864,2450,1428,706,145,50,220
Singapore,2014,22809,107,137,30,11,13,35,155,345,1116,3306,4802,4840,5597,2218,65,90,133,212,401,715,1299,2007,2557,2245,1984,2856,2989,2608,1504,714,148,48,226
Singapore,2015,23533,106,135,29,11,12,35,148,335,1088,3334,5098,4934,5844,2337,61,87,128,207,389,699,1288,2046,2715,2383,2103,2831,3111,2733,1621,716,146,47,226
Singapore,2016,24353,89,118,29,11,11,33,141,324,1053,3328,5504,5021,6084,2494,60,81,123,201,371,682,1263,2065,2855,2649,2223,2798,3241,2843,1775,719,129,44,234
Singapore,2017,25169,84,113,29,11,10,29,134,309,1010,3273,5958,5103,6302,2655,57,77,117,192,349,661,1220,2053,2927,3031,2364,2739,3364,2938,1930,725,124,39,261
Singapore,2018,25978,79,108,29,11,10,27,127,294,967,3203,6366,5265,6507,2818,54,73,110,184,329,638,1175,2028,2964,3402,2563,2702,3461,3046,2072,746,119,37,271
Singapore,2019,26644,75,105,30,11,10,21,119,279,919,3106,6663,5544,6632,2977,52,67,104,175,310,609,1124,1982,2960,3703,2835,2709,3481,3151,2180,797,116,31,260
Singapore,2020,29992,71,101,30,16,24,48,198,363,1047,2952,6158,6653,8401,3759,91,107,146,217,375,672,1102,1850,2708,3450,3463,3190,4208,4193,2730,1029,117,72,267
Singapore,2021,31862,63,92,29,16,29,50,186,347,1006,2827,6219,7470,9172,4186,83,103,140,207,358,648,1063,1764,2648,3571,4000,3470,4394,4778,2976,1210,108,79,264
Sint Maarten (Dutch part),1950,26,4,5,1,0,0,0,0,0,0,0,0,9,7,0,0,0,0,0,0,0,0,0,0,0,4,5,5,2,0,0,5,0,0
Sint Maarten (Dutch part),1951,26,4,5,1,0,0,0,0,0,0,0,0,8,7,0,0,0,0,0,0,0,0,0,0,0,3,5,5,2,0,0,5,0,0
Sint Maarten (Dutch part),1952,23,3,3,0,0,0,0,0,0,0,0,0,7,8,0,0,0,0,0,0,0,0,0,0,0,2,5,5,3,0,0,3,0,0
Sint Maarten (Dutch part),1953,24,3,3,0,0,0,0,0,0,0,0,0,7,9,0,0,0,0,0,0,0,0,0,0,0,2,5,5,4,0,0,3,0,0
Sint Maarten (Dutch part),1954,23,3,3,0,0,0,0,0,0,0,0,0,6,7,0,0,0,0,0,0,0,0,0,0,0,1,5,5,2,0,0,3,0,0
Sint Maarten (Dutch part),1955,23,3,3,0,0,0,0,0,0,0,0,0,5,6,0,0,0,0,0,0,0,0,0,0,0,0,5,5,1,0,0,3,0,0
Sint Maarten (Dutch part),1956,24,3,3,0,0,0,0,0,0,0,0,0,8,7,0,0,0,0,0,0,0,0,0,0,0,3,5,5,2,0,0,3,0,0
Sint Maarten (Dutch part),1957,24,3,3,0,0,0,0,0,0,0,0,0,8,5,0,0,0,0,0,0,0,0,0,0,0,3,5,5,0,0,0,3,0,0
Sint Maarten (Dutch part),1958,24,3,3,0,0,0,0,0,0,0,0,0,8,2,0,0,0,0,0,0,0,0,0,0,0,3,5,2,0,0,0,3,0,0
Sint Maarten (Dutch part),1959,26,3,3,0,0,0,0,0,0,0,0,0,8,3,0,0,0,0,0,0,0,0,0,0,0,3,5,3,0,0,0,3,0,0
Sint Maarten (Dutch part),1960,28,3,3,0,0,0,0,0,0,0,0,2,8,3,0,0,0,0,0,0,0,0,0,0,2,3,5,3,0,0,0,3,0,0
Sint Maarten (Dutch part),1961,30,3,3,0,0,0,0,0,0,0,0,3,9,4,0,0,0,0,0,0,0,0,0,0,3,4,5,4,0,0,0,3,0,0
Sint Maarten (Dutch part),1962,29,3,3,0,0,0,0,0,0,0,0,2,9,5,0,0,0,0,0,0,0,0,0,0,2,4,5,5,0,0,0,3,0,0
Sint Maarten (Dutch part),1963,28,3,3,0,0,0,0,0,0,0,0,1,9,6,0,0,0,0,0,0,0,0,0,0,1,4,5,5,1,0,0,3,0,0
Sint Maarten (Dutch part),1964,29,3,3,0,0,0,0,0,0,0,0,1,9,6,0,0,0,0,0,0,0,0,0,0,1,5,4,5,1,0,0,3,0,0
Sint Maarten (Dutch part),1965,34,5,6,1,0,0,0,0,0,0,0,1,10,7,0,0,0,0,0,0,0,0,0,0,1,5,5,5,2,0,0,6,0,0
Sint Maarten (Dutch part),1966,32,4,4,0,0,0,0,0,0,0,0,0,10,8,0,0,0,0,0,0,0,0,0,0,0,5,5,5,3,0,0,4,0,0
Sint Maarten (Dutch part),1967,32,4,4,0,0,0,0,0,0,0,0,0,10,8,0,0,0,0,0,0,0,0,0,0,0,5,5,5,3,0,0,4,0,0
Sint Maarten (Dutch part),1968,34,5,5,0,0,0,0,0,0,0,0,3,9,9,0,0,0,0,0,0,0,0,0,2,1,4,5,5,4,0,0,5,0,0
Sint Maarten (Dutch part),1969,33,4,4,0,0,0,0,0,0,0,0,4,8,9,0,0,0,0,0,0,0,0,0,3,1,3,5,5,4,0,0,4,0,0
Sint Maarten (Dutch part),1970,31,4,4,0,0,0,0,0,0,0,0,3,8,7,0,0,0,0,0,0,0,0,0,3,0,3,5,3,4,0,0,4,0,0
Sint Maarten (Dutch part),1971,34,4,4,0,0,0,0,0,0,0,0,6,9,9,0,0,0,0,0,0,0,0,0,5,1,4,5,4,5,0,0,4,0,0
Sint Maarten (Dutch part),1972,36,4,4,0,0,0,0,0,0,0,1,7,9,8,1,0,0,0,0,0,0,0,1,5,2,4,5,3,5,1,0,4,0,0
Sint Maarten (Dutch part),1973,36,4,4,0,0,0,0,0,0,0,1,9,9,8,1,0,0,0,0,0,0,0,1,5,4,5,4,4,4,1,0,4,0,0
Sint Maarten (Dutch part),1974,37,5,5,0,0,0,0,0,0,0,1,10,9,7,2,0,0,0,0,0,0,0,1,5,5,5,4,5,2,2,0,5,0,0
Sint Maarten (Dutch part),1975,38,5,5,0,0,0,0,0,0,0,2,10,10,6,2,0,0,0,0,0,0,0,2,5,5,5,5,5,1,2,0,5,0,0
Sint Maarten (Dutch part),1976,39,5,5,0,0,0,0,0,0,0,2,10,10,6,2,0,0,0,0,0,0,0,2,5,5,5,5,5,1,2,0,5,0,0
Sint Maarten (Dutch part),1977,43,6,6,0,0,0,0,0,0,0,2,10,10,7,0,0,0,0,0,0,0,0,2,5,5,5,5,5,2,0,0,6,0,0
Sint Maarten (Dutch part),1978,46,7,7,0,0,0,0,0,0,0,3,10,10,8,0,0,0,0,0,0,0,0,3,5,5,5,5,5,3,0,0,7,0,0
Sint Maarten (Dutch part),1979,51,7,7,0,0,0,0,0,0,0,5,10,11,8,0,0,0,0,0,0,0,0,5,5,5,6,5,5,3,0,0,7,0,0
Sint Maarten (Dutch part),1980,57,8,9,1,0,0,0,0,0,0,5,10,13,8,0,0,0,0,0,0,0,0,5,5,5,8,5,5,3,0,0,9,0,0
Sint Maarten (Dutch part),1981,59,8,9,1,0,0,0,0,0,0,5,10,13,8,0,0,0,0,0,0,0,0,5,5,5,8,5,5,3,0,0,9,0,0
Sint Maarten (Dutch part),1982,57,7,7,0,0,0,0,0,0,0,4,10,13,7,0,0,0,0,0,0,0,0,4,5,5,7,6,4,3,0,0,7,0,0
Sint Maarten (Dutch part),1983,60,8,8,0,0,0,0,0,0,0,4,10,16,6,0,0,0,0,0,0,0,0,4,5,5,9,7,5,1,0,0,8,0,0
Sint Maarten (Dutch part),1984,65,9,10,1,0,0,0,0,0,0,6,10,18,6,0,0,0,0,0,0,0,1,5,5,5,10,8,5,1,0,0,10,0,0
Sint Maarten (Dutch part),1985,71,10,11,1,0,0,0,0,9,0,6,10,19,7,0,0,0,4,5,0,0,1,5,5,5,10,9,5,2,0,0,11,0,0
Sint Maarten (Dutch part),1986,77,11,12,1,0,0,0,1,10,10,10,12,20,7,0,0,1,5,5,5,5,5,5,5,7,10,10,5,2,0,0,12,0,0
Sint Maarten (Dutch part),1987,83,12,14,2,0,0,0,7,10,10,10,12,20,9,0,2,5,5,5,5,5,5,5,5,7,10,10,6,3,0,0,14,0,0
Sint Maarten (Dutch part),1988,84,11,12,1,0,0,0,7,10,10,10,11,20,11,0,2,5,5,5,5,5,5,5,5,6,10,10,7,4,0,0,12,0,0
Sint Maarten (Dutch part),1989,93,13,15,2,0,0,0,8,10,10,10,12,20,12,0,3,5,5,5,5,5,5,5,5,7,10,10,8,4,0,0,15,0,0
Sint Maarten (Dutch part),1990,102,14,16,2,0,0,0,8,10,10,10,15,20,13,0,3,5,5,5,5,5,5,5,5,10,10,10,9,4,0,0,16,0,0
Sint Maarten (Dutch part),1991,113,15,18,3,0,0,0,8,10,10,10,15,20,15,0,3,5,5,5,5,5,5,5,5,10,10,10,10,5,0,0,18,0,0
Sint Maarten (Dutch part),1992,117,15,18,3,0,0,0,7,10,10,10,14,23,16,0,2,5,5,5,5,5,5,5,5,9,11,12,10,6,0,0,18,0,0
Sint Maarten (Dutch part),1993,124,16,19,3,0,0,0,6,10,10,10,14,26,17,0,1,5,5,5,5,5,5,5,5,9,11,15,10,7,0,0,19,0,0
Sint Maarten (Dutch part),1994,126,15,18,3,0,0,0,6,10,10,10,15,25,19,0,1,5,5,5,5,5,5,5,5,10,10,15,11,8,0,0,18,0,0
Sint Maarten (Dutch part),1995,127,14,18,4,0,0,0,5,10,14,10,15,25,20,0,0,5,5,5,5,9,5,5,5,10,10,15,12,8,0,0,18,0,0
Sint Maarten (Dutch part),1996,124,13,16,3,0,0,0,4,10,14,11,14,24,21,1,0,4,5,5,5,9,6,5,5,9,10,14,12,9,1,0,16,0,0
Sint Maarten (Dutch part),1997,117,11,12,1,0,0,0,2,10,11,11,13,23,22,2,0,2,5,5,5,6,6,5,5,8,10,13,13,9,2,0,12,0,0
Sint Maarten (Dutch part),1998,122,11,12,1,0,0,0,2,10,13,18,13,22,24,2,0,2,5,5,5,8,10,8,6,7,10,12,14,10,2,0,12,0,0
Sint Maarten (Dutch part),1999,108,8,8,0,0,0,0,0,9,10,10,11,21,23,3,0,0,4,5,5,5,5,5,5,6,10,11,13,10,3,0,8,0,0
Sint Maarten (Dutch part),2000,115,8,8,0,0,0,0,0,9,12,20,11,20,24,5,0,0,4,5,5,7,10,10,5,6,10,10,14,10,5,0,8,0,0
Sint Maarten (Dutch part),2001,117,8,8,0,0,0,0,0,9,13,20,13,20,23,7,0,0,4,5,5,8,10,10,8,5,10,10,14,9,7,0,8,0,0
Sint Maarten (Dutch part),2002,116,7,7,0,0,0,0,0,8,13,20,18,19,24,7,0,0,3,5,5,8,10,10,10,8,9,10,14,10,7,0,7,0,0
Sint Maarten (Dutch part),2003,127,7,7,0,0,0,0,0,9,13,20,20,22,26,6,0,0,4,5,5,8,10,10,10,10,10,12,15,11,5,1,7,0,0
Sint Maarten (Dutch part),2004,130,7,7,0,0,0,0,0,9,14,20,20,22,27,6,0,0,4,5,5,9,10,10,10,10,10,12,15,12,5,1,7,0,0
Sint Maarten (Dutch part),2005,121,6,6,0,0,0,0,0,6,12,20,20,21,23,6,0,0,1,5,5,7,10,10,10,10,10,11,12,11,5,1,6,0,0
Sint Maarten (Dutch part),2006,121,6,6,0,0,0,0,0,5,12,20,20,20,23,7,0,0,0,5,5,7,10,10,10,10,10,10,12,11,5,2,6,0,0
Sint Maarten (Dutch part),2007,132,6,6,0,0,0,0,0,6,13,24,24,20,25,5,0,0,1,5,5,8,10,14,13,11,10,10,14,11,5,0,6,0,0
Sint Maarten (Dutch part),2008,136,6,6,0,0,0,0,0,5,12,24,27,22,26,7,0,0,0,5,5,7,10,14,14,13,12,10,14,12,7,0,6,0,0
Sint Maarten (Dutch part),2009,147,6,6,0,0,0,0,0,5,13,26,30,25,28,8,0,0,0,5,5,8,11,15,15,15,15,10,15,13,8,0,6,0,0
Sint Maarten (Dutch part),2010,160,7,7,0,0,0,0,0,5,14,26,33,27,29,11,0,0,0,5,5,9,11,15,18,15,15,12,15,14,11,0,7,0,0
Sint Maarten (Dutch part),2011,177,8,8,0,0,0,0,0,5,14,30,39,32,30,15,0,0,0,5,5,9,13,17,20,19,18,14,15,15,14,1,8,0,0
Sint Maarten (Dutch part),2012,183,8,8,0,0,0,0,0,5,14,30,42,34,30,12,0,0,0,5,5,9,12,18,20,22,18,16,15,15,10,2,8,0,0
Sint Maarten (Dutch part),2013,172,3,3,0,0,0,0,0,3,20,38,45,32,6,12,0,0,0,3,7,13,17,21,22,23,18,14,5,1,3,9,3,0,1
Sint Maarten (Dutch part),2014,155,2,2,0,0,0,0,0,2,17,36,42,33,8,7,0,0,0,2,6,11,16,20,20,22,18,15,6,2,0,7,2,0,1
Sint Maarten (Dutch part),2015,163,2,2,0,0,0,0,0,1,18,39,47,34,7,5,0,0,0,1,6,12,18,21,24,23,19,15,4,3,0,5,2,0,1
Sint Maarten (Dutch part),2016,182,3,3,0,0,0,1,2,1,19,44,52,39,7,4,2,0,0,1,6,13,19,25,25,27,23,16,6,1,0,4,3,1,1
Sint Maarten (Dutch part),2017,224,3,3,0,0,0,3,4,0,23,57,63,49,11,3,4,0,0,0,7,16,25,32,31,32,30,19,10,1,0,3,3,3,2
Sint Maarten (Dutch part),2018,240,4,4,0,0,0,2,5,0,21,60,70,55,14,1,5,0,0,0,6,15,26,34,35,35,33,22,14,0,0,1,4,2,2
Sint Maarten (Dutch part),2019,250,4,4,0,0,0,2,5,0,19,61,76,60,16,0,5,0,0,0,5,14,26,35,37,39,36,24,15,1,0,0,4,2,2
Sint Maarten (Dutch part),2020,296,5,5,0,0,0,2,6,0,17,67,98,76,20,0,5,1,0,0,3,14,26,41,48,50,46,30,17,3,0,0,5,2,1
Sint Maarten (Dutch part),2021,339,5,5,0,0,0,2,7,0,18,80,109,91,24,0,5,2,0,0,3,15,33,47,55,54,52,39,19,5,0,0,5,2,1
Slovakia,1950,40015,10860,12121,1261,343,294,602,1728,1299,2367,3569,5282,7439,4465,502,875,853,494,805,1034,1333,1673,1896,2378,2904,3647,3792,2934,1531,429,73,12464,896,11
Slovakia,1951,40518,10576,12061,1485,312,263,540,1532,1277,2378,3668,5339,7563,4998,574,752,780,558,719,1036,1342,1721,1947,2349,2990,3537,4026,3262,1736,501,73,12373,803,11
Slovakia,1952,36877,7527,8567,1040,227,244,408,1270,1175,2151,3881,5296,7965,5068,606,620,650,600,575,961,1190,1793,2088,2253,3043,3789,4176,3297,1771,532,74,8794,652,12
Slovakia,1953,35558,6151,7261,1110,241,189,345,1036,1077,2108,3806,5567,7925,5336,658,502,534,618,459,875,1233,1711,2095,2334,3233,3791,4134,3479,1857,571,87,7502,534,9
Slovakia,1954,34896,4951,5873,922,247,188,295,967,1030,2042,3853,5815,8319,5616,647,481,486,598,432,828,1214,1746,2107,2486,3329,3983,4336,3782,1834,559,88,6120,483,6
Slovakia,1955,32912,4388,5225,837,244,180,290,924,965,2019,3866,5535,7712,5287,664,422,502,567,398,772,1247,1680,2186,2495,3040,3753,3959,3370,1917,570,94,5469,470,5
Slovakia,1956,32761,4018,4733,715,262,179,270,895,972,1864,3907,5719,7920,5376,655,406,489,525,447,713,1151,1670,2237,2580,3139,3983,3937,3439,1937,565,90,4995,449,6
Slovakia,1957,35633,4443,5280,837,287,181,292,884,1068,1819,4120,6415,8485,6029,769,396,488,528,540,607,1212,1729,2391,2966,3449,4110,4375,3892,2137,666,103,5567,473,8
Slovakia,1958,31987,3375,4067,692,244,180,271,772,1040,1605,3855,5879,7884,5477,703,340,432,493,547,492,1113,1611,2244,2863,3016,3793,4091,3485,1992,614,89,4311,451,8
Slovakia,1959,34064,2850,3602,752,268,184,290,767,1116,1666,4060,6580,8790,5948,781,367,400,529,587,505,1161,1662,2398,3224,3356,4353,4437,3726,2222,684,97,3870,474,8
Slovakia,1960,31645,2542,3115,573,206,172,252,732,1094,1481,3834,6142,8141,5747,720,349,383,474,620,479,1002,1561,2273,2955,3187,3985,4156,3651,2096,630,90,3321,424,7
Slovakia,1961,31347,2395,2876,481,217,168,271,702,1058,1411,3779,6484,8135,5492,747,372,330,440,618,498,913,1544,2235,3026,3458,3850,4285,3488,2004,652,95,3093,439,6
Slovakia,1962,34423,2100,2559,459,224,162,257,673,1065,1452,3987,7287,9231,6590,920,333,340,447,618,608,844,1584,2403,3426,3861,4331,4900,4067,2523,806,114,2783,419,7
Slovakia,1963,33040,2317,2762,445,247,182,292,750,1025,1531,3910,7139,8405,5961,826,409,341,438,587,797,734,1592,2318,3268,3871,3985,4420,3780,2181,719,107,3009,474,7
Slovakia,1964,32863,2198,2650,452,246,161,293,688,993,1505,3882,7246,8444,5910,832,363,325,436,557,830,675,1569,2313,3298,3948,4093,4351,3751,2159,717,115,2896,454,7
Slovakia,1965,35894,2353,2888,535,236,179,299,703,1028,1594,3955,7974,9430,6649,946,370,333,443,585,866,728,1582,2373,3476,4498,4625,4805,4145,2504,814,132,3124,478,9
Slovakia,1966,36311,2157,2640,483,217,197,319,756,1060,1662,3947,8164,9623,6730,978,408,348,440,620,886,776,1473,2474,3450,4714,4880,4743,4292,2438,835,143,2857,516,8
Slovakia,1967,35406,1907,2320,413,206,172,345,743,1010,1844,3729,8139,9485,6448,948,367,376,408,602,854,990,1303,2426,3528,4611,4988,4497,4087,2361,808,140,2526,517,9
Slovakia,1968,38098,1742,2164,422,205,183,338,805,1101,2155,3936,8743,10499,6900,1054,449,356,483,618,924,1231,1216,2720,3724,5019,5435,5064,4241,2659,908,146,2369,521,11
Slovakia,1969,40651,2025,2419,394,247,184,371,816,1110,2420,3924,9590,11522,7031,999,447,369,436,674,990,1430,1121,2803,4080,5510,6100,5422,4347,2684,858,141,2666,555,13
Slovakia,1970,42219,2004,2381,377,187,197,367,791,1180,2498,4034,9605,12441,7421,1095,449,342,490,690,964,1534,1188,2846,4152,5453,6551,5890,4716,2705,940,155,2568,564,15
Slovakia,1971,42800,1998,2364,366,197,141,357,856,1068,2603,4015,9588,13139,7380,1087,461,395,433,635,1004,1599,1460,2555,4166,5422,6894,6245,4604,2776,926,161,2561,498,14
Slovakia,1972,41489,2289,2580,291,196,150,368,866,1063,2589,3892,9183,12293,7198,1096,486,380,473,590,1012,1577,1687,2205,3940,5243,6285,6008,4526,2672,940,156,2776,518,13
Slovakia,1973,43841,2351,2704,353,188,171,392,842,1033,2571,4113,9490,13378,7761,1183,466,376,437,596,1015,1556,2064,2049,4068,5422,6761,6617,4830,2931,1007,176,2892,563,13
Slovakia,1974,45000,2272,2616,344,165,163,354,803,1066,2502,4135,9914,14036,7942,1284,423,380,455,611,1003,1499,2323,1812,4200,5714,7048,6988,4905,3037,1086,198,2781,517,16
Slovakia,1975,45281,2327,2670,343,198,152,336,852,1059,2487,4236,9604,14135,8331,1203,438,414,445,614,978,1509,2368,1868,3959,5645,6830,7305,5393,2938,1017,186,2868,488,15
Slovakia,1976,45474,2468,2778,310,177,155,301,819,1082,2440,4506,9245,14220,8503,1227,408,411,464,618,896,1544,2361,2145,3658,5587,6941,7279,5528,2975,1046,181,2955,456,17
Slovakia,1977,47229,2149,2454,305,174,145,301,824,1131,2559,5082,9260,14813,9112,1351,426,398,482,649,956,1603,2473,2609,3394,5866,7114,7699,5982,3130,1145,206,2628,446,20
Slovakia,1978,47802,2194,2521,327,172,127,248,891,1099,2610,5542,8833,15170,9230,1334,454,437,479,620,1006,1604,2422,3120,2978,5855,7327,7843,6229,3001,1120,214,2693,375,21
Slovakia,1979,47837,2102,2387,285,148,133,265,824,1139,2467,5756,8291,15362,9646,1397,391,433,471,668,910,1557,2327,3429,2581,5710,7370,7992,6410,3236,1173,224,2535,398,24
Slovakia,1980,50604,1948,2245,297,160,130,256,771,1188,2478,6045,8589,16393,10787,1538,362,409,489,699,953,1525,2399,3646,2770,5819,7997,8396,7142,3645,1300,238,2405,386,24
Slovakia,1981,49647,1793,2045,252,173,136,262,879,1210,2563,6076,8466,15703,10733,1380,413,466,558,652,999,1564,2411,3665,3227,5239,7683,8020,7006,3727,1155,225,2218,398,20
Slovakia,1982,50447,1667,1918,251,163,118,253,799,1199,2427,6005,8726,16021,11349,1446,337,462,554,645,977,1450,2370,3635,3901,4825,7804,8217,7336,4013,1219,227,2081,371,20
Slovakia,1983,52455,1615,1840,225,168,123,223,801,1278,2593,6220,9025,16593,11998,1571,363,438,568,710,1042,1551,2535,3685,4722,4303,7954,8639,7707,4291,1324,247,2008,346,22
Slovakia,1984,51745,1551,1778,227,148,112,227,723,1330,2604,6125,8922,16415,11675,1666,313,410,609,721,1064,1540,2610,3515,5218,3704,7724,8691,7419,4256,1409,257,1926,339,21
Slovakia,1985,52482,1466,1673,207,171,120,224,779,1368,2594,6061,9034,16492,12195,1745,345,434,590,778,1017,1577,2525,3536,5186,3848,7595,8897,7650,4545,1496,249,1844,344,22
Slovakia,1986,53216,1293,1489,196,125,106,248,735,1324,2599,5958,9616,16351,12714,1930,331,404,564,760,1052,1547,2288,3670,5270,4346,7028,9323,7827,4887,1668,262,1614,354,20
Slovakia,1987,51991,1163,1395,232,132,97,209,662,1410,2750,6041,10478,14896,12121,1785,271,391,557,853,1086,1664,2410,3631,5155,5323,6110,8786,7496,4625,1538,247,1527,306,19
Slovakia,1988,52501,1104,1307,203,107,110,237,684,1465,2749,5856,11381,14171,12443,1962,301,383,622,843,1080,1669,2306,3550,5144,6237,5316,8855,7670,4773,1692,270,1414,347,21
Slovakia,1989,53898,1055,1246,191,124,113,242,643,1570,2952,5990,12064,13407,13388,2130,268,375,621,949,1214,1738,2297,3693,5200,6864,4724,8683,8272,5116,1821,309,1370,355,22
Slovakia,1990,54643,971,1137,166,116,117,264,721,1639,3138,6134,12175,13474,13421,2280,324,397,621,1018,1361,1777,2511,3623,5135,7040,4896,8578,8347,5074,1941,339,1253,381,24
Slovakia,1991,54628,1024,1196,172,133,131,250,694,1559,3249,5793,12091,13629,13484,2392,315,379,603,956,1444,1805,2354,3439,5203,6888,5578,8051,8383,5101,2030,362,1329,381,26
Slovakia,1992,53452,927,1084,157,115,122,226,684,1546,3115,5669,11699,13327,13524,2313,323,361,534,1012,1400,1715,2355,3314,4947,6752,6489,6838,8345,5179,1956,357,1199,348,27
Slovakia,1993,52674,767,918,151,94,102,252,643,1346,3086,5424,11111,13523,13682,2457,315,328,474,872,1394,1692,2309,3115,4733,6378,7682,5841,8340,5342,2066,391,1012,354,28
Slovakia,1994,51355,710,844,134,89,111,270,602,1290,3024,5107,10702,13103,13670,2511,299,303,467,823,1350,1674,2168,2939,4579,6123,8068,5035,8253,5417,2119,392,933,381,32
Slovakia,1995,52630,658,788,130,102,103,253,616,1236,3048,5200,10770,13668,14081,2728,292,324,457,779,1355,1693,2261,2939,4573,6197,8214,5454,8201,5880,2294,434,890,356,38
Slovakia,1996,51201,606,724,118,97,99,222,610,1135,3058,4989,10416,14050,13016,2743,314,296,433,702,1248,1810,2122,2867,4316,6100,8028,6022,7345,5671,2273,470,821,321,43
Slovakia,1997,52129,508,629,121,99,95,260,656,1198,3223,5334,9974,15298,12435,2882,355,301,441,757,1330,1893,2331,3003,3998,5976,8040,7258,6475,5960,2400,482,728,355,43
Slovakia,1998,53163,503,646,143,91,102,234,676,1202,3470,5429,10067,16304,11946,2952,350,326,463,739,1430,2040,2365,3064,4041,6026,7738,8566,5740,6206,2449,503,737,336,45
Slovakia,1999,52424,459,559,100,93,106,187,687,1096,3344,5568,9727,16629,11150,3221,352,335,405,691,1315,2029,2523,3045,4002,5725,7351,9278,5001,6149,2661,560,652,293,51
Slovakia,2000,52743,468,559,91,72,91,206,680,1023,3214,5494,9594,16669,11647,3440,326,354,389,634,1186,2028,2589,2905,3975,5619,7484,9185,5539,6108,2852,588,631,297,54
Slovakia,2001,51962,313,411,98,76,89,192,635,1036,3183,5604,9304,16161,11697,3516,276,359,405,631,1165,2018,2634,2970,3983,5321,7316,8845,6145,5552,2883,633,487,281,61
Slovakia,2002,51427,390,464,74,78,71,197,660,975,3155,5827,8910,15653,11963,3417,312,348,377,598,1139,2016,2753,3074,3820,5090,6965,8688,7122,4841,2809,608,542,268,58
Slovakia,2003,52179,409,504,95,45,82,195,628,992,3118,6003,8786,15540,12499,3720,291,337,366,626,1112,2006,2809,3194,3791,4995,6922,8618,8338,4161,3067,653,549,277,67
Slovakia,2004,51812,367,463,96,61,68,177,625,918,2904,6024,8586,15333,12850,3736,281,344,361,557,1044,1860,2820,3204,3803,4783,6841,8492,9123,3727,3040,696,524,245,74
Slovakia,2005,53452,394,467,73,61,40,170,570,979,2937,6377,8679,15090,13998,4002,263,307,402,577,991,1946,2927,3450,3927,4752,6647,8443,9564,4434,3232,770,528,210,82
Slovakia,2006,53227,357,429,72,59,58,147,570,977,2792,6515,8617,15068,14308,3605,262,308,410,567,972,1820,2966,3549,3803,4814,6543,8525,9295,5013,2808,797,488,205,84
Slovakia,2007,53784,335,410,75,59,57,162,548,1003,2855,6715,8854,14483,15304,3247,259,289,423,580,1027,1828,2856,3859,4010,4844,6041,8442,9360,5944,2438,809,469,219,85
Slovakia,2008,53021,343,409,66,39,59,182,585,975,2641,6738,8764,14124,15510,2910,281,304,421,554,962,1679,2884,3854,4025,4739,6120,8004,8747,6763,2080,830,448,241,85
Slovakia,2009,52846,353,436,83,38,61,127,538,899,2472,6709,8988,13420,16147,2924,245,293,365,534,938,1534,2771,3938,4294,4694,5736,7684,8796,7351,2070,854,474,188,87
Slovakia,2010,53387,345,409,64,44,54,121,499,941,2272,6301,9194,13546,16701,3215,237,262,372,569,808,1464,2610,3691,4458,4736,5693,7853,9106,7595,2376,839,453,175,90
Slovakia,2011,51846,300,363,63,52,43,139,495,901,2173,6241,9072,12734,16102,3443,201,294,369,532,793,1380,2533,3708,4483,4589,5452,7282,8719,7383,2722,721,415,182,90
Slovakia,2012,52415,319,386,67,34,44,128,498,874,2108,5900,9406,12520,16450,3975,220,278,309,565,772,1336,2307,3593,4709,4697,5540,6980,8885,7565,3320,655,420,172,96
Slovakia,2013,52078,298,360,62,44,45,107,441,868,1972,5691,9676,12389,15998,4388,191,250,330,538,702,1270,2159,3532,4863,4813,5662,6727,8784,7214,3811,577,404,152,96
Slovakia,2014,51405,318,380,62,34,33,111,407,907,1933,5505,9740,12171,15529,4554,183,224,346,561,738,1195,2012,3493,4831,4909,5541,6630,8398,7131,3970,584,414,144,100
Slovakia,2015,53749,283,360,77,31,46,104,443,848,2017,5529,10518,12498,16364,4897,197,246,343,505,788,1229,2114,3415,5200,5318,5648,6850,8648,7716,4175,722,391,150,97
Slovakia,2016,52302,311,356,45,35,32,90,386,845,1922,5056,10603,12253,15526,5101,175,211,327,518,810,1112,1939,3117,4917,5686,5611,6642,7967,7559,4248,853,391,122,92
Slovakia,2017,53877,258,317,59,34,33,107,385,809,1894,5114,10733,12837,16061,5471,153,232,322,487,790,1104,2041,3073,4983,5750,5924,6913,8088,7973,4441,1030,351,140,83
Slovakia,2018,54236,283,340,57,39,41,96,379,825,1981,5076,10991,13064,15961,5377,164,215,325,500,823,1158,1992,3084,4837,6154,6005,7059,7976,7985,4293,1084,379,137,68
Slovakia,2019,53137,286,351,65,32,41,87,367,851,1940,4726,10811,13326,15167,5362,153,214,328,523,774,1166,1834,2892,4735,6076,6420,6906,7530,7637,4214,1148,383,128,75
Slovakia,2020,59217,273,337,64,31,35,95,298,800,2008,4725,11424,15830,17328,6190,119,179,308,492,774,1234,1814,2911,4669,6755,7698,8132,8853,8475,4865,1325,368,130,107
Slovakia,2021,72471,259,320,61,29,36,80,331,918,2576,5799,14493,20655,20155,6921,125,206,357,561,959,1617,2160,3639,5803,8690,10673,9982,10742,9413,5402,1519,349,116,153
Slovenia,1950,20960,3105,3870,765,233,168,363,776,694,1579,2374,3693,4587,2384,236,436,340,227,467,670,909,1125,1249,1665,2028,2368,2219,1626,758,203,33,4103,531,3
Slovenia,1951,20829,3005,3800,795,219,163,341,794,666,1562,2408,3640,4545,2446,247,445,349,244,422,661,901,1143,1265,1621,2019,2302,2243,1650,796,213,34,4019,504,3
Slovenia,1952,19419,2721,3474,753,208,147,300,746,603,1439,2297,3379,4241,2338,245,415,331,257,346,608,831,1087,1210,1481,1898,2113,2128,1562,776,211,34,3682,447,3
Slovenia,1953,18983,2638,3370,732,205,142,279,728,568,1387,2285,3267,4161,2332,255,399,329,282,286,584,803,1073,1212,1418,1849,2061,2100,1547,785,220,35,3575,421,3
Slovenia,1954,18167,2342,3039,697,201,136,253,696,534,1320,2249,3119,4039,2310,264,374,322,293,241,547,773,1046,1203,1355,1764,1998,2041,1522,788,229,35,3240,389,3
Slovenia,1955,18358,2294,2973,679,216,130,246,695,541,1306,2317,3139,4094,2406,291,363,332,304,237,526,780,1064,1253,1386,1753,2027,2067,1576,830,252,39,3189,376,3
Slovenia,1956,17880,2142,2776,634,220,121,230,662,552,1221,2300,3065,3995,2430,304,333,329,303,249,465,756,1037,1263,1382,1683,1996,1999,1589,841,263,41,2996,351,4
Slovenia,1957,17576,1929,2531,602,219,120,222,639,576,1144,2312,3045,3971,2479,316,313,326,301,275,403,741,1018,1294,1404,1641,2003,1968,1622,857,273,43,2750,342,4
Slovenia,1958,16658,1646,2189,543,208,113,210,589,586,1028,2229,2930,3826,2427,319,283,306,291,295,329,699,964,1265,1382,1548,1925,1901,1585,842,273,46,2397,323,4
Slovenia,1959,16817,1580,2091,511,206,114,212,572,623,977,2278,3004,3887,2513,339,273,299,300,323,290,687,974,1304,1444,1560,1936,1951,1634,879,290,49,2297,326,4
Slovenia,1960,16835,1524,1999,475,201,119,205,551,634,927,2282,3088,3897,2571,357,262,289,304,330,278,649,975,1307,1504,1584,1919,1978,1658,913,305,52,2200,324,4
Slovenia,1961,16740,1437,1881,444,191,126,196,524,643,881,2254,3186,3881,2602,373,253,271,308,335,297,584,964,1290,1570,1616,1883,1998,1650,952,317,56,2072,322,5
Slovenia,1962,16854,1392,1809,417,182,130,192,512,648,852,2231,3311,3929,2664,388,252,260,310,338,337,515,958,1273,1640,1671,1877,2052,1669,995,329,59,1991,322,5
Slovenia,1963,16793,1303,1698,395,171,132,188,495,650,816,2194,3388,3935,2721,401,249,246,307,343,377,439,939,1255,1670,1718,1862,2073,1701,1020,340,61,1869,320,5
Slovenia,1964,16935,1248,1626,378,161,133,191,489,655,797,2189,3498,3975,2805,411,251,238,303,352,410,387,921,1268,1704,1794,1882,2093,1752,1053,349,62,1787,324,5
Slovenia,1965,16890,1233,1589,356,151,127,203,470,649,787,2127,3543,3973,2838,428,240,230,291,358,420,367,866,1261,1681,1862,1906,2067,1773,1065,363,65,1740,330,6
Slovenia,1966,16713,1195,1533,338,138,122,216,447,635,812,2008,3550,3957,2848,444,226,221,273,362,422,390,773,1235,1630,1920,1934,2023,1787,1061,378,66,1671,338,6
Slovenia,1967,16976,1089,1420,331,133,118,223,450,635,878,1931,3657,4084,2965,470,228,222,265,370,433,445,689,1242,1633,2024,2029,2055,1868,1097,402,68,1553,341,6
Slovenia,1968,17324,1001,1323,322,130,113,233,460,632,962,1857,3778,4243,3096,490,234,226,257,375,449,513,603,1254,1660,2118,2146,2097,1943,1153,419,71,1453,346,6
Slovenia,1969,17657,931,1242,311,127,109,239,480,631,1040,1787,3895,4415,3179,506,248,232,254,377,471,569,539,1248,1703,2192,2269,2146,1981,1198,433,73,1369,348,6
Slovenia,1970,17642,859,1147,288,123,101,233,485,612,1067,1697,3886,4566,3201,514,264,221,248,364,482,585,517,1180,1709,2177,2369,2197,1976,1225,440,74,1270,334,6
Slovenia,1971,18156,834,1106,272,122,98,231,513,608,1125,1676,3964,4872,3299,536,293,220,251,357,510,615,574,1102,1753,2211,2547,2325,2017,1282,456,80,1228,329,6
Slovenia,1972,17935,817,1061,244,115,91,217,510,578,1118,1586,3862,4969,3284,536,293,217,241,337,507,611,635,951,1709,2153,2601,2368,1989,1295,456,80,1176,308,6
Slovenia,1973,18189,826,1058,232,110,89,208,519,568,1137,1546,3865,5171,3352,556,299,220,242,326,509,628,723,823,1702,2163,2691,2480,2018,1334,474,82,1168,297,6
Slovenia,1974,18282,743,968,225,102,87,198,526,556,1145,1508,3845,5341,3426,576,300,226,243,313,500,645,787,721,1663,2182,2742,2599,2062,1364,493,83,1070,285,6
Slovenia,1975,18559,760,976,216,96,85,190,539,543,1158,1516,3810,5514,3528,597,296,243,235,308,489,669,818,698,1593,2217,2760,2754,2147,1381,510,87,1072,275,6
Slovenia,1976,18777,726,938,212,90,83,180,555,531,1164,1604,3687,5670,3649,618,291,264,227,304,469,695,843,761,1457,2230,2754,2916,2252,1397,528,90,1028,263,7
Slovenia,1977,18898,729,932,203,84,79,171,554,529,1159,1718,3507,5772,3751,633,282,272,228,301,453,706,857,861,1284,2223,2737,3035,2341,1410,543,90,1016,250,7
Slovenia,1978,19104,686,885,199,80,75,165,552,537,1150,1864,3337,5894,3901,658,271,281,233,304,439,711,882,982,1112,2225,2758,3136,2458,1443,563,95,965,240,7
Slovenia,1979,19290,648,842,194,79,71,161,545,545,1130,1986,3171,6004,4073,674,260,285,240,305,427,703,911,1075,982,2189,2800,3204,2587,1486,576,98,921,232,7
Slovenia,1980,19674,598,783,185,77,67,157,536,562,1117,2080,3083,6139,4371,697,249,287,264,298,423,694,954,1126,964,2119,2876,3263,2787,1584,596,101,860,224,7
Slovenia,1981,19550,514,687,173,75,62,148,512,567,1068,2123,2949,6078,4573,703,232,280,282,285,413,655,979,1144,1036,1913,2858,3220,2922,1651,599,104,762,210,7
Slovenia,1982,19970,496,658,162,74,59,144,501,589,1061,2195,2916,6177,4859,730,225,276,297,292,416,645,1011,1184,1197,1719,2910,3267,3099,1760,622,108,732,203,7
Slovenia,1983,21361,472,634,162,75,61,149,514,645,1114,2384,3039,6606,5343,791,232,282,328,317,445,669,1086,1298,1452,1587,3102,3504,3388,1955,674,117,709,210,8
Slovenia,1984,20733,430,573,143,69,55,138,472,631,1054,2328,2885,6398,5332,788,215,257,319,312,430,624,1034,1294,1530,1355,2952,3446,3340,1992,674,114,642,193,7
Slovenia,1985,20379,392,524,132,64,52,128,441,642,1007,2297,2843,6205,5361,809,202,239,310,332,406,601,986,1311,1553,1290,2774,3431,3286,2075,695,114,588,180,7
Slovenia,1986,19888,365,483,118,59,50,114,408,643,954,2236,2916,5833,5352,832,189,219,295,348,382,572,917,1319,1551,1365,2468,3365,3200,2152,719,113,542,164,8
Slovenia,1987,20076,345,456,111,55,49,107,398,654,960,2249,3154,5605,5496,884,186,212,290,364,388,572,895,1354,1589,1565,2200,3405,3232,2264,766,118,511,156,8
Slovenia,1988,19273,294,395,101,48,44,96,365,627,926,2134,3260,5095,5369,899,169,196,267,360,376,550,832,1302,1558,1702,1824,3271,3137,2232,780,119,443,140,8
Slovenia,1989,18832,247,338,91,43,43,92,342,605,913,2043,3373,4727,5360,945,157,185,248,357,376,537,787,1256,1564,1809,1576,3151,3132,2228,819,126,381,135,9
Slovenia,1990,18733,231,311,80,39,40,87,319,581,909,1964,3441,4537,5456,1038,145,174,233,348,399,510,759,1205,1591,1850,1528,3009,3195,2261,897,141,350,127,9
Slovenia,1991,19485,217,293,76,38,38,90,328,594,965,1963,3663,4582,5747,1175,145,183,236,358,452,513,771,1192,1697,1966,1727,2855,3366,2381,1014,161,331,128,10
Slovenia,1992,19386,199,268,69,37,37,85,293,564,976,1917,3718,4474,5776,1233,127,166,219,345,464,512,762,1155,1726,1992,1959,2515,3378,2398,1059,174,305,122,11
Slovenia,1993,20013,166,231,65,36,33,84,286,558,1025,1940,3888,4548,6052,1321,124,162,217,341,493,532,786,1154,1786,2102,2295,2253,3519,2533,1127,194,267,117,12
Slovenia,1994,19300,167,222,55,30,30,76,258,512,1000,1825,3765,4348,5902,1318,113,145,200,312,479,521,754,1071,1694,2071,2409,1939,3373,2529,1114,204,252,106,13
Slovenia,1995,18880,143,193,50,28,27,72,239,477,1014,1735,3706,4312,5728,1334,106,133,185,292,465,549,710,1025,1619,2087,2436,1876,3177,2551,1112,222,221,99,14
Slovenia,1996,18503,123,167,44,23,25,66,218,444,1032,1657,3630,4462,5399,1363,101,117,175,269,448,584,671,986,1521,2109,2447,2015,2845,2554,1121,242,190,91,16
Slovenia,1997,18778,112,152,40,23,23,63,211,427,1052,1666,3656,4842,5207,1445,100,111,168,259,443,609,679,987,1490,2166,2513,2329,2561,2646,1182,263,175,86,18
Slovenia,1998,18881,113,149,36,19,22,57,198,406,1052,1668,3615,5216,4942,1513,95,103,157,249,423,629,683,985,1444,2171,2568,2648,2239,2703,1239,274,168,79,20
Slovenia,1999,18696,98,132,34,17,19,50,188,382,1031,1663,3501,5443,4676,1567,90,98,147,235,399,632,689,974,1380,2121,2592,2851,1998,2678,1288,279,149,69,22
Slovenia,2000,18334,96,126,30,16,18,46,176,349,984,1641,3347,5486,4508,1611,83,93,132,217,372,612,727,914,1319,2028,2603,2883,1968,2540,1325,286,142,64,25
Slovenia,2001,18192,90,118,28,13,16,43,168,329,948,1655,3211,5569,4435,1659,79,89,120,209,348,600,781,874,1282,1929,2648,2921,2147,2288,1358,301,131,59,29
Slovenia,2002,18366,76,102,26,12,14,40,157,306,916,1675,3137,5674,4539,1757,71,86,110,196,331,585,806,869,1266,1871,2691,2983,2483,2056,1428,329,114,54,32
Slovenia,2003,19103,73,98,25,11,13,38,153,298,910,1771,3179,5924,4775,1899,69,84,107,191,328,582,865,906,1309,1870,2783,3141,2909,1866,1530,369,109,51,35
Slovenia,2004,18229,78,101,23,11,12,33,137,267,819,1698,2937,5635,4670,1873,60,77,97,170,297,522,827,871,1234,1703,2597,3038,3021,1649,1490,383,112,45,37
Slovenia,2005,18445,80,101,21,11,11,32,127,249,776,1752,2839,5669,4931,1910,55,72,92,157,280,496,819,933,1177,1662,2539,3130,3180,1751,1491,419,112,43,41
Slovenia,2006,17865,67,89,22,9,9,27,115,227,710,1762,2675,5437,5025,1735,49,66,87,140,260,450,780,982,1097,1578,2354,3083,3138,1887,1306,429,98,36,45
Slovenia,2007,18268,58,79,21,8,8,25,108,217,684,1798,2682,5471,5474,1662,47,61,87,130,250,434,773,1025,1105,1577,2311,3160,3246,2228,1193,469,87,33,52
Slovenia,2008,18020,61,79,18,7,7,20,98,198,631,1743,2606,5264,5747,1560,42,56,80,118,228,403,716,1027,1077,1529,2177,3087,3254,2493,1057,503,86,27,58
Slovenia,2009,18491,57,75,18,6,6,20,90,191,607,1747,2656,5243,6190,1590,39,51,77,114,216,391,690,1057,1107,1549,2136,3107,3391,2799,1049,541,81,26,68
Slovenia,2010,18364,56,72,16,7,6,17,83,179,567,1687,2643,5069,6298,1660,35,48,71,108,200,367,648,1039,1178,1465,2063,3006,3416,2882,1130,530,79,23,75
Slovenia,2011,18495,64,79,15,7,5,14,75,171,530,1621,2665,4912,6523,1809,31,44,68,103,181,349,606,1015,1267,1398,2017,2895,3507,3016,1316,493,86,19,84
Slovenia,2012,19056,39,55,16,6,5,13,70,165,502,1594,2757,4926,6819,2046,29,41,63,102,167,335,587,1007,1335,1422,2043,2883,3641,3178,1587,459,61,18,96
Slovenia,2013,19183,57,71,14,6,5,13,65,153,473,1525,2811,4847,6898,2212,26,39,57,96,157,316,563,962,1379,1432,2047,2800,3650,3248,1794,418,77,18,105
Slovenia,2014,18812,39,53,14,6,5,11,56,139,430,1406,2763,4640,6817,2373,22,34,51,88,145,285,520,886,1350,1413,1991,2649,3547,3270,1946,427,59,16,111
Slovenia,2015,19715,36,50,14,6,5,10,53,137,419,1398,2992,4720,7153,2656,21,32,50,87,143,276,514,884,1397,1595,1996,2724,3654,3499,2146,510,56,15,116
Slovenia,2016,19650,43,54,11,6,5,10,46,127,388,1312,3082,4573,7108,2836,18,28,46,81,139,249,488,824,1370,1712,1908,2665,3529,3579,2243,593,60,15,104
Slovenia,2017,20476,40,52,12,5,5,10,46,122,375,1296,3236,4735,7365,3134,18,28,43,79,137,238,480,816,1398,1838,1978,2757,3595,3770,2408,726,57,15,98
Slovenia,2018,20534,34,45,11,6,5,8,41,114,357,1238,3233,4758,7320,3319,17,24,41,73,133,224,454,784,1337,1896,1991,2767,3513,3807,2494,825,51,13,94
Slovenia,2019,20599,41,51,10,5,5,8,36,104,336,1172,3190,4802,7270,3514,14,22,38,66,125,211,424,748,1272,1918,2029,2773,3444,3826,2595,919,56,13,104
Slovenia,2020,24030,38,47,9,12,7,18,78,162,476,1257,3119,5115,9058,4532,32,46,60,102,187,289,491,766,1179,1940,2327,2788,4065,4993,3351,1181,59,25,142
Slovenia,2021,22948,37,46,9,12,11,24,70,165,495,1212,3293,5254,7986,4226,32,38,69,96,200,295,437,775,1255,2038,2616,2638,3709,4277,3087,1139,58,35,152
Small island developing states (SIDS),1950,402924,,,,,,,,,,,,,,,,,,,,,,,,,,,,,,,,,
Small island developing states (SIDS),1951,407088,,,,,,,,,,,,,,,,,,,,,,,,,,,,,,,,,
Small island developing states (SIDS),1952,398429,,,,,,,,,,,,,,,,,,,,,,,,,,,,,,,,,
Small island developing states (SIDS),1953,393944,,,,,,,,,,,,,,,,,,,,,,,,,,,,,,,,,
Small island developing states (SIDS),1954,389122,,,,,,,,,,,,,,,,,,,,,,,,,,,,,,,,,
Small island developing states (SIDS),1955,384790,,,,,,,,,,,,,,,,,,,,,,,,,,,,,,,,,
Small island developing states (SIDS),1956,382817,,,,,,,,,,,,,,,,,,,,,,,,,,,,,,,,,
Small island developing states (SIDS),1957,381661,,,,,,,,,,,,,,,,,,,,,,,,,,,,,,,,,
Small island developing states (SIDS),1958,380983,,,,,,,,,,,,,,,,,,,,,,,,,,,,,,,,,
Small island developing states (SIDS),1959,380616,,,,,,,,,,,,,,,,,,,,,,,,,,,,,,,,,
Small island developing states (SIDS),1960,379751,,,,,,,,,,,,,,,,,,,,,,,,,,,,,,,,,
Small island developing states (SIDS),1961,380277,,,,,,,,,,,,,,,,,,,,,,,,,,,,,,,,,
Small island developing states (SIDS),1962,380146,,,,,,,,,,,,,,,,,,,,,,,,,,,,,,,,,
Small island developing states (SIDS),1963,388840,,,,,,,,,,,,,,,,,,,,,,,,,,,,,,,,,
Small island developing states (SIDS),1964,380441,,,,,,,,,,,,,,,,,,,,,,,,,,,,,,,,,
Small island developing states (SIDS),1965,382234,,,,,,,,,,,,,,,,,,,,,,,,,,,,,,,,,
Small island developing states (SIDS),1966,377799,,,,,,,,,,,,,,,,,,,,,,,,,,,,,,,,,
Small island developing states (SIDS),1967,375859,,,,,,,,,,,,,,,,,,,,,,,,,,,,,,,,,
Small island developing states (SIDS),1968,375454,,,,,,,,,,,,,,,,,,,,,,,,,,,,,,,,,
Small island developing states (SIDS),1969,374146,,,,,,,,,,,,,,,,,,,,,,,,,,,,,,,,,
Small island developing states (SIDS),1970,372488,,,,,,,,,,,,,,,,,,,,,,,,,,,,,,,,,
Small island developing states (SIDS),1971,371780,,,,,,,,,,,,,,,,,,,,,,,,,,,,,,,,,
Small island developing states (SIDS),1972,372076,,,,,,,,,,,,,,,,,,,,,,,,,,,,,,,,,
Small island developing states (SIDS),1973,370667,,,,,,,,,,,,,,,,,,,,,,,,,,,,,,,,,
Small island developing states (SIDS),1974,369773,,,,,,,,,,,,,,,,,,,,,,,,,,,,,,,,,
Small island developing states (SIDS),1975,379752,,,,,,,,,,,,,,,,,,,,,,,,,,,,,,,,,
Small island developing states (SIDS),1976,380513,,,,,,,,,,,,,,,,,,,,,,,,,,,,,,,,,
Small island developing states (SIDS),1977,384795,,,,,,,,,,,,,,,,,,,,,,,,,,,,,,,,,
Small island developing states (SIDS),1978,390660,,,,,,,,,,,,,,,,,,,,,,,,,,,,,,,,,
Small island developing states (SIDS),1979,395251,,,,,,,,,,,,,,,,,,,,,,,,,,,,,,,,,
Small island developing states (SIDS),1980,392295,,,,,,,,,,,,,,,,,,,,,,,,,,,,,,,,,
Small island developing states (SIDS),1981,394598,,,,,,,,,,,,,,,,,,,,,,,,,,,,,,,,,
Small island developing states (SIDS),1982,395384,,,,,,,,,,,,,,,,,,,,,,,,,,,,,,,,,
Small island developing states (SIDS),1983,397196,,,,,,,,,,,,,,,,,,,,,,,,,,,,,,,,,
Small island developing states (SIDS),1984,398111,,,,,,,,,,,,,,,,,,,,,,,,,,,,,,,,,
Small island developing states (SIDS),1985,400253,,,,,,,,,,,,,,,,,,,,,,,,,,,,,,,,,
Small island developing states (SIDS),1986,401367,,,,,,,,,,,,,,,,,,,,,,,,,,,,,,,,,
Small island developing states (SIDS),1987,402112,,,,,,,,,,,,,,,,,,,,,,,,,,,,,,,,,
Small island developing states (SIDS),1988,405042,,,,,,,,,,,,,,,,,,,,,,,,,,,,,,,,,
Small island developing states (SIDS),1989,403386,,,,,,,,,,,,,,,,,,,,,,,,,,,,,,,,,
Small island developing states (SIDS),1990,407181,,,,,,,,,,,,,,,,,,,,,,,,,,,,,,,,,
Small island developing states (SIDS),1991,409871,,,,,,,,,,,,,,,,,,,,,,,,,,,,,,,,,
Small island developing states (SIDS),1992,412658,,,,,,,,,,,,,,,,,,,,,,,,,,,,,,,,,
Small island developing states (SIDS),1993,415248,,,,,,,,,,,,,,,,,,,,,,,,,,,,,,,,,
Small island developing states (SIDS),1994,419766,,,,,,,,,,,,,,,,,,,,,,,,,,,,,,,,,
Small island developing states (SIDS),1995,421788,,,,,,,,,,,,,,,,,,,,,,,,,,,,,,,,,
Small island developing states (SIDS),1996,423749,,,,,,,,,,,,,,,,,,,,,,,,,,,,,,,,,
Small island developing states (SIDS),1997,427385,,,,,,,,,,,,,,,,,,,,,,,,,,,,,,,,,
Small island developing states (SIDS),1998,431656,,,,,,,,,,,,,,,,,,,,,,,,,,,,,,,,,
Small island developing states (SIDS),1999,433096,,,,,,,,,,,,,,,,,,,,,,,,,,,,,,,,,
Small island developing states (SIDS),2000,427990,,,,,,,,,,,,,,,,,,,,,,,,,,,,,,,,,
Small island developing states (SIDS),2001,432578,,,,,,,,,,,,,,,,,,,,,,,,,,,,,,,,,
Small island developing states (SIDS),2002,437342,,,,,,,,,,,,,,,,,,,,,,,,,,,,,,,,,
Small island developing states (SIDS),2003,441115,,,,,,,,,,,,,,,,,,,,,,,,,,,,,,,,,
Small island developing states (SIDS),2004,450580,,,,,,,,,,,,,,,,,,,,,,,,,,,,,,,,,
Small island developing states (SIDS),2005,446636,,,,,,,,,,,,,,,,,,,,,,,,,,,,,,,,,
Small island developing states (SIDS),2006,450217,,,,,,,,,,,,,,,,,,,,,,,,,,,,,,,,,
Small island developing states (SIDS),2007,454329,,,,,,,,,,,,,,,,,,,,,,,,,,,,,,,,,
Small island developing states (SIDS),2008,458521,,,,,,,,,,,,,,,,,,,,,,,,,,,,,,,,,
Small island developing states (SIDS),2009,461579,,,,,,,,,,,,,,,,,,,,,,,,,,,,,,,,,
Small island developing states (SIDS),2010,556007,,,,,,,,,,,,,,,,,,,,,,,,,,,,,,,,,
Small island developing states (SIDS),2011,471782,,,,,,,,,,,,,,,,,,,,,,,,,,,,,,,,,
Small island developing states (SIDS),2012,474879,,,,,,,,,,,,,,,,,,,,,,,,,,,,,,,,,
Small island developing states (SIDS),2013,479772,,,,,,,,,,,,,,,,,,,,,,,,,,,,,,,,,
Small island developing states (SIDS),2014,486988,,,,,,,,,,,,,,,,,,,,,,,,,,,,,,,,,
Small island developing states (SIDS),2015,494167,,,,,,,,,,,,,,,,,,,,,,,,,,,,,,,,,
Small island developing states (SIDS),2016,503075,,,,,,,,,,,,,,,,,,,,,,,,,,,,,,,,,
Small island developing states (SIDS),2017,511877,,,,,,,,,,,,,,,,,,,,,,,,,,,,,,,,,
Small island developing states (SIDS),2018,522115,,,,,,,,,,,,,,,,,,,,,,,,,,,,,,,,,
Small island developing states (SIDS),2019,530095,,,,,,,,,,,,,,,,,,,,,,,,,,,,,,,,,
Small island developing states (SIDS),2020,553881,,,,,,,,,,,,,,,,,,,,,,,,,,,,,,,,,
Small island developing states (SIDS),2021,633128,,,,,,,,,,,,,,,,,,,,,,,,,,,,,,,,,
Solomon Islands,1950,2606,774,1198,424,100,64,74,165,148,140,154,207,229,114,11,84,81,76,72,70,70,76,78,97,110,119,110,76,38,10,1,1298,138,0
Solomon Islands,1951,2536,732,1145,413,101,64,74,165,150,140,153,201,220,110,10,84,81,77,73,70,70,75,78,94,107,115,105,74,36,9,1,1246,138,0
Solomon Islands,1952,2505,747,1128,381,101,63,74,166,151,140,153,195,215,105,10,85,81,78,73,70,70,75,78,92,103,111,104,71,34,9,1,1229,137,0
Solomon Islands,1953,2472,747,1111,364,103,63,74,166,151,140,153,189,207,104,9,85,81,78,73,70,70,75,78,89,100,108,99,70,34,9,0,1214,137,0
Solomon Islands,1954,2455,746,1100,354,105,63,75,166,154,140,152,187,203,102,9,85,81,79,75,70,70,75,77,89,98,105,98,69,33,9,0,1205,138,0
Solomon Islands,1955,2432,742,1089,347,103,64,75,166,154,140,151,184,194,102,9,85,81,79,75,70,70,74,77,88,96,100,94,68,34,9,0,1192,139,0
Solomon Islands,1956,2643,766,1162,396,149,87,86,181,166,152,161,190,197,104,9,94,87,85,81,77,75,79,82,92,98,103,94,68,36,9,0,1311,173,0
Solomon Islands,1957,2366,722,1044,322,100,65,74,166,153,141,151,180,183,101,9,85,81,78,75,71,70,74,77,87,93,95,88,65,36,9,0,1144,139,0
Solomon Islands,1958,2338,716,1024,308,101,65,73,164,150,139,151,178,180,97,12,85,79,75,75,71,68,74,77,86,92,95,85,62,35,12,0,1125,138,0
Solomon Islands,1959,2315,708,1004,296,100,65,74,165,150,141,151,178,177,95,15,85,80,75,75,71,70,74,77,86,92,94,83,60,35,15,0,1104,139,0
Solomon Islands,1960,2282,696,982,286,99,65,74,164,150,141,150,176,175,93,14,85,79,75,75,72,69,73,77,85,91,93,82,59,34,13,1,1081,139,0
Solomon Islands,1961,2291,686,965,279,98,65,74,163,150,142,151,179,180,105,21,84,79,75,75,72,70,73,78,87,92,95,85,65,40,19,2,1063,139,0
Solomon Islands,1962,2283,674,942,268,97,63,73,162,150,142,151,180,183,115,24,84,78,75,75,72,70,73,78,88,92,95,88,70,45,20,4,1039,136,0
Solomon Islands,1963,2274,660,919,259,97,62,73,157,150,141,151,181,189,124,30,80,77,75,75,71,70,73,78,88,93,97,92,74,50,25,5,1016,135,0
Solomon Islands,1964,2260,646,894,248,96,60,72,157,144,140,151,183,195,133,35,80,77,74,70,70,70,73,78,89,94,100,95,78,55,29,6,990,132,0
Solomon Islands,1965,2246,632,869,237,95,60,71,155,143,140,152,185,197,143,38,80,75,73,70,70,70,73,79,90,95,100,97,83,60,31,7,964,131,0
Solomon Islands,1966,2229,616,842,226,94,57,70,154,141,140,152,187,198,151,41,79,75,71,70,70,70,73,79,91,96,100,98,86,65,34,7,936,127,0
Solomon Islands,1967,2216,600,817,217,95,57,69,151,140,140,153,189,205,159,44,78,73,70,70,70,70,74,79,91,98,103,102,89,70,37,7,912,126,0
Solomon Islands,1968,2172,577,778,201,91,55,67,145,139,140,153,190,207,163,49,75,70,70,69,70,70,74,79,91,99,104,103,93,70,39,10,869,122,0
Solomon Islands,1969,2141,559,746,187,88,53,64,142,134,134,154,193,210,169,51,74,68,69,65,65,69,74,80,92,101,105,105,94,75,41,10,834,117,0
Solomon Islands,1970,2121,540,713,173,85,52,63,138,130,133,154,197,218,181,55,72,66,65,65,65,68,74,80,94,103,109,109,101,80,44,11,798,115,1
Solomon Islands,1971,2116,520,681,161,83,51,60,134,130,132,156,199,227,201,63,70,64,65,65,65,67,74,82,94,105,112,115,111,90,51,12,764,111,1
Solomon Islands,1972,2069,500,653,153,80,51,58,130,120,128,156,201,238,193,55,67,63,60,60,62,66,74,82,95,106,118,120,109,84,44,11,733,109,1
Solomon Islands,1973,2027,482,626,144,80,48,56,126,120,125,155,204,248,189,47,65,61,60,60,60,65,73,82,96,108,123,125,110,79,37,10,706,104,1
Solomon Islands,1974,1991,466,602,136,78,47,54,120,113,123,155,205,259,190,42,60,60,56,57,60,63,73,82,96,109,126,133,114,76,33,9,680,101,1
Solomon Islands,1975,2161,470,641,171,110,65,64,136,130,133,167,215,272,191,38,70,66,65,65,65,68,78,89,101,114,133,139,117,74,30,8,751,129,1
Solomon Islands,1976,1919,432,551,119,76,46,53,114,110,118,155,208,267,186,36,59,55,55,55,56,62,71,84,98,110,129,138,116,70,29,7,627,99,1
Solomon Islands,1977,1937,424,543,119,82,51,58,116,110,121,158,212,264,183,34,60,56,55,55,59,62,74,84,100,112,128,136,113,70,27,7,625,109,1
Solomon Islands,1978,1868,409,514,105,74,46,54,112,110,118,156,212,261,180,31,57,55,55,55,56,62,72,84,100,112,127,134,112,68,26,5,588,100,1
Solomon Islands,1979,1864,401,500,99,72,46,55,112,110,119,160,217,263,180,32,58,54,55,55,57,62,74,86,102,115,129,134,112,68,27,5,572,101,1
Solomon Islands,1980,1869,394,490,96,69,46,56,111,109,120,161,223,268,180,32,59,52,54,55,58,62,74,87,104,119,131,137,113,67,27,5,559,102,1
Solomon Islands,1981,1881,389,483,94,69,48,58,112,108,121,164,228,272,185,31,61,51,53,55,58,63,75,89,107,121,133,139,115,70,27,4,552,106,1
Solomon Islands,1982,1896,386,477,91,68,48,58,115,107,123,168,235,277,188,31,63,52,52,55,58,65,76,92,109,126,138,139,118,70,27,4,545,106,0
Solomon Islands,1983,1924,384,473,89,68,49,59,118,107,127,172,243,286,189,31,65,53,52,55,60,67,79,93,113,130,143,143,119,70,27,4,541,108,0
Solomon Islands,1984,1955,382,470,88,69,49,62,123,110,129,175,251,294,191,31,68,55,53,57,61,68,79,96,116,135,148,146,121,70,27,4,539,111,0
Solomon Islands,1985,1981,382,469,87,69,48,64,125,109,130,178,257,302,195,31,69,56,52,57,61,69,81,97,119,138,153,149,124,71,27,4,538,112,0
Solomon Islands,1986,2121,397,509,112,90,59,70,135,114,138,186,269,315,202,33,74,61,55,59,65,73,85,101,125,144,159,156,127,75,28,5,599,129,0
Solomon Islands,1987,2039,382,467,85,69,48,65,134,112,135,185,271,319,202,33,73,61,55,57,64,71,84,101,125,146,161,158,127,75,28,5,536,113,0
Solomon Islands,1988,2063,382,466,84,69,49,67,140,113,137,188,274,323,204,33,76,64,56,57,64,73,86,102,125,149,164,159,129,75,28,5,535,116,0
Solomon Islands,1989,2093,382,464,82,69,49,68,144,114,140,193,282,332,207,33,78,66,57,57,66,74,88,105,130,152,168,164,130,77,28,5,533,117,0
Solomon Islands,1990,2125,382,464,82,69,49,68,148,116,141,197,285,341,210,35,80,68,58,58,66,75,90,107,130,155,173,168,132,78,30,5,533,117,0
Solomon Islands,1991,2160,381,462,81,69,50,68,151,119,143,202,295,351,215,36,82,69,61,58,66,77,92,110,135,160,178,173,135,80,31,5,531,118,0
Solomon Islands,1992,2197,380,461,81,70,50,68,155,122,146,205,301,360,220,37,84,71,62,60,67,79,93,112,136,165,182,178,139,81,33,4,531,118,0
Solomon Islands,1993,2237,380,460,80,71,50,69,158,126,149,211,305,371,228,38,84,74,66,60,68,81,96,115,140,165,187,184,144,84,34,4,531,119,0
Solomon Islands,1994,2272,381,459,78,70,50,69,160,129,151,213,312,381,235,41,85,75,67,62,69,82,97,116,142,170,192,189,148,87,37,4,529,119,0
Solomon Islands,1995,2315,383,461,78,70,50,69,163,134,152,219,320,391,244,43,85,78,69,65,69,83,99,120,145,175,197,194,155,89,37,6,531,119,0
Solomon Islands,1996,2354,382,460,78,69,49,69,164,137,153,222,329,403,251,45,85,79,71,66,69,84,102,120,150,179,203,200,158,93,38,7,529,118,0
Solomon Islands,1997,2402,380,458,78,69,49,69,166,143,154,229,336,417,264,46,85,81,73,70,69,85,104,125,153,183,209,208,167,97,38,8,527,118,0
Solomon Islands,1998,2449,382,460,78,69,49,69,166,145,157,235,345,430,275,49,85,81,75,70,71,86,107,128,157,188,216,214,173,102,41,8,529,118,0
Solomon Islands,1999,2502,383,461,78,69,49,71,166,151,161,240,355,446,285,52,85,81,76,75,75,86,110,130,162,193,223,223,179,106,42,10,530,120,0
Solomon Islands,2000,2560,384,462,78,69,49,71,165,153,162,245,364,459,298,57,85,80,78,75,75,87,110,135,165,199,229,230,187,111,46,11,531,120,0
Solomon Islands,2001,2615,386,464,78,69,49,71,168,160,167,249,370,468,316,65,87,81,80,80,80,87,111,138,168,202,234,234,193,123,54,11,533,120,1
Solomon Islands,2002,2667,388,466,78,69,49,70,168,160,171,252,377,476,331,74,87,81,80,80,82,89,112,140,171,206,237,239,198,133,62,12,535,119,1
Solomon Islands,2003,2722,391,469,78,69,48,69,167,162,176,256,384,484,347,83,86,81,82,80,85,91,112,144,174,210,240,244,203,144,71,12,538,117,1
Solomon Islands,2004,2770,394,472,78,69,48,69,166,167,182,261,391,494,359,93,85,81,82,85,87,95,114,147,177,214,245,249,208,151,79,14,541,117,2
Solomon Islands,2005,2821,396,475,79,69,47,69,166,167,187,263,399,503,370,102,85,81,82,85,89,98,115,148,181,218,249,254,212,158,85,17,544,116,2
Solomon Islands,2006,2870,401,480,79,69,47,69,166,171,193,264,408,513,377,111,85,81,82,89,92,101,115,149,185,223,254,259,216,161,92,19,549,116,2
Solomon Islands,2007,2968,407,496,89,76,52,73,174,175,203,271,417,524,386,117,89,85,83,92,97,106,119,152,190,227,259,265,221,165,97,20,572,125,2
Solomon Islands,2008,2958,400,478,78,67,48,68,166,172,206,272,423,533,396,122,85,81,81,91,97,109,120,152,192,231,264,269,226,170,100,22,545,116,2
Solomon Islands,2009,3024,406,489,83,69,48,69,166,172,213,278,432,545,407,126,85,81,81,91,100,113,125,153,197,235,270,275,232,175,104,22,558,117,2
Solomon Islands,2010,3041,399,476,77,67,47,69,165,173,218,284,440,555,412,128,85,80,81,92,102,116,130,154,200,240,276,279,236,176,106,22,543,116,2
Solomon Islands,2011,3076,397,471,74,67,47,69,165,173,225,291,447,568,417,129,85,80,82,91,105,120,135,156,201,246,282,286,240,177,105,24,538,116,2
Solomon Islands,2012,3110,396,470,74,67,47,69,165,173,232,301,458,580,421,128,85,80,82,91,108,124,142,159,205,253,287,293,245,176,102,26,537,116,2
Solomon Islands,2013,3162,396,471,75,67,48,71,165,176,239,312,465,593,426,125,85,80,83,93,110,129,147,165,206,259,294,299,250,176,99,26,538,119,2
Solomon Islands,2014,3235,407,492,85,69,48,73,165,176,246,326,475,607,430,120,85,80,83,93,112,134,154,172,210,265,300,307,255,175,96,24,561,121,2
Solomon Islands,2015,3227,385,458,73,67,47,71,164,174,248,337,479,621,437,119,84,80,82,92,111,137,159,178,210,269,308,313,261,176,95,24,525,118,2
Solomon Islands,2016,3255,376,445,69,64,46,71,164,174,252,353,485,635,446,119,84,80,82,92,111,141,165,188,213,272,315,320,267,179,95,24,509,117,2
Solomon Islands,2017,3293,367,435,68,63,46,71,164,174,255,365,492,650,455,118,84,80,82,92,111,144,170,195,217,275,323,327,273,182,94,24,498,117,2
Solomon Islands,2018,3335,359,426,67,63,46,71,165,174,258,379,505,664,468,117,85,80,82,92,111,147,175,204,226,279,331,333,282,186,94,23,489,117,2
Solomon Islands,2019,3372,350,414,64,63,46,70,165,173,261,391,514,681,477,113,85,80,81,92,112,149,181,210,232,282,340,341,287,190,92,21,477,116,2
Solomon Islands,2020,3515,344,413,69,68,47,71,166,173,266,414,560,717,501,118,86,80,81,92,115,151,188,226,257,303,361,356,302,199,96,22,481,118,2
Solomon Islands,2021,3561,333,393,60,62,45,68,164,172,265,434,593,744,508,113,85,79,80,92,115,150,197,237,277,316,373,371,308,200,92,21,455,113,2
Somalia,1950,49555,16409,26148,9739,3050,1411,1312,3018,2921,2831,2957,3157,2251,465,27,1522,1496,1466,1455,1436,1395,1438,1519,1582,1575,1362,889,340,125,24,3,29198,2723,0
Somalia,1951,51484,17134,27448,10314,3127,1428,1343,3053,2960,2878,3022,3271,2401,523,29,1539,1514,1484,1476,1461,1417,1465,1557,1633,1638,1438,963,397,126,27,2,30575,2771,0
Somalia,1952,52751,17269,28153,10884,3212,1428,1375,3071,2985,2917,3075,3373,2545,581,32,1544,1527,1496,1489,1480,1437,1488,1587,1683,1690,1512,1033,458,123,29,3,31365,2803,0
Somalia,1953,53876,17406,28707,11301,3303,1428,1411,3092,3010,2952,3125,3475,2686,647,37,1552,1540,1507,1503,1499,1453,1511,1614,1732,1743,1586,1100,521,126,33,4,32010,2839,0
Somalia,1954,54896,17546,29144,11598,3411,1431,1439,3115,3032,2990,3174,3574,2825,721,38,1564,1551,1518,1514,1518,1472,1534,1640,1779,1795,1657,1168,579,142,35,3,32555,2870,0
Somalia,1955,55877,17700,29465,11765,3583,1448,1461,3144,3055,3024,3221,3672,2962,800,38,1583,1561,1529,1526,1534,1490,1555,1666,1822,1850,1727,1235,635,165,35,3,33048,2909,0
Somalia,1956,56832,17868,29732,11864,3775,1475,1471,3179,3080,3060,3270,3773,3096,879,39,1610,1569,1541,1539,1551,1509,1578,1692,1864,1909,1792,1304,686,193,35,4,33507,2946,0
Somalia,1957,57788,18056,30029,11973,3925,1511,1474,3224,3105,3097,3319,3869,3231,962,40,1648,1576,1554,1551,1567,1530,1599,1720,1901,1968,1855,1376,739,223,36,4,33954,2985,0
Somalia,1958,58745,18258,30347,12089,4049,1556,1474,3276,3130,3131,3367,3965,3360,1044,42,1692,1584,1568,1562,1580,1551,1620,1747,1936,2029,1914,1446,791,253,36,6,34396,3030,0
Somalia,1959,59670,18454,30661,12207,4147,1605,1480,3321,3153,3165,3415,4059,3495,1125,47,1725,1596,1578,1575,1595,1570,1641,1774,1971,2088,1979,1516,842,283,42,5,34808,3085,0
Somalia,1960,60662,18678,31024,12346,4213,1682,1497,3369,3176,3200,3466,4148,3626,1205,56,1750,1619,1589,1587,1610,1590,1666,1800,2005,2143,2042,1584,894,311,50,6,35237,3179,0
Somalia,1961,61907,18989,31553,12564,4278,1777,1530,3423,3211,3243,3529,4248,3767,1285,64,1770,1653,1604,1607,1630,1613,1696,1833,2046,2202,2116,1651,948,337,59,5,35831,3307,0
Somalia,1962,62683,19157,31799,12642,4309,1844,1564,3458,3225,3267,3572,4317,3889,1366,73,1770,1688,1608,1617,1640,1627,1717,1855,2075,2242,2180,1709,1002,364,68,5,36108,3408,0
Somalia,1963,63710,19411,32205,12794,4359,1914,1610,3506,3247,3298,3626,4394,4019,1449,83,1771,1735,1616,1631,1655,1643,1744,1882,2109,2285,2250,1769,1058,391,76,7,36564,3524,1
Somalia,1964,64816,19691,32661,12970,4416,1978,1666,3555,3278,3333,3680,4476,4151,1529,93,1782,1773,1632,1646,1671,1662,1771,1909,2147,2329,2318,1833,1112,417,86,7,37077,3644,1
Somalia,1965,65840,19956,33072,13116,4467,2012,1742,3599,3310,3361,3732,4551,4278,1609,103,1804,1795,1653,1657,1684,1677,1794,1938,2180,2371,2382,1896,1164,445,95,8,37539,3754,1
Somalia,1966,66971,20252,33549,13297,4527,2037,1832,3654,3352,3395,3785,4631,4405,1690,113,1841,1813,1684,1668,1701,1694,1818,1967,2216,2415,2441,1964,1216,474,103,10,38076,3869,1
Somalia,1967,68123,20554,34035,13481,4589,2060,1916,3707,3404,3428,3842,4712,4536,1772,123,1889,1818,1728,1676,1718,1710,1842,2000,2253,2459,2500,2036,1266,506,112,11,38624,3976,1
Somalia,1968,69337,20881,34560,13679,4655,2089,1996,3770,3462,3465,3897,4797,4662,1853,136,1949,1821,1776,1686,1736,1729,1864,2033,2290,2507,2553,2109,1317,536,122,14,39215,4085,1
Somalia,1969,70594,21228,35114,13886,4724,2117,2072,3850,3519,3499,3950,4882,4787,1934,145,2018,1832,1816,1703,1753,1746,1886,2064,2326,2556,2608,2179,1368,566,130,15,39838,4189,1
Somalia,1970,71911,21597,35703,14106,4798,2148,2119,3975,3571,3533,4004,4971,4909,2020,156,2117,1858,1843,1728,1768,1765,1908,2096,2367,2604,2662,2247,1424,596,139,17,40501,4267,1
Somalia,1971,73286,22002,36340,14338,4875,2179,2148,4128,3625,3567,4058,5061,5032,2107,169,2229,1899,1861,1764,1783,1784,1932,2126,2408,2653,2720,2312,1481,626,150,19,41215,4327,1
Somalia,1972,74644,22406,36975,14569,4949,2210,2177,4283,3675,3593,4105,5154,5148,2194,180,2333,1950,1867,1808,1792,1801,1952,2153,2452,2702,2776,2372,1540,654,160,20,41924,4387,1
Somalia,1973,76082,22840,37664,14824,5029,2245,2207,4441,3728,3625,4154,5246,5266,2284,193,2431,2010,1870,1858,1804,1821,1974,2180,2494,2752,2835,2431,1600,684,171,22,42693,4452,1
Somalia,1974,85619,25634,43105,17471,5830,2649,2422,4893,4042,3961,4570,5762,5722,2453,208,2681,2212,2006,2036,1964,1997,2171,2399,2747,3015,3089,2633,1722,731,185,23,48935,5071,2
Somalia,1975,86447,25920,43413,17493,5865,2663,2444,5040,4080,3985,4592,5819,5799,2526,220,2730,2310,2024,2056,1983,2002,2181,2411,2771,3048,3127,2672,1767,759,195,25,49278,5107,2
Somalia,1976,87327,26293,43798,17505,5891,2673,2467,5176,4119,4014,4613,5872,5873,2596,231,2754,2422,2055,2064,2009,2005,2191,2422,2791,3081,3164,2709,1808,788,204,27,49689,5140,2
Somalia,1977,81625,24716,40322,15606,5321,2380,2343,5052,3948,3814,4341,5586,5681,2598,240,2648,2404,1998,1950,1933,1881,2062,2279,2642,2944,3048,2633,1795,803,210,30,45643,4723,2
Somalia,1978,84201,25654,41635,15981,5402,2422,2423,5368,4107,3941,4433,5705,5823,2686,251,2783,2585,2113,1994,2021,1920,2108,2325,2693,3012,3118,2705,1848,838,220,31,47037,4845,2
Somalia,1979,93306,28755,46603,17848,5956,2675,2632,5789,4461,4302,4845,6285,6462,3009,286,2970,2819,2318,2143,2215,2087,2302,2543,2956,3329,3454,3008,2062,947,251,35,52559,5307,2
Somalia,1980,106331,32872,53317,20445,6735,3027,2982,6573,5115,4865,5463,7113,7354,3447,334,3361,3212,2696,2419,2505,2360,2593,2870,3340,3773,3925,3429,2356,1091,293,41,60052,6009,3
Somalia,1981,110260,34254,55550,21296,6949,3118,3071,6759,5369,4998,5593,7305,7604,3589,355,3459,3300,2872,2497,2563,2435,2652,2941,3425,3880,4053,3551,2447,1142,309,46,62499,6189,3
Somalia,1982,107067,33403,54168,20765,6736,3004,2962,6509,5287,4810,5354,7021,7357,3498,353,3335,3174,2858,2429,2443,2367,2532,2822,3289,3732,3918,3439,2380,1118,307,46,60904,5966,3
Somalia,1983,109139,34155,55325,21170,6874,3038,3003,6590,5466,4868,5398,7105,7504,3594,369,3380,3210,2970,2496,2440,2428,2548,2850,3324,3781,3993,3511,2443,1151,322,47,62199,6041,4
Somalia,1984,111503,35005,56633,21628,7056,3080,3051,6686,5654,4937,5458,7201,7657,3695,384,3433,3253,3074,2580,2453,2484,2576,2882,3367,3834,4068,3589,2508,1187,335,49,63689,6131,4
Somalia,1985,116889,36511,59269,22758,7505,3256,3223,7036,6057,5178,5688,7468,7949,3846,405,3614,3422,3261,2796,2570,2608,2694,2994,3495,3973,4222,3727,2608,1238,353,52,66774,6479,4
Somalia,1986,121280,37930,61579,23649,7847,3374,3337,7275,6359,5346,5860,7672,8202,3994,427,3739,3536,3368,2991,2665,2681,2791,3069,3590,4082,4348,3854,2707,1287,371,56,69426,6711,5
Somalia,1987,124044,39317,63522,24205,8005,3395,3336,7271,6430,5363,5928,7785,8413,4142,448,3743,3528,3352,3078,2698,2665,2845,3083,3636,4149,4442,3971,2801,1341,388,60,71527,6731,5
Somalia,1988,150768,41491,68435,26944,9086,3903,5184,14173,10803,7773,7710,9235,9508,4475,477,7422,6751,5778,5025,4053,3720,3808,3902,4386,4849,5057,4451,3042,1433,412,65,77521,9087,5
Somalia,1989,131486,38384,61830,23446,7847,3396,4246,11316,8935,6499,6524,7934,8382,4118,450,5922,5394,4710,4225,3436,3063,3233,3291,3747,4187,4422,3960,2780,1338,389,61,69677,7642,5
Somalia,1990,128309,37481,60310,22829,7681,3345,4138,10984,8688,6414,6353,7705,8181,4055,449,5756,5228,4560,4128,3444,2970,3151,3202,3633,4072,4306,3875,2732,1323,387,62,67991,7483,5
Somalia,1991,283787,84435,156748,72313,22592,10568,7230,15553,13432,11496,12079,14295,13756,5509,524,8123,7430,6833,6599,6063,5433,5919,6160,6860,7435,7446,6310,3841,1668,454,70,179340,17798,6
Somalia,1992,251325,76623,139276,62653,21168,9979,6303,12448,11213,10251,10778,12701,11976,4767,459,6489,5959,5631,5582,5420,4831,5212,5566,6096,6605,6536,5440,3320,1447,396,63,160444,16282,6
Somalia,1993,100634,32935,50655,17720,6823,3038,2885,6116,5431,4838,4896,6078,6345,3163,364,3175,2941,2759,2672,2621,2217,2331,2565,2841,3237,3380,2965,2120,1043,311,53,57478,5923,5
Somalia,1994,110873,36526,56473,19947,7389,3355,3196,6689,5915,5362,5300,6546,6846,3403,393,3474,3215,3008,2907,2904,2458,2505,2795,3062,3484,3645,3201,2279,1124,337,56,63862,6551,5
Somalia,1995,113099,37233,58296,21063,7215,3368,3254,6794,5955,5479,5327,6589,6952,3463,402,3535,3259,3033,2922,2934,2545,2514,2813,3084,3505,3691,3261,2315,1148,345,57,65511,6622,5
Somalia,1996,119101,38946,61918,22972,7319,3556,3452,7121,6207,5804,5554,6876,7260,3606,420,3709,3412,3165,3042,3050,2754,2636,2918,3236,3640,3848,3412,2410,1196,361,59,69237,7008,5
Somalia,1997,124434,40986,65766,24780,7519,3713,3574,7214,6283,5991,5684,7072,7476,3705,435,3765,3449,3200,3083,3095,2896,2728,2956,3359,3713,3956,3520,2476,1229,373,62,73285,7287,6
Somalia,1998,126940,41725,66848,25123,7772,3756,3667,7390,6394,6160,5787,7239,7655,3821,449,3869,3521,3259,3135,3143,3017,2818,2969,3473,3766,4042,3613,2552,1269,385,64,74620,7423,6
Somalia,1999,132858,43445,69775,26330,8397,3905,3868,7800,6679,6472,6043,7532,7940,3973,465,4106,3694,3410,3269,3269,3203,2987,3056,3634,3898,4186,3754,2657,1316,400,65,78172,7773,6
Somalia,2000,137220,44935,72164,27229,8916,3940,3988,8001,6813,6622,6278,7738,8158,4111,484,4232,3769,3481,3332,3332,3290,3153,3125,3731,4007,4291,3867,2753,1358,415,69,81080,7928,6
Somalia,2001,142147,46562,74773,28211,9468,3940,4131,8305,7003,6786,6587,7978,8405,4264,503,4414,3891,3583,3420,3417,3369,3356,3231,3824,4154,4408,3997,2860,1404,431,72,84241,8071,6
Somalia,2002,147540,48308,77577,29269,10020,4006,4293,8662,7238,6980,6933,8237,8651,4418,521,4617,4045,3709,3529,3517,3463,3566,3367,3899,4338,4521,4130,2964,1454,446,75,87597,8299,7
Somalia,2003,153095,49914,80226,30312,10468,4173,4479,9173,7544,7218,7306,8502,8893,4567,536,4896,4277,3878,3666,3642,3576,3778,3528,3966,4536,4634,4259,3063,1504,460,76,90694,8652,7
Somalia,2004,158849,51575,82980,31405,10897,4429,4646,9681,7849,7462,7695,8770,9151,4726,555,5160,4521,4041,3808,3770,3692,3981,3714,4052,4718,4766,4385,3167,1559,475,80,93877,9075,7
Somalia,2005,163301,53075,85369,32294,11210,4671,4673,9951,8013,7600,8003,8977,9382,4869,573,5291,4660,4126,3887,3841,3759,4090,3913,4139,4838,4895,4487,3257,1612,489,84,96579,9344,8
Somalia,2006,168437,54423,87558,33135,11539,4978,4737,10550,8369,7848,8372,9219,9651,5016,591,5601,4949,4323,4046,3973,3875,4199,4173,4273,4946,5060,4591,3350,1666,504,87,99097,9715,8
Somalia,2007,172765,55278,89105,33827,11871,5284,4816,11069,8702,8089,8722,9448,9915,5134,604,5859,5210,4508,4194,4099,3990,4306,4416,4433,5015,5248,4667,3426,1708,515,89,100976,10100,8
Somalia,2008,173583,55663,89245,33582,11812,5317,4810,11138,8742,8089,8879,9548,10124,5249,622,5877,5261,4546,4196,4099,3990,4319,4560,4541,5007,5404,4720,3497,1752,531,91,101057,10127,8
Somalia,2009,171930,55281,88238,32957,11637,5269,4791,10811,8590,7958,8897,9584,10211,5301,634,5667,5144,4482,4108,4029,3929,4274,4623,4619,4965,5470,4741,3524,1777,542,92,99875,10060,9
Somalia,2010,185415,58547,94720,36173,12629,5824,5390,12064,9489,8604,9547,10286,10717,5469,656,6273,5791,5002,4487,4365,4239,4579,4968,5056,5230,5747,4970,3638,1831,560,96,107349,11214,9
Somalia,2011,183961,58299,94020,35721,12565,5840,5494,11379,9267,8463,9463,10505,10772,5514,670,5811,5568,4887,4380,4287,4176,4537,4926,5236,5269,5737,5035,3656,1858,572,98,106585,11334,9
Somalia,2012,169183,53417,84209,30792,11034,5114,5379,11043,8979,8016,8895,10148,10323,5371,668,5584,5459,4772,4207,4079,3937,4271,4624,5094,5054,5413,4910,3540,1831,570,98,95243,10493,10
Somalia,2013,168641,53117,83460,30343,10904,5079,5408,10930,8965,7982,8888,10423,10454,5452,686,5531,5399,4762,4203,4061,3921,4268,4620,5251,5172,5397,5057,3581,1871,586,100,94364,10487,10
Somalia,2014,170499,53169,83289,30120,10807,5065,5553,11464,9311,8152,9036,10821,10675,5601,711,5881,5583,4950,4361,4153,3999,4343,4693,5451,5370,5458,5217,3674,1927,607,104,94096,10618,10
Somalia,2015,171470,53300,83269,29969,10754,5062,5583,11544,9407,8198,9101,11169,10876,5758,738,6064,5480,4988,4419,4174,4024,4376,4725,5547,5622,5547,5329,3780,1978,629,109,94023,10645,10
Somalia,2016,174722,53474,83525,30051,10833,5124,5808,12261,9872,8477,9322,11615,11148,5956,768,6655,5606,5235,4637,4325,4152,4491,4831,5653,5962,5713,5435,3923,2033,654,114,94358,10932,11
Somalia,2017,176555,53630,83802,30172,10945,5171,5839,12266,9920,8572,9468,12044,11485,6228,804,6804,5462,5233,4687,4371,4201,4559,4909,5757,6287,5939,5546,4126,2102,685,119,94747,11010,11
Somalia,2018,176175,53182,82708,29526,10797,5106,5826,12360,9946,8618,9502,12308,11701,6461,835,6881,5479,5229,4717,4408,4210,4577,4925,5788,6520,6118,5583,4300,2161,711,124,93505,10932,12
Somalia,2019,176232,53056,82200,29144,10766,5090,5768,12212,9802,8635,9550,12596,12030,6701,871,6742,5470,5112,4690,4429,4206,4599,4951,5842,6754,6357,5673,4463,2238,740,131,92966,10858,12
Somalia,2020,188459,52853,81548,28695,10711,5069,5705,12156,10080,10046,12167,16660,15169,8124,1011,6615,5541,5077,5003,5045,5001,5730,6437,7739,8921,8328,6841,5368,2756,863,148,92259,10774,14
Somalia,2021,198038,52689,81056,28367,10701,5107,6078,13283,10824,11351,13818,18796,17165,8794,1053,7091,6192,5332,5492,5646,5705,6525,7293,8776,10020,9580,7585,5813,2981,900,153,91757,11185,14
South Africa,1950,279631,77619,123011,45392,11173,5845,6491,17665,19611,18602,17301,20944,22004,14290,2639,8386,9279,9704,9907,9571,9031,8783,8518,9809,11135,11337,10667,8873,5417,2172,467,134184,12336,55
South Africa,1951,276519,77305,121605,44300,11139,5745,6438,17620,19566,18628,17301,20631,21444,13795,2553,8379,9241,9660,9906,9583,9045,8806,8495,9665,10966,11132,10312,8566,5229,2103,450,132744,12183,54
South Africa,1952,272059,76747,119892,43145,11078,5642,6319,17360,19225,18434,17179,20209,20890,13299,2479,8275,9085,9472,9753,9474,8960,8751,8428,9472,10737,10937,9953,8255,5044,2043,436,130970,11961,53
South Africa,1953,267248,75615,117445,41830,10961,5553,6159,17006,18922,18387,17214,19830,20431,12864,2423,8105,8901,9292,9630,9427,8960,8784,8430,9311,10519,10787,9644,7976,4888,1996,427,128406,11712,52
South Africa,1954,260160,73352,113503,40151,10675,5492,5937,16254,18296,18273,17403,19443,20008,12453,2369,7743,8511,8940,9356,9301,8972,8899,8504,9159,10284,10629,9379,7710,4743,1951,418,124178,11429,51
South Africa,1955,252627,70903,109287,38384,10206,5403,5728,15510,17635,18065,17554,19125,19646,12088,2331,7388,8122,8575,9060,9133,8932,8967,8587,9049,10076,10478,9168,7468,4620,1915,416,119493,11131,50
South Africa,1956,246627,68710,105172,36462,9741,5317,5584,14954,17228,18068,17904,19041,19436,11823,2311,7110,7844,8339,8889,9075,8993,9126,8778,9074,9967,10381,9055,7291,4532,1894,417,114913,10901,50
South Africa,1957,240801,66754,101355,34601,9328,5224,5469,14360,16713,17942,18189,19021,19259,11594,2296,6824,7536,8055,8658,8950,8992,9235,8954,9144,9877,10282,8977,7135,4459,1879,417,110683,10693,50
South Africa,1958,236926,65045,98055,33010,9001,5172,5431,13929,16393,18007,18665,19236,19225,11463,2296,6619,7310,7866,8527,8917,9090,9436,9229,9350,9886,10248,8977,7047,4416,1875,421,107056,10603,50
South Africa,1959,233310,63347,95097,31750,8781,5163,5419,13342,15903,18032,19255,19454,19174,11342,2297,6357,6985,7589,8314,8834,9198,9708,9547,9556,9898,10207,8967,6975,4367,1873,424,103878,10582,50
South Africa,1960,232405,62882,93963,31081,8649,5088,5521,13242,15707,17969,19563,19861,19189,11290,2309,6351,6891,7482,8225,8774,9195,9785,9778,9855,10006,10212,8977,6953,4337,1878,431,102612,10609,51
South Africa,1961,234305,63807,94796,30989,8648,5018,5697,13513,15699,17824,19622,20464,19324,11317,2329,6546,6967,7490,8209,8718,9106,9713,9909,10215,10249,10301,9023,6988,4329,1892,437,103444,10715,52
South Africa,1962,237924,64849,95891,31042,8766,5045,5879,13773,15797,18023,20100,21286,19540,11411,2357,6741,7032,7529,8268,8802,9221,9892,10208,10688,10598,10444,9096,7070,4341,1910,447,104657,10924,53
South Africa,1963,242176,65999,97324,31325,8883,5076,6076,14145,15925,18225,20563,22211,19792,11517,2382,7003,7142,7590,8335,8893,9332,10066,10497,11182,11029,10624,9168,7161,4356,1929,453,106207,11152,55
South Africa,1964,246525,67285,99113,31828,8973,5129,6218,14524,15984,18344,20914,23137,20089,11636,2407,7271,7253,7623,8361,8946,9398,10189,10725,11630,11507,10842,9247,7252,4384,1944,463,108086,11347,56
South Africa,1965,250816,68553,100935,32382,9070,5230,6306,14935,16023,18422,21193,24047,20425,11745,2424,7547,7388,7652,8371,8979,9443,10280,10913,12031,12016,11094,9331,7326,4419,1954,470,110005,11536,57
South Africa,1966,256185,69866,102886,33020,9228,5358,6404,15485,16210,18636,21576,25074,20918,11900,2452,7865,7620,7757,8453,9082,9554,10428,11148,12467,12607,11447,9471,7418,4482,1973,479,112114,11762,59
South Africa,1967,261255,71217,104731,33514,9360,5461,6471,16021,16388,18834,21913,26043,21462,12037,2474,8141,7880,7862,8526,9172,9662,10561,11352,12852,13191,11849,9613,7488,4549,1987,487,114091,11932,60
South Africa,1968,266173,72372,106340,33968,9487,5552,6524,16565,16567,19002,22226,27000,22142,12204,2504,8398,8167,7978,8589,9244,9758,10679,11547,13209,13791,12341,9801,7573,4631,2009,495,115827,12076,62
South Africa,1969,270353,73428,107716,34288,9607,5610,6582,16973,16677,19072,22437,27833,22892,12357,2536,8547,8426,8071,8606,9262,9810,10752,11685,13494,14339,12879,10013,7653,4704,2033,503,117323,12192,63
South Africa,1970,273496,74118,108467,34349,9683,5628,6653,17230,16778,19098,22590,28529,23694,12509,2571,8575,8655,8170,8608,9254,9844,10804,11786,13715,14814,13440,10254,7739,4770,2061,510,118150,12281,65
South Africa,1971,276652,74739,108999,34260,9728,5637,6723,17440,16941,19163,22798,29217,24620,12698,2622,8570,8870,8312,8629,9265,9898,10888,11910,13942,15275,14050,10570,7858,4840,2103,519,118727,12360,66
South Africa,1972,280088,74983,108926,33943,9671,5610,6795,17664,17311,19409,23217,30035,25730,12963,2690,8569,9095,8565,8746,9365,10044,11076,12141,14271,15764,14729,11001,8034,4929,2160,530,118597,12405,68
South Africa,1973,281733,75005,108452,33447,9578,5558,6859,17846,17585,19389,23331,30484,26681,13159,2744,8577,9269,8792,8793,9348,10041,11111,12220,14422,16062,15271,11410,8175,4984,2205,539,118030,12417,70
South Africa,1974,283615,74586,107305,32719,9446,5490,6878,17993,18004,19540,23655,31126,27819,13472,2816,8615,9378,9073,8931,9416,10124,11250,12405,14686,16440,15875,11944,8398,5074,2262,554,116751,12368,72
South Africa,1975,285288,73971,105819,31848,9302,5427,6865,18078,18443,19718,24008,31792,29011,13857,2892,8690,9388,9343,9100,9501,10217,11404,12604,14968,16824,16466,12545,8672,5185,2321,571,115121,12292,74
South Africa,1976,285368,73047,103782,30735,9155,5348,6802,18027,18759,19757,24181,32249,30035,14239,2959,8718,9309,9520,9239,9526,10231,11470,12711,15148,17101,16933,13102,8952,5287,2370,589,112937,12150,76
South Africa,1977,285109,71771,101222,29451,8980,5269,6723,17939,19078,19857,24405,32755,31061,14704,3030,8719,9220,9660,9418,9577,10280,11566,12839,15355,17400,17387,13674,9297,5407,2420,610,110202,11992,79
South Africa,1978,285355,70636,98694,28058,8687,5148,6662,17926,19500,20032,24717,33349,32148,15294,3117,8754,9172,9818,9682,9688,10344,11669,13048,15603,17746,17861,14287,9728,5566,2483,634,107381,11810,82
South Africa,1979,287032,69891,96442,26551,8399,5039,6631,18067,20083,20458,25194,34083,33300,16029,3219,8813,9254,10011,10072,9938,10520,11861,13333,15926,18157,18369,14931,10252,5777,2558,661,104841,11670,86
South Africa,1980,288820,69069,94286,25217,8099,4930,6592,18180,20545,20936,25678,34843,34454,16858,3334,8817,9363,10093,10452,10222,10714,12058,13620,16262,18581,18885,15569,10835,6023,2646,688,102385,11522,90
South Africa,1981,288267,67070,90918,23848,7719,4784,6490,18170,20889,21431,26047,35344,35330,17618,3429,8741,9429,10110,10779,10529,10902,12214,13833,16485,18859,19264,16066,11360,6258,2720,709,98637,11274,94
South Africa,1982,288350,66319,89152,22833,7341,4638,6483,17661,20751,21637,26137,35974,36367,18549,3561,8519,9142,9890,10861,10697,10940,12189,13948,16771,19203,19738,16629,11968,6581,2825,736,96493,11121,99
South Africa,1983,289001,65839,87792,21953,7026,4478,6538,17119,20560,21956,26211,36662,37368,19490,3696,8329,8790,9627,10933,10921,11035,12161,14050,17102,19560,20212,17156,12561,6929,2934,762,94818,11016,104
South Africa,1984,291481,65973,87329,21356,6774,4297,6768,16832,20469,22365,26209,37458,38464,20545,3864,8365,8467,9454,11015,11205,11160,12075,14134,17491,19967,20745,17719,13195,7350,3071,793,94103,11065,109
South Africa,1985,293713,66280,87019,20739,6528,4035,7013,16795,20211,22697,26049,38366,39381,21476,4021,8614,8181,9261,10950,11424,11273,11928,14121,17949,20417,21210,18171,13727,7749,3200,821,93547,11048,113
South Africa,1986,296161,67096,87546,20450,6370,3801,7503,17032,19756,22727,25334,39265,40223,22297,4187,9155,7877,8979,10777,11495,11232,11508,13826,18364,20901,21685,18538,14168,8129,3336,851,93916,11304,118
South Africa,1987,303757,67005,87000,19995,6488,3582,7207,17601,20185,24532,26665,40683,41703,23531,4454,9396,8205,8986,11199,12293,12239,12307,14358,19073,21610,22472,19231,14856,8675,3559,895,93488,10789,124
South Africa,1988,306723,64749,84137,19388,6432,3429,6899,18679,20417,25887,27618,41316,42664,24426,4685,9894,8785,9008,11409,12878,13009,12972,14646,19292,22024,22980,19684,15323,9103,3751,934,90569,10328,129
South Africa,1989,314345,62013,80879,18866,6360,3447,6562,19896,21283,28097,29670,42977,44287,25728,5024,10299,9597,9335,11948,13860,14237,14204,15466,20012,22965,23810,20477,16038,9690,4033,991,87239,10009,136
South Africa,1990,319227,58588,77058,18470,6456,3598,6254,21490,22345,29919,31245,43691,45194,26548,5288,10803,10687,9889,12456,14658,15261,15266,15979,20223,23468,24189,21005,16465,10083,4254,1034,83514,9852,141
South Africa,1991,327908,56667,74426,17759,6531,3854,6014,23152,24089,32484,33445,44618,46172,27393,5580,11179,11973,10891,13198,15833,16651,16687,16758,20565,24053,24574,21598,16916,10477,4494,1086,80957,9868,147
South Africa,1992,332033,54748,72064,17316,6760,4168,5731,23740,24747,33654,34773,45101,47070,28187,5881,11017,12723,11567,13180,16264,17390,17617,17156,20672,24429,24935,22135,17341,10846,4734,1147,78824,9899,153
South Africa,1993,342790,53777,71165,17388,7034,4507,5727,24418,26164,35493,36797,46872,48773,29398,6279,10791,13627,12641,13523,16952,18541,18782,18015,21270,25602,25793,22980,18035,11363,5048,1231,78199,10234,162
South Africa,1994,356414,53346,71284,17938,7421,4957,6190,25620,28206,37215,38896,48475,50660,30646,6679,10817,14803,14115,14091,17579,19636,19871,19025,21742,26733,26838,23822,18765,11881,5361,1318,78705,11147,170
South Africa,1995,369071,53477,72550,19073,7971,5496,6955,26773,30616,38342,40515,49048,52053,31580,6987,10846,15927,15787,14829,17976,20366,20669,19846,21753,27295,27739,24314,19338,12242,5595,1392,80521,12451,178
South Africa,1996,388444,52603,73396,20793,7480,5068,7400,33227,40891,42394,42670,47468,50545,30794,6927,12102,21125,22083,18808,20119,22275,21920,20750,21165,26303,27166,23379,18861,11933,5524,1403,80876,12468,180
South Africa,1997,405333,49852,72055,22203,7546,5165,8116,36496,48744,45038,45044,47563,50956,31251,7166,12666,23830,26701,22043,21370,23668,23205,21839,21399,26164,27533,23423,19125,12126,5686,1480,79601,13281,191
South Africa,1998,428229,48503,72056,23553,7599,5286,8795,39894,58388,48609,48610,47782,51625,31919,7462,13551,26343,32076,26312,23167,25442,25205,23405,22178,25604,27868,23757,19504,12415,5890,1572,79655,14081,206
South Africa,1999,451828,48263,72571,24308,7599,5366,9370,43166,68749,52147,52004,48173,52151,32548,7755,14848,28318,37553,31196,25134,27013,27108,24896,23235,24938,27940,24211,19833,12715,6090,1665,80170,14736,223
South Africa,2000,476555,44840,68919,24079,6346,4986,9960,54739,85660,54855,54200,46507,50782,31639,7728,19712,35027,47888,37772,27087,27768,28036,26164,23284,23223,26991,23791,19155,12484,6032,1696,75265,14946,234
South Africa,2001,513557,45672,71119,25447,6487,4977,10439,59049,98673,60917,58255,48656,52685,33618,8413,21679,37370,53899,44774,31272,29645,30565,27690,25465,23191,27300,25385,20188,13430,6532,1881,77606,15416,267
South Africa,2002,561305,49691,74846,25155,7098,4965,11391,66235,116659,69061,62856,51581,52783,34682,8851,24885,41350,60378,56281,36722,32339,32674,30182,27260,24321,26602,26181,20709,13973,6841,2010,81944,16356,295
South Africa,2003,608547,52369,78423,26054,7726,5148,11877,71836,131120,78541,67936,55124,54324,36672,9493,27636,44200,66590,64530,43670,34871,35432,32504,29587,25537,26746,27578,21848,14824,7312,2181,86149,17025,329
South Africa,2004,628420,52301,80157,27856,8944,5293,11813,74489,137425,85915,70462,56283,51491,36284,9516,29149,45340,66538,70887,49313,36602,36403,34059,30269,26014,24767,26724,21644,14640,7302,2214,89101,17106,347
South Africa,2005,645838,55286,81257,25971,8766,5315,11897,75705,135881,92286,72999,59959,52634,38495,10259,29458,46247,63187,72694,54270,38016,37222,35777,32700,27259,24991,27643,23068,15427,7853,2406,90023,17212,388
South Africa,2006,654889,54774,79253,24479,7607,5581,11943,77181,129915,97907,75158,63932,53925,41015,11046,29748,47433,58301,71614,57912,39995,37558,37600,33947,29985,25591,28334,24766,16249,8445,2601,86860,17524,429
South Africa,2007,648440,54472,77888,23416,7174,5235,11194,75778,119700,100798,75408,66079,54523,42633,11570,29109,46669,53843,65857,60036,40762,37306,38102,35404,30675,26242,28281,25878,16755,8829,2741,85062,16429,463
South Africa,2008,634342,54455,78297,23842,6509,4999,10657,73320,111127,100714,73232,67094,53268,42895,11750,27964,45356,49658,61469,59057,41657,35504,37728,35604,31490,26194,27074,26015,16880,8944,2806,84806,15656,486
South Africa,2009,610904,46092,66486,20394,5583,5293,10242,68364,98746,100063,72459,69939,55381,45291,12532,25918,42446,44874,53872,57368,42695,34986,37473,37009,32930,28038,27343,27272,18019,9511,3021,72069,15535,531
South Africa,2010,582529,40536,61205,20669,5821,5230,9974,63518,86608,95378,69252,71388,55169,45644,12784,24266,39252,41311,45297,52419,42959,33561,35691,37187,34201,28704,26465,27108,18536,9648,3136,67026,15204,559
South Africa,2011,555206,33064,48411,15347,5187,4468,9082,56050,76232,89090,68696,74400,58358,49578,14976,21238,34812,38025,38207,46892,42198,33745,34951,38915,35485,31170,27188,28515,21063,11169,3807,53598,13550,682
South Africa,2012,530829,32619,49264,16645,5695,4656,8704,52223,69171,82453,66139,72973,58045,47324,13579,19301,32922,35873,33298,41045,41408,32689,33450,37051,35922,31002,27043,26942,20382,10203,3376,54959,13360,600
South Africa,2013,526045,35294,50506,15212,4093,3685,8295,48421,63497,79752,67664,75104,61333,48720,14333,18038,30383,33579,29918,37970,41782,34456,33208,37810,37294,33248,28085,27201,21519,10767,3566,54599,11980,638
South Africa,2014,514865,34925,49993,15068,3778,3328,7941,44237,60021,74778,67948,77339,63196,47496,14174,16421,27816,32279,27742,33871,40907,35354,32594,38046,39293,34207,28989,26179,21317,10684,3490,53771,11269,634
South Africa,2015,514293,32942,46188,13246,3578,3232,7534,43671,58976,70779,70672,78690,66916,48324,15042,16237,27434,31119,27857,30910,39869,37550,33122,38203,40487,36935,29981,26401,21923,11367,3675,49766,10766,688
South Africa,2016,507232,29998,42037,12039,3399,3179,7338,42707,59793,67209,72671,78707,70074,45269,14194,15911,26796,31346,28447,28549,38660,38845,33826,37207,41500,37927,32147,24856,20413,10827,3367,45436,10517,655
South Africa,2017,498721,27296,37943,10647,3126,3089,6968,38999,59013,61587,74083,79048,72500,45991,15588,14675,24324,30718,28295,26066,35521,39768,34315,37079,41969,39605,32895,25385,20606,11805,3783,41069,10057,782
South Africa,2018,502601,30457,40916,10459,3208,3289,6839,36540,58046,58628,76545,79093,74432,47061,17076,13611,22929,29693,28353,24701,33927,40445,36100,36549,42544,40264,34168,26270,20791,12797,4279,44124,10128,928
South Africa,2019,500327,32737,42975,10238,3123,3209,6714,34492,56135,54416,76418,77717,77513,48339,18226,12940,21552,28306,27829,23846,30570,39622,36796,35688,42029,42147,35366,27527,20812,13507,4719,46098,9923,1054
South Africa,2020,553914,25279,34047,8768,2788,3015,6138,31825,56807,56851,91452,95805,97974,55510,20481,11612,20213,27580,29227,25626,31225,44712,46740,43975,51830,52154,45820,32350,23160,15031,5450,36835,9153,1223
South Africa,2021,678798,31472,41650,10178,3135,3526,7039,35384,64518,66063,114636,116930,125087,72118,27026,12965,22419,30773,33745,31243,34820,53423,61213,54746,62184,66960,58127,42656,29462,19490,7536,44785,10565,1685
South Korea,1950,988622,192547,308187,115640,42874,17008,45450,163432,122410,93127,73834,58479,36525,24327,2801,79316,84116,65736,56674,53494,39633,38373,35461,32592,25887,22539,13986,17557,6770,2025,776,351061,62458,164
South Korea,1951,764626,162679,250860,88181,34639,15280,36263,112777,87057,70603,57573,48889,30870,17762,1938,55642,57135,46696,40361,39727,30876,29375,28198,26728,22161,19085,11785,12073,5689,1448,490,285499,51543,120
South Korea,1952,511016,144536,212801,68265,27601,12895,20313,46022,38265,38150,36731,37350,26185,13186,1420,23637,22385,19870,18395,20018,18132,17765,18966,19369,17981,15539,10646,8113,5073,1067,353,240402,33208,98
South Korea,1953,439256,131253,186343,55090,29741,11536,17105,32392,28084,31236,31489,34416,25064,10581,1183,17202,15190,14366,13718,15556,15680,14690,16799,17195,17221,14273,10791,5917,4664,896,287,216084,28641,85
South Korea,1954,373252,120375,166596,46221,26331,10278,13368,19638,18424,24769,27134,32070,24534,8937,1099,10704,8934,8975,9449,11618,13151,12296,14838,15510,16560,13591,10943,4842,4095,850,249,192927,23646,76
South Korea,1955,351891,111391,151845,40454,22718,9510,13310,19371,17967,24492,26608,31881,24973,8068,1075,10744,8627,8747,9220,11253,13239,12072,14536,15213,16668,13749,11224,4585,3483,848,227,174563,22820,68
South Korea,1956,338327,104612,141158,36546,20657,9043,13183,19429,17666,24282,26460,31924,25733,7660,1067,10964,8465,8533,9133,11007,13275,12243,14217,15181,16743,14247,11486,4782,2878,859,208,161815,22226,63
South Korea,1957,331469,100055,133946,33891,19916,8821,12946,19808,17507,24105,26642,32201,26830,7628,1062,11381,8427,8318,9189,10861,13244,12802,13840,15430,16771,15114,11716,5311,2317,880,182,153862,21767,56
South Korea,1958,332289,96084,127868,31784,20380,9016,12803,20809,17781,24595,27839,33400,28697,8001,1045,12164,8645,8262,9519,11075,13520,13954,13885,16214,17186,16488,12209,6072,1929,878,167,148248,21819,52
South Korea,1959,328862,92637,123076,30439,19017,9454,12175,21361,17689,24458,28381,33740,30098,8412,953,12554,8807,8097,9592,11054,13404,14644,13737,16479,17261,17393,12705,6667,1745,797,156,142093,21629,46
South Korea,1960,326808,89321,118474,29153,18324,9652,11589,21833,17636,24464,29107,34177,31698,8992,823,12773,9060,8026,9610,11096,13368,15189,13918,16665,17512,18182,13516,7217,1775,683,140,136798,21241,39
South Korea,1961,325881,86309,114484,28175,18234,9640,11145,22209,17549,24533,29960,34535,33262,9629,667,12827,9382,8003,9546,11195,13338,15542,14418,16659,17876,18740,14522,7694,1935,551,116,132718,20785,30
South Korea,1962,323286,82913,109955,27042,17761,9593,10727,22243,17509,24660,30664,34369,34494,10755,540,12454,9789,8119,9390,11344,13316,15592,15072,16367,18002,18842,15652,8347,2408,454,86,127716,20320,19
South Korea,1963,321324,78087,103760,25673,17518,9571,10795,22205,17667,25178,31858,34660,35645,11958,491,11981,10224,8364,9303,11673,13505,15838,16020,16301,18359,18855,16790,8892,3066,419,72,121278,20366,12
South Korea,1964,307362,73344,97360,24016,16671,8825,10690,20643,16979,24268,31169,33096,34494,12615,545,10754,9889,8175,8804,11331,12937,15139,16030,15491,17605,17749,16745,8961,3654,473,72,114031,19515,7
South Korea,1965,294509,67904,90005,22101,15748,8382,10673,19225,16667,23554,30628,32122,33376,13359,767,9782,9443,8120,8547,10997,12557,14600,16028,15068,17054,16864,16512,9110,4249,681,86,105753,19055,4
South Korea,1966,279209,62712,82468,19756,14700,7952,10440,17617,16220,22486,29570,31112,31627,13822,1190,8863,8754,7961,8259,10407,12079,13975,15595,14569,16543,15685,15942,9161,4661,1077,113,97168,18392,3
South Korea,1967,258412,57947,75591,17644,12958,7155,9718,15910,15061,20628,27655,29332,29939,13288,1177,8018,7892,7416,7645,9413,11215,12895,14760,13786,15546,14770,15169,9141,4147,1106,71,88549,16873,2
South Korea,1968,259158,52890,68605,15715,12391,7285,9884,16342,15702,21324,28861,30982,31787,14668,1325,8441,7901,7756,7946,9529,11795,13300,15561,14980,16002,15923,15864,10411,4257,1261,64,80996,17169,3
South Korea,1969,258477,50005,64137,14132,11615,7328,9590,16657,15976,21649,29114,32237,32847,15889,1434,8986,7671,7894,8082,9525,12124,13379,15735,16148,16089,16712,16135,11451,4438,1360,74,75752,16918,2
South Korea,1970,261598,47154,59662,12508,10667,7345,9697,17195,16550,22340,30031,34292,34766,17507,1545,9632,7563,8086,8464,9818,12522,13840,16191,17553,16739,17898,16868,12583,4924,1454,91,70329,17042,1
South Korea,1971,258740,43752,55086,11334,10272,7112,9634,17030,16573,22134,30071,35053,35543,18652,1579,9780,7250,7962,8611,9807,12327,13891,16180,18056,16997,18580,16963,13238,5414,1468,111,65358,16746,1
South Korea,1972,258255,40907,51569,10662,9425,6937,9505,17032,16826,22322,30379,35732,36336,20275,1906,9876,7156,7921,8905,10040,12282,14162,16217,18212,17520,18843,17493,13870,6405,1739,167,60994,16442,10
South Korea,1973,257041,38006,47810,9804,8903,6646,9327,17001,16878,22436,30824,36361,36872,21546,2422,9695,7306,7726,9152,10250,12186,14557,16267,18148,18213,18704,18168,14104,7442,2161,261,56713,15973,15
South Korea,1974,255800,35399,44599,9200,8269,6332,9180,17045,16734,22690,31329,36690,37256,22464,3198,9323,7722,7407,9327,10478,12212,14980,16349,17884,18806,18678,18578,14204,8260,2767,431,52868,15512,16
South Korea,1975,255831,32655,41216,8561,7957,6027,8966,17341,16499,23315,31916,36924,37972,23369,4312,9224,8117,7094,9405,10909,12406,15226,16690,17852,19072,19016,18956,14497,8872,3581,731,49173,14993,14
South Korea,1976,255704,30391,38233,7842,7796,5714,8844,17472,16207,23958,32287,37430,38555,23886,5301,9156,8316,6808,9399,11359,12599,15255,17032,18257,19173,19393,19162,14745,9141,4239,1062,46029,14558,27
South Korea,1977,268786,28900,36091,7191,7574,5784,9302,18544,17113,26054,34452,41356,41583,25384,5481,9612,8932,7204,9909,12396,13658,16106,18346,20231,21125,20915,20668,15799,9585,4408,1073,43665,15086,61
South Korea,1978,261878,26708,33171,6463,7067,5358,8799,18021,16767,26104,34113,41737,41062,24492,5098,9377,8644,7288,9479,12418,13686,15633,18480,20274,21463,20868,20194,15482,9010,4127,971,40238,14157,86
South Korea,1979,246518,26105,31971,5866,6176,4799,7791,16666,15805,24913,32408,39873,39021,22516,4488,8820,7846,7276,8529,11796,13117,14584,17824,19135,20738,20324,18697,14477,8039,3639,849,38147,12590,88
South Korea,1980,267925,25370,30699,5329,6143,5104,8092,18213,17516,27993,36114,44951,44119,24384,4514,9604,8609,8493,9023,13002,14991,16181,19933,21314,23637,23560,20559,15924,8460,3644,870,36842,13196,80
South Korea,1981,232596,24924,29793,4869,4863,4151,6583,15311,14891,24422,30993,39236,38448,20511,3346,7966,7345,7449,7442,11103,13319,13992,17001,18386,20850,20886,17562,13503,7008,2653,693,34656,10734,45
South Korea,1982,244755,23013,27522,4509,4419,4185,6671,15808,15675,25942,32851,42294,42637,22876,3802,8122,7686,7963,7712,11654,14288,15101,17750,19743,22551,23082,19555,14669,8207,2980,822,31941,10856,72
South Korea,1983,261132,20149,24279,4130,4457,4258,6800,16583,16919,27723,35396,46330,48325,25471,4489,8363,8220,8443,8476,12188,15535,16548,18848,21838,24492,25747,22578,15872,9599,3507,982,28736,11058,99
South Korea,1984,242816,17320,21077,3757,3577,3675,6000,15009,15921,25387,33083,43622,46770,23982,4608,7404,7605,7541,8380,10802,14585,15627,17456,20865,22757,24265,22505,14741,9241,3585,1023,24654,9675,105
South Korea,1985,247294,14831,18087,3256,3628,3457,5861,14771,16721,25423,34484,45070,49377,25038,5254,7206,7565,7630,9091,10537,14886,16460,18024,21522,23548,25159,24218,15512,9526,4058,1196,21715,9318,122
South Korea,1986,246614,13063,15823,2760,3354,3135,5630,14058,16927,24811,34962,45031,50771,26084,5868,6774,7284,7616,9311,10079,14732,16876,18086,21297,23734,25756,25015,16613,9471,4482,1386,19177,8765,160
South Korea,1987,252275,11807,14239,2432,3209,2938,5585,13791,17271,25038,36220,46151,53506,27867,6229,6533,7258,7714,9557,10120,14918,17552,18668,21691,24460,26962,26544,18150,9717,4824,1405,17448,8523,230
South Korea,1988,246352,10687,12700,2013,3061,2556,5113,12816,16577,24161,35810,45427,53241,28338,6291,6026,6790,7434,9143,10031,14130,17329,18481,20990,24437,26449,26792,18760,9578,4912,1379,15761,7669,262
South Korea,1989,246133,9887,11667,1780,2625,2367,4707,12250,16170,24067,36234,45957,53615,29738,6465,5805,6445,7386,8784,10601,13466,17445,18789,20840,25117,26434,27181,19936,9802,5025,1440,14292,7074,265
South Korea,1990,234766,9301,10913,1612,2460,2096,4056,11006,14939,22531,34488,43792,51704,30050,6485,5294,5712,6773,8166,10489,12042,16270,18218,19703,24089,25317,26387,20119,9931,4934,1551,13373,6152,246
South Korea,1991,235594,8906,10359,1453,1998,2019,3691,10386,14746,22290,34845,43797,52801,31767,6657,5059,5327,6562,8184,10748,11542,16107,18738,19773,24024,25579,27222,20977,10790,4912,1745,12357,5710,242
South Korea,1992,234518,8279,9578,1299,1667,1899,3315,9611,14210,21851,34687,43663,53617,33370,6751,4673,4938,6260,7950,10719,11132,15862,18825,19965,23698,25819,27798,21667,11703,4943,1808,11245,5214,295
South Korea,1993,237023,7542,8744,1202,1503,1781,3025,9045,13844,21888,34631,44197,55290,35552,7175,4359,4686,5989,7855,10554,11334,15499,19132,20523,23674,26867,28423,22854,12698,5309,1866,10247,4806,345
South Korea,1994,239551,6909,8032,1123,1332,1626,2783,8522,13482,22249,34322,44850,56915,37310,7759,4047,4475,5663,7819,10169,12080,14860,19462,21050,23800,28114,28801,23824,13486,5837,1922,9364,4409,364
South Korea,1995,241909,6314,7377,1063,1207,1455,2580,8020,12915,22799,33639,45919,58266,38861,8510,3764,4256,5308,7607,10033,12766,14160,19479,21733,24186,28838,29428,24794,14067,6430,2080,8584,4035,361
South Korea,1996,244082,5699,6699,1000,1101,1250,2461,7490,12345,23179,33016,47052,59251,40701,9180,3461,4029,4972,7373,10041,13138,13594,19422,22443,24609,29037,30214,25888,14813,6808,2372,7800,3711,360
South Korea,1997,239230,5166,6072,906,1036,1047,2323,6711,11428,22378,31604,46778,58560,41580,9284,3012,3699,4527,6901,9583,12795,12905,18699,22278,24500,28318,30242,25904,15676,6839,2445,7108,3370,428
South Korea,1998,238073,4712,5619,907,1016,923,2198,6154,10725,21682,30911,47199,59071,42421,9665,2697,3457,4205,6520,9329,12353,12963,17948,22403,24796,27993,31078,25991,16430,7161,2504,6635,3121,489
South Korea,1999,236464,4202,4977,775,950,796,1980,5607,9937,20669,30315,47337,60048,42992,10329,2455,3152,3906,6031,9067,11602,13484,16831,22336,25001,27949,32099,26172,16820,7709,2620,5927,2776,525
South Korea,2000,236180,3823,4537,714,872,728,1749,5175,9260,19969,29891,47619,60985,43731,11123,2311,2864,3680,5580,8707,11262,14027,15864,22022,25597,28287,32698,26751,16980,8297,2826,5409,2477,536
South Korea,2001,228813,3335,4001,666,809,654,1436,4652,8363,18876,28377,46395,59557,43664,11488,2170,2482,3359,5004,8087,10789,13785,14592,20979,25416,27712,31845,26680,16984,8438,3050,4810,2090,540
South Korea,2002,233316,2868,3493,625,770,640,1251,4347,7925,18523,28240,47164,61500,46483,12305,2087,2260,3203,4722,7862,10661,13926,14314,20992,26172,28743,32757,28026,18457,9051,3254,4263,1891,669
South Korea,2003,244333,2597,3153,556,712,631,1140,4138,7700,18673,29238,48920,65154,50516,13576,2002,2136,3115,4585,7782,10891,14135,15103,21276,27644,30661,34493,30717,19799,10088,3488,3865,1771,781
South Korea,2004,245302,2337,2825,488,628,588,1004,3772,7172,18037,29386,48138,66257,52253,14431,1799,1973,2865,4307,7297,10740,13442,15944,20273,27865,31324,34933,32362,19891,10781,3650,3453,1592,805
South Korea,2005,244811,2075,2509,434,577,542,905,3415,6636,17022,29567,46530,67578,53416,15330,1587,1828,2596,4040,6732,10290,12991,16576,19079,27451,32097,35481,33320,20096,11318,4012,3086,1447,786
South Korea,2006,243726,1937,2321,384,527,496,825,3086,6098,16035,29515,44903,68604,54654,15898,1360,1726,2318,3780,6201,9834,12753,16762,18005,26898,32750,35854,33658,20996,11331,4567,2848,1321,761
South Korea,2007,247132,1871,2216,345,460,458,781,2820,5649,15294,29342,44323,70622,57533,16713,1176,1644,2098,3551,5831,9463,12521,16821,17651,26672,33425,37197,34160,23373,11756,4957,2676,1239,919
South Korea,2008,246689,1715,2037,322,401,410,732,2525,5165,14353,28585,43473,71440,58880,17637,1022,1503,1897,3268,5457,8896,12214,16371,17854,25619,33502,37938,34231,24649,12497,5140,2438,1142,1048
South Korea,2009,247059,1595,1903,308,355,369,686,2244,4716,13387,27455,42852,72281,60343,19312,896,1348,1744,2972,5116,8271,11893,15562,18618,24234,33517,38764,35086,25257,13811,5501,2258,1055,1157
South Korea,2010,256016,1572,1874,302,321,341,657,2075,4451,12908,27336,43702,75307,63727,22047,835,1240,1654,2797,4947,7961,11853,15483,19874,23828,34366,40941,37609,26118,15684,6363,2195,998,1269
South Korea,2011,258515,1541,1848,307,288,309,613,1864,4118,12128,26543,43411,75841,66016,24150,770,1094,1548,2570,4624,7504,11417,15126,20272,23139,33981,41860,39266,26750,16669,7481,2136,922,1390
South Korea,2012,268323,1476,1772,296,259,276,578,1738,3939,11843,26961,44796,78228,71364,24961,747,991,1511,2428,4470,7373,11429,15532,21235,23561,34493,43735,41871,29493,17001,7960,2031,854,1601
South Korea,2013,268315,1372,1660,288,250,240,519,1571,3611,11107,26260,44392,77697,74151,25066,703,868,1412,2199,4162,6945,10949,15311,20883,23509,33756,43941,42748,31403,17007,8059,1910,759,1791
South Korea,2014,268729,1303,1590,287,233,211,464,1424,3310,10439,25604,44369,76844,76767,25495,661,763,1303,2007,3860,6579,10461,15143,19911,24458,32776,44068,43434,33333,17420,8075,1823,675,1982
South Korea,2015,278713,1243,1521,278,228,188,428,1345,3121,10068,25402,46240,77996,82457,27462,629,716,1213,1908,3659,6409,10141,15261,19885,26355,32639,45357,45854,36603,19054,8408,1749,616,2255
South Korea,2016,283680,1139,1406,267,214,165,386,1251,2901,9488,24623,47624,77514,86339,29291,583,668,1063,1838,3349,6139,9516,15107,20098,27526,31691,45823,47397,38942,20756,8535,1620,551,2472
South Korea,2017,288350,1005,1259,254,208,149,349,1171,2690,8819,23653,48056,77632,90051,31642,536,635,922,1768,3027,5792,8925,14728,20001,28055,30595,47037,48941,41110,22878,8764,1467,498,2673
South Korea,2018,302318,889,1128,239,208,145,321,1135,2568,8425,23450,49091,80929,96603,35406,509,626,842,1726,2845,5580,8788,14662,20466,28625,31837,49092,52203,44400,25969,9437,1336,466,2914
South Korea,2019,308519,799,1022,223,197,138,286,1071,2355,7804,22550,48075,82490,100769,38705,470,601,759,1596,2633,5171,8502,14048,20473,27602,34082,48408,54245,46524,28574,10131,1219,424,3054
South Korea,2020,321110,737,942,205,147,190,480,2382,4518,11076,25934,40630,70463,113495,47463,1012,1370,1732,2786,3973,7103,10733,15201,19511,21119,26578,43885,57224,56271,35196,12267,1089,670,3387
South Korea,2021,334677,688,869,181,129,179,417,2235,4173,10379,24676,42776,71050,121494,52852,923,1312,1656,2517,3836,6543,10455,14221,19676,23100,28165,42885,59209,62285,39146,13706,998,596,3449
South Sudan,1950,83039,27718,47182,19464,4947,2142,1998,4349,3854,3561,3721,4712,4747,1646,174,2245,2104,1958,1896,1828,1733,1731,1990,2239,2473,2615,2132,1112,534,148,26,52129,4140,4
South Sudan,1951,82257,27487,46248,18761,5017,2167,2017,4410,3903,3607,3716,4694,4708,1614,154,2274,2136,1984,1919,1853,1754,1740,1976,2237,2457,2582,2126,1135,479,134,20,51265,4184,3
South Sudan,1952,81970,27617,45634,18017,5085,2204,2044,4487,3970,3676,3730,4700,4681,1614,143,2311,2176,2022,1948,1889,1787,1764,1966,2246,2454,2559,2122,1180,434,125,18,50719,4248,3
South Sudan,1953,81691,27785,45414,17629,5038,2222,2049,4519,3999,3704,3715,4671,4613,1613,131,2326,2193,2040,1959,1904,1800,1779,1936,2237,2434,2516,2097,1212,401,115,16,50452,4271,2
South Sudan,1954,81892,27962,45493,17531,4966,2258,2069,4574,4051,3754,3730,4666,4575,1633,122,2352,2222,2071,1980,1929,1825,1803,1927,2236,2430,2495,2080,1237,396,107,15,50459,4327,2
South Sudan,1955,82892,28439,46313,17874,4859,2299,2096,4638,4116,3814,3763,4670,4555,1659,113,2382,2256,2106,2010,1959,1855,1833,1930,2236,2434,2486,2069,1253,406,100,13,51172,4395,1
South Sudan,1956,86344,28982,47407,18425,5012,2516,2316,5139,4526,4118,3990,4833,4660,1716,105,2636,2503,2322,2204,2120,1998,1958,2032,2313,2520,2553,2107,1285,431,93,12,52419,4832,1
South Sudan,1957,90372,29522,48572,19050,5273,2872,2648,5761,5068,4480,4225,4930,4692,1744,99,2944,2817,2606,2462,2318,2162,2091,2134,2357,2573,2582,2110,1293,451,87,12,53845,5520,1
South Sudan,1958,103696,30298,50760,20462,6538,4193,3909,8115,7083,5807,5059,5380,4936,1816,97,4120,3995,3661,3422,3051,2756,2558,2501,2595,2785,2735,2201,1336,480,85,12,57298,8102,1
South Sudan,1959,104367,30635,51375,20740,6584,4137,3945,8136,7119,5835,5099,5340,4888,1806,97,4130,4006,3677,3442,3062,2773,2577,2522,2569,2771,2718,2170,1318,488,85,12,57959,8082,1
South Sudan,1960,104977,30960,51912,20952,6686,4039,3986,8155,7156,5859,5135,5310,4845,1793,100,4143,4012,3694,3462,3073,2786,2594,2541,2557,2753,2702,2143,1301,492,89,11,58598,8025,1
South Sudan,1961,105986,31285,52457,21172,6869,3955,4046,8226,7236,5926,5209,5324,4851,1787,105,4186,4040,3731,3505,3109,2817,2630,2579,2578,2746,2711,2140,1292,495,94,11,59326,8001,1
South Sudan,1962,106628,31658,53088,21430,6968,3860,4063,8238,7253,5938,5236,5293,4816,1765,108,4202,4036,3736,3517,3119,2819,2644,2592,2585,2708,2698,2118,1271,494,98,10,60056,7923,1
South Sudan,1963,110862,33476,56551,23075,6585,2821,3627,8943,7162,6086,5707,5998,5395,1868,117,4667,4276,3736,3426,3151,2935,2836,2871,2939,3059,3051,2344,1351,517,107,10,63136,6448,1
South Sudan,1964,96417,32140,52840,20700,5780,2439,2733,6324,5446,4802,4641,4991,4619,1689,111,3285,3039,2803,2643,2483,2319,2288,2353,2451,2540,2591,2028,1211,478,102,9,58620,5172,1
South Sudan,1965,112994,34303,57826,23523,6894,2920,3570,9114,7298,6222,5840,6032,5329,1827,118,4782,4332,3796,3502,3231,2991,2900,2940,3005,3027,3014,2315,1320,507,108,10,64720,6490,1
South Sudan,1966,129555,36334,62720,26386,8048,3449,4381,11994,9183,7684,7055,7061,5936,1920,122,6332,5662,4803,4380,4000,3684,3521,3534,3558,3503,3379,2557,1400,520,111,11,70768,7830,1
South Sudan,1967,129141,36516,62909,26393,8112,3508,4265,11915,9118,7659,7016,6981,5704,1833,119,6296,5619,4760,4358,3989,3670,3499,3517,3532,3449,3245,2459,1338,495,108,11,71021,7773,1
South Sudan,1968,129022,36728,63175,26447,8189,3568,4203,11835,9074,7656,6996,6939,5512,1758,114,6236,5599,4729,4345,3988,3668,3485,3511,3518,3421,3133,2379,1286,472,103,11,71364,7771,1
South Sudan,1969,133741,37406,64747,27341,8595,3775,4453,12557,9592,8090,7339,7217,5539,1727,112,6573,5984,5003,4589,4213,3877,3659,3680,3670,3547,3161,2378,1267,460,101,11,73342,8228,1
South Sudan,1970,133469,37519,64942,27423,8650,3826,4500,12351,9526,8071,7311,7170,5364,1652,105,6383,5968,4965,4561,4201,3870,3645,3666,3653,3517,3077,2287,1213,439,95,10,73592,8326,1
South Sudan,1971,111224,34977,58583,23606,7228,3196,3369,8378,6970,6105,5680,5772,4406,1439,94,4232,4146,3592,3378,3171,2934,2808,2872,2922,2850,2521,1885,1048,391,85,9,65811,6565,0
South Sudan,1972,112135,35285,59170,23885,7303,3231,3442,8345,7002,6152,5723,5838,4409,1427,93,4165,4180,3614,3388,3192,2960,2831,2892,2955,2883,2543,1866,1043,384,85,8,66473,6673,1
South Sudan,1973,97686,33683,55300,21617,6449,2825,2604,5547,5205,4805,4652,4983,3895,1329,88,2716,2831,2646,2559,2484,2321,2279,2373,2499,2484,2244,1651,965,364,80,8,61749,5429,1
South Sudan,1974,99900,34047,56104,22057,6697,2906,2705,5681,5377,4955,4800,5175,4044,1365,89,2800,2881,2743,2634,2559,2396,2354,2446,2591,2584,2340,1704,993,372,81,8,62801,5611,1
South Sudan,1975,101351,34278,56690,22412,6864,2946,2762,5748,5473,5035,4899,5303,4154,1385,89,2882,2866,2804,2669,2594,2441,2405,2494,2650,2653,2412,1742,1009,376,81,8,63554,5708,1
South Sudan,1976,103228,34482,57267,22785,7126,3010,2841,5866,5636,5157,5036,5472,4304,1416,90,3001,2865,2898,2738,2653,2504,2474,2562,2728,2744,2502,1802,1032,384,82,8,64393,5851,1
South Sudan,1977,103689,34627,57542,22915,7199,3000,2842,5843,5638,5151,5068,5521,4374,1422,90,3039,2804,2905,2733,2643,2508,2489,2579,2744,2777,2540,1834,1035,387,82,8,64741,5842,1
South Sudan,1978,104699,34812,57910,23098,7336,3031,2865,5905,5681,5190,5147,5613,4482,1442,91,3102,2803,2918,2763,2656,2534,2528,2619,2780,2833,2597,1885,1049,393,83,8,65246,5896,1
South Sudan,1979,105855,34963,58195,23232,7504,3085,2902,6017,5736,5256,5249,5731,4615,1475,92,3169,2848,2922,2814,2684,2572,2577,2672,2830,2901,2669,1946,1074,401,84,8,65699,5987,1
South Sudan,1980,106189,35103,58427,23324,7505,3095,2888,6053,5667,5237,5269,5769,4689,1496,93,3180,2873,2847,2820,2672,2565,2584,2685,2844,2925,2705,1984,1090,406,85,8,65932,5983,1
South Sudan,1981,107010,35261,58696,23435,7565,3149,2901,6154,5650,5266,5334,5854,4805,1539,94,3214,2940,2793,2857,2689,2577,2611,2723,2882,2972,2766,2039,1123,416,86,8,66261,6050,1
South Sudan,1982,108005,35470,59035,23565,7628,3216,2923,6258,5652,5313,5414,5949,4933,1581,97,3251,3007,2760,2892,2717,2596,2647,2767,2929,3020,2833,2100,1163,418,89,8,66663,6139,1
South Sudan,1983,125283,37427,62739,25312,9415,4840,4368,9041,7845,6868,6457,6585,5335,1687,105,4657,4384,3849,3996,3583,3285,3222,3235,3289,3296,3068,2267,1244,443,95,10,72154,9208,1
South Sudan,1984,142093,39575,66660,27085,11134,6456,5764,11636,9898,8340,7426,7175,5704,1786,110,5956,5680,4913,4985,4412,3928,3754,3672,3624,3551,3283,2421,1320,466,99,11,77794,12220,1
South Sudan,1985,144147,41142,68811,27669,11056,6478,5778,11594,9782,8318,7415,7212,5766,1825,114,5917,5677,4941,4841,4414,3904,3740,3675,3644,3568,3312,2454,1348,477,102,12,79867,12256,1
South Sudan,1986,145951,42124,70578,28454,10996,6494,5829,11560,9697,8314,7402,7256,5836,1870,117,5887,5673,4998,4699,4426,3888,3725,3677,3665,3591,3343,2493,1379,491,105,12,81574,12323,1
South Sudan,1987,232341,45493,84336,38843,20799,15753,14173,26396,21568,16724,12688,10236,7367,2183,126,13366,13030,11387,10181,9143,7581,6666,6022,5390,4846,4263,3104,1622,561,114,12,105135,29926,1
South Sudan,1988,362132,115068,217568,102500,29497,14643,8510,15097,13484,14577,15934,17033,12504,3131,156,7809,7288,6923,6561,7282,7295,7702,8232,8634,8399,7355,5149,2383,748,142,14,247065,23153,1
South Sudan,1989,161923,39457,67002,27545,13746,9269,8630,15974,13166,10535,8588,7633,5554,1715,106,8148,7826,7015,6151,5633,4902,4408,4180,3957,3676,3233,2321,1259,456,96,10,80748,17899,1
South Sudan,1990,161640,40786,68273,27487,13647,9071,8536,15701,12981,10196,8389,7521,5510,1705,108,8050,7651,6895,6086,5375,4821,4304,4085,3890,3631,3200,2310,1250,455,96,12,81920,17607,1
South Sudan,1991,164776,40755,69852,29097,13860,9174,8714,16082,13309,10204,8458,7622,5618,1750,128,8300,7782,7030,6279,5301,4903,4346,4112,3934,3688,3255,2363,1277,473,109,19,83712,17888,3
South Sudan,1992,226229,42952,80145,37193,20685,15524,14779,26912,21983,15697,12030,9675,6671,1970,152,13943,12969,11602,10381,8180,7517,6355,5675,5112,4563,3893,2778,1443,527,125,27,100830,30303,6
South Sudan,1993,229146,42426,81128,38702,20685,15797,15018,27594,22382,15753,12120,9765,6744,1997,162,14370,13224,11775,10607,8197,7556,6426,5694,5152,4613,3937,2807,1459,538,131,31,101813,30815,8
South Sudan,1994,107751,37175,61529,24354,6909,3014,2922,6145,5183,4631,4955,5770,4849,1677,156,3252,2893,2676,2507,2287,2344,2416,2539,2820,2950,2769,2080,1201,476,124,32,68438,5936,9
South Sudan,1995,173177,39559,71515,31956,14882,9920,9229,17796,14394,10417,8791,7996,6088,1961,179,9285,8511,7510,6884,5491,4926,4585,4206,4082,3914,3509,2579,1417,544,142,37,86397,19149,11
South Sudan,1996,174769,39303,71092,31789,15625,10061,9244,18103,14560,10486,8925,8145,6282,2043,189,9395,8708,7585,6975,5634,4852,4665,4260,4141,4004,3613,2669,1477,566,150,39,86717,19305,12
South Sudan,1997,172279,38584,69493,30909,15983,9782,9011,17901,14335,10270,8801,8065,6334,2090,197,9222,8679,7469,6866,5600,4670,4603,4198,4078,3987,3631,2703,1507,583,158,39,85476,18793,13
South Sudan,1998,316924,65904,130664,64760,32660,19299,16451,32106,25732,18307,15419,13375,9783,2825,278,16384,15722,13425,12307,10047,8260,8096,7323,6870,6505,5699,4084,2070,755,210,68,163324,35750,20
South Sudan,1999,119903,34211,56676,22465,10364,4668,4444,9528,7767,6135,5984,6465,5556,2015,277,4852,4676,4052,3715,3305,2830,2977,3007,3152,3313,3154,2402,1420,595,196,81,67040,9112,26
South Sudan,2000,112979,34000,54935,20935,9406,3999,3779,8314,6882,5614,5599,6334,5641,2121,320,4206,4108,3601,3281,2996,2618,2721,2878,3060,3274,3177,2464,1482,639,221,99,64341,7778,34
South Sudan,2001,113362,33451,53972,20521,9398,4122,3826,8489,7123,5790,5652,6458,5866,2264,364,4260,4229,3751,3372,3079,2711,2707,2945,3117,3341,3280,2586,1572,692,247,117,63370,7948,41
South Sudan,2002,114482,32765,52886,20121,9547,4367,3882,8764,7491,6051,5796,6665,6157,2427,403,4366,4398,3966,3525,3208,2843,2748,3048,3220,3445,3421,2736,1677,750,274,129,62433,8249,47
South Sudan,2003,106344,31291,50036,18745,8500,3676,3162,7505,6596,5528,5468,6572,6258,2551,437,3733,3772,3494,3102,2898,2630,2559,2909,3160,3412,3449,2809,1754,797,296,141,58536,6838,52
South Sudan,2004,106396,30054,48218,18164,8576,3768,3234,7762,6924,5749,5604,6773,6520,2726,481,3858,3904,3675,3249,3011,2738,2647,2957,3267,3506,3569,2951,1869,857,326,155,56794,7002,58
South Sudan,2005,106554,28645,45989,17344,8866,3859,3368,8031,7299,6014,5774,7015,6805,2929,538,3996,4035,3868,3431,3149,2865,2778,2996,3394,3621,3702,3103,2000,929,361,177,54855,7227,66
South Sudan,2006,107621,27506,44240,16734,9108,3943,3561,8404,7771,6345,5996,7303,7107,3153,611,4180,4224,4100,3671,3326,3019,2949,3047,3546,3757,3843,3264,2142,1011,406,205,53348,7504,77
South Sudan,2007,107662,26846,42592,15746,9134,3913,3729,8537,8074,6570,6141,7494,7333,3364,690,4223,4314,4235,3839,3448,3122,3072,3069,3640,3854,3939,3394,2270,1094,453,237,51726,7642,89
South Sudan,2008,108996,26660,41552,14892,9235,3911,3943,8723,8450,6874,6383,7770,7657,3624,772,4271,4452,4402,4048,3616,3258,3225,3158,3761,4009,4087,3570,2431,1193,505,267,50787,7854,102
South Sudan,2009,111975,26799,41274,14475,9313,3985,4157,9260,9004,7318,6743,8091,8007,3877,837,4520,4740,4665,4339,3864,3454,3424,3319,3886,4205,4259,3748,2588,1289,549,288,50587,8142,111
South Sudan,2010,111744,26497,40243,13746,9098,4004,4115,9255,9112,7508,6940,8210,8219,4069,857,4522,4733,4683,4429,3975,3533,3518,3422,3892,4318,4358,3861,2706,1363,571,286,49341,8119,114
South Sudan,2011,117750,27128,41052,13924,9066,4135,4372,10401,10021,8226,7508,8629,8693,4441,1068,5121,5280,5149,4872,4384,3842,3804,3704,4043,4586,4602,4091,2919,1522,685,383,50118,8507,142
South Sudan,2012,118173,27305,40973,13668,8713,4125,4276,10348,10057,8427,7708,8742,8904,4650,1099,5170,5178,5135,4922,4504,3923,3895,3813,4052,4690,4708,4196,3043,1607,716,383,49686,8401,150
South Sudan,2013,123336,27768,41926,14158,9010,4370,4449,10970,10682,9080,8231,9162,9354,4892,1066,5585,5385,5432,5250,4866,4214,4155,4076,4243,4919,4960,4394,3204,1688,718,348,50936,8819,143
South Sudan,2014,131592,28145,42921,14776,9225,4532,4939,12979,12212,10202,8952,9635,9804,5078,990,6674,6305,6261,5951,5502,4700,4535,4417,4510,5125,5221,4583,3335,1743,699,291,52146,9471,123
South Sudan,2015,124768,26493,41353,14860,9374,4552,4608,10892,10910,9759,8796,9519,9756,4775,414,5582,5310,5490,5420,5215,4544,4432,4364,4510,5009,5228,4528,3225,1550,399,15,50727,9160,57
South Sudan,2016,125435,25643,40562,14919,9717,4634,4771,10736,10840,10064,9089,9741,10034,4833,385,5499,5237,5410,5430,5343,4721,4574,4515,4700,5041,5397,4637,3280,1553,370,15,50279,9405,30
South Sudan,2017,120970,23379,37935,14556,10055,4683,4863,9816,10004,9992,9140,9740,10026,4490,207,5048,4768,4867,5137,5242,4750,4591,4549,4771,4969,5424,4602,3148,1342,195,12,47990,9546,15
South Sudan,2018,111513,20662,34342,13680,10161,4659,4650,7759,8167,9238,8822,9542,9850,4171,143,4021,3738,3778,4389,4749,4489,4408,4414,4707,4835,5329,4521,3006,1165,135,8,44503,9309,8
South Sudan,2019,109984,19490,32352,12862,10437,4791,4878,7457,7609,9241,9020,9791,10025,4252,132,3992,3465,3422,4187,4676,4565,4506,4514,4845,4946,5380,4645,3059,1193,125,7,42789,9669,4
South Sudan,2020,114527,19715,31754,12039,10453,4895,5068,7794,7499,9682,10003,11234,11086,4859,198,4355,3439,3338,4161,4794,4888,4956,5047,5517,5717,5937,5149,3414,1445,191,7,42207,9963,2
South Sudan,2021,118956,20002,31473,11471,10424,5108,5336,8285,7509,10158,10858,12334,11897,5315,254,4794,3491,3341,4168,4932,5226,5402,5456,6036,6298,6292,5605,3706,1609,251,3,41897,10444,1
Spain,1950,310451,42499,58394,15895,4504,2989,5707,16231,14212,19419,28467,47271,64266,40845,7872,8069,8162,6830,7382,8822,10597,12957,15510,21251,26020,32793,31473,26009,14836,6110,1762,62898,8696,277
Spain,1951,327386,39173,53334,14161,4369,2768,4875,14533,13439,19515,31019,53577,75897,44771,9013,7132,7401,6529,6910,8749,10766,13768,17251,23930,29647,38395,37502,27764,17007,7048,1965,57703,7643,274
Spain,1952,277036,36435,47354,10919,3782,2226,3632,10727,10949,16698,27144,45539,62668,38384,7696,5092,5635,5283,5666,7279,9419,12217,14927,20641,24898,31903,30765,24384,14000,5996,1700,51136,5858,231
Spain,1953,278249,34339,43413,9074,3103,2018,2848,8922,9896,16029,26811,47599,66923,41975,8474,4126,4796,4836,5060,6968,9061,12096,14715,20851,26748,32902,34021,26546,15429,6641,1833,46516,4866,239
Spain,1954,264397,31924,40067,8143,2727,1800,2380,7992,9273,15026,26334,45174,64122,40976,8291,3648,4344,4517,4756,6511,8515,12275,14059,19523,25651,31491,32631,26357,14619,6442,1849,42794,4180,235
Spain,1955,275345,34153,42280,8127,2649,1786,2356,8010,9283,14664,26313,46648,66667,45381,9058,3626,4384,4484,4799,6230,8434,11704,14609,20088,26560,32110,34557,28320,17061,7021,2037,44929,4142,249
Spain,1956,290621,32018,38710,6692,2234,1718,2074,7443,9338,15121,28342,50676,74448,50311,9944,3250,4193,4482,4856,6293,8828,12212,16130,21722,28954,35300,39148,31748,18563,7698,2246,40944,3792,263
Spain,1957,295264,34958,41642,6684,2397,1780,2043,7697,9983,15429,29181,52032,73951,49321,9560,3358,4339,4606,5377,6310,9119,12664,16517,22280,29752,36138,37813,31041,18280,7393,2167,44039,3823,245
Spain,1958,261010,31548,37224,5676,2019,1566,1763,6451,8592,13138,26112,44570,65499,45329,8522,2736,3715,4018,4574,5484,7654,11196,14916,19333,25237,31808,33691,28874,16455,6575,1947,39243,3329,225
Spain,1959,269666,31421,37147,5726,1966,1548,1833,6023,8631,13159,27180,46317,69025,47608,8988,2500,3523,3956,4675,5425,7734,11343,15837,20032,26285,33542,35483,29910,17698,6939,2049,39113,3381,237
Spain,1960,270174,30041,34822,4781,1733,1345,1814,5363,8284,12844,26861,47165,69893,50382,9409,2136,3227,3676,4608,5229,7615,11192,15669,20440,26725,34214,35679,31784,18598,7341,2068,36555,3159,252
Spain,1961,262841,30532,35290,4758,1743,1300,1744,5120,7984,12496,25926,46746,66619,48399,9218,2011,3109,3620,4364,5208,7288,10967,14959,20381,26365,32801,33818,30277,18122,7244,1974,37033,3044,254
Spain,1962,277404,27014,31210,4196,1729,1382,1825,5021,8123,12881,27186,50453,73213,53962,10138,1981,3040,3699,4424,5553,7328,11312,15874,21867,28586,35841,37372,33918,20044,8021,2117,32939,3207,279
Spain,1963,282141,26833,30872,4039,1793,1294,1765,4765,8016,13027,27453,51622,75973,54953,10332,1970,2795,3583,4433,5727,7300,11385,16068,23067,28555,36535,39438,33677,21276,8243,2089,32665,3059,270
Spain,1964,273266,27018,30351,3333,1552,1229,1795,4599,7634,12793,26685,49978,72283,53974,10136,2047,2552,3407,4227,5786,7007,10919,15766,22680,27298,34417,37866,33718,20256,8072,2064,31903,3024,259
Spain,1965,273446,24829,27865,3036,1504,1173,1695,4544,7586,12917,25929,50557,73767,55096,10553,2178,2366,3277,4309,5848,7069,10443,15486,22440,28117,34663,39104,33597,21499,8407,2146,29369,2868,260
Spain,1966,275066,23535,26349,2814,1411,1131,1700,4396,7454,13008,26351,50901,74939,56075,11080,2181,2215,3240,4214,5759,7249,10581,15770,22114,28787,35523,39416,34058,22017,8808,2272,27760,2831,265
Spain,1967,279466,22718,25269,2551,1380,1093,1682,4331,7404,13373,26104,52287,76966,57758,11539,2216,2115,3092,4312,5874,7499,10396,15708,23225,29062,36760,40206,35058,22700,9219,2320,26649,2775,277
Spain,1968,281985,20911,23383,2472,1343,1105,1618,4263,7121,13238,25749,53074,78358,60334,12110,2133,2130,2905,4216,5585,7653,10301,15448,22630,30444,37137,41221,37293,23041,9686,2424,24726,2723,285
Spain,1969,302292,19936,22440,2504,1391,1141,1716,4647,7242,14618,27278,58892,85775,63949,12908,2318,2329,2796,4446,6074,8544,10867,16411,24600,34292,41392,44383,39080,24869,10331,2577,23831,2857,296
Spain,1970,284846,18260,20695,2435,1463,1119,1699,4610,6850,13981,25348,53991,78743,63298,12744,2257,2353,2601,4249,5748,8233,10217,15131,22493,31498,37397,41346,39124,24174,10184,2560,22158,2818,305
Spain,1971,306754,17200,19769,2569,1407,1154,1690,4502,6402,14824,27134,57639,89680,68570,13650,2246,2256,2437,3965,6072,8752,11231,15903,24440,33199,42990,46690,42095,26475,10937,2713,21176,2844,330
Spain,1972,284217,15204,17564,2360,1394,1096,1665,4474,6086,13762,25269,53168,80990,65388,13035,2148,2326,2344,3742,5722,8040,10767,14502,22141,31027,38633,42357,39865,25523,10466,2569,18958,2761,324
Spain,1973,300203,14281,16632,2351,1376,1106,1836,4524,6002,13898,26489,55338,87794,70998,13859,2258,2266,2406,3596,5673,8225,11651,14838,23085,32253,42197,45597,43222,27776,11116,2743,18008,2942,351
Spain,1974,299112,13744,15856,2112,1352,1099,1794,4360,5860,13835,26398,54911,88595,70796,13892,2102,2258,2440,3420,5694,8141,11832,14566,22703,32208,43146,45449,42446,28350,11184,2708,17208,2893,363
Spain,1975,296718,12418,14464,2046,1222,1086,1725,4074,5592,13850,26791,54095,88477,70853,14108,2007,2067,2326,3266,5559,8291,11902,14889,22234,31861,42517,45960,42090,28763,11335,2773,15686,2811,379
Spain,1976,297814,11600,13449,1849,1173,1023,1796,3990,5273,13616,27456,53503,89284,72159,14710,1939,2051,2312,2961,5229,8387,12175,15281,21509,31994,42493,46791,42849,29310,11752,2958,14622,2819,383
Spain,1977,292796,10347,12319,1972,1181,1023,1806,4109,5082,12999,27122,51736,87528,72622,14876,2072,2037,2366,2716,5025,7974,11676,15446,20740,30996,41070,46458,43514,29108,11872,3004,13500,2829,389
Spain,1978,294919,9583,11570,1987,1153,1088,1960,4322,5210,12934,27430,50926,88981,73217,15710,2239,2083,2497,2713,4908,8026,11749,15681,20279,30647,41365,47616,43764,29453,12597,3113,12723,3048,418
Spain,1979,289760,8419,10274,1855,1143,1069,1938,4284,5354,12437,27589,49218,87996,72072,15975,2214,2070,2436,2918,4586,7851,11701,15888,19798,29420,39992,48004,43150,28922,12829,3146,11417,3007,416
Spain,1980,287498,6840,8482,1642,1162,988,1764,4168,5257,11680,27374,47287,87874,74016,16981,2153,2015,2400,2857,4261,7419,11458,15916,19231,28056,40022,47852,43844,30172,13596,3385,9644,2752,462
Spain,1981,292136,6335,7869,1534,964,961,1784,4110,5093,11562,27172,47735,88272,78347,17754,2172,1938,2238,2855,4064,7498,11403,15769,19981,27754,39978,48294,45995,32352,14207,3547,8833,2745,515
Spain,1982,284895,5689,6924,1235,904,843,1676,3982,5006,10794,26692,46159,86430,77294,17658,2068,1914,2133,2873,3747,7047,11148,15544,19803,26356,38786,47644,45719,31575,14067,3591,7828,2519,534
Spain,1983,301015,5156,6441,1285,885,862,1819,4390,5261,10625,26922,47745,90192,85263,20001,2278,2112,2245,3016,3747,6878,11083,15839,21046,26699,39780,50412,50408,34855,15851,4150,7326,2681,605
Spain,1984,297909,4609,5719,1110,796,835,1843,4387,5291,10511,26820,47862,88087,84772,20366,2339,2048,2197,3094,4063,6448,10887,15933,21847,26015,38570,49517,50717,34055,16028,4338,6515,2678,620
Spain,1985,311467,3999,5005,1006,811,853,1723,4754,5313,10447,27152,49188,90915,92029,22584,2481,2273,2240,3073,4187,6260,11089,16063,22455,26733,39294,51621,54294,37735,17592,4992,5816,2576,694
Spain,1986,308624,3990,4899,909,750,785,1891,5017,5448,10055,26526,49123,88427,91937,23039,2583,2434,2315,3133,4120,5935,10699,15827,22306,26817,37665,50762,53570,38367,17903,5136,5649,2676,724
Spain,1987,307663,3718,4494,776,639,735,2118,5603,5754,10069,26079,49560,85991,92605,23263,2922,2681,2581,3173,4397,5672,10463,15616,22098,27462,36463,49528,53643,38962,18107,5156,5133,2853,753
Spain,1988,317101,3346,4127,781,603,725,2009,6139,6085,10336,26106,51041,85854,98080,25154,3081,3058,2791,3294,4504,5832,10152,15954,22193,28848,35906,49948,55506,42574,19567,5587,4730,2734,841
Spain,1989,322918,3156,3928,772,572,742,2153,6824,6492,10790,25228,51635,85651,101971,25994,3279,3545,3167,3325,4673,6117,9379,15849,21986,29649,35656,49995,56813,45158,20220,5774,4500,2895,934
Spain,1990,331236,3054,3800,746,582,773,2143,6995,7017,10747,24517,52622,86547,106026,28403,3286,3709,3552,3465,4633,6114,9072,15445,22070,30552,36455,50092,58265,47761,22253,6150,4382,2916,1064
Spain,1991,335723,2834,3475,641,491,703,2035,7320,7577,11126,23862,52992,86297,108659,30135,3312,4008,3903,3674,4681,6445,8664,15198,22219,30773,36989,49308,59829,48830,23721,6414,3966,2738,1053
Spain,1992,329353,2782,3407,625,452,591,1773,6945,7954,11045,22853,51836,84568,106258,30650,2966,3979,4212,3742,4623,6422,8197,14656,21996,29840,37109,47459,57787,48471,24178,6472,3859,2364,1016
Spain,1993,337577,2518,3128,610,419,547,1627,6292,8205,11337,21962,52382,86590,110354,33662,2553,3739,4329,3876,4673,6664,8200,13762,21827,30555,39285,47305,58994,51360,26707,6955,3547,2174,1073
Spain,1994,335310,2191,2756,565,414,491,1353,5996,8824,11474,21235,50863,85703,110001,35102,2322,3674,4650,4174,4638,6836,8393,12842,21121,29742,39523,46180,58297,51704,27936,7166,3170,1844,1095
Spain,1995,343049,1975,2489,514,353,480,1383,5805,9555,11436,20982,51019,87772,112672,37935,2270,3535,4927,4628,4752,6684,8650,12332,21032,29987,40713,47059,58562,54110,30030,7905,2842,1863,1171
Spain,1996,348349,1998,2540,542,353,454,1336,5426,9639,11437,20781,50212,89796,114557,40545,2157,3269,4898,4741,4961,6476,8896,11885,20419,29793,41219,48577,58744,55813,31653,8892,2893,1790,1272
Spain,1997,346597,1839,2308,469,311,417,1332,4513,7975,11137,19927,49357,90710,114853,42423,1885,2628,3803,4172,4673,6464,8901,11026,19772,29585,41007,49703,57899,56954,32788,9635,2619,1749,1333
Spain,1998,357409,1753,2154,401,322,384,1262,4439,7119,10945,20027,48698,95497,118738,46373,2012,2427,3264,3855,4657,6288,9003,11024,18967,29731,41846,53651,59198,59540,35421,10952,2476,1646,1448
Spain,1999,368015,1706,2090,384,283,365,1206,4152,7040,11363,21165,48248,98066,123294,49252,1903,2249,3130,3910,4884,6479,9233,11932,17943,30305,42373,55693,60845,62449,37459,11793,2373,1571,1491
Spain,2000,357583,1746,2111,365,281,351,1138,4121,6851,11550,21044,45748,96019,117860,48933,1900,2221,2895,3956,5143,6407,9151,11893,16750,28998,41075,54944,58491,59369,37102,11831,2392,1489,1576
Spain,2001,356716,1626,1976,350,245,332,1015,3771,6874,11475,21406,44026,95613,118110,50094,1695,2076,2887,3987,4953,6522,9171,12235,16101,27925,40897,54716,59152,58958,37820,12274,2221,1347,1779
Spain,2002,365172,1700,2070,370,263,306,918,3739,6527,11925,21509,42731,96557,122738,53808,1700,2039,2718,3809,5125,6800,9149,12360,15540,27191,40669,55888,62668,60070,40413,13395,2333,1224,2087
Spain,2003,381075,1706,2128,422,237,333,984,3662,6564,12443,22245,41967,98419,131119,58608,1628,2034,2756,3808,5400,7043,9225,13020,15697,26270,41412,57007,67712,63407,43825,14783,2365,1317,2368
Spain,2004,368567,1792,2151,359,209,295,888,3368,6264,12283,22058,39932,94822,127593,56387,1419,1949,2483,3781,5091,7192,9273,12785,15862,24070,39621,55201,67405,60188,42048,14339,2360,1183,2317
Spain,2005,384161,1716,2077,361,218,270,882,3106,6152,12350,22272,39993,97428,136436,60426,1359,1747,2477,3675,5191,7159,9302,12970,16711,23282,40127,57301,72633,63803,44615,15811,2295,1152,2550
Spain,2006,368414,1669,2013,344,231,248,756,2847,5747,12320,22393,38442,91821,130996,58034,1204,1643,2263,3484,5161,7159,9550,12843,16732,21710,37561,54260,68991,62005,42472,15562,2244,1004,2563
Spain,2007,382309,1676,2045,369,208,264,760,2680,5482,12590,22638,38865,93169,139535,61270,1083,1597,2173,3309,5300,7290,9739,12899,17562,21303,37597,55572,71997,67538,44347,16923,2253,1024,2808
Spain,2008,383718,1727,2056,329,241,238,719,2499,5227,12642,22863,38297,90305,142429,63133,1023,1476,2059,3168,5088,7554,10016,12847,17545,20752,35186,55119,71858,70571,45064,18069,2297,957,3058
Spain,2009,383049,1540,1919,379,202,221,589,2271,4870,12132,22759,39560,86969,144457,63870,878,1393,1949,2921,4757,7375,9997,12762,17511,22049,32692,54277,71406,73051,45202,18668,2121,810,3231
Spain,2010,380417,1537,1883,346,190,218,488,1876,4505,11751,23081,39160,83128,145167,65477,785,1091,1767,2738,4585,7166,10177,12904,17170,21990,30680,52448,70877,74290,46187,19290,2073,706,3493
Spain,2011,385365,1447,1765,318,200,233,477,1749,4342,11384,23428,39594,81315,148891,68263,730,1019,1697,2645,4383,7001,10390,13038,17273,22321,29617,51698,71902,76989,48563,19700,1965,710,3725
Spain,2012,401253,1364,1659,295,216,201,416,1609,4163,11207,23167,40759,80376,157164,76146,668,941,1611,2552,4190,7017,10097,13070,17579,23180,28662,51714,74694,82470,54983,21163,1875,617,4175
Spain,2013,388671,1131,1412,281,213,184,367,1406,3698,10650,23488,40753,75857,151058,75392,578,828,1356,2342,3830,6820,10197,13291,17415,23338,28108,47749,71757,79301,55187,20205,1625,551,4193
Spain,2014,393997,1201,1452,251,190,202,350,1366,3398,10445,23414,40681,74630,152949,80430,627,739,1325,2073,3792,6653,9943,13471,17142,23539,29663,44967,71963,80986,59342,21088,1642,552,4487
Spain,2015,420377,1103,1305,202,191,192,372,1312,3281,9901,24433,41495,76340,165325,91229,544,768,1150,2131,3624,6277,10158,14275,17461,24034,31297,45043,76194,89131,67179,24050,1496,564,4997
Spain,2016,408659,1078,1315,237,168,176,373,1240,3185,9533,24161,41609,73500,157786,90697,529,711,1169,2016,3501,6032,10134,14027,17802,23807,31340,42160,71632,86154,66232,24465,1483,549,4915
Spain,2017,422287,1040,1254,214,171,200,384,1326,3113,9377,24184,42012,73327,163415,98303,568,758,1086,2027,3417,5960,9961,14223,17949,24063,32629,40698,72336,91079,70615,27688,1425,584,5222
Spain,2018,425324,967,1187,220,168,196,383,1312,2985,9151,24288,42963,74301,161572,101533,554,758,1098,1887,3393,5758,9857,14431,18872,24091,33164,41137,69784,91788,72154,29379,1355,579,5288
Spain,2019,416467,924,1146,222,138,206,370,1252,2809,8811,24021,42588,74938,153165,101663,530,722,1022,1787,3122,5689,9753,14268,19000,23588,33128,41810,63440,89725,71572,30091,1284,576,5358
Spain,2020,493075,880,1059,179,132,187,368,1376,3074,9491,26068,49159,91195,180648,123907,582,794,1184,1890,3503,5988,10308,15760,21825,27334,38626,52569,73623,107025,87130,36777,1191,555,6406
Spain,2021,454123,879,1073,194,127,192,403,1304,2674,8749,25479,50806,86117,157950,112937,620,684,1023,1651,3052,5697,9769,15710,22877,27929,36451,49666,61282,96668,78987,33950,1200,595,6312
Sri Lanka,1950,152260,26924,37229,10305,3290,1842,2812,6758,4886,5230,7267,13949,31452,33125,4411,3698,3060,2467,2419,2373,2857,3270,3997,5387,8562,13829,17623,22086,11039,3688,723,40519,4654,12
Sri Lanka,1951,147377,27295,37463,10168,3318,1829,2772,6739,4957,5274,7220,13181,28759,31588,4233,3661,3078,2505,2452,2402,2872,3276,3944,5223,7958,12692,16067,20148,11440,3588,645,40781,4601,41
Sri Lanka,1952,142696,27770,37975,10205,3312,1808,2728,6672,5003,5299,7161,12538,26373,29790,3972,3596,3076,2533,2470,2426,2873,3289,3872,5098,7440,11551,14822,17875,11915,3339,633,41287,4536,63
Sri Lanka,1953,137927,28057,38292,10235,3528,1778,2677,6544,5018,5292,7080,11963,24178,27701,3810,3503,3041,2547,2471,2442,2850,3299,3781,4980,6983,10443,13735,15641,12060,3203,607,41820,4455,70
Sri Lanka,1954,133452,28128,38357,10229,3364,1760,2642,6435,5047,5320,7049,11550,22333,25669,3861,3429,3006,2562,2485,2470,2850,3320,3729,4900,6650,9553,12780,13912,11757,3294,567,41721,4402,62
Sri Lanka,1955,131593,28115,38241,10126,3341,1801,2685,6495,5212,5490,7215,11501,21186,24248,4129,3451,3044,2641,2571,2558,2932,3418,3797,4951,6550,9051,12135,12917,11331,3553,576,41582,4486,49
Sri Lanka,1956,127677,27797,37658,9861,3307,1811,2676,6421,5269,5569,7264,11294,19733,22314,4321,3412,3009,2657,2612,2597,2972,3447,3817,4907,6387,8483,11250,11918,10396,3759,562,40965,4487,43
Sri Lanka,1957,124265,27494,36995,9501,3297,1850,2682,6373,5339,5668,7350,11171,18446,20539,4507,3396,2977,2675,2664,2639,3029,3477,3873,4868,6303,8040,10406,11187,9352,3976,531,40292,4532,44
Sri Lanka,1958,119680,27040,35995,8955,3208,1834,2641,6236,5317,5690,7354,10962,17104,18741,4555,3339,2897,2642,2675,2638,3052,3460,3894,4771,6191,7600,9504,10478,8263,4036,519,39203,4475,42
Sri Lanka,1959,114021,26195,34638,8443,2979,1803,2577,6031,5213,5642,7267,10655,15781,16989,4409,3245,2786,2566,2647,2608,3034,3405,3862,4640,6015,7159,8622,9681,7308,3869,540,37617,4380,38
Sri Lanka,1960,108578,25063,33073,8010,2871,1754,2515,5823,5082,5575,7149,10351,14664,15500,4179,3147,2676,2479,2603,2574,3001,3347,3802,4525,5826,6780,7884,8898,6602,3595,584,35944,4269,38
Sri Lanka,1961,105368,24086,31801,7715,2785,1737,2508,5752,5040,5629,7196,10302,14059,14535,3981,3123,2629,2437,2603,2600,3029,3377,3819,4535,5767,6626,7433,8337,6198,3339,642,34586,4245,38
Sri Lanka,1962,103718,23550,31064,7514,2746,1737,2544,5753,5040,5734,7316,10378,13744,13833,3790,3131,2622,2416,2624,2654,3080,3450,3866,4620,5758,6607,7137,7861,5972,3084,706,33810,4281,39
Sri Lanka,1963,103272,23352,30697,7345,2744,1746,2605,5822,5071,5896,7514,10579,13658,13299,3598,3174,2648,2411,2660,2735,3161,3566,3948,4774,5805,6686,6972,7461,5838,2848,750,33441,4351,41
Sri Lanka,1964,103191,23229,30468,7239,2791,1779,2671,5905,5107,6067,7723,10804,13633,12780,3415,3225,2680,2415,2692,2817,3250,3685,4038,4926,5878,6771,6862,7105,5675,2662,753,33259,4450,47
Sri Lanka,1965,101633,22840,29860,7020,2722,1755,2657,5901,5044,6130,7825,10894,13461,12124,3208,3232,2669,2378,2666,2839,3291,3742,4083,4991,5903,6757,6704,6721,5403,2494,714,32582,4412,55
Sri Lanka,1966,100429,22284,29081,6797,2670,1752,2659,5937,5004,6220,7965,11044,13401,11580,3052,3263,2674,2359,2645,2867,3353,3811,4154,5064,5980,6766,6635,6434,5146,2386,666,31751,4411,62
Sri Lanka,1967,99498,22008,28541,6533,2602,1739,2642,5983,4961,6298,8102,11212,13369,11061,2920,3305,2678,2347,2614,2884,3414,3866,4236,5120,6092,6753,6616,6189,4872,2311,609,31143,4381,67
Sri Lanka,1968,99455,21471,27793,6322,2545,1753,2660,6113,4987,6450,8351,11546,13562,10764,2855,3393,2720,2372,2615,2929,3521,3969,4382,5236,6310,6833,6729,6087,4677,2289,566,30338,4413,71
Sri Lanka,1969,99610,20944,27154,6210,2544,1769,2683,6232,5016,6585,8604,11884,13779,10514,2778,3469,2763,2401,2615,2961,3624,4078,4526,5361,6523,6941,6838,6018,4496,2246,532,29698,4452,71
Sri Lanka,1970,94057,20551,26638,6087,2420,1640,2495,5780,4620,6124,8108,11191,12900,9560,2514,3209,2571,2223,2397,2729,3395,3838,4270,5037,6154,6510,6390,5530,4030,2034,480,29058,4135,64
Sri Lanka,1971,92065,20183,26183,6000,2350,1563,2479,5960,4632,6001,7952,10896,12512,9097,2384,3289,2671,2261,2371,2666,3335,3772,4180,4912,5984,6340,6172,5314,3783,1924,460,28533,4042,59
Sri Lanka,1972,94657,20037,25935,5898,2390,1632,2490,5829,4598,6144,8425,11649,13411,9617,2478,3199,2630,2229,2369,2683,3461,3994,4431,5261,6388,6852,6559,5681,3936,1992,486,28325,4122,57
Sri Lanka,1973,95985,19846,25612,5766,2305,1646,2523,5947,4671,6224,8720,12068,13906,9839,2469,3240,2707,2269,2402,2694,3530,4143,4577,5478,6590,7177,6729,5879,3960,1973,496,27917,4169,53
Sri Lanka,1974,97403,19298,24945,5647,2343,1676,2581,6105,4787,6330,9050,12534,14454,10093,2459,3309,2796,2330,2457,2724,3606,4303,4747,5713,6821,7513,6941,6084,4009,1957,502,27288,4257,49
Sri Lanka,1975,98258,18907,24255,5348,2400,1659,2601,6155,4833,6349,9298,12934,14961,10327,2437,3343,2812,2359,2474,2720,3629,4409,4889,5905,7029,7793,7168,6259,4068,1938,499,26655,4260,46
Sri Lanka,1976,99149,18509,23522,5013,2290,1660,2633,6223,4915,6385,9567,13381,15515,10593,2421,3380,2843,2407,2508,2733,3652,4514,5053,6106,7275,8069,7446,6434,4159,1929,492,25812,4293,44
Sri Lanka,1977,101524,17848,22511,4663,2227,1708,2721,6422,5122,6561,10054,14151,16449,11105,2451,3489,2933,2523,2599,2817,3744,4712,5342,6438,7713,8509,7940,6736,4369,1960,491,24738,4429,43
Sri Lanka,1978,98076,17428,21868,4440,2187,1673,2599,6115,4934,6214,9696,13739,16011,10704,2292,3323,2792,2445,2489,2684,3530,4507,5189,6226,7513,8220,7791,6471,4233,1841,451,24055,4272,39
Sri Lanka,1979,97635,16705,20655,3950,1969,1578,2543,6113,4947,6178,9814,14077,16473,10958,2292,3328,2785,2457,2490,2683,3495,4518,5296,6353,7724,8404,8069,6617,4341,1851,441,22624,4121,37
Sri Lanka,1980,96865,15592,19257,3665,1887,1550,2501,6095,4936,6118,9836,14322,16818,11205,2304,3322,2773,2444,2492,2672,3446,4485,5351,6450,7872,8548,8270,6773,4432,1870,434,21144,4051,34
Sri Lanka,1981,95973,14610,18026,3416,1689,1521,2459,6044,4916,6052,9804,14519,17124,11459,2332,3296,2748,2422,2494,2655,3397,4427,5377,6536,7983,8691,8433,6950,4509,1906,426,19715,3980,32
Sri Lanka,1982,95036,13101,16256,3155,1645,1485,2428,5987,4904,6013,9772,14770,17514,11831,2399,3267,2720,2396,2508,2647,3366,4368,5404,6656,8114,8896,8618,7214,4617,1974,425,17901,3913,29
Sri Lanka,1983,94555,11668,14602,2934,1586,1460,2437,6077,4994,6040,9749,15024,17889,12198,2473,3308,2769,2421,2573,2669,3371,4320,5429,6786,8238,9112,8777,7483,4715,2045,428,16188,3897,27
Sri Lanka,1984,93258,10396,12840,2444,1425,1376,2438,6363,5153,6052,9582,15034,17986,12445,2538,3444,2919,2508,2645,2697,3355,4224,5358,6795,8239,9171,8815,7652,4793,2102,436,14265,3814,25
Sri Lanka,1985,93921,9261,11335,2074,1341,1342,2433,6408,5211,6144,9651,15507,18687,13123,2703,3447,2961,2537,2674,2747,3397,4238,5413,6990,8517,9523,9164,8055,5068,2233,470,12676,3775,28
Sri Lanka,1986,93732,8234,10027,1793,1252,1285,2402,6386,5208,6178,9588,15757,19135,13632,2847,3421,2965,2537,2671,2773,3405,4207,5381,7068,8689,9731,9404,8324,5308,2337,510,11279,3687,31
Sri Lanka,1987,96458,7485,9057,1572,1214,1262,2444,6660,5415,6448,9815,16449,20098,14491,3067,3557,3103,2647,2768,2917,3531,4323,5492,7329,9120,10184,9914,8782,5709,2495,572,10271,3706,39
Sri Lanka,1988,98736,6968,8397,1429,1140,1224,2486,7052,5681,6695,9924,16886,20775,15162,3267,3759,3293,2804,2877,3064,3631,4403,5521,7464,9422,10478,10297,9102,6060,2634,633,9537,3710,48
Sri Lanka,1989,113090,7453,9835,2382,1574,1463,3192,9951,7643,8133,11005,18291,22326,16109,3508,5251,4700,3903,3740,3845,4288,4969,6036,8075,10216,11261,11065,9629,6480,2811,697,11409,4655,60
Sri Lanka,1990,102009,6767,8088,1321,987,1153,2430,7315,5980,6933,9933,17296,21796,16315,3708,3878,3437,2984,2996,3187,3746,4466,5467,7507,9789,10933,10863,9644,6671,2957,751,9075,3583,73
Sri Lanka,1991,106127,6748,8099,1351,931,1141,2521,8098,6557,7337,10170,17641,22533,17026,3986,4276,3822,3316,3241,3387,3950,4611,5559,7596,10045,11297,11236,10021,7005,3170,816,9030,3662,87
Sri Lanka,1992,103788,6643,7939,1296,835,1068,2250,7171,6001,6995,9845,17296,22643,17397,4243,3768,3403,3003,2998,3172,3823,4465,5380,7358,9938,11349,11294,10196,7201,3366,877,8774,3318,103
Sri Lanka,1993,103282,6353,7584,1231,770,1004,2032,6362,5542,6796,9759,17303,23258,18150,4600,3326,3036,2727,2815,3018,3778,4420,5339,7276,10027,11661,11597,10608,7542,3643,957,8354,3036,121
Sri Lanka,1994,107901,6058,7227,1169,728,966,2011,6315,5658,7079,10210,18048,24829,19578,5111,3283,3032,2753,2905,3114,3965,4631,5579,7533,10515,12442,12387,11420,8158,4039,1072,7955,2977,142
Sri Lanka,1995,115531,5777,6889,1112,697,934,2270,7566,6675,7852,10926,18817,26315,20859,5571,3879,3687,3292,3383,3512,4340,4997,5929,7843,10974,13161,13154,12146,8713,4388,1183,7586,3204,161
Sri Lanka,1996,118778,5526,6670,1144,723,902,2187,7104,6538,7960,11318,19379,27699,22101,6016,3599,3505,3173,3365,3536,4424,5190,6128,8065,11314,13797,13902,12837,9264,4720,1296,7393,3089,181
Sri Lanka,1997,122998,5189,6185,996,683,832,2204,7266,6831,8262,11828,19919,29035,23311,6445,3653,3613,3311,3520,3683,4579,5460,6368,8318,11601,14377,14658,13498,9813,5031,1414,6868,3036,201
Sri Lanka,1998,126493,4897,5834,937,677,792,2152,7234,6968,8484,12289,20376,30234,24399,6834,3626,3608,3369,3599,3794,4690,5709,6580,8562,11814,14864,15370,14089,10310,5306,1528,6511,2944,221
Sri Lanka,1999,124622,4786,5662,876,647,724,1955,6769,6669,8286,12143,19934,30081,24529,6986,3396,3373,3208,3461,3710,4576,5650,6493,8426,11508,14664,15417,14130,10399,5392,1594,6309,2679,238
Sri Lanka,2000,152525,4763,5593,830,716,850,2224,7988,8050,10212,15027,24509,37428,30804,8820,4030,3958,3857,4193,4571,5641,6966,8061,10415,14094,18097,19331,17751,13053,6796,2024,6309,3074,303
Sri Lanka,2001,150668,4803,5614,811,715,817,1879,6899,7439,10030,15183,24695,37609,30873,8613,3474,3425,3500,3939,4443,5587,6978,8205,10554,14141,18097,19512,17905,12968,6652,1961,6329,2696,295
Sri Lanka,2002,150312,4759,5552,793,660,790,1657,6350,7172,10050,15451,24814,37573,31280,8659,3186,3164,3328,3844,4422,5628,7062,8389,10642,14172,17955,19618,18245,13035,6662,1997,6212,2447,309
Sri Lanka,2003,149987,4724,5560,836,692,772,1526,6082,7079,10112,15711,24819,37195,31488,8628,3013,3069,3261,3818,4434,5678,7140,8571,10682,14137,17674,19521,18412,13076,6614,2014,6252,2298,324
Sri Lanka,2004,184233,6368,10793,4425,3603,2930,3341,9645,10874,14315,20029,28086,39187,32432,8657,4789,4856,5086,5788,6508,7807,9295,10734,12473,15613,18892,20295,19002,13430,6615,2042,14396,6271,339
Sri Lanka,2005,147508,4463,5225,762,550,700,1307,5424,6707,10067,16085,24813,36072,31678,8537,2549,2875,3041,3666,4334,5733,7246,8839,10811,14002,17101,18971,18308,13370,6504,2033,5775,2007,347
Sri Lanka,2006,150680,4377,5106,729,518,675,1473,6414,7450,10724,16766,25253,35709,31706,8534,2967,3447,3409,4041,4643,6081,7531,9235,11135,14118,17002,18707,18127,13579,6526,2008,5624,2148,353
Sri Lanka,2007,153324,4151,4847,696,497,648,1470,6242,7451,10937,17365,26050,36131,32475,8851,2810,3432,3372,4079,4692,6245,7746,9619,11616,14434,17318,18813,18410,14065,6844,2007,5344,2118,366
Sri Lanka,2008,157683,3905,4576,671,481,619,1813,7939,8715,11827,17974,26490,35659,32136,9069,3598,4341,4083,4632,5153,6674,8017,9957,11992,14498,17175,18484,18163,13973,7134,1935,5057,2432,386
Sri Lanka,2009,184037,5035,8107,3072,1540,1145,2477,9322,10361,14150,21415,31284,39764,34096,9934,4224,5098,4872,5489,6156,7994,9566,11849,14440,16844,19324,20440,19414,14682,7986,1948,9647,3622,437
Sri Lanka,2010,152389,3533,4160,627,430,531,1149,3949,6055,10081,17656,28298,36666,32539,10460,1738,2211,2638,3417,4166,5915,7728,9928,12927,15371,17747,18919,18458,14081,8468,1992,4590,1680,412
Sri Lanka,2011,153831,3418,4040,622,419,508,1121,3730,5911,10065,17955,29545,37031,32019,11154,1691,2039,2598,3313,4178,5887,7869,10086,13584,15961,18005,19026,18336,13683,8945,2209,4459,1629,335
Sri Lanka,2012,151293,3242,3810,568,395,459,1037,3422,5528,9672,17629,29830,36552,31115,11623,1615,1807,2442,3086,4042,5630,7714,9915,13735,16095,17738,18814,17832,13283,8978,2645,4205,1496,223
Sri Lanka,2013,150208,3046,3587,541,373,426,966,3230,5290,9510,17478,30438,36786,31140,10796,1578,1652,2303,2987,3977,5533,7709,9769,13831,16607,18012,18774,17891,13249,7980,2816,3960,1392,188
Sri Lanka,2014,148541,2787,3304,517,364,404,906,3047,5012,9236,17103,30778,36984,31107,10079,1523,1524,2128,2884,3856,5380,7539,9564,13654,17124,18326,18658,18001,13106,7238,2841,3668,1310,211
Sri Lanka,2015,149258,2539,3001,462,326,375,831,2895,4771,9058,17074,31468,38039,31523,9646,1462,1433,1953,2818,3747,5311,7433,9641,13613,17855,18999,19040,18240,13283,6866,2780,3327,1206,255
Sri Lanka,2016,148079,2376,2835,459,314,358,764,2743,4474,8787,16797,31702,38480,31384,9144,1381,1362,1756,2718,3553,5234,7222,9575,13402,18300,19414,19066,18178,13206,6559,2585,3149,1122,298
Sri Lanka,2017,151498,2250,2729,479,328,365,736,2703,4319,8769,16932,32584,39975,32474,9245,1335,1368,1634,2685,3465,5304,7198,9734,13573,19011,20348,19627,18819,13655,6821,2424,3057,1101,339
Sri Lanka,2018,152188,2055,2434,379,277,328,670,2547,3986,8521,16752,32554,41333,33213,9215,1227,1320,1474,2512,3330,5191,7050,9702,13371,19183,21158,20175,19118,14095,7014,2201,2711,998,360
Sri Lanka,2019,153431,1949,2325,376,268,317,630,2469,3738,8375,16581,32494,43046,33743,9082,1170,1299,1380,2358,3264,5111,6953,9628,13282,19212,22157,20889,19293,14450,7048,2034,2593,947,361
Sri Lanka,2020,153533,1828,2164,336,246,291,587,2282,3413,8084,16213,32274,44435,34116,9079,1057,1225,1275,2138,3161,4923,6804,9409,13276,18998,22898,21537,19532,14584,7136,1943,2410,878,348
Sri Lanka,2021,160593,1740,2060,320,226,269,551,2085,3074,7595,15713,32793,49013,37218,9659,950,1135,1188,1886,3003,4592,6611,9102,13399,19394,25001,24012,21305,15913,7654,2005,2286,820,340
Sudan,1950,113700,35944,59019,23075,7609,3331,3279,6994,5549,5022,5462,7278,7283,2613,256,3595,3399,2893,2656,2591,2431,2553,2909,3436,3842,3988,3295,1795,818,224,32,66628,6610,3
Sudan,1951,116236,36994,60482,23488,7736,3363,3324,7091,5707,5107,5505,7382,7496,2769,261,3643,3448,3020,2687,2629,2478,2582,2923,3475,3907,4068,3428,1939,830,231,30,68218,6687,3
Sudan,1952,117508,37400,61059,23659,7793,3368,3345,7134,5830,5154,5519,7442,7654,2928,274,3666,3468,3129,2701,2646,2508,2607,2912,3491,3951,4122,3532,2097,831,240,34,68852,6713,4
Sudan,1953,119319,37814,61757,23943,7911,3404,3394,7233,5997,5240,5580,7547,7845,3120,288,3718,3515,3263,2734,2679,2561,2658,2922,3527,4020,4200,3645,2271,849,252,36,69668,6798,4
Sudan,1954,121277,38385,62592,24207,8021,3458,3444,7348,6175,5329,5652,7635,8015,3309,294,3781,3567,3359,2816,2716,2613,2713,2939,3555,4080,4272,3743,2416,893,260,34,70613,6902,3
Sudan,1955,123014,38942,63401,24459,8103,3500,3479,7423,6328,5394,5719,7696,8168,3498,302,3820,3603,3398,2930,2743,2651,2762,2957,3570,4126,4338,3830,2536,962,267,35,71504,6979,3
Sudan,1956,126885,39643,64635,24992,8413,3697,3680,7886,6760,5629,5921,7855,8395,3707,310,4061,3825,3587,3173,2864,2765,2878,3043,3635,4220,4453,3942,2658,1049,273,37,73048,7377,2
Sudan,1957,132317,40258,65857,25599,8981,4139,4060,8629,7459,6019,6229,8046,8651,3932,316,4442,4187,3907,3552,3073,2946,3051,3178,3717,4329,4586,4065,2780,1152,277,39,74838,8199,3
Sudan,1958,147132,41288,68538,27250,10640,5610,5366,11060,9581,7206,7035,8511,9069,4182,329,5676,5384,4965,4616,3728,3478,3504,3531,3955,4556,4815,4254,2921,1261,287,42,79178,10976,3
Sudan,1959,148511,41766,69192,27426,10724,5633,5393,11095,9666,7291,7117,8525,9187,4338,347,5698,5397,4974,4692,3801,3490,3545,3572,3954,4571,4870,4317,2997,1341,304,43,79916,11026,3
Sudan,1960,150638,42319,69967,27648,10918,5712,5474,11219,9770,7500,7250,8600,9352,4495,380,5765,5454,5023,4747,3966,3534,3607,3643,3991,4609,4945,4407,3080,1415,334,46,80885,11186,3
Sudan,1961,152393,42905,70811,27906,11006,5770,5539,11283,9820,7666,7345,8640,9476,4626,411,5800,5483,5048,4772,4110,3556,3649,3696,4021,4619,4995,4481,3149,1477,366,45,81817,11309,3
Sudan,1962,155069,43907,72072,28165,11173,5865,5641,11413,9922,7892,7488,8739,9644,4771,447,5866,5547,5098,4824,4287,3605,3708,3780,4092,4647,5065,4579,3230,1541,401,46,83245,11506,3
Sudan,1963,166595,45602,74743,29141,12583,6501,6284,12950,11046,8932,8272,9427,10310,5059,490,6676,6274,5689,5357,4911,4021,4090,4182,4468,4959,5416,4894,3420,1639,442,48,87326,12785,4
Sudan,1964,152948,46166,74045,27879,10659,4777,4744,10169,8714,7626,7507,9020,10088,5081,516,5276,4893,4474,4240,4133,3493,3643,3864,4261,4759,5267,4821,3416,1665,465,51,84704,9521,4
Sudan,1965,172441,47860,78267,30407,12795,6683,6434,13182,11189,9356,8504,9659,10532,5285,552,6821,6361,5765,5424,5070,4286,4182,4322,4634,5025,5494,5038,3553,1732,495,57,91062,13117,4
Sudan,1966,192691,49647,82691,33044,15028,8687,8231,16334,13751,11173,9513,10307,10924,5467,581,8457,7877,7103,6648,6032,5141,4731,4782,5012,5295,5694,5230,3678,1789,518,63,97719,16918,4
Sudan,1967,195248,50796,84513,33717,15111,8724,8291,16407,13750,11347,9567,10434,10946,5547,603,8534,7873,7106,6644,6039,5308,4753,4814,5086,5348,5685,5261,3728,1819,535,68,99624,17015,4
Sudan,1968,197986,51855,86342,34487,15249,8766,8367,16500,13766,11534,9633,10590,10978,5634,629,8616,7884,7118,6648,6051,5483,4782,4851,5169,5421,5682,5296,3784,1850,554,75,101591,17133,4
Sudan,1969,206173,53699,89914,36215,15801,8974,8772,17487,14344,12072,10084,11046,11243,5777,650,9159,8328,7433,6911,6282,5790,5048,5036,5396,5650,5821,5422,3879,1898,572,78,105715,17746,4
Sudan,1970,209172,54988,91928,36940,15988,9013,8868,17598,14351,12108,10297,11200,11286,5854,668,9219,8379,7438,6913,6292,5816,5230,5067,5463,5737,5849,5437,3921,1933,586,82,107916,17881,5
Sudan,1971,186456,56231,91564,35333,12434,5467,5986,13207,10451,9630,9232,10820,11109,5862,683,6997,6210,5418,5033,4887,4743,4647,4585,5189,5631,5764,5345,3911,1951,597,86,103998,11453,5
Sudan,1972,189491,56639,92013,35374,13078,6231,6420,13422,10811,9811,9379,10751,10979,5887,698,7069,6353,5582,5229,5006,4805,4814,4565,5147,5604,5715,5264,3911,1976,608,90,105091,12651,6
Sudan,1973,173231,55942,88993,33051,11348,5007,5014,10309,8607,8273,8495,10089,10534,5840,716,5427,4882,4405,4202,4179,4094,4378,4117,4766,5323,5488,5046,3853,1987,621,95,100341,10021,7
Sudan,1974,177315,57042,90883,33841,11595,5142,5137,10604,8790,8440,8812,10354,10805,5997,749,5597,5007,4504,4286,4264,4176,4541,4271,4874,5480,5659,5146,3944,2053,647,102,102478,10279,9
Sudan,1975,182793,58826,93530,34704,11938,5309,5308,11135,9128,8575,9098,10729,11107,6150,775,5873,5262,4713,4415,4348,4227,4606,4492,5058,5671,5841,5266,4035,2115,671,104,105468,10617,9
Sudan,1976,189075,60902,96447,35545,12323,5497,5516,11821,9587,8779,9411,11140,11446,6298,803,6214,5607,4993,4594,4472,4307,4684,4727,5249,5891,6035,5411,4121,2177,696,107,108770,11013,9
Sudan,1977,194982,63028,99465,36437,12723,5695,5665,12237,9939,8932,9686,11540,11809,6445,834,6401,5836,5211,4728,4569,4363,4739,4947,5418,6122,6236,5573,4203,2242,722,112,112188,11360,9
Sudan,1978,204381,65458,102885,37427,13730,6132,6068,13229,10749,9365,10169,12163,12362,6652,867,6876,6353,5677,5072,4825,4540,4888,5281,5682,6481,6538,5824,4328,2324,752,115,116615,12200,9
Sudan,1979,211686,67870,106546,38676,14125,6355,6301,13888,11299,9617,10397,12675,12775,6803,895,7164,6724,5992,5307,4983,4634,4949,5448,5923,6752,6759,6016,4420,2383,776,119,120671,12656,10
Sudan,1980,217179,70262,110343,40081,14020,6392,6378,14210,11620,9719,10410,13120,13102,6931,923,7281,6929,6175,5445,5058,4661,4951,5459,6168,6952,6934,6168,4505,2426,798,125,124363,12770,10
Sudan,1981,224835,72817,114281,41464,14393,6606,6619,14800,12241,10005,10547,13686,13578,7115,952,7540,7260,6514,5727,5236,4769,5017,5530,6479,7207,7201,6377,4635,2480,823,129,128674,13225,10
Sudan,1982,231907,75461,118306,42845,14648,6751,6814,15248,12790,10245,10617,14171,14034,7294,980,7733,7515,6807,5983,5389,4856,5059,5558,6756,7415,7460,6574,4766,2528,847,133,132954,13565,11
Sudan,1983,323315,99297,166722,67425,22312,10550,9812,22599,18491,14315,14009,18138,17147,8179,1032,11530,11069,9872,8619,7568,6747,6756,7253,8815,9323,9263,7884,5430,2749,889,143,189034,20362,11
Sudan,1984,345038,101610,172706,71096,24094,11372,11121,25910,21083,16257,15285,19357,18295,8483,1063,13304,12606,11245,9838,8622,7635,7481,7804,9351,10006,9967,8328,5668,2815,916,147,196800,22493,11
Sudan,1985,346906,101062,172099,71037,24617,11484,11213,25869,21532,16486,15258,19956,18705,8596,1077,13297,12572,11452,10080,8811,7675,7457,7801,9551,10405,10223,8482,5757,2839,926,151,196716,22697,12
Sudan,1986,281919,81323,131978,50655,18289,8283,9659,23051,19208,14386,12973,17813,17038,8170,1055,11905,11146,10216,8992,7793,6593,6339,6634,8359,9454,9252,7786,5437,2733,904,151,150267,17942,12
Sudan,1987,392741,93351,164416,71065,27112,12016,16182,41367,32264,22901,18776,24925,22125,9508,1141,21688,19679,17227,15037,12615,10286,9294,9482,11672,13253,12193,9932,6430,3078,978,163,191528,28198,12
Sudan,1988,531852,108009,204705,96696,38580,16969,24597,64292,48866,33912,25922,33862,28004,10918,1212,34013,30279,26017,22849,18899,15013,12971,12951,15698,18164,15585,12419,7493,3425,1039,173,243285,41566,13
Sudan,1989,314984,82971,138707,55736,21675,9815,11806,28011,23532,17567,14304,20991,18955,8552,1055,14721,13290,12250,11282,9742,7825,7069,7235,9338,11653,10303,8652,5724,2828,897,158,160382,21621,12
Sudan,1990,314494,82159,136913,54754,21807,9965,11799,27754,23449,17833,14176,21246,19699,8770,1074,14652,13102,12073,11376,9900,7933,7032,7144,9324,11922,10770,8929,5873,2897,913,161,158720,21764,13
Sudan,1991,312966,81250,135383,54133,21563,10003,11713,27394,23121,18025,13983,21309,20382,8985,1096,14521,12873,11791,11330,10001,8024,6971,7012,9235,12074,11228,9154,6025,2960,933,163,156946,21716,13
Sudan,1992,376906,87595,153004,65409,26920,12553,15553,37443,30134,23501,17138,25388,24172,9933,1158,20014,17429,15330,14804,13057,10444,8647,8491,10999,14389,13596,10576,6735,3198,989,169,179924,28106,14
Sudan,1993,370424,86016,150097,64081,26272,12455,15299,36290,29073,23388,16756,24982,24602,10033,1163,19453,16837,14702,14371,12953,10435,8511,8245,10726,14256,14064,10538,6820,3213,995,168,176369,27754,14
Sudan,1994,247415,71425,111969,40544,16683,8281,8108,16152,14958,13838,10893,17194,19454,8869,1008,8548,7604,7344,7614,7523,6315,5540,5353,7079,10115,10955,8499,5958,2911,898,110,128652,16389,6
Sudan,1995,307660,77201,127867,50666,21034,10529,12240,26391,21383,19553,14416,20179,23198,9838,1029,14258,12133,10658,10725,10589,8964,7556,6860,8350,11829,13066,10132,6690,3148,928,101,148901,22769,5
Sudan,1996,309168,76158,125630,49472,21059,10745,12804,27150,21384,20328,15117,19710,24051,10153,1033,14746,12404,10692,10692,10870,9458,8056,7061,8181,11529,13364,10687,6911,3242,939,94,146689,23549,3
Sudan,1997,307606,75160,123684,48524,20558,10637,13060,27304,20876,20593,15710,19028,24691,10405,1054,14900,12404,10488,10388,10846,9747,8478,7232,8007,11021,13483,11208,7071,3334,957,97,144242,23697,3
Sudan,1998,370891,80245,137908,57663,25355,13081,17929,39236,27452,26800,20229,21720,28651,11404,1122,21664,17572,14026,13426,13959,12841,11080,9149,9444,12276,15443,13208,7771,3633,1019,103,163263,31010,3
Sudan,1999,265350,69031,107875,38844,17143,9133,10694,20876,16165,17472,14774,16094,23529,10509,1092,11455,9421,8127,8038,8872,8600,8013,6761,7032,9062,12179,11350,7060,3449,987,105,125018,19827,2
Sudan,2000,255520,67337,103534,36197,15718,8461,10164,20062,15181,16742,14916,15427,23199,10982,1130,11091,8971,7690,7491,8351,8391,8063,6853,6896,8531,11704,11495,7410,3572,1021,109,119252,18625,2
Sudan,2001,258321,66541,101569,35028,15849,8529,10510,21256,15563,17131,15972,15600,23470,11696,1173,11835,9421,7963,7600,8424,8707,8593,7379,7161,8439,11540,11930,7954,3742,1064,109,117418,19039,2
Sudan,2002,258287,65286,99354,34068,15462,8352,10583,22096,15686,17148,16831,15754,23431,12398,1191,12360,9736,8109,7577,8328,8820,8985,7846,7405,8349,11182,12249,8512,3886,1090,101,114816,18935,2
Sudan,2003,273525,65775,102106,36331,16291,8754,11610,25463,17120,18283,18715,16780,23934,13255,1212,14273,11190,8970,8150,8790,9493,9917,8798,8091,8689,11157,12777,9233,4022,1120,92,118397,20364,2
Sudan,2004,298167,66752,106450,39698,17838,9478,13307,30993,19669,20189,21376,18492,24763,14333,1275,17328,13665,10458,9211,9662,10527,11262,10114,9151,9341,11393,13370,10029,4304,1182,93,124288,22785,3
Sudan,2005,297432,65873,105141,39268,17786,9393,13027,30803,19412,19758,22176,19208,24300,15055,1366,17051,13752,10362,9050,9406,10352,11550,10626,9691,9517,11085,13215,10411,4644,1261,105,122927,22420,2
Sudan,2006,264212,63094,95803,32709,15159,8075,10503,24181,16107,16711,20274,18296,22305,15292,1499,13169,11012,8547,7560,7932,8779,10371,9903,9319,8977,10111,12194,10373,4919,1362,137,110962,18578,2
Sudan,2007,259668,63526,94193,30667,14459,7709,9920,23206,15670,15982,20377,18926,21634,15947,1638,12462,10744,8348,7322,7604,8378,10250,10127,9758,9168,9902,11732,10638,5309,1467,171,108652,17629,2
Sudan,2008,269147,65114,96542,31428,14602,7732,10261,24972,16775,16360,21393,20374,21625,16740,1767,13241,11731,9033,7742,7839,8521,10594,10799,10604,9770,10092,11533,10969,5771,1562,205,111144,17993,4
Sudan,2009,256963,64027,93072,29045,13304,7153,9208,22238,15617,15118,20737,20760,20910,16977,1866,11637,10601,8446,7171,7264,7854,10055,10682,10794,9966,9935,10975,10895,6082,1656,210,106376,16361,4
Sudan,2010,259386,64205,93222,29017,13066,7072,9105,22320,16062,15073,21075,22067,20990,17287,2042,11554,10766,8765,7297,7298,7775,10031,11044,11438,10629,10197,10793,10889,6398,1823,219,106288,16177,4
Sudan,2011,260865,63235,92124,28889,13010,7084,9093,22467,16563,15110,21344,23515,21208,17314,2033,11533,10934,9111,7452,7373,7737,9987,11357,12122,11393,10548,10660,10711,6603,1874,159,105134,16177,5
Sudan,2012,257914,62059,90765,28706,12433,6808,8779,21710,16472,14746,21050,24617,21362,17089,2081,11091,10619,9103,7369,7241,7505,9698,11352,12563,12054,10853,10509,10344,6745,1947,134,103198,15587,3
Sudan,2013,265650,61964,90229,28265,12752,6929,9224,23483,18021,15395,21548,26463,22236,17112,2253,11992,11491,10009,8012,7658,7737,9825,11723,13379,13084,11542,10694,10155,6957,2123,130,102981,16153,3
Sudan,2014,264089,62047,89561,27514,12636,6785,8882,22087,17727,15107,21181,27699,23032,16935,2452,11252,10835,9751,7976,7549,7558,9570,11611,13848,13851,12184,10848,9908,7027,2288,164,102197,15667,3
Sudan,2015,267594,62570,89390,26820,12679,6682,8863,21892,18197,15321,21142,29185,24342,17015,2873,11138,10754,9906,8291,7706,7615,9523,11619,14410,14775,13094,11248,9867,7148,2578,295,102069,15545,15
Sudan,2016,274318,62456,88818,26362,13048,6793,9119,22516,19217,15966,21405,30936,26108,17150,3220,11471,11045,10344,8873,8087,7879,9660,11745,15042,15894,14263,11845,9949,7201,2821,399,101866,15912,24
Sudan,2017,273132,62159,88107,25948,12480,6569,8785,21347,18838,15901,20971,31815,27632,17126,3528,10872,10475,9976,8862,8078,7823,9501,11470,15181,16634,15259,12373,10001,7125,3025,503,100587,15354,37
Sudan,2018,278993,61903,87241,25338,12546,6679,8913,21729,19523,16615,21183,33273,29855,17456,3910,11058,10671,10204,9319,8511,8104,9659,11524,15583,17690,16600,13255,10313,7143,3254,656,99787,15592,68
Sudan,2019,284869,61577,86470,24893,12686,6860,9010,22008,20113,17404,21429,34646,32234,17831,4088,11200,10808,10390,9723,9003,8401,9843,11586,15895,18751,17945,14289,10693,7138,3364,724,99156,15870,84
Sudan,2020,296441,60619,84938,24319,11979,6630,8426,20715,19558,18319,23272,40235,38137,19821,4327,10571,10144,9893,9665,9449,8870,10605,12667,18006,22229,21536,16601,12015,7806,3573,754,96917,15056,84
Sudan,2021,310515,59436,82974,23538,12257,6888,8801,21931,20847,20114,24805,43428,42920,21099,4367,11169,10762,10444,10403,10391,9723,11408,13397,19082,24346,24093,18827,13056,8043,3590,777,95231,15689,80
Suriname,1950,3823,830,1004,174,50,36,68,150,162,255,481,730,550,294,42,75,75,75,87,110,145,207,274,354,376,306,244,184,110,40,2,1054,104,0
Suriname,1951,3599,880,1062,182,50,36,69,151,158,246,454,664,467,211,31,76,75,75,83,105,141,198,256,324,340,270,197,136,75,29,2,1112,105,0
Suriname,1952,3554,884,1073,189,48,36,68,151,155,239,433,653,470,196,27,76,75,75,80,103,136,189,244,314,339,272,198,130,66,25,2,1121,104,0
Suriname,1953,3500,888,1080,192,48,35,65,151,153,232,416,640,472,185,24,76,75,75,78,100,132,183,233,306,334,275,197,124,61,22,2,1128,100,0
Suriname,1954,3442,891,1086,195,48,33,64,150,151,224,400,619,472,171,21,75,75,75,76,95,129,175,225,293,326,275,197,116,55,19,2,1134,97,0
Suriname,1955,3384,894,1089,195,48,33,63,150,150,214,385,600,472,163,18,75,75,75,75,90,124,169,216,284,316,274,198,112,51,16,2,1137,96,0
Suriname,1956,3333,896,1088,192,50,33,62,150,146,211,370,579,470,161,17,75,75,73,73,90,121,163,207,271,308,272,198,110,51,15,2,1138,95,0
Suriname,1957,3299,897,1086,189,51,33,59,150,145,202,361,563,471,158,16,75,75,73,72,85,117,161,200,262,301,270,201,110,48,14,2,1137,92,0
Suriname,1958,3260,897,1084,187,51,33,59,147,146,195,348,545,472,161,14,72,75,74,72,82,113,156,192,251,294,269,203,114,47,13,1,1135,92,0
Suriname,1959,3235,897,1080,183,52,33,58,146,145,190,337,536,478,167,16,71,75,74,71,81,109,151,186,246,290,269,209,117,50,15,1,1132,91,0
Suriname,1960,3232,895,1076,181,53,33,57,144,145,184,329,527,489,177,16,69,75,74,71,79,105,147,182,240,287,271,218,126,51,15,1,1129,90,0
Suriname,1961,3238,892,1070,178,53,34,55,141,145,182,322,523,504,192,17,67,74,74,71,79,103,144,178,236,287,276,228,136,56,16,1,1123,89,0
Suriname,1962,3244,890,1066,176,53,36,55,139,144,177,313,516,518,208,20,66,73,74,70,79,98,140,173,232,284,280,238,145,63,19,1,1119,91,0
Suriname,1963,3430,900,1081,181,53,34,54,138,150,177,306,546,600,264,28,65,73,75,75,77,100,137,169,227,319,319,281,182,82,25,3,1134,88,0
Suriname,1964,3605,888,1071,183,55,33,52,132,148,177,302,555,693,342,43,61,71,73,75,76,101,137,165,214,341,364,329,230,112,37,6,1126,85,0
Suriname,1965,3741,880,1062,182,57,37,54,138,159,185,318,557,745,383,48,64,74,79,80,82,103,146,172,217,340,392,353,255,128,41,7,1119,91,0
Suriname,1966,3736,873,1053,180,58,41,57,136,162,187,325,538,740,386,48,63,73,80,82,86,101,148,177,220,318,391,349,256,130,41,7,1111,98,0
Suriname,1967,3731,864,1042,178,60,43,61,134,165,194,329,522,735,391,51,63,71,82,83,91,103,148,181,222,300,386,349,257,134,43,8,1102,104,0
Suriname,1968,3744,855,1033,178,63,48,66,135,168,202,329,520,732,396,54,64,71,82,86,96,106,145,184,231,289,378,354,257,139,46,8,1096,114,1
Suriname,1969,3764,847,1024,177,63,51,72,137,168,210,328,522,725,402,60,66,71,81,87,99,111,142,186,239,283,365,360,256,146,52,8,1087,123,1
Suriname,1970,3790,838,1014,176,64,53,78,138,170,218,330,528,719,405,71,68,70,81,89,101,117,144,186,246,282,353,366,254,151,62,9,1078,131,1
Suriname,1971,3865,828,1001,173,66,57,88,147,173,230,336,547,720,420,88,75,72,80,93,105,125,150,186,259,288,348,372,261,159,74,14,1067,145,1
Suriname,1972,3910,813,979,166,67,59,97,153,174,238,336,562,713,427,107,81,72,80,94,107,131,154,182,266,296,342,371,267,160,88,19,1046,156,1
Suriname,1973,3853,787,941,154,65,58,98,159,170,241,339,559,701,426,98,87,72,78,92,109,132,160,179,259,300,331,370,275,151,78,20,1006,156,1
Suriname,1974,3811,757,901,144,61,58,100,165,168,244,344,556,688,434,89,92,73,77,91,111,133,165,179,250,306,321,367,287,147,70,19,962,158,1
Suriname,1975,3757,725,859,134,60,58,98,168,163,244,348,548,672,450,86,94,74,76,87,111,133,169,179,241,307,312,360,300,150,67,19,919,156,2
Suriname,1976,3711,692,818,126,54,57,98,171,160,246,354,537,661,469,81,95,76,74,86,110,136,172,182,233,304,308,353,310,159,64,17,872,155,2
Suriname,1977,3670,660,778,118,51,56,99,176,156,245,360,523,653,492,80,99,77,73,83,109,136,174,186,226,297,308,345,315,177,63,17,829,155,3
Suriname,1978,3627,628,739,111,47,54,101,177,152,244,363,505,640,516,85,97,80,71,81,107,137,173,190,219,286,307,333,318,198,68,17,786,155,3
Suriname,1979,3600,599,705,106,46,53,100,178,150,241,368,492,631,538,97,97,81,71,79,103,138,174,194,216,276,305,326,318,220,78,19,751,153,2
Suriname,1980,3587,571,669,98,43,49,101,179,148,239,375,482,623,560,120,98,81,71,77,101,138,176,199,215,267,300,323,316,244,96,24,712,150,2
Suriname,1981,3503,582,676,94,42,48,100,190,146,233,376,473,593,510,116,104,86,72,74,97,136,176,200,218,255,289,304,289,221,94,22,718,148,2
Suriname,1982,3423,577,670,93,39,46,100,199,147,229,379,466,567,467,113,110,89,74,73,95,134,178,201,221,245,275,292,266,201,92,21,709,146,3
Suriname,1983,3372,573,665,92,39,44,97,209,151,222,382,467,547,434,110,115,94,78,73,92,130,179,203,229,238,266,281,250,184,89,21,704,141,3
Suriname,1984,3304,564,654,90,35,42,94,219,155,217,382,465,526,404,105,119,100,82,73,90,127,179,203,232,233,255,271,235,169,84,21,689,136,3
Suriname,1985,3270,554,642,88,34,41,92,229,161,215,386,473,511,382,100,123,106,86,75,90,125,179,207,239,234,246,265,225,157,80,20,676,133,3
Suriname,1986,3298,545,632,87,34,41,94,265,181,216,393,486,497,362,95,140,125,100,81,91,125,182,211,246,240,240,257,215,147,75,20,666,135,3
Suriname,1987,3273,534,618,84,34,39,93,273,190,212,394,496,481,349,90,139,134,105,85,91,121,179,215,249,247,232,249,209,140,69,21,652,132,3
Suriname,1988,3234,519,600,81,33,37,90,275,199,211,390,506,468,336,87,135,140,110,89,90,121,175,215,251,255,227,241,203,133,66,21,633,127,3
Suriname,1989,3163,508,587,79,33,36,82,249,199,204,387,517,458,327,82,116,133,110,89,88,116,171,216,254,263,225,233,199,128,62,20,620,118,3
Suriname,1990,3148,493,570,77,33,36,79,251,211,204,386,529,456,319,80,115,136,117,94,91,113,168,218,257,272,229,227,194,125,61,19,603,115,3
Suriname,1991,3115,474,546,72,33,34,75,246,222,203,378,534,453,309,76,110,136,123,99,91,112,163,215,259,275,233,220,189,120,58,18,579,109,3
Suriname,1992,3089,453,523,70,33,34,74,241,236,204,371,543,455,300,72,106,135,132,104,95,109,159,212,263,280,241,214,184,116,55,17,556,108,3
Suriname,1993,3044,432,498,66,31,34,70,233,247,209,362,541,456,290,70,102,131,137,110,100,109,155,207,262,279,248,208,178,112,53,17,529,104,3
Suriname,1994,2997,409,471,62,29,33,67,224,257,210,351,540,459,282,67,97,127,141,116,103,107,150,201,261,279,253,206,171,111,51,16,500,100,3
Suriname,1995,3028,390,449,59,29,34,66,221,273,223,350,554,479,280,67,96,125,148,125,111,112,150,200,266,288,265,214,170,110,51,16,478,100,3
Suriname,1996,3079,373,428,55,27,33,66,216,281,237,356,577,507,280,66,94,122,147,134,119,118,155,201,274,303,279,228,170,110,50,16,455,99,3
Suriname,1997,3204,356,408,52,26,34,68,214,294,262,371,614,552,291,67,93,121,149,145,131,131,160,211,287,327,300,252,177,114,51,16,434,102,4
Suriname,1998,3372,341,388,47,26,35,71,215,306,291,392,659,609,308,70,93,122,150,156,145,146,170,222,300,359,327,282,189,119,54,16,414,106,4
Suriname,1999,3570,328,373,45,25,34,73,217,319,322,417,706,672,334,74,94,123,151,168,160,162,182,235,315,391,357,315,209,125,57,17,398,107,4
Suriname,2000,3734,317,361,44,24,33,74,217,323,349,435,737,730,365,77,94,123,150,173,172,177,192,243,323,414,385,345,233,132,60,17,385,107,4
Suriname,2001,3937,307,348,41,22,32,76,218,329,378,459,775,800,407,84,96,122,150,179,185,193,207,252,340,435,422,378,265,142,67,17,370,108,4
Suriname,2002,4137,298,338,40,22,32,74,220,330,406,487,806,874,454,91,100,120,150,180,198,208,228,259,357,449,464,410,299,155,72,19,360,106,4
Suriname,2003,4350,288,326,38,21,30,73,221,331,430,517,831,950,509,104,103,118,151,180,207,223,250,267,375,456,507,443,334,175,81,23,347,103,4
Suriname,2004,4344,279,316,37,21,26,65,210,312,429,519,810,969,550,112,98,112,143,169,204,225,257,262,369,441,514,455,355,195,86,26,337,91,3
Suriname,2005,4244,269,304,35,20,26,61,200,299,429,521,777,947,548,108,93,107,136,163,203,226,261,260,351,426,496,451,350,198,81,27,324,87,4
Suriname,2006,4158,261,296,35,20,24,58,193,284,429,527,748,926,547,107,89,104,128,156,201,228,264,263,335,413,473,453,346,201,79,28,316,82,4
Suriname,2007,4065,250,283,33,16,23,53,186,268,425,531,723,900,541,105,85,101,119,149,195,230,265,266,317,406,444,456,339,202,78,27,299,76,5
Suriname,2008,3984,243,276,33,16,22,50,177,254,418,543,702,877,537,106,78,99,112,142,188,230,268,275,305,397,419,458,336,201,80,26,292,72,5
Suriname,2009,3891,235,265,30,15,19,46,167,242,407,547,677,849,539,110,71,96,106,136,178,229,268,279,295,382,399,450,335,204,84,26,280,65,6
Suriname,2010,3886,228,258,30,15,19,44,161,234,409,565,671,839,553,115,67,94,103,131,176,233,275,290,300,371,393,446,344,209,89,26,273,63,6
Suriname,2011,3989,222,250,28,14,19,43,158,234,416,596,687,852,588,125,66,92,105,129,176,240,291,305,316,371,403,449,367,221,97,28,264,62,7
Suriname,2012,4144,216,242,26,14,19,44,157,238,426,637,716,875,631,136,65,92,109,129,178,248,311,326,340,376,423,452,396,235,106,30,256,63,7
Suriname,2013,4280,210,236,26,15,18,44,152,241,433,676,753,891,667,147,63,89,113,128,180,253,329,347,370,383,438,453,420,247,114,33,251,62,8
Suriname,2014,4359,204,230,26,15,18,43,149,238,432,705,780,891,690,158,62,87,113,125,179,253,342,363,392,388,440,451,432,258,121,37,245,61,8
Suriname,2015,4156,199,224,25,13,17,40,134,221,400,686,760,834,662,157,57,77,105,116,166,234,331,355,386,374,409,425,410,252,120,37,237,57,8
Suriname,2016,4039,194,217,23,11,15,35,122,212,374,673,756,803,649,158,52,70,99,113,154,220,321,352,385,371,387,416,391,258,120,38,228,50,9
Suriname,2017,3923,189,211,22,11,14,35,114,197,350,660,755,773,630,161,49,65,90,107,142,208,309,351,381,374,366,407,368,262,121,40,222,49,9
Suriname,2018,4013,184,206,22,10,14,32,112,197,346,677,800,788,646,172,48,64,88,109,139,207,311,366,399,401,369,419,368,278,128,44,216,46,10
Suriname,2019,4238,178,199,21,10,14,31,114,201,356,715,875,829,687,190,49,65,87,114,141,215,320,395,434,441,390,439,386,301,141,49,209,45,12
Suriname,2020,4273,174,195,21,10,14,31,109,197,347,719,908,832,693,205,48,61,84,113,138,209,315,404,449,459,398,434,389,304,151,54,205,45,14
Suriname,2021,5315,170,190,20,10,14,33,115,215,394,855,1132,1097,964,277,49,66,90,125,158,236,356,499,555,577,533,564,541,423,207,70,200,47,18
Sweden,1950,70199,2382,3028,646,350,219,298,1230,1813,3488,6785,12987,20849,16343,2785,556,674,767,1046,1410,2078,2850,3935,5563,7424,9925,10924,9727,6616,2378,407,3378,517,30
Sweden,1951,69766,2333,2932,599,360,210,344,1086,1732,3472,6775,12857,20716,16352,2893,501,585,781,951,1378,2094,2829,3946,5477,7380,9744,10972,9464,6888,2487,406,3292,554,33
Sweden,1952,68288,2210,2752,542,334,191,320,956,1674,3286,6798,12975,20567,15700,2702,432,524,752,922,1388,1898,2886,3912,5457,7518,9615,10952,9121,6579,2317,385,3086,511,32
Sweden,1953,69532,2040,2521,481,368,221,330,1021,1652,3271,6872,13254,21301,15932,2751,475,546,757,895,1347,1924,2793,4079,5465,7789,9924,11377,9763,6169,2346,405,2889,551,33
Sweden,1954,68976,1919,2357,438,279,224,278,878,1553,3288,6637,13213,21315,16056,2862,392,486,683,870,1301,1987,2751,3886,5394,7819,9944,11371,10076,5980,2442,420,2636,502,34
Sweden,1955,68704,1881,2316,435,337,211,319,830,1484,3199,6877,13050,21362,15761,2924,383,447,614,870,1264,1935,2821,4056,5477,7573,9871,11491,10019,5742,2476,448,2653,530,36
Sweden,1956,70167,1861,2276,415,294,206,353,788,1522,3186,6718,13292,21892,16640,2962,356,432,664,858,1254,1932,2777,3941,5561,7731,10154,11738,10529,6111,2519,443,2570,559,35
Sweden,1957,73016,1879,2280,401,297,266,337,782,1444,3149,6984,13805,22750,17756,3122,355,427,614,830,1212,1937,2865,4119,5891,7914,10518,12232,11036,6720,2634,488,2577,603,39
Sweden,1958,71018,1652,2037,385,249,233,358,706,1388,3005,6666,13408,22246,17672,3013,318,388,528,860,1164,1841,2723,3943,5654,7754,10430,11816,11131,6541,2522,491,2286,591,40
Sweden,1959,70785,1711,2069,358,251,202,364,775,1304,2941,6616,12997,22338,17938,2947,384,391,503,801,1108,1833,2714,3902,5396,7601,10545,11793,11195,6743,2443,504,2320,566,42
Sweden,1960,75085,1666,2028,362,225,196,372,746,1307,3037,6997,13953,23862,19209,3111,352,394,512,795,1142,1895,2799,4198,5903,8050,11173,12689,11977,7232,2567,544,2253,568,46
Sweden,1961,73583,1641,1974,333,233,199,375,737,1209,2834,6904,13752,23233,19114,2978,355,382,492,717,1051,1783,2863,4041,5803,7949,10743,12490,11887,7227,2459,519,2207,574,44
Sweden,1962,76869,1652,1968,316,235,197,389,744,1165,2900,6952,14326,24400,20245,3296,375,369,445,720,1189,1711,2857,4095,6039,8287,11044,13356,12383,7862,2730,566,2203,586,50
Sweden,1963,76613,1761,2038,277,220,185,466,805,1157,2886,6977,14380,23959,20018,3464,421,384,473,684,1086,1800,2740,4237,6083,8297,10682,13277,12182,7836,2895,569,2258,651,54
Sweden,1964,76754,1790,2059,269,208,185,462,865,1202,2896,7155,14541,24032,19797,3307,458,407,457,745,1153,1743,2844,4311,6105,8436,10890,13142,11982,7815,2793,514,2267,647,51
Sweden,1965,78217,1623,1905,282,227,173,435,845,1229,2861,7070,14650,24496,20733,3541,454,391,481,748,1177,1684,2877,4193,6170,8480,11181,13315,12419,8314,3006,535,2132,608,53
Sweden,1966,78503,1565,1864,299,204,153,416,891,1158,2900,6913,14756,24635,20869,3686,528,363,453,705,1133,1767,2756,4157,6170,8586,11197,13438,12532,8337,3124,562,2068,569,58
Sweden,1967,79858,1537,1787,250,171,148,321,979,1205,3011,6989,14973,25084,21197,3929,505,474,519,686,1160,1851,2725,4264,6199,8774,11353,13731,12780,8417,3319,610,1958,469,61
Sweden,1968,82507,1456,1718,262,214,159,378,1026,1264,2925,7048,15042,25900,22603,4168,551,475,543,721,1025,1900,2655,4393,6224,8818,11859,14041,13738,8865,3529,639,1932,537,60
Sweden,1969,83399,1254,1522,268,207,138,388,1001,1177,3042,7045,15734,26359,22459,4264,504,497,517,660,1111,1931,2673,4372,6688,9046,12348,14011,13549,8910,3573,691,1729,526,63
Sweden,1970,80035,1243,1493,250,226,150,391,1025,1137,2888,6888,15308,24840,21428,4196,515,510,502,635,1053,1835,2738,4150,6475,8833,11495,13345,12890,8538,3497,699,1719,541,64
Sweden,1971,82642,1291,1484,193,180,180,388,995,1217,2893,6972,15550,25943,22372,4396,500,495,528,689,1091,1802,2795,4177,6563,8987,11989,13954,13328,9044,3640,756,1664,568,70
Sweden,1972,83964,1211,1426,215,210,130,374,1081,1195,2799,7022,15544,26662,22712,4727,493,588,548,647,1008,1791,2852,4170,6429,9115,12304,14358,13376,9336,3864,863,1636,504,82
Sweden,1973,85612,1067,1255,188,175,147,346,1026,1246,2650,6908,15951,26952,23971,4901,484,542,581,665,1008,1642,2827,4081,6477,9474,12342,14610,13775,10196,4012,889,1430,493,85
Sweden,1974,86364,1057,1252,195,176,143,338,946,1272,2661,6986,15906,27324,24057,5207,432,514,623,649,1010,1651,2913,4073,6450,9456,12540,14784,14013,10044,4234,973,1428,481,98
Sweden,1975,88206,873,1069,196,186,153,355,1028,1340,2700,6894,16130,27815,24896,5529,470,558,633,707,1022,1678,2832,4062,6427,9703,12579,15236,14581,10315,4488,1041,1255,508,109
Sweden,1976,90724,807,971,164,164,159,336,1027,1414,2521,7017,16199,28563,26162,6069,464,563,670,744,997,1524,2726,4291,6505,9694,13038,15525,15185,10977,4965,1104,1135,495,120
Sweden,1977,88205,763,931,168,128,133,299,973,1411,2607,6883,15784,27674,25323,5935,429,544,660,751,1054,1553,2653,4230,6240,9544,12422,15252,14779,10544,4854,1081,1059,432,124
Sweden,1978,89614,719,868,149,143,138,327,963,1440,2487,6741,15614,28592,26091,6083,448,515,699,741,999,1488,2520,4221,6026,9588,12911,15681,15137,10954,4982,1101,1011,465,127
Sweden,1979,91061,724,893,169,132,126,310,903,1526,2462,6895,15380,29001,26778,6503,416,487,710,816,993,1469,2555,4340,5948,9432,13115,15886,15538,11240,5233,1270,1025,436,150
Sweden,1980,91785,666,806,140,116,124,261,891,1488,2522,6531,15403,28997,27546,6934,383,508,662,826,1046,1476,2374,4157,6166,9237,13165,15832,15930,11616,5535,1399,922,385,164
Sweden,1981,92038,644,744,100,102,113,290,796,1396,2366,6144,15300,29193,28380,7048,369,427,593,803,942,1424,2255,3889,6136,9164,13340,15853,16208,12172,5593,1455,846,403,166
Sweden,1982,90745,627,753,126,91,80,262,763,1462,2320,5931,14998,28698,28028,7187,321,442,573,889,961,1359,2161,3770,6076,8922,12939,15759,16160,11868,5663,1524,844,342,177
Sweden,1983,90779,643,744,101,93,85,295,809,1321,2307,5597,14501,28518,28765,7560,365,444,531,790,1003,1304,2184,3413,5938,8563,12705,15813,16366,12399,5980,1580,837,380,190
Sweden,1984,90465,608,695,87,78,102,259,817,1365,2326,5388,14115,28659,28810,7651,373,444,546,819,1050,1276,1989,3399,5941,8174,12388,16271,16434,12376,6059,1592,773,361,201
Sweden,1985,94119,677,787,110,74,92,274,756,1360,2343,5359,14321,29243,30739,8534,367,389,551,809,1042,1301,1989,3370,5800,8521,12488,16755,17320,13419,6736,1798,861,366,234
Sweden,1986,93354,613,736,123,75,111,254,819,1319,2510,5079,13945,28618,31168,8484,399,420,496,823,1075,1435,1927,3152,5356,8589,12296,16322,17442,13726,6691,1793,811,365,237
Sweden,1987,93358,651,769,118,65,90,274,827,1267,2523,5100,13471,28449,31362,8898,394,433,529,738,1104,1419,1980,3120,5207,8264,12074,16375,17425,13937,6984,1914,834,364,258
Sweden,1988,96661,668,782,114,70,92,261,854,1295,2737,4890,13763,28570,33380,9685,429,425,533,762,1238,1499,1900,2990,5182,8581,11878,16692,18427,14953,7586,2099,852,353,280
Sweden,1989,92093,679,799,120,63,76,297,775,1255,2597,4726,12731,26905,32119,9476,354,421,498,757,1157,1440,1868,2858,4617,8114,11013,15892,17567,14552,7415,2061,862,373,275
Sweden,1990,95127,744,864,120,77,82,254,785,1103,2675,4754,12416,27621,34111,10083,364,421,468,635,1109,1566,1821,2933,4584,7832,11370,16251,18723,15388,7853,2230,941,336,301
Sweden,1991,95144,747,863,116,55,73,245,740,1137,2754,4789,12231,27088,34100,10752,313,427,479,658,1105,1649,1875,2914,4579,7652,11313,15775,18807,15293,8386,2366,918,318,317
Sweden,1992,94684,644,756,112,67,72,187,680,1054,2648,4634,11880,26769,34486,11124,309,371,438,616,987,1661,1941,2693,4507,7373,11496,15273,18784,15702,8661,2463,823,259,329
Sweden,1993,96863,557,674,117,84,76,198,668,1077,2569,4699,11292,26784,36343,12054,308,360,444,633,936,1633,1998,2701,4198,7094,11402,15382,19411,16932,9408,2646,758,274,349
Sweden,1994,91639,483,584,101,57,66,162,645,1092,2575,4761,10541,25097,34458,11283,265,380,422,670,948,1627,2086,2675,4062,6479,10901,14196,18273,16185,8828,2455,641,228,326
Sweden,1995,93849,410,493,83,60,61,172,587,984,2486,4836,10471,25392,35587,12359,274,313,441,543,916,1570,2207,2629,4013,6458,10711,14681,18515,17072,9646,2713,553,233,359
Sweden,1996,93933,366,457,91,63,59,137,568,954,2280,4972,10120,24930,36010,13001,243,325,420,534,816,1464,2325,2647,3866,6254,10258,14672,18325,17685,10093,2908,520,196,385
Sweden,1997,93180,319,413,94,74,59,135,558,949,2138,5042,9782,24564,35568,13486,281,277,405,544,810,1328,2350,2692,3788,5994,9884,14680,18014,17554,10389,3097,487,194,410
Sweden,1998,93286,313,389,76,73,78,202,509,918,2047,5076,9690,24145,35772,13966,246,263,382,536,777,1270,2272,2804,3809,5881,9348,14797,17786,17986,10736,3230,462,280,423
Sweden,1999,94721,294,348,54,73,79,145,538,884,2134,5146,9434,24000,36551,14935,240,298,371,513,839,1295,2224,2922,3775,5659,9132,14868,17869,18682,11448,3487,421,224,455
Sweden,2000,93378,310,356,46,57,77,180,559,844,1983,5292,9268,23002,36112,15175,264,295,333,511,722,1261,2194,3098,3855,5413,8749,14253,17799,18313,11628,3547,413,257,471
Sweden,2001,93791,331,399,68,50,70,155,535,868,1981,5414,9199,22021,36566,16012,268,267,350,518,715,1266,2142,3272,3781,5418,8451,13570,18098,18468,12192,3820,449,225,519
Sweden,2002,95017,317,386,69,36,67,173,531,819,1848,5373,9255,21658,37447,16861,274,257,343,476,706,1142,1975,3398,3879,5376,8410,13248,18653,18794,12757,4104,422,240,566
Sweden,2003,92836,310,383,73,45,64,185,512,799,1887,5165,9384,20755,36730,16359,247,265,306,493,717,1170,1906,3259,4035,5349,8163,12592,18580,18150,12324,4035,428,249,565
Sweden,2004,90564,313,361,48,43,64,180,550,752,1798,5118,9467,19598,35676,16374,286,264,294,458,668,1130,1850,3268,4182,5285,7787,11811,17927,17749,12238,4136,404,244,582
Sweden,2005,91915,247,329,82,49,62,152,521,753,1753,5066,9944,19246,36199,17211,250,271,299,454,683,1070,1833,3233,4425,5519,7533,11713,17967,18232,12761,4450,378,214,631
Sweden,2006,91165,299,369,70,44,53,188,506,751,1704,4818,9979,18698,36070,17319,270,236,304,447,693,1011,1799,3019,4610,5369,7391,11307,17159,18911,12727,4592,413,241,668
Sweden,2007,91718,268,336,68,41,45,203,537,712,1754,4597,10303,18209,36340,17930,262,275,285,427,703,1051,1733,2864,4710,5593,7064,11145,16729,19611,13104,4826,377,248,709
Sweden,2008,91401,271,328,57,29,59,181,568,712,1701,4469,10554,17750,36172,18143,274,294,318,394,718,983,1725,2744,4792,5762,7099,10651,16279,19893,13238,4905,357,240,735
Sweden,2009,90125,278,363,85,47,57,172,532,718,1696,4371,10409,17654,35332,18008,268,264,280,438,684,1012,1717,2654,4599,5810,7305,10349,15579,19753,13030,4978,410,229,770
Sweden,2010,90603,291,357,66,32,44,170,565,652,1598,4100,10795,17830,34820,18825,281,284,292,360,602,996,1569,2531,4627,6168,7359,10471,15306,19514,13720,5105,389,214,815
Sweden,2011,89861,231,290,59,47,43,171,563,693,1608,4047,10606,17534,33957,19474,279,284,306,387,588,1020,1523,2524,4209,6397,7419,10115,14978,18979,14381,5093,337,214,828
Sweden,2012,91829,292,351,59,36,51,138,565,702,1619,3936,10688,17891,34341,20616,280,285,288,414,571,1048,1543,2393,4053,6635,7661,10230,15167,19174,15227,5389,387,189,892
Sweden,2013,90277,303,355,52,35,41,133,627,711,1582,3907,10696,17991,32827,20481,292,335,310,401,568,1014,1550,2357,3978,6718,7876,10115,14681,18146,15167,5314,390,174,893
Sweden,2014,88898,250,301,51,42,37,131,615,714,1606,3828,10413,18230,31763,20300,303,312,374,340,595,1011,1505,2323,3797,6616,8139,10091,14073,17690,14979,5321,343,168,914
Sweden,2015,90926,280,339,59,40,57,124,677,708,1467,3845,10183,19213,32069,21243,311,366,341,367,552,915,1489,2356,3721,6462,8757,10456,14182,17887,15399,5844,379,181,960
Sweden,2016,90930,289,348,59,49,45,104,592,761,1524,3692,9973,19929,31410,21529,249,343,365,396,577,947,1469,2223,3745,6228,9234,10695,13968,17442,15250,6279,397,149,979
Sweden,2017,91854,272,319,47,38,51,128,662,755,1483,3622,9572,20379,32023,21804,270,392,356,399,576,907,1491,2131,3638,5934,9395,10984,14137,17886,15217,6587,357,179,1016
Sweden,2018,92179,232,301,69,32,62,137,649,762,1390,3640,9537,21137,31824,21671,289,360,370,392,551,839,1495,2145,3595,5942,9677,11460,14321,17503,15061,6610,333,199,1036
Sweden,2019,88702,232,289,57,33,40,133,613,751,1329,3509,8835,20820,30597,20726,269,344,346,405,539,790,1385,2124,3409,5426,9230,11590,14010,16587,14321,6405,322,173,1027
Sweden,2020,98316,263,315,52,32,56,148,576,742,1337,3722,9170,23134,34527,23325,245,331,366,376,517,820,1426,2296,3504,5666,9694,13440,16081,18446,16082,7243,347,204,1233
Sweden,2021,92278,218,272,54,33,44,131,561,879,1352,3737,8686,23149,31728,20509,238,323,428,451,509,843,1387,2350,3395,5291,8755,14394,15379,16349,14151,6358,305,175,1200
Switzerland,1950,47303,2618,3244,626,235,180,297,992,1370,2866,5570,9609,14015,8062,858,452,540,562,808,1179,1687,2444,3126,4058,5551,7078,6937,5294,2768,750,108,3479,477,6
Switzerland,1951,49891,2403,3063,660,292,175,290,1031,1434,2911,5560,10022,15222,8861,1028,454,577,639,795,1150,1761,2383,3177,4228,5794,7524,7698,5683,3178,901,127,3355,465,7
Switzerland,1952,47586,2406,2967,561,259,167,284,934,1219,2668,5510,9480,14495,8616,974,450,484,533,686,1056,1612,2348,3162,4005,5475,7086,7409,5615,3001,857,117,3226,451,8
Switzerland,1953,49620,2408,2911,503,291,176,270,877,1210,2726,5607,9789,15203,9434,1115,411,466,562,648,1107,1619,2460,3147,4134,5655,7160,8043,6099,3335,976,139,3202,446,11
Switzerland,1954,49071,2233,2743,510,250,167,277,886,1161,2622,5704,9768,14964,9340,1179,438,448,519,642,1030,1592,2411,3293,4116,5652,7002,7962,6033,3307,1029,150,2993,444,12
Switzerland,1955,50266,2209,2729,520,248,168,265,885,1153,2646,5682,9868,15420,9930,1257,441,444,555,598,986,1660,2437,3245,4255,5613,7098,8322,6479,3451,1092,165,2977,433,11
Switzerland,1956,51537,2225,2683,458,253,182,253,863,1125,2616,5666,9978,15923,10667,1316,409,454,516,609,963,1653,2368,3298,4362,5616,7365,8558,7068,3599,1142,174,2936,435,11
Switzerland,1957,51015,2055,2575,520,242,201,295,904,1092,2453,5755,10287,15554,10310,1337,441,463,488,604,912,1541,2352,3403,4520,5767,7301,8253,6712,3598,1162,175,2817,496,10
Switzerland,1958,49201,1988,2408,420,233,181,280,880,1119,2358,5591,9752,14677,10390,1315,452,428,502,617,866,1492,2304,3287,4272,5480,6835,7842,6854,3536,1123,192,2641,461,12
Switzerland,1959,50048,2025,2472,447,198,177,299,855,1110,2217,5621,9812,14727,11124,1414,411,444,446,664,773,1444,2317,3304,4409,5403,6843,7884,7213,3911,1206,208,2670,476,15
Switzerland,1960,52093,1995,2454,459,193,163,282,857,1063,2219,5558,10403,15454,11855,1579,447,410,469,594,819,1400,2270,3288,4647,5756,7040,8414,7595,4260,1345,234,2647,445,18
Switzerland,1961,50947,2102,2502,400,211,164,349,859,1069,2192,5733,10266,14937,11161,1493,461,398,465,604,836,1356,2338,3395,4610,5656,6987,7950,7046,4115,1269,224,2713,513,16
Switzerland,1962,55060,2228,2669,441,233,168,375,855,1118,2263,5816,10948,16020,12835,1737,437,418,493,625,888,1375,2284,3532,4806,6142,7424,8596,7988,4847,1478,259,2902,543,22
Switzerland,1963,57010,2260,2710,450,234,159,347,854,1119,2294,5882,11259,16779,13534,1815,436,418,493,626,933,1361,2302,3580,4936,6323,7684,9095,8276,5258,1558,257,2944,506,23
Switzerland,1964,53577,2163,2572,409,215,150,342,904,1071,2165,5605,11017,15462,12273,1780,467,437,468,603,938,1227,2177,3428,4805,6212,7340,8122,7614,4659,1538,242,2787,492,20
Switzerland,1965,55500,1970,2364,394,206,156,311,830,1012,2131,5433,11474,16447,13082,2031,415,415,449,563,921,1210,2051,3382,4957,6517,7685,8762,8028,5054,1748,283,2570,467,22
Switzerland,1966,55746,1852,2298,446,229,145,366,870,996,2090,5543,11314,16460,13407,2011,443,427,445,551,871,1219,2187,3356,4766,6548,7822,8638,8115,5292,1728,283,2527,511,20
Switzerland,1967,55057,1866,2239,373,258,164,355,908,1032,2059,5220,11392,16209,13076,2126,498,410,449,583,849,1210,1956,3264,4831,6561,7838,8371,8056,5020,1824,302,2497,519,21
Switzerland,1968,57323,1685,2087,402,243,178,312,896,995,2153,5436,11397,17128,14088,2381,474,422,397,598,818,1335,1990,3446,4795,6602,8100,9028,8503,5585,2032,349,2330,490,30
Switzerland,1969,57933,1589,1969,380,242,178,325,999,1110,2226,5228,11964,17603,13683,2372,539,460,460,650,818,1408,1930,3298,4977,6987,8448,9155,8233,5450,2024,348,2211,503,31
Switzerland,1970,57071,1528,1846,318,264,161,378,980,1057,2286,5038,11395,17326,13887,2429,540,440,478,579,879,1407,1881,3157,4749,6646,8326,9000,8356,5531,2072,357,2110,539,29
Switzerland,1971,57794,1369,1729,360,254,193,394,976,1047,2336,4896,11464,17620,14215,2637,528,448,414,633,902,1434,1877,3019,4808,6656,8347,9273,8452,5763,2250,387,1983,587,31
Switzerland,1972,56417,1196,1524,328,245,171,383,986,1038,2214,4767,11079,17486,13795,2700,520,466,473,565,896,1318,1933,2834,4617,6462,8292,9194,8280,5515,2283,417,1769,554,33
Switzerland,1973,56931,1147,1416,269,212,167,353,934,929,2099,4632,11079,17911,14343,2818,502,432,405,524,814,1285,1923,2709,4652,6427,8417,9494,8512,5831,2363,455,1628,520,37
Switzerland,1974,56350,1057,1336,279,196,153,393,938,978,1992,4514,10814,17578,14490,2931,521,417,455,523,795,1197,1950,2564,4382,6432,8338,9240,8683,5807,2460,471,1532,546,37
Switzerland,1975,55947,842,1073,231,178,156,380,944,1002,2126,4556,10554,17522,14438,2976,500,444,455,547,845,1281,1952,2604,4091,6463,8119,9403,8643,5795,2468,508,1251,536,41
Switzerland,1976,57181,810,1003,193,170,127,350,890,982,2032,4510,10464,17912,15344,3346,458,432,459,523,758,1274,1959,2551,4140,6324,8282,9630,9079,6265,2753,593,1173,477,46
Switzerland,1977,55631,714,877,163,165,142,354,921,1001,1990,4557,9969,17590,14958,3062,483,438,486,515,787,1203,1925,2632,3781,6188,8027,9563,8898,6060,2505,557,1042,496,45
Switzerland,1978,57762,613,798,185,167,164,326,893,1059,2019,4693,9873,18117,16035,3557,467,426,467,592,787,1232,1942,2751,3753,6120,8316,9801,9578,6457,2891,666,965,490,59
Switzerland,1979,57460,616,762,146,122,158,338,970,1074,1937,4723,9478,18048,16160,3622,525,445,515,559,747,1190,1907,2816,3603,5875,8153,9895,9430,6730,2928,694,884,496,63
Switzerland,1980,59070,672,801,129,122,128,365,954,1058,1959,4635,9431,18471,17118,3951,542,412,461,597,785,1174,1787,2848,3631,5800,8377,10094,10009,7109,3173,778,923,493,75
Switzerland,1981,59754,553,711,158,106,133,375,995,1039,1930,4527,9294,18526,18006,4030,568,427,470,569,730,1200,1762,2765,3785,5509,8164,10362,10524,7482,3239,791,817,508,82
Switzerland,1982,59153,570,706,136,93,98,381,1010,1005,2013,4585,8745,18011,18176,4240,539,471,433,572,806,1207,1826,2759,3574,5171,8004,10007,10629,7547,3404,836,799,479,89
Switzerland,1983,60797,551,699,148,110,113,361,1054,1024,1916,4412,8915,18280,19150,4660,595,459,403,621,762,1154,1769,2643,3841,5074,8066,10214,11082,8068,3741,919,809,474,103
Switzerland,1984,58539,535,688,153,82,89,327,969,1062,1909,4321,8622,17336,18549,4481,509,460,441,621,780,1129,1706,2615,3859,4763,7475,9861,10588,7961,3612,869,770,416,105
Switzerland,1985,59536,512,649,137,83,112,333,922,1031,1895,4286,8667,17325,19343,4784,477,445,424,607,798,1097,1682,2604,3757,4910,7308,10017,10890,8453,3842,942,732,445,107
Switzerland,1986,60114,524,666,142,63,108,333,991,1007,1916,4147,8583,16969,19822,5398,521,470,432,575,857,1059,1637,2510,3666,4917,7115,9854,11114,8708,4346,1052,729,441,117
Switzerland,1987,59549,526,643,117,75,58,311,1015,1069,1929,4139,8498,16535,19629,5519,552,463,478,591,870,1059,1686,2453,3515,4983,6793,9742,10843,8786,4399,1120,718,369,127
Switzerland,1988,60629,556,680,124,77,92,284,1096,1090,1986,4026,8578,16135,20498,5957,548,548,507,583,842,1144,1590,2436,3553,5025,6459,9676,11271,9227,4727,1230,757,376,133
Switzerland,1989,60835,595,705,110,60,76,292,1146,1161,1991,4020,8324,15519,21204,6192,554,592,571,590,837,1154,1563,2457,3353,4971,6152,9367,11465,9739,4907,1285,765,368,146
Switzerland,1990,63756,570,693,123,68,67,288,1100,1202,2100,3936,8620,16027,22562,6921,503,597,588,614,873,1227,1600,2336,3523,5097,6334,9693,11835,10727,5496,1425,761,355,171
Switzerland,1991,62611,532,657,125,86,77,261,1178,1248,2246,4000,8320,15352,22042,6968,559,619,670,578,977,1269,1612,2388,3343,4977,6336,9016,11727,10315,5524,1444,743,338,175
Switzerland,1992,62297,553,659,106,67,76,221,1127,1348,2138,3977,8161,15030,22055,7252,519,608,672,676,874,1264,1637,2340,3322,4839,6484,8546,11662,10393,5711,1541,726,297,185
Switzerland,1993,62529,458,579,121,90,63,204,1058,1357,2121,3812,8043,14911,22037,8044,464,594,701,656,835,1286,1629,2183,3251,4792,6544,8367,11303,10734,6303,1741,669,267,211
Switzerland,1994,62041,425,547,122,67,86,188,1080,1363,2179,3853,7781,14360,22104,8217,468,612,684,679,898,1281,1681,2172,3112,4669,6456,7904,11286,10818,6404,1813,614,274,221
Switzerland,1995,63386,414,507,93,63,68,231,882,1396,2141,4015,7791,14623,22577,8852,396,486,694,702,869,1272,1764,2251,3202,4589,6671,7952,11238,11339,6869,1983,570,299,242
Switzerland,1996,62741,390,489,99,65,59,189,770,1289,1971,3864,7375,14532,22490,9373,338,432,621,668,813,1158,1727,2137,3023,4352,6518,8014,10978,11512,7214,2159,554,248,273
Switzerland,1997,62875,381,483,102,53,62,194,671,1128,2024,4023,7382,14452,22431,9684,320,351,526,602,787,1237,1783,2240,2976,4406,6232,8220,10560,11871,7369,2315,536,256,295
Switzerland,1998,62596,376,456,80,49,69,176,666,1027,1916,4034,7151,14752,22095,9895,311,355,491,536,807,1109,1759,2275,3050,4101,6110,8642,10353,11742,7507,2388,505,245,308
Switzerland,1999,62637,360,446,86,51,68,181,622,963,1835,3902,7158,14640,21846,10586,274,348,419,544,766,1069,1688,2214,3015,4143,5998,8642,10059,11787,8026,2560,497,249,342
Switzerland,2000,62523,383,454,71,47,71,161,625,973,1818,4141,7185,14353,21797,10545,283,342,392,581,775,1043,1685,2456,2984,4201,5836,8517,10097,11700,8064,2481,501,232,348
Switzerland,2001,61256,352,443,91,40,59,176,505,967,1854,3975,6953,13871,21207,10827,242,263,397,570,752,1102,1652,2323,2849,4104,5711,8160,9951,11256,8191,2636,483,235,378
Switzerland,2002,61706,325,400,75,46,43,158,535,906,1888,3944,6771,13871,21567,11162,255,280,366,540,771,1117,1600,2344,2940,3831,5823,8048,10343,11224,8364,2798,446,201,414
Switzerland,2003,63090,306,363,57,40,57,166,485,879,1743,4061,6881,13801,22293,11866,243,242,346,533,707,1036,1600,2461,2962,3919,5646,8155,10991,11302,8854,3012,403,223,454
Switzerland,2004,60168,311,387,76,43,62,164,464,840,1817,3844,6716,13066,21001,11317,219,245,315,525,741,1076,1529,2315,2897,3819,5457,7609,10567,10434,8413,2904,430,226,448
Switzerland,2005,61062,308,363,55,42,49,153,448,779,1843,3697,6769,12910,21730,11809,237,211,284,495,742,1101,1453,2244,3068,3701,5293,7617,10995,10735,8693,3116,405,202,472
Switzerland,2006,60250,322,375,53,45,44,151,431,716,1721,3712,6677,12874,21520,11506,194,237,285,431,684,1037,1430,2282,3067,3610,5204,7670,10478,11042,8343,3163,420,195,479
Switzerland,2007,61123,295,341,46,36,40,147,445,617,1666,3757,7008,12591,22089,11857,221,224,233,384,694,972,1492,2265,3225,3783,5201,7390,10568,11521,8415,3442,377,187,529
Switzerland,2008,61184,305,344,39,35,39,142,402,654,1666,3545,7088,12297,22397,12017,183,219,264,390,637,1029,1439,2106,3212,3876,5018,7279,10471,11926,8427,3590,379,181,554
Switzerland,2009,62568,338,382,44,37,42,141,401,613,1674,3658,7034,12585,23113,12290,196,205,234,379,632,1042,1549,2109,3090,3944,5136,7449,10637,12476,8493,3797,419,183,597
Switzerland,2010,62650,309,347,38,26,34,124,328,568,1705,3621,7216,12380,23319,12360,140,188,228,340,658,1047,1485,2136,3129,4087,4971,7409,10713,12606,8575,3785,373,158,619
Switzerland,2011,61992,307,348,41,40,40,107,371,565,1664,3445,7173,12223,22893,12490,181,190,243,322,588,1076,1462,1983,2987,4186,4924,7299,10324,12569,8864,3626,388,147,641
Switzerland,2012,64008,306,347,41,28,31,111,330,532,1542,3634,7315,12254,23596,13588,151,179,221,311,571,971,1529,2105,3073,4242,5044,7210,10600,12996,9776,3812,375,142,706
Switzerland,2013,65070,322,366,44,30,32,111,336,534,1545,3654,7172,12387,23912,14269,147,189,221,313,562,983,1493,2161,2966,4206,5299,7088,10776,13136,10459,3810,396,143,732
Switzerland,2014,63794,340,377,37,20,33,96,321,541,1395,3602,7111,12278,23326,13966,136,185,238,303,518,877,1484,2118,2807,4304,5338,6940,10429,12897,10338,3628,397,129,732
Switzerland,2015,67634,342,391,49,31,36,104,335,526,1403,3616,7252,13156,24407,15583,157,178,220,306,480,923,1503,2113,2965,4287,5748,7408,10836,13571,11488,4095,422,140,794
Switzerland,2016,64852,308,340,32,22,36,74,339,514,1315,3536,6967,12597,23569,14810,148,191,221,293,479,836,1476,2060,2834,4133,5640,6957,10500,13069,10750,4060,362,110,734
Switzerland,2017,66996,312,360,48,25,31,92,328,549,1292,3621,6844,13113,24140,15850,142,186,220,329,439,853,1489,2132,2785,4059,5838,7275,10582,13558,11308,4542,385,123,752
Switzerland,2018,67281,289,344,55,33,36,109,324,515,1303,3558,6942,13221,23948,16199,149,175,206,309,476,827,1469,2089,2919,4023,5845,7376,10536,13412,11457,4742,377,145,755
Switzerland,2019,67786,284,326,42,34,27,85,318,477,1182,3412,6797,13832,24022,16495,156,162,208,269,445,737,1335,2077,2888,3909,6091,7741,10470,13552,11497,4998,360,112,781
Switzerland,2020,75992,319,368,49,32,37,99,333,541,1193,3490,7110,15171,27636,19106,161,172,207,334,421,772,1383,2107,3034,4076,6366,8805,11862,15774,13440,5666,400,136,875
Switzerland,2021,69734,279,318,39,34,32,79,282,448,986,3366,6916,14414,24628,17330,121,161,205,243,383,603,1176,2190,3044,3872,5766,8648,10523,14105,12060,5270,352,111,904
Syria,1950,91700,29643,44739,15096,1703,1098,1431,3340,2865,3128,4520,7986,11804,7883,1190,1738,1602,1439,1426,1500,1628,2063,2457,3444,4542,5684,6120,5018,2865,1015,175,46442,2529,15
Syria,1951,91853,30156,45358,15202,1762,1106,1440,3416,2920,3139,4491,7777,11528,7736,1163,1766,1650,1480,1440,1512,1627,2051,2440,3350,4427,5543,5985,4928,2808,993,170,47120,2546,15
Syria,1952,91362,30289,45333,15044,1828,1112,1438,3470,2979,3149,4467,7573,11258,7599,1140,1781,1689,1525,1454,1521,1628,2028,2439,3260,4313,5407,5851,4844,2755,972,168,47161,2550,15
Syria,1953,90438,30430,45290,14860,1885,1100,1410,3453,2992,3119,4398,7314,10914,7431,1116,1761,1692,1544,1448,1505,1614,1979,2419,3147,4167,5235,5679,4735,2696,951,165,47175,2510,14
Syria,1954,87802,29608,43595,13987,1911,1084,1376,3399,2986,3080,4329,7067,10587,7279,1095,1724,1675,1550,1436,1483,1597,1931,2398,3043,4024,5072,5515,4633,2646,932,163,45506,2460,14
Syria,1955,85096,28849,42088,13239,1875,1057,1322,3290,2945,3010,4229,6814,10248,7125,1076,1659,1631,1532,1413,1445,1565,1872,2357,2945,3869,4901,5347,4525,2600,917,159,43963,2379,14
Syria,1956,83045,28073,40677,12604,1886,1060,1307,3250,2970,2994,4179,6660,9985,7005,1060,1631,1619,1545,1425,1435,1559,1851,2328,2907,3753,4769,5216,4440,2565,904,156,42563,2367,14
Syria,1957,80713,27317,39341,12024,1850,1046,1268,3137,2936,2936,4084,6492,9691,6872,1045,1568,1569,1520,1416,1405,1531,1817,2267,2872,3620,4619,5072,4342,2530,892,153,41191,2314,14
Syria,1958,78870,26618,38078,11460,1843,1065,1256,3081,2945,2921,4034,6385,9456,6757,1035,1536,1545,1515,1430,1400,1521,1809,2225,2865,3520,4499,4957,4258,2499,883,152,39921,2321,13
Syria,1959,76950,25964,36919,10955,1810,1071,1231,2979,2918,2887,3967,6276,9210,6643,1024,1482,1497,1488,1430,1386,1501,1790,2177,2850,3426,4371,4839,4173,2470,874,150,38729,2302,13
Syria,1960,75233,25377,35844,10467,1804,1078,1220,2904,2900,2871,3920,6182,8962,6521,1014,1446,1458,1467,1433,1384,1487,1780,2140,2829,3353,4243,4719,4087,2434,866,148,37648,2298,13
Syria,1961,73645,24808,34870,10062,1790,1077,1211,2821,2864,2857,3879,6110,8735,6414,1007,1409,1412,1436,1428,1385,1472,1764,2115,2792,3318,4125,4610,4010,2404,859,148,36660,2288,13
Syria,1962,72727,24401,34096,9695,1816,1098,1231,2802,2885,2891,3893,6103,8566,6332,1004,1406,1396,1436,1449,1414,1477,1772,2121,2769,3334,4039,4527,3955,2377,857,147,35912,2329,13
Syria,1963,71769,24097,33455,9358,1817,1094,1257,2757,2872,2916,3891,6081,8385,6239,996,1392,1365,1418,1454,1437,1479,1765,2126,2730,3351,3950,4435,3890,2349,851,145,35272,2351,13
Syria,1964,70844,23900,32966,9066,1803,1084,1277,2698,2822,2917,3874,6050,8207,6142,988,1372,1326,1383,1439,1446,1471,1750,2124,2691,3359,3871,4336,3825,2317,845,143,34769,2361,12
Syria,1965,70305,23786,32580,8794,1807,1094,1309,2679,2808,2956,3882,6049,8083,6063,984,1372,1307,1365,1443,1470,1486,1747,2135,2674,3375,3830,4253,3771,2292,841,143,34387,2403,12
Syria,1966,70071,23656,32174,8518,1820,1114,1365,2756,2846,3039,3919,6054,8010,5982,978,1426,1330,1378,1468,1514,1525,1761,2158,2678,3376,3834,4176,3717,2265,835,143,33994,2479,12
Syria,1967,69760,23477,31718,8241,1782,1109,1417,2912,2901,3133,3940,6029,7945,5892,969,1528,1384,1403,1498,1559,1574,1771,2169,2684,3345,3855,4090,3655,2237,827,142,33500,2526,12
Syria,1968,68378,23240,31195,7955,1774,1111,1343,2668,2685,3066,3891,5976,7887,5807,962,1416,1252,1280,1405,1507,1559,1744,2147,2677,3299,3879,4008,3594,2213,821,141,32969,2454,12
Syria,1969,67383,23051,30712,7661,1720,1086,1315,2631,2578,3035,3853,5928,7840,5719,955,1419,1212,1225,1353,1478,1557,1727,2126,2673,3255,3900,3940,3532,2187,814,141,32432,2401,12
Syria,1970,66730,22797,30152,7355,1711,1083,1324,2645,2529,3054,3867,5928,7835,5640,950,1442,1203,1199,1330,1473,1581,1740,2127,2688,3240,3924,3911,3476,2164,809,141,31863,2407,12
Syria,1971,65367,22319,29391,7072,1632,1033,1284,2571,2403,3001,3851,5893,7798,5550,944,1411,1160,1136,1267,1429,1572,1737,2114,2680,3213,3895,3903,3411,2139,803,141,31023,2317,12
Syria,1972,64897,21856,28697,6841,1631,1029,1299,2586,2366,3052,3920,5962,7878,5519,947,1421,1165,1118,1248,1437,1615,1789,2131,2712,3250,3902,3976,3385,2134,806,141,30328,2328,12
Syria,1973,68705,21399,27966,6567,1598,1036,1765,4328,3271,3704,4323,6201,8050,5506,946,2377,1951,1630,1641,1783,1921,2028,2295,2835,3366,3955,4095,3379,2127,805,141,29564,2801,12
Syria,1974,63379,20983,27279,6296,1575,984,1287,2550,2230,3056,4037,6035,7965,5422,938,1374,1176,1059,1171,1401,1655,1881,2156,2730,3305,3869,4096,3326,2096,798,140,28854,2271,12
Syria,1975,63220,20617,26630,6013,1612,999,1317,2615,2228,3101,4167,6128,8057,5423,935,1406,1209,1064,1164,1406,1695,1958,2209,2762,3366,3893,4164,3341,2082,795,140,28242,2316,12
Syria,1976,63203,20277,26026,5749,1636,1013,1336,2676,2237,3152,4334,6230,8148,5467,933,1439,1237,1076,1161,1413,1739,2044,2290,2799,3431,3940,4208,3397,2070,793,140,27662,2349,12
Syria,1977,64798,19939,25398,5459,1867,1153,1499,3011,2468,3388,4680,6490,8348,5558,930,1622,1389,1204,1264,1517,1871,2217,2463,2923,3567,4069,4279,3496,2062,790,140,27265,2652,12
Syria,1978,59760,19446,24683,5237,1316,832,1121,2280,1906,2836,4316,6062,7987,5484,925,1238,1042,931,975,1219,1617,2007,2309,2705,3357,3893,4094,3469,2015,785,140,25999,1953,12
Syria,1979,59736,18913,23925,5012,1332,851,1141,2334,1952,2871,4508,6193,8105,5588,924,1273,1061,969,983,1224,1647,2083,2425,2773,3420,3977,4128,3563,2025,784,140,25257,1992,12
Syria,1980,60019,18336,23092,4756,1378,891,1185,2432,2030,2944,4751,6389,8283,5708,924,1329,1103,1017,1013,1249,1695,2182,2569,2887,3502,4089,4194,3653,2055,784,140,24470,2076,12
Syria,1981,68428,18594,24650,6056,2066,1218,1723,3854,2861,3605,5554,7094,8904,5958,930,2113,1741,1488,1373,1569,2036,2564,2990,3269,3825,4437,4467,3816,2142,790,140,26716,2941,12
Syria,1982,82910,19554,28035,8481,3057,1655,2708,6769,4439,4695,6686,8040,9659,6216,937,3721,3048,2389,2050,2119,2576,3115,3571,3792,4248,4853,4806,3971,2245,796,141,31092,4363,12
Syria,1983,57863,16548,20556,4008,1267,844,1146,2331,1965,2781,4976,6700,8510,5863,905,1260,1071,973,992,1167,1614,2210,2766,3135,3565,4202,4308,3679,2184,768,137,21823,1990,11
Syria,1984,55445,16115,19925,3810,1076,722,1011,2037,1744,2506,4731,6572,8381,5848,886,1098,939,848,896,1041,1465,2061,2670,3089,3483,4114,4267,3635,2213,749,137,21001,1733,11
Syria,1985,57228,15743,19377,3634,1192,799,1131,2275,1947,2673,5028,7036,8776,6068,917,1225,1050,948,999,1125,1548,2177,2851,3334,3702,4298,4478,3765,2303,778,139,20569,1930,11
Syria,1986,56936,15373,18859,3486,1147,777,1116,2240,1932,2630,5022,7221,8881,6156,946,1210,1030,937,995,1112,1518,2147,2875,3422,3799,4329,4552,3822,2334,806,140,20006,1893,11
Syria,1987,57847,14961,18323,3362,1184,811,1176,2364,2035,2723,5171,7607,9140,6318,987,1283,1081,990,1045,1167,1556,2193,2978,3600,4007,4451,4689,3941,2377,845,142,19507,1987,11
Syria,1988,57622,14437,17691,3254,1140,791,1158,2341,2008,2718,5156,7848,9288,6446,1023,1277,1064,983,1025,1180,1538,2164,2992,3688,4160,4523,4765,4037,2409,878,145,18831,1949,11
Syria,1989,58405,13866,16991,3125,1176,826,1211,2472,2103,2836,5272,8244,9574,6626,1059,1352,1120,1038,1065,1254,1582,2202,3070,3852,4392,4680,4894,4168,2458,911,148,18167,2037,11
Syria,1990,59390,13353,16352,2999,1212,859,1261,2612,2210,2965,5394,8662,9919,6839,1093,1431,1181,1092,1118,1330,1635,2246,3148,4019,4643,4887,5032,4315,2524,938,155,17564,2120,12
Syria,1991,59721,12799,15648,2849,1215,869,1278,2683,2265,3043,5432,8958,10190,7001,1120,1470,1213,1116,1149,1373,1670,2258,3174,4122,4836,5075,5115,4420,2581,957,163,16863,2147,12
Syria,1992,60205,12377,15075,2698,1203,863,1287,2733,2308,3107,5457,9246,10556,7209,1148,1492,1241,1133,1175,1399,1708,2269,3188,4213,5033,5319,5237,4543,2666,976,172,16278,2150,12
Syria,1993,62152,12134,14676,2542,1275,921,1382,2968,2497,3325,5650,9710,11097,7463,1177,1610,1358,1224,1273,1482,1843,2364,3286,4390,5320,5661,5436,4695,2768,998,179,15951,2303,12
Syria,1994,64083,11842,14246,2404,1335,975,1475,3197,2690,3555,5835,10151,11687,7714,1211,1723,1474,1317,1373,1566,1989,2458,3377,4550,5601,6021,5666,4844,2870,1024,187,15581,2450,13
Syria,1995,64499,11440,13720,2280,1298,965,1475,3220,2728,3644,5858,10336,12129,7878,1239,1723,1497,1334,1394,1595,2049,2483,3375,4582,5754,6279,5850,4929,2949,1047,192,15018,2440,13
Syria,1996,66541,11009,13179,2170,1350,1026,1575,3469,2949,3903,6093,10747,12827,8130,1278,1847,1622,1449,1500,1710,2193,2612,3481,4726,6021,6652,6175,5078,3052,1082,196,14529,2601,14
Syria,1997,68612,10562,12633,2071,1398,1089,1668,3723,3179,4165,6356,11127,13561,8380,1321,1973,1750,1573,1606,1837,2328,2763,3593,4858,6269,7021,6540,5234,3146,1121,200,14031,2757,15
Syria,1998,70963,10207,12179,1972,1459,1154,1771,4001,3437,4415,6685,11500,14333,8649,1365,2116,1885,1710,1727,1973,2442,2965,3720,4993,6507,7395,6938,5413,3236,1160,205,13638,2925,15
Syria,1999,71759,9899,11782,1883,1425,1143,1767,4033,3507,4494,6853,11600,14884,8855,1399,2133,1900,1750,1757,2021,2473,3094,3759,5007,6593,7633,7251,5560,3295,1190,209,13207,2910,16
Syria,2000,72012,9632,11432,1800,1368,1101,1731,3978,3515,4529,6936,11588,15327,9064,1432,2103,1875,1757,1758,2031,2498,3164,3772,4977,6611,7804,7523,5724,3340,1219,213,12800,2832,16
Syria,2001,69601,9609,11350,1741,1191,950,1539,3553,3204,4231,6652,11089,15252,9124,1448,1878,1675,1596,1608,1872,2359,3033,3619,4729,6360,7688,7564,5795,3329,1229,219,12541,2489,17
Syria,2002,70276,9489,11189,1700,1157,915,1520,3520,3224,4278,6761,11081,15658,9464,1489,1855,1665,1598,1626,1882,2396,3075,3686,4724,6357,7822,7836,6059,3405,1263,226,12346,2435,17
Syria,2003,69988,9397,11056,1659,1077,845,1445,3368,3139,4218,6764,10919,15849,9765,1524,1768,1600,1544,1595,1839,2379,3018,3746,4657,6262,7836,8013,6289,3476,1290,234,12133,2290,18
Syria,2004,72079,9363,11011,1648,1072,835,1447,3418,3243,4374,7049,11139,16497,10378,1598,1784,1634,1582,1661,1901,2473,3093,3956,4764,6375,8072,8425,6714,3664,1349,249,12083,2282,19
Syria,2005,72918,9385,11034,1649,1025,798,1396,3354,3224,4392,7189,11161,16815,10860,1647,1746,1608,1559,1665,1904,2488,3128,4061,4794,6367,8139,8676,7037,3823,1389,258,12059,2194,20
Syria,2006,72078,9416,11068,1652,955,746,1304,3199,3096,4272,7109,10904,16636,11102,1668,1665,1534,1487,1609,1851,2421,3072,4037,4715,6189,7963,8673,7174,3928,1403,265,12023,2050,20
Syria,2007,74566,10006,11695,1689,933,724,1286,3344,3246,4447,7362,11153,17023,11606,1724,1734,1610,1562,1684,1941,2506,3191,4171,4883,6270,8061,8962,7484,4122,1447,277,12628,2010,22
Syria,2008,80708,10684,12436,1752,990,763,1365,3777,3707,4993,8029,12069,18123,12590,1841,1938,1839,1791,1916,2206,2787,3531,4498,5394,6675,8516,9607,8115,4475,1546,295,13426,2128,24
Syria,2009,80361,10355,12157,1802,966,733,1274,3552,3582,4939,7969,12119,17990,13129,1922,1810,1742,1723,1859,2183,2756,3519,4450,5504,6615,8405,9585,8421,4708,1615,307,13123,2007,25
Syria,2010,82765,10224,12089,1865,987,738,1270,3570,3697,5160,8292,12576,18382,13915,2060,1798,1772,1776,1921,2288,2872,3663,4629,5776,6800,8553,9829,8879,5036,1733,327,13076,2008,27
Syria,2011,89900,10357,12745,2388,1210,845,1551,4736,4590,5890,8968,13350,19004,14759,2218,2363,2373,2264,2326,2665,3225,3982,4986,6187,7163,8841,10163,9356,5403,1872,346,13955,2396,29
Syria,2012,148222,14187,23993,9806,4443,2348,4571,15739,12637,11680,13498,17624,22578,16622,2456,7782,7957,6644,5993,5774,5906,6285,7213,8366,9258,10734,11844,10534,6088,2081,375,28436,6919,32
Syria,2013,173344,15036,27970,12934,6153,3118,5942,19756,16137,14519,15734,19757,23918,17659,2648,9684,10072,8470,7667,7256,7263,7404,8330,9325,10432,11511,12407,11076,6583,2249,399,34123,9060,34
Syria,2014,167708,12849,25440,12591,6519,3291,5780,16756,14797,14318,15838,20135,23648,18292,2858,8232,8524,7575,7222,7047,7271,7414,8424,9356,10779,11458,12190,11259,7033,2429,429,31959,9071,36
Syria,2015,143047,10105,19445,9340,5327,2802,4701,11665,11139,12022,14209,18838,21999,17893,2966,5883,5782,5522,5617,5746,6276,6567,7642,8641,10197,10683,11316,10741,7152,2518,448,24772,7503,37
Syria,2016,133145,8858,16419,7561,4770,2623,4403,9681,9531,11137,13698,18590,21469,17680,3105,5138,4543,4612,4919,5213,5924,6311,7387,8474,10116,10496,10973,10382,7298,2632,473,21189,7026,38
Syria,2017,115420,6573,8747,2174,1623,1295,4179,10767,9574,10380,12354,16710,19711,16822,3214,6075,4692,4774,4800,4936,5444,5719,6635,7595,9115,9630,10081,9641,7181,2718,496,10370,5474,40
Syria,2018,105952,6435,8325,1890,1480,1224,3299,7697,6861,8704,11637,16471,20016,16788,3404,4546,3151,3300,3561,3977,4727,5324,6313,7487,8984,9915,10101,9545,7243,2875,529,9805,4523,42
Syria,2019,99931,6759,8265,1506,1175,1077,2510,5701,5020,7437,11183,16458,20677,16796,3581,3406,2295,2337,2683,3262,4175,5055,6128,7474,8984,10363,10314,9586,7210,3016,565,9440,3587,45
Syria,2020,103032,7329,8923,1594,1146,1088,2067,4740,4147,7107,11852,18307,22605,17241,3761,2827,1913,1853,2294,3023,4084,5277,6575,8258,10049,11604,11001,10000,7241,3164,597,10069,3155,48
Syria,2021,108607,7588,9152,1564,1033,1076,1997,4544,3894,7249,12733,19785,24577,18429,4084,2674,1870,1696,2198,3013,4236,5662,7071,8898,10887,12627,11950,10783,7646,3429,655,10185,3073,52
Taiwan,1950,84552,20338,38904,18566,2052,1196,1250,3788,4556,5084,7166,9448,8250,2806,46,1997,1791,2153,2403,2527,2557,3166,4000,4603,4845,4753,3497,2523,283,37,9,40956,2446,0
Taiwan,1951,85554,20605,39175,18570,2056,1199,1290,3841,4647,5266,7270,9575,8212,2905,105,2019,1822,2178,2469,2626,2640,3260,4010,4658,4917,4735,3477,2394,511,59,46,41231,2489,11
Taiwan,1952,85709,20273,38976,18703,2011,1159,1315,3845,4682,5412,7366,9693,8206,2916,112,2010,1835,2182,2500,2722,2690,3373,3993,4691,5002,4690,3516,2205,711,60,52,40987,2474,16
Taiwan,1953,85614,19764,38341,18577,2033,1139,1357,3860,4720,5569,7498,9835,8254,2894,99,2005,1855,2190,2530,2832,2737,3508,3990,4723,5112,4668,3586,2041,853,55,44,40374,2496,16
Taiwan,1954,86001,19135,37288,18153,2039,1116,1475,4249,5004,5857,7705,9970,8321,2857,101,2196,2053,2342,2662,3009,2848,3667,4038,4760,5210,4684,3637,1945,912,64,37,39327,2591,14
Taiwan,1955,83967,18420,35914,17494,2087,1094,1407,3841,4729,5835,7765,9995,8362,2811,118,1990,1851,2181,2548,2985,2850,3712,4053,4740,5255,4711,3651,1910,901,92,26,38001,2501,11
Taiwan,1956,82965,17572,34326,16754,2171,1084,1423,3838,4735,5974,7934,10063,8468,2797,146,1998,1840,2182,2553,3040,2934,3787,4147,4746,5317,4802,3666,1927,870,128,18,36497,2507,8
Taiwan,1957,82153,16681,32694,16013,2253,1083,1434,3856,4751,6131,8139,10152,8653,2824,173,2029,1827,2192,2559,3086,3045,3846,4293,4755,5397,4947,3706,1993,831,163,10,34947,2517,5
Taiwan,1958,80902,15726,30838,15112,2305,1086,1434,3860,4747,6256,8314,10191,8809,2854,198,2057,1803,2192,2555,3106,3150,3875,4439,4749,5442,5073,3736,2061,793,192,6,33143,2520,3
Taiwan,1959,78847,14922,28700,13778,2176,1080,1452,3827,4755,6155,8330,10265,8983,2908,216,1960,1867,2221,2534,2945,3210,3774,4556,4784,5481,5189,3794,2122,786,207,9,30876,2532,2
Taiwan,1960,78134,13642,26305,12663,2154,1096,1475,4005,4745,6331,8818,10633,9320,3008,239,2064,1941,2218,2527,3052,3279,3976,4842,4996,5637,5385,3935,2198,810,220,19,28459,2571,3
Taiwan,1961,78523,13952,26019,12067,2224,1118,1490,3885,4562,6435,8977,10817,9593,3126,271,1973,1912,2128,2434,3004,3431,4116,4861,5121,5696,5511,4082,2269,857,233,38,28243,2608,7
Taiwan,1962,77441,13563,24036,10473,2370,1139,1596,3882,4679,6429,8982,10918,9822,3271,306,2056,1826,2174,2505,2925,3504,4148,4834,5246,5672,5585,4237,2346,925,249,57,26406,2735,13
Taiwan,1963,75655,12453,22338,9885,2210,1225,1486,3882,4631,6800,8696,10819,9851,3356,340,1889,1993,2132,2499,2978,3822,4082,4614,5260,5559,5542,4309,2379,977,262,78,24548,2711,19
Taiwan,1964,73498,11403,19212,7809,1816,1187,1501,3986,4584,6684,9072,11276,10223,3548,380,1984,2002,2048,2536,3010,3674,4261,4811,5555,5721,5707,4516,2497,1051,287,93,21028,2688,25
Taiwan,1965,71712,10974,17518,6544,1689,1192,1461,3829,4345,6502,9156,11483,10380,3702,419,1851,1978,2027,2318,2838,3664,4301,4855,5671,5812,5752,4628,2593,1109,312,107,19207,2653,31
Taiwan,1966,73392,10258,16310,6052,1824,1223,1637,4008,4560,6790,9631,12026,10848,4026,474,1982,2026,2099,2461,3067,3723,4529,5102,5913,6113,5957,4891,2812,1214,354,120,18134,2860,37
Taiwan,1967,74565,9973,15831,5858,1955,1315,1657,3752,4580,6952,10090,12486,11135,4249,519,1796,1956,2091,2489,3078,3874,4825,5265,6051,6435,6078,5057,2969,1280,388,131,17786,2972,42
Taiwan,1968,75321,9117,14361,5244,1743,1288,1778,3797,4631,6977,10691,13198,11714,4597,510,1856,1941,2163,2468,3088,3889,5129,5562,6274,6924,6356,5358,3218,1379,405,105,16104,3066,36
Taiwan,1969,71830,8313,12992,4679,1569,1175,1754,3629,4469,6696,10338,12821,11334,4543,480,1747,1882,2114,2355,2950,3746,4901,5437,6018,6803,6141,5193,3176,1367,397,83,14561,2929,27
Taiwan,1970,67592,7130,11153,4023,1281,1036,1682,3447,4132,5970,9903,12632,11234,4622,483,1769,1678,2017,2115,2585,3385,4557,5346,5897,6735,6096,5138,3212,1410,407,76,12434,2718,21
Taiwan,1971,68908,6668,10555,3887,1285,927,1557,3397,3978,5985,10200,13820,12035,4679,472,1720,1677,1852,2126,2639,3346,4546,5654,6587,7233,6761,5274,3252,1427,402,70,11840,2484,16
Taiwan,1972,69597,5802,9250,3448,1184,994,1683,3587,4166,6273,10240,13920,12399,5313,572,1881,1706,1957,2209,2750,3523,4482,5758,6487,7433,6850,5549,3629,1684,487,85,10434,2677,15
Taiwan,1973,71750,5600,8895,3295,1181,1095,1744,3603,4259,6423,10563,14041,13317,5940,674,1928,1675,1838,2421,2847,3576,4621,5942,6617,7424,7374,5943,3995,1945,574,100,10076,2839,15
Taiwan,1974,71759,5179,8146,2967,1266,1041,1811,3721,3963,6350,10548,13943,13828,6371,755,2035,1686,1760,2203,2746,3604,4653,5895,6674,7269,7595,6233,4241,2130,641,114,9412,2852,14
Taiwan,1975,71827,4966,7680,2714,1033,1020,1906,3801,3976,6343,10682,14673,13733,6214,749,2140,1661,1693,2283,2736,3607,4659,6023,7373,7300,7644,6089,4125,2089,637,112,8713,2926,12
Taiwan,1976,73287,4826,7310,2484,967,865,1892,3931,3821,6451,10723,15496,14604,6410,804,2249,1682,1629,2192,2793,3658,4748,5975,7485,8011,7998,6606,4235,2175,683,121,8277,2757,13
Taiwan,1977,75918,4545,6900,2355,1025,935,1881,4186,3706,6663,11282,16096,15357,6942,933,2322,1864,1606,2100,2922,3741,5069,6213,7723,8373,8179,7178,4530,2412,791,142,7925,2816,15
Taiwan,1978,76560,4327,6551,2224,981,907,2038,4309,3783,6582,11608,16627,15268,6922,970,2364,1945,1679,2104,2927,3655,5135,6473,7878,8749,7970,7298,4494,2428,820,150,7532,2945,16
Taiwan,1979,80102,4231,6384,2153,949,870,2271,4606,3833,6839,11777,17301,16314,7772,1163,2478,2128,1787,2046,3001,3838,5281,6496,7890,9411,8497,7817,4994,2778,978,185,7333,3141,20
Taiwan,1980,82177,4109,6241,2132,904,836,2130,4634,4025,6850,12200,18081,16678,8286,1289,2479,2155,1869,2156,2919,3931,5446,6754,8184,9897,8535,8143,5329,2957,1076,213,7145,2966,23
Taiwan,1981,85099,3753,5740,1987,873,921,1975,4793,4109,6785,12285,18901,17757,9406,1530,2425,2368,2003,2106,2881,3904,5341,6944,8460,10441,9494,8263,6060,3346,1266,264,6613,2896,28
Taiwan,1982,85915,3362,5207,1845,855,797,1947,4632,4278,6798,12512,18858,18496,9844,1654,2333,2299,2118,2160,2882,3916,5454,7058,8435,10423,10162,8334,6399,3445,1357,297,6062,2744,32
Taiwan,1983,89484,2958,4642,1684,862,795,1910,4705,4308,6811,12606,19782,20199,10938,1881,2281,2424,2151,2157,2749,4062,5201,7405,8896,10886,11271,8928,7155,3783,1538,343,5504,2705,37
Taiwan,1984,88745,2585,4111,1526,863,686,1723,4520,4626,6833,12440,19447,20528,10981,1945,2232,2288,2322,2304,2799,4034,5122,7318,8952,10495,11715,8813,7146,3835,1586,359,4974,2409,41
Taiwan,1985,90317,2403,3886,1483,808,731,1649,4515,4724,6405,12201,19695,21871,11643,2138,2251,2264,2404,2320,2634,3771,5059,7142,9087,10608,12527,9344,7418,4225,1733,405,4694,2380,47
Taiwan,1986,93831,2038,3379,1341,823,658,1880,4611,4934,6453,12214,20678,23562,12257,2319,2319,2292,2491,2443,2657,3796,5007,7207,9509,11169,13104,10458,7545,4712,1865,454,4202,2538,60
Taiwan,1987,95051,1733,2859,1126,822,729,2134,4641,5157,6374,12059,20993,24535,12267,2409,2308,2333,2521,2636,2717,3657,5049,7010,9743,11250,13289,11246,7235,5032,1912,497,3681,2863,76
Taiwan,1988,100976,1855,2981,1126,747,752,2129,4918,5676,6594,12489,21963,26835,13097,2717,2388,2530,2715,2961,2822,3772,5374,7115,10143,11820,13756,13079,7459,5638,2123,594,3728,2881,78
Taiwan,1989,102725,1835,2903,1068,732,788,2046,4950,6086,6912,12180,22785,27698,12792,2777,2307,2643,2921,3165,3106,3806,5194,6986,10121,12664,13604,14094,7317,5475,2150,627,3635,2834,71
Taiwan,1990,104626,1796,2761,965,662,753,1814,4706,6238,6846,12289,23287,29105,13089,2997,2150,2556,2829,3409,3253,3593,5145,7144,10440,12847,13916,15189,7884,5205,2338,659,3423,2567,78
Taiwan,1991,105523,1705,2578,873,620,703,1697,4674,6300,7058,12090,23376,29419,13746,3163,2132,2542,2829,3471,3368,3690,5198,6892,10383,12993,13960,15459,9030,4716,2528,635,3198,2400,96
Taiwan,1992,109883,1717,2556,839,560,697,1738,4374,6280,7394,11956,23970,30405,16230,3601,1935,2439,2856,3424,3667,3727,4966,6990,10411,13559,14737,15668,11304,4926,2922,679,3116,2435,121
Taiwan,1993,111254,1666,2444,778,525,724,1888,4473,6454,8009,11995,23821,30031,17218,3546,1968,2505,2903,3551,4036,3973,4928,7067,10068,13753,14710,15321,12344,4874,2867,679,2969,2612,125
Taiwan,1994,114270,1716,2457,741,472,640,1923,4190,6566,8556,12189,23776,30458,19207,3707,1860,2330,2924,3642,4349,4207,4953,7236,9792,13984,15187,15271,13660,5547,2946,761,2929,2563,131
Taiwan,1995,120230,2032,2828,796,450,642,1803,4254,6578,8933,12154,24272,32471,21754,3953,1983,2271,2873,3705,4465,4468,4998,7156,10028,14244,16409,16062,14946,6808,3062,891,3278,2445,133
Taiwan,1996,121787,2113,2884,771,415,550,1748,3866,6550,9368,12347,23635,32845,23326,4106,1748,2118,2913,3637,4641,4727,5108,7239,9855,13780,16641,16204,15244,8082,3118,988,3299,2298,153
Taiwan,1997,122010,2079,2827,748,377,482,1640,3625,6595,9741,12077,23257,33032,23919,4232,1563,2062,2826,3769,4820,4921,5243,6834,9564,13693,16811,16221,14897,9022,3215,1017,3204,2122,204
Taiwan,1998,124758,1858,2549,691,371,483,1491,3503,6467,10136,11991,23137,33889,25614,4900,1673,1830,2688,3779,4909,5227,5196,6795,9632,13505,17104,16785,15367,10247,3752,1148,2920,1974,223
Taiwan,1999,127345,1687,2303,616,476,536,1409,3398,6360,10524,12170,22785,35174,26337,5658,1609,1789,2641,3719,4881,5643,5489,6681,9740,13045,17712,17462,15578,10759,4366,1292,2779,1945,213
Taiwan,2000,126381,1641,2240,599,330,366,1258,3266,6009,10785,12116,21802,35279,26251,6473,1597,1669,2479,3530,4855,5930,5578,6538,9280,12522,17399,17880,15597,10654,4963,1510,2570,1624,203
Taiwan,2001,127257,1507,2063,556,322,335,1088,3018,5815,10646,12571,21705,35813,26420,7245,1471,1547,2297,3518,4711,5935,5942,6629,9188,12517,17467,18346,15987,10433,5400,1845,2385,1423,213
Taiwan,2002,128216,1353,1857,504,270,277,939,3048,5520,10586,12699,21172,36136,27983,7469,1383,1665,2165,3355,4583,6003,6231,6468,8948,12224,16945,19191,16954,11029,5548,1921,2127,1216,257
Taiwan,2003,131314,1185,1621,436,332,292,860,2922,5514,10711,13430,21130,36198,30068,7921,1315,1607,2200,3314,4621,6090,6804,6626,8861,12269,16379,19819,18152,11916,5892,2029,1953,1152,317
Taiwan,2004,135141,1167,1584,417,257,279,914,2962,5537,11134,14292,20823,36117,32315,8551,1305,1657,2178,3359,4815,6319,7287,7005,8764,12059,16082,20035,19359,12956,6393,2158,1841,1193,377
Taiwan,2005,140688,1077,1450,373,265,298,870,3297,5741,11367,15196,21044,36260,34982,9486,1345,1952,2313,3428,4922,6445,7724,7472,8982,12062,15706,20554,20730,14252,7132,2354,1715,1168,435
Taiwan,2006,137263,981,1305,324,235,292,776,2978,5592,11314,15853,20053,34178,34495,9743,1192,1786,2251,3341,4987,6327,8045,7808,8559,11494,15045,19133,20196,14299,7334,2409,1540,1068,449
Taiwan,2007,140816,957,1258,301,216,234,646,2702,5129,11112,16138,20451,34145,37002,11242,1098,1604,2080,3049,4788,6324,7982,8156,8733,11718,15088,19057,21228,15774,8432,2810,1474,880,543
Taiwan,2008,144420,918,1198,280,198,224,639,2436,5064,11092,16533,20407,34039,38940,12960,983,1453,2094,2970,4728,6364,7975,8558,8963,11444,15331,18708,21808,17132,9624,3336,1396,863,691
Taiwan,2009,143563,793,1034,241,245,259,624,2392,4889,10633,17061,20329,32884,38337,14101,911,1481,2043,2846,4528,6105,7961,9100,8993,11336,14868,18016,21004,17333,10257,3844,1279,883,769
Taiwan,2010,145178,696,911,215,167,223,612,2130,4549,10445,17369,20272,32457,38841,16265,798,1332,1958,2591,4312,6133,7808,9561,9001,11271,14469,17988,20745,18096,11492,4773,1078,835,934
Taiwan,2011,152856,832,1053,221,146,217,605,2063,4832,10577,17987,21378,33850,40034,18907,852,1211,2025,2807,4328,6249,8099,9888,9713,11665,15042,18808,21035,18999,12938,5969,1199,822,1207
Taiwan,2012,153791,874,1081,207,154,207,572,1962,4781,10412,17772,21952,33883,40509,19099,786,1176,2000,2781,4144,6268,7855,9917,10211,11741,15113,18770,21290,19219,13064,6035,1235,779,1405
Taiwan,2013,152517,788,972,184,149,210,550,1706,4407,9821,18170,22418,33675,40125,18778,731,975,1763,2644,3778,6043,8103,10067,10953,11465,15243,18432,21114,19011,12873,5905,1121,760,1536
Taiwan,2014,159945,801,981,180,151,175,511,1632,4609,9896,18574,23845,35128,42629,20055,702,930,1743,2866,3807,6089,8253,10321,11836,12009,15761,19367,22382,20247,13775,6280,1132,686,1761
Taiwan,2015,159321,865,1059,194,100,153,515,1659,4309,9629,18238,24498,34905,42477,19941,728,931,1585,2724,3732,5897,8077,10161,12434,12064,15434,19471,22306,20171,13721,6220,1159,668,1837
Taiwan,2016,167228,818,1007,189,127,156,515,1673,4439,9530,19213,26005,36105,45115,21332,763,910,1645,2794,3786,5744,8433,10780,13116,12889,15869,20236,23601,21514,14688,6644,1134,671,2009
Taiwan,2017,167361,768,956,188,104,161,478,1538,4079,9189,18605,26573,36153,45690,21760,720,818,1477,2602,3764,5425,8051,10554,13090,13483,15836,20317,23819,21871,14981,6779,1060,639,2073
Taiwan,2018,166272,724,907,183,106,148,420,1493,3791,9026,18516,27460,35627,45287,21442,686,807,1333,2458,3753,5273,7948,10568,13261,14199,15482,20145,23641,21646,14770,6672,1013,568,2049
Taiwan,2019,170083,692,870,178,104,123,467,1508,3587,9004,18587,28597,35771,46854,22451,731,777,1277,2310,3731,5273,7934,10653,13440,15157,15688,20083,24379,22475,15440,7011,974,590,2161
Taiwan,2020,172149,676,846,170,100,114,414,1423,3419,9000,18293,29176,36337,47756,23042,678,745,1204,2215,3789,5211,7740,10553,13283,15893,16089,20248,24829,22927,15828,7214,946,528,2231
Taiwan,2021,176533,664,826,162,97,106,369,1336,3257,9043,17971,29662,37976,49683,23890,625,711,1143,2114,3817,5226,7535,10436,13150,16512,17182,20794,25895,23788,16414,7476,923,475,2315
Tajikistan,1950,24286,9508,12235,2727,294,326,391,893,741,1195,1831,2762,2308,1050,245,516,377,317,424,501,694,870,961,1449,1313,1251,1057,637,413,186,59,12529,717,11
Tajikistan,1951,25599,10100,13145,3045,294,320,402,976,764,1197,1896,2846,2423,1070,247,545,431,335,429,506,691,913,983,1446,1400,1312,1111,675,395,185,62,13439,722,14
Tajikistan,1952,26853,10816,14080,3264,277,305,419,1043,782,1197,1974,2898,2526,1094,242,554,489,359,423,514,683,944,1030,1401,1497,1369,1157,721,373,181,61,14357,724,15
Tajikistan,1953,28138,11535,15012,3477,368,278,435,1097,798,1191,2048,2923,2619,1125,229,552,545,388,410,520,671,959,1089,1335,1588,1423,1196,769,356,172,57,15380,713,15
Tajikistan,1954,29364,12204,15892,3688,352,249,452,1145,828,1193,2134,2959,2751,1177,216,551,594,425,403,528,665,970,1164,1298,1661,1502,1249,821,356,163,53,16244,701,14
Tajikistan,1955,30457,12837,16721,3884,394,223,451,1176,862,1183,2180,2968,2873,1220,195,551,625,463,399,528,655,962,1218,1287,1681,1575,1298,856,364,149,46,17115,674,11
Tajikistan,1956,31650,13441,17520,4079,424,209,446,1208,919,1180,2235,3002,3038,1281,184,560,648,512,407,524,656,955,1280,1322,1680,1678,1360,899,382,141,43,17944,655,9
Tajikistan,1957,32810,14018,18278,4260,463,204,425,1230,994,1176,2269,3027,3222,1346,168,578,652,568,426,513,663,946,1323,1390,1637,1801,1421,938,408,130,38,18741,629,7
Tajikistan,1958,33780,14561,18991,4430,490,211,388,1236,1076,1157,2266,3024,3381,1401,153,597,639,623,453,492,665,924,1342,1468,1556,1909,1472,969,432,121,32,19481,599,6
Tajikistan,1959,34616,15051,19641,4590,504,231,343,1233,1150,1138,2239,3040,3501,1452,149,606,627,664,486,474,664,901,1338,1544,1496,1969,1532,998,454,121,28,20145,574,4
Tajikistan,1960,35437,15471,20208,4737,528,253,307,1227,1220,1124,2208,3095,3599,1511,152,605,622,695,525,464,660,885,1323,1616,1479,1991,1608,1036,475,124,28,20736,560,4
Tajikistan,1961,36065,15769,20631,4862,543,274,282,1211,1278,1115,2172,3172,3659,1572,154,586,625,708,570,468,647,874,1298,1673,1499,1965,1694,1076,496,130,24,21174,556,3
Tajikistan,1962,36695,15935,20897,4962,564,297,274,1201,1341,1121,2160,3302,3724,1643,166,558,643,711,630,490,631,880,1280,1727,1575,1906,1818,1122,521,142,24,21461,571,4
Tajikistan,1963,37131,15979,21002,5023,590,317,282,1177,1394,1131,2145,3427,3761,1717,183,510,667,701,693,522,609,887,1258,1755,1672,1823,1938,1172,545,155,28,21592,599,4
Tajikistan,1964,37406,15927,20973,5046,613,331,311,1138,1438,1154,2126,3537,3780,1800,195,456,682,693,745,564,590,890,1236,1763,1774,1767,2013,1231,569,166,29,21586,642,5
Tajikistan,1965,37686,15822,20852,5030,646,348,345,1101,1482,1200,2122,3641,3823,1909,207,414,687,696,786,615,585,895,1227,1763,1878,1769,2054,1310,599,176,31,21498,693,6
Tajikistan,1966,37933,15709,20691,4982,665,370,378,1064,1522,1274,2119,3721,3868,2031,222,388,676,710,812,676,598,891,1228,1751,1970,1822,2046,1399,632,189,33,21356,748,6
Tajikistan,1967,38100,15628,20538,4910,680,386,409,1023,1547,1369,2101,3752,3889,2158,238,379,644,730,817,746,623,867,1234,1724,2028,1910,1979,1501,657,199,39,21218,795,6
Tajikistan,1968,38243,15594,20426,4832,690,402,435,985,1560,1478,2074,3744,3913,2280,252,393,592,756,804,816,662,835,1239,1688,2056,2026,1887,1595,685,211,41,21116,837,7
Tajikistan,1969,38403,15604,20361,4757,689,416,453,963,1563,1583,2047,3713,3972,2370,266,432,531,770,793,873,710,807,1240,1655,2058,2144,1828,1649,721,220,46,21050,869,8
Tajikistan,1970,38740,15612,20301,4689,679,434,478,962,1574,1697,2048,3704,4118,2450,283,477,485,778,796,923,774,800,1248,1644,2060,2274,1844,1680,770,234,49,20980,912,8
Tajikistan,1971,38861,15559,20187,4628,662,449,499,966,1561,1786,2040,3664,4261,2480,292,514,452,759,802,945,841,809,1231,1633,2031,2368,1893,1661,819,243,49,20849,948,8
Tajikistan,1972,38948,15443,20006,4563,650,459,519,992,1542,1868,2034,3641,4433,2488,306,550,442,720,822,945,923,839,1195,1640,2001,2438,1995,1606,882,254,52,20656,978,8
Tajikistan,1973,39210,15188,19609,4421,646,477,550,1056,1537,1977,2088,3695,4708,2535,325,593,463,673,864,948,1029,908,1180,1686,2009,2536,2172,1572,963,270,55,20255,1027,9
Tajikistan,1974,39198,15054,19344,4290,632,482,572,1121,1486,2038,2119,3666,4860,2530,340,617,504,605,881,936,1102,978,1141,1691,1975,2550,2310,1535,995,284,56,19976,1054,9
Tajikistan,1975,39433,15019,19199,4180,619,480,595,1200,1437,2099,2189,3666,5009,2568,361,647,553,552,885,936,1163,1059,1130,1701,1965,2557,2452,1558,1010,303,58,19818,1075,9
Tajikistan,1976,39960,15065,19182,4117,643,482,622,1285,1398,2163,2319,3674,5150,2643,389,684,601,521,877,956,1207,1165,1154,1697,1977,2559,2591,1635,1008,327,62,19825,1104,9
Tajikistan,1977,40682,15200,19300,4100,627,483,648,1380,1363,2220,2513,3692,5274,2745,422,726,654,517,846,994,1226,1297,1216,1674,2018,2565,2709,1757,988,358,64,19927,1131,10
Tajikistan,1978,41618,15501,19630,4129,635,483,669,1467,1332,2269,2748,3699,5355,2864,454,766,701,542,790,1041,1228,1439,1309,1638,2061,2559,2796,1904,960,387,67,20265,1152,10
Tajikistan,1979,42753,15908,20115,4207,641,486,688,1550,1323,2313,2999,3717,5422,3014,473,808,742,599,724,1081,1232,1569,1430,1612,2105,2562,2860,2058,956,402,71,20756,1174,10
Tajikistan,1980,44187,16351,20666,4315,656,495,704,1649,1338,2369,3273,3797,5534,3219,478,857,792,664,674,1110,1259,1690,1583,1634,2163,2607,2927,2226,993,407,71,21322,1199,9
Tajikistan,1981,45498,16785,21213,4428,662,504,713,1741,1366,2403,3531,3870,5608,3413,467,900,841,726,640,1108,1295,1774,1757,1691,2179,2651,2957,2364,1049,396,71,21875,1217,6
Tajikistan,1982,46208,17166,21693,4527,657,502,700,1788,1389,2369,3694,3866,5574,3526,441,920,868,769,620,1048,1321,1771,1923,1752,2114,2662,2912,2420,1106,372,69,22350,1202,4
Tajikistan,1983,47217,17531,22107,4576,667,506,704,1858,1460,2359,3898,3945,5614,3672,428,947,911,818,642,977,1382,1770,2128,1881,2064,2712,2902,2483,1189,356,72,22774,1210,3
Tajikistan,1984,47874,17752,22308,4556,659,506,701,1911,1552,2302,4056,4046,5627,3780,419,962,949,853,699,882,1420,1759,2297,2034,2012,2745,2882,2512,1268,349,70,22967,1207,2
Tajikistan,1985,48437,17841,22333,4492,645,509,704,1960,1659,2240,4199,4221,5661,3876,427,969,991,896,763,805,1435,1767,2432,2217,2004,2776,2885,2528,1348,359,68,22978,1213,2
Tajikistan,1986,49324,18024,22403,4379,645,502,702,2007,1754,2126,4237,4456,5763,4275,450,972,1035,930,824,735,1391,1754,2483,2403,2053,2773,2990,2741,1534,382,68,23048,1204,3
Tajikistan,1987,50093,18039,22381,4342,640,500,710,2062,1855,2028,4239,4776,5816,4607,482,972,1090,968,887,705,1323,1763,2476,2610,2166,2692,3124,2889,1718,414,68,23021,1210,4
Tajikistan,1988,50343,18047,22378,4331,631,482,700,2076,1927,1925,4152,5052,5735,4778,501,952,1124,998,929,719,1206,1757,2395,2784,2268,2533,3202,2917,1861,438,63,23009,1182,4
Tajikistan,1989,51304,18155,22548,4393,667,498,716,2130,2038,1878,4100,5392,5754,5041,537,961,1169,1065,973,797,1081,1776,2324,2970,2422,2465,3289,2965,2076,472,65,23215,1214,5
Tajikistan,1990,52655,18533,23025,4492,678,486,713,2135,2175,1878,4194,5833,5779,5144,608,962,1173,1150,1025,907,971,1858,2336,3207,2626,2542,3237,2930,2214,535,73,23703,1199,6
Tajikistan,1991,54618,19055,23842,4787,713,496,725,2180,2333,1913,4320,6274,5861,5249,703,992,1188,1249,1084,1015,898,1914,2406,3392,2882,2701,3160,2991,2258,625,78,24555,1221,5
Tajikistan,1992,72031,20080,25750,5670,963,704,1808,6791,5478,3294,5814,8020,6753,5793,854,3378,3413,3164,2314,1912,1382,2594,3220,4233,3787,3304,3449,3400,2393,761,93,26713,2512,6
Tajikistan,1993,77832,19744,25136,5392,884,698,2298,9081,7145,4007,6206,8722,6977,5747,931,4611,4470,4160,2985,2370,1637,2652,3554,4387,4335,3580,3397,3492,2255,836,95,26020,2996,4
Tajikistan,1994,64679,19755,25121,5366,873,645,1121,3799,3895,2853,5037,8212,6789,5370,959,1858,1941,2108,1787,1568,1285,1901,3136,3869,4343,3597,3192,3323,2047,862,97,25994,1766,4
Tajikistan,1995,59438,19334,24504,5170,966,609,823,2544,3069,2574,4365,7684,6546,4831,918,1208,1336,1565,1504,1343,1231,1460,2905,3468,4216,3540,3006,2975,1856,818,100,25470,1432,4
Tajikistan,1996,59638,18462,23764,5302,1037,695,926,2840,3317,2820,4204,7751,6836,4564,875,1362,1478,1638,1679,1436,1384,1300,2904,3451,4300,3753,3083,2760,1804,771,104,24801,1621,4
Tajikistan,1997,55903,17062,21582,4520,817,639,820,2481,3098,2806,3893,7572,7079,4301,812,1161,1320,1470,1628,1399,1407,1191,2702,3404,4168,3955,3124,2542,1759,699,113,22399,1459,4
Tajikistan,1998,52514,16087,20122,4035,707,606,778,2258,2872,2726,3482,7102,7186,3951,721,1044,1214,1330,1542,1362,1364,1186,2296,3260,3842,4050,3136,2302,1649,606,115,20829,1384,4
Tajikistan,1999,49275,14703,18205,3502,634,567,723,2015,2652,2665,3181,6754,7379,3807,689,921,1094,1213,1439,1350,1315,1249,1932,3146,3608,4137,3242,2228,1579,569,120,18839,1290,4
Tajikistan,2000,47362,13418,16476,3058,609,543,759,2130,2665,2744,3002,6475,7517,3750,687,994,1136,1238,1427,1418,1326,1330,1672,3009,3466,4156,3361,2275,1475,564,123,17085,1302,5
Tajikistan,2001,45966,12546,15286,2740,504,534,724,1922,2523,2816,2948,6384,7813,3807,701,894,1028,1169,1354,1460,1356,1430,1518,2959,3425,4273,3540,2400,1407,578,123,15790,1258,7
Tajikistan,2002,44521,11560,14032,2472,504,510,717,1873,2449,2886,2943,6153,7922,3839,685,887,986,1145,1304,1494,1392,1501,1442,2799,3354,4240,3682,2511,1328,572,113,14536,1227,7
Tajikistan,2003,43280,10552,12755,2203,472,486,712,1842,2385,2966,3036,5929,8060,3951,680,885,957,1119,1266,1515,1451,1562,1474,2586,3343,4176,3884,2639,1312,573,107,13227,1198,8
Tajikistan,2004,42855,9814,11778,1964,472,470,716,1850,2368,3087,3237,5762,8282,4153,672,899,951,1111,1257,1535,1552,1627,1610,2368,3394,4140,4142,2786,1367,566,106,12250,1186,9
Tajikistan,2005,42465,9203,10971,1768,432,458,713,1859,2334,3176,3456,5550,8430,4411,663,912,947,1090,1244,1527,1649,1697,1759,2140,3410,4090,4340,2943,1468,549,114,11403,1171,10
Tajikistan,2006,42148,8778,10387,1609,406,438,699,1865,2292,3234,3663,5327,8489,4687,646,920,945,1059,1233,1497,1737,1758,1905,1967,3360,4039,4450,3112,1575,527,119,10793,1137,10
Tajikistan,2007,42782,8546,10046,1500,409,435,692,1912,2295,3335,3948,5246,8697,5107,653,944,968,1048,1247,1491,1844,1870,2078,1947,3299,4107,4590,3379,1728,529,124,10455,1127,10
Tajikistan,2008,42719,8460,9873,1413,372,419,658,1905,2239,3324,4130,5065,8655,5414,660,939,966,1019,1220,1450,1874,1958,2172,2005,3060,4110,4545,3582,1832,534,126,10245,1077,10
Tajikistan,2009,43070,8524,9904,1380,344,408,633,1912,2199,3311,4327,4966,8628,5733,692,937,975,1002,1197,1425,1886,2078,2249,2181,2785,4142,4486,3796,1937,567,125,10248,1041,10
Tajikistan,2010,45345,8598,9979,1381,342,411,685,2201,2362,3484,4776,5112,8951,6265,765,1084,1117,1097,1265,1504,1980,2321,2455,2486,2626,4328,4623,4131,2134,638,127,10321,1096,12
Tajikistan,2011,45315,8586,9944,1358,309,386,650,2180,2311,3412,4974,5094,8795,6443,804,1057,1123,1089,1222,1480,1932,2436,2538,2684,2410,4244,4551,4203,2240,682,122,10253,1036,12
Tajikistan,2012,45436,8541,9904,1363,285,371,596,1974,2205,3334,5217,5264,8721,6687,866,923,1051,1046,1159,1451,1883,2547,2670,2898,2366,4128,4593,4287,2400,743,123,10189,967,13
Tajikistan,2013,45350,8572,9935,1363,285,347,578,1926,2171,3249,5375,5456,8388,6721,906,880,1046,1044,1127,1420,1829,2586,2789,3024,2432,3814,4574,4213,2508,783,123,10220,925,13
Tajikistan,2014,45966,8602,9964,1362,261,331,568,1916,2197,3233,5640,5855,8167,6853,971,856,1060,1071,1126,1412,1821,2639,3001,3173,2682,3512,4655,4197,2656,836,135,10225,899,13
Tajikistan,2015,46344,8549,9897,1348,265,310,548,1895,2225,3206,5852,6284,7879,6930,1043,834,1061,1096,1129,1393,1813,2640,3212,3334,2950,3194,4685,4169,2761,894,149,10162,858,13
Tajikistan,2016,46502,8284,9614,1330,250,291,527,1861,2263,3184,6037,6731,7626,6984,1119,809,1052,1122,1141,1369,1815,2616,3421,3497,3234,2978,4648,4157,2827,956,163,9864,818,13
Tajikistan,2017,46184,7891,9186,1295,258,272,506,1802,2287,3132,6114,7113,7348,6960,1190,785,1017,1137,1150,1331,1801,2555,3559,3651,3462,2899,4449,4132,2828,1011,179,9444,778,13
Tajikistan,2018,45802,7743,8989,1246,254,255,473,1730,2284,3052,6089,7429,7089,6889,1253,761,969,1133,1151,1292,1760,2478,3611,3814,3615,2991,4098,4109,2780,1062,191,9243,728,14
Tajikistan,2019,45238,7585,8783,1198,246,242,438,1659,2272,2963,5976,7683,6886,6767,1304,734,925,1121,1151,1257,1706,2399,3577,3987,3696,3221,3665,4063,2704,1102,202,9029,680,15
Tajikistan,2020,58418,7337,8484,1147,240,237,456,1769,2737,3807,8090,11768,9724,9388,1699,773,996,1301,1436,1617,2190,3181,4909,6015,5753,5098,4626,5651,3737,1444,255,8724,693,19
Tajikistan,2021,44345,7076,8183,1107,232,227,374,1498,2248,2828,5804,8700,6798,6160,1281,654,844,1078,1170,1231,1597,2325,3479,4567,4133,3834,2964,3727,2433,1064,217,8415,601,18
Tanzania,1950,167586,52223,92613,40390,9675,4784,4642,10838,9927,8594,8168,8715,7288,2156,187,5445,5393,5097,4830,4469,4125,4112,4056,4317,4398,4162,3126,1501,655,164,23,102288,9426,3
Tanzania,1951,170393,53666,93811,40145,9899,4857,4720,11020,10088,8755,8346,8942,7508,2252,192,5537,5483,5177,4911,4548,4207,4198,4148,4427,4515,4271,3237,1610,642,170,22,103710,9577,3
Tanzania,1952,174245,54962,95443,40481,10152,4956,4837,11321,10374,9014,8602,9232,7742,2363,204,5686,5635,5322,5052,4681,4333,4324,4278,4571,4661,4398,3344,1736,627,179,25,105595,9793,3
Tanzania,1953,178141,56284,97309,41025,10315,5049,4938,11579,10632,9262,8856,9525,7978,2487,214,5810,5769,5451,5181,4805,4457,4450,4406,4716,4809,4532,3446,1864,623,186,28,107624,9987,3
Tanzania,1954,182013,57628,99502,41874,10353,5156,5033,11802,10833,9448,9058,9780,8204,2623,216,5923,5879,5554,5279,4898,4550,4550,4508,4838,4942,4657,3547,1976,647,188,28,109855,10189,3
Tanzania,1955,186442,59143,101978,42835,10382,5285,5137,12074,11096,9686,9300,10072,8447,2765,217,6056,6018,5687,5409,5019,4667,4671,4629,4979,5093,4795,3652,2069,696,189,28,112360,10422,2
Tanzania,1956,191099,60758,104597,43839,10482,5432,5248,12340,11343,9914,9543,10368,8700,2909,215,6186,6154,5813,5530,5134,4780,4790,4753,5122,5246,4937,3763,2155,754,186,29,115079,10680,2
Tanzania,1957,195774,62468,107351,44883,10606,5582,5350,12590,11563,10115,9760,10630,8954,3057,217,6313,6277,5928,5635,5237,4878,4898,4862,5247,5383,5077,3877,2237,820,185,32,117957,10932,3
Tanzania,1958,200639,63975,109938,45963,10778,5704,5466,12883,11851,10381,10034,10947,9231,3200,220,6456,6427,6076,5775,5373,5008,5032,5002,5401,5546,5231,4000,2315,885,187,33,120716,11170,3
Tanzania,1959,205721,65607,112727,47120,11039,5778,5606,13187,12135,10632,10289,11248,9508,3338,231,6606,6581,6223,5912,5502,5130,5159,5130,5545,5703,5385,4123,2395,943,197,34,123766,11384,3
Tanzania,1960,210777,67209,115365,48156,11258,5787,5740,13541,12529,10947,10571,11536,9778,3475,248,6764,6777,6425,6104,5670,5277,5302,5269,5686,5850,5531,4247,2480,995,214,34,126623,11527,3
Tanzania,1961,215986,68952,118190,49238,11592,5871,5927,13798,12741,11170,10843,11882,10087,3611,270,6903,6895,6532,6209,5779,5391,5430,5413,5853,6029,5702,4385,2567,1044,235,35,129782,11798,3
Tanzania,1962,221174,70662,120959,50297,11864,5908,6098,14130,13042,11433,11115,12208,10373,3751,293,7064,7066,6689,6353,5911,5522,5562,5553,6018,6190,5854,4519,2659,1092,258,35,132823,12006,3
Tanzania,1963,226123,72249,123505,51256,12134,5981,6240,14436,13337,11695,11382,12529,10672,3893,315,7215,7221,6840,6497,6044,5651,5694,5688,6171,6358,6013,4659,2756,1137,280,35,135639,12221,4
Tanzania,1964,230766,73768,125940,52172,12375,6091,6305,14714,13588,11921,11630,12841,10973,4043,337,7361,7353,6968,6620,6156,5765,5813,5817,6319,6522,6171,4802,2855,1188,300,37,138315,12396,4
Tanzania,1965,235256,75172,128147,52975,12597,6215,6337,15023,13842,12169,11905,13184,11272,4198,362,7535,7488,7097,6745,6279,5890,5947,5958,6489,6695,6326,4946,2959,1239,321,41,140744,12552,4
Tanzania,1966,239151,76557,130255,53698,12812,6332,6342,15244,13998,12320,12087,13447,11571,4359,383,7677,7567,7176,6822,6353,5967,6033,6054,6607,6840,6481,5090,3066,1293,338,45,143067,12674,4
Tanzania,1967,242800,77803,132127,54324,13019,6448,6346,15477,14168,12473,12257,13686,11866,4527,407,7827,7650,7263,6905,6432,6041,6116,6141,6713,6973,6632,5234,3178,1349,356,51,145146,12794,4
Tanzania,1968,244877,79179,134119,54940,13191,6520,6292,15350,13948,12301,12175,13732,12113,4702,430,7795,7555,7152,6796,6338,5963,6064,6111,6712,7020,6741,5372,3293,1409,375,55,147310,12812,4
Tanzania,1969,247928,80942,136520,55578,13362,6569,6323,15279,13723,12196,12232,13998,12386,4884,455,7753,7526,7046,6677,6263,5933,6070,6162,6857,7141,6871,5515,3413,1471,394,61,149882,12892,4
Tanzania,1970,252262,82866,139060,56194,13531,6633,6413,15394,13750,12298,12468,14443,12715,5070,481,7757,7637,7071,6679,6293,6005,6172,6296,7078,7365,7042,5673,3536,1534,416,65,152591,13046,5
Tanzania,1971,257005,84874,141895,57021,13711,6697,6488,15530,13787,12396,12722,14957,13057,5258,506,7757,7773,7103,6684,6319,6077,6281,6441,7311,7646,7219,5838,3658,1600,437,69,155606,13185,5
Tanzania,1972,262155,86608,144393,57785,13854,6760,6574,15772,13974,12611,13092,15621,13481,5480,534,7791,7981,7214,6760,6406,6205,6448,6644,7599,8022,7440,6041,3803,1677,461,73,158247,13334,6
Tanzania,1973,265625,88347,146934,58587,13984,6785,6589,15738,13829,12533,13225,16090,13719,5629,558,7744,7994,7162,6667,6336,6197,6490,6735,7792,8298,7562,6157,3895,1734,481,77,160918,13374,7
Tanzania,1974,271787,90209,149375,59166,14129,6871,6696,16109,14270,12911,13748,16904,14295,5883,593,7925,8184,7414,6856,6508,6403,6739,7009,8139,8765,7894,6401,4063,1820,510,83,163504,13567,7
Tanzania,1975,277104,91770,151467,59697,14266,6938,6772,16355,14624,13177,14195,17657,14888,6135,627,8077,8278,7634,6990,6622,6555,6944,7251,8453,9204,8250,6638,4227,1908,539,88,165733,13710,8
Tanzania,1976,281251,92916,153156,60240,14416,6997,6814,16435,14841,13293,14519,18291,15456,6369,661,8148,8287,7790,7051,6663,6630,7084,7435,8706,9585,8611,6845,4380,1989,567,94,167572,13811,8
Tanzania,1977,284626,94180,154824,60644,14572,7043,6831,16362,14914,13278,14711,18788,16007,6591,696,8154,8208,7869,7045,6642,6636,7153,7558,8897,9891,8983,7024,4524,2067,596,100,169396,13874,9
Tanzania,1978,289190,95595,156776,61181,14829,7147,6906,16428,15118,13378,14988,19342,16690,6845,731,8209,8219,7990,7128,6687,6691,7267,7721,9116,10226,9431,7259,4688,2157,626,105,171605,14053,10
Tanzania,1979,291946,96640,158217,61577,15018,7216,6920,16297,15103,13304,15038,19612,17346,7093,770,8135,8162,7940,7163,6660,6644,7269,7769,9174,10438,9833,7513,4848,2245,658,112,173235,14136,10
Tanzania,1980,297366,98075,160734,62659,15485,7456,7070,16362,15318,13407,15181,19916,18206,7409,815,8155,8207,7968,7350,6740,6667,7320,7861,9242,10674,10327,7879,5056,2353,695,120,176219,14526,11
Tanzania,1981,302727,99881,163788,63907,15880,7663,7194,16460,15479,13424,15216,20114,18977,7666,855,8198,8262,7973,7506,6782,6642,7307,7909,9315,10799,10747,8230,5222,2444,728,127,179668,14857,12
Tanzania,1982,310878,102342,167913,65571,16449,7985,7438,16753,15790,13603,15413,20529,20041,8040,910,8355,8398,8044,7746,6906,6697,7369,8044,9510,11019,11291,8750,5463,2577,774,136,184362,15423,13
Tanzania,1983,319775,105102,172423,67321,17035,8327,7710,17109,16175,13894,15640,20938,21108,8434,962,8552,8557,8177,7998,7094,6800,7451,8189,9716,11222,11801,9307,5725,2709,817,145,189458,16037,14
Tanzania,1984,329306,107456,176806,69350,17654,8717,8055,17500,16843,14537,15974,21226,22097,8860,1020,8779,8721,8481,8362,7492,7045,7625,8349,9838,11388,12239,9858,6017,2843,864,156,194460,16772,15
Tanzania,1985,337443,109210,179698,70488,18087,9051,8403,18035,17348,15126,16369,21827,23066,9335,1080,9099,8936,8752,8596,7855,7271,7798,8571,10157,11670,12648,10418,6350,2985,914,166,197785,17454,17
Tanzania,1986,345020,110560,181833,71273,18391,9338,8768,18519,18113,16080,16866,22208,23922,9822,1141,9393,9126,9105,9008,8428,7652,8071,8795,10339,11869,12968,10954,6703,3119,963,178,200224,18106,18
Tanzania,1987,352660,111666,183160,71494,18671,9628,9183,19184,18834,17148,17552,22896,24813,10366,1205,9798,9386,9439,9395,9043,8105,8424,9128,10717,12179,13313,11500,7106,3260,1017,188,201831,18811,19
Tanzania,1988,360468,112966,184684,71718,18839,9863,9588,19916,19793,18393,18250,23341,25546,10963,1272,10220,9696,9859,9934,9739,8654,8824,9426,10959,12382,13556,11990,7543,3420,1072,200,203523,19451,21
Tanzania,1989,369061,113682,185046,71364,18928,10082,10049,21177,20872,19759,19314,24512,26361,11590,1342,10902,10275,10330,10542,10406,9353,9365,9949,11635,12877,13912,12449,7983,3607,1129,213,203974,20131,23
Tanzania,1990,380087,114326,185728,71402,19024,10320,10580,22751,22455,21577,20778,25986,27182,12256,1419,11697,11054,11032,11423,11261,10316,10133,10645,12450,13536,14323,12859,8431,3825,1193,226,204752,20900,24
Tanzania,1991,390696,115216,186894,71678,19199,10570,11074,24246,23728,23264,22131,27309,27799,12953,1498,12459,11787,11601,12127,11994,11270,10870,11261,13154,14155,14618,13181,8884,4069,1257,241,206093,21644,26
Tanzania,1992,403691,116342,188773,72431,19529,10924,11672,26096,25267,25172,23711,28854,28397,13683,1583,13375,12721,12332,12935,12808,12364,11737,11974,13931,14923,14920,13477,9336,4347,1326,257,208302,22596,28
Tanzania,1993,413610,117056,189273,72217,19431,11010,12061,27708,26609,26885,25276,30384,28895,14369,1676,14126,13582,12997,13612,13539,13346,12602,12674,14670,15714,15206,13689,9731,4638,1403,273,208704,23071,30
Tanzania,1994,426468,119230,192662,73432,19922,11392,12676,29740,28446,28624,26207,30584,29371,15024,1788,15066,14674,13954,14492,14475,14149,13297,12910,14517,16067,15490,13881,10084,4940,1495,293,212584,24068,33
Tanzania,1995,439605,122165,196379,74214,20334,11739,13268,31832,30486,30385,27204,30460,29946,15627,1912,16005,15827,15041,15445,15484,14901,14053,13151,14285,16175,15876,14070,10377,5250,1600,312,216713,25007,35
Tanzania,1996,450245,123655,197077,73422,20237,11812,13626,33569,32061,32110,29287,31578,30610,16188,2049,16759,16810,15934,16127,16325,15785,15233,14054,15113,16465,16377,14233,10624,5564,1717,332,217314,25438,38
Tanzania,1997,459741,123164,195350,72186,19967,11772,13886,35167,33286,33714,32240,33959,31423,16732,2204,17445,17722,16692,16594,16999,16715,16742,15498,16807,17152,17026,14397,10851,5881,1849,355,215317,25658,41
Tanzania,1998,464247,122036,192431,70395,19363,11556,13983,36566,34861,35023,34036,34889,31947,17178,2369,17951,18615,17612,17249,17610,17413,17753,16283,17316,17573,17447,14500,11009,6169,1989,380,211794,25539,45
Tanzania,1999,458698,120032,188169,68137,18611,11190,13677,36247,34425,34486,34514,35291,31906,17594,2544,17710,18537,17525,16900,17165,17321,17873,16641,17501,17790,17320,14586,11167,6427,2135,409,206780,24867,48
Tanzania,2000,456859,117510,182538,65028,17775,10838,13539,36753,35413,35127,35743,36301,32090,17962,2729,17775,18978,18100,17313,17350,17777,18351,17392,17908,18393,17275,14815,11313,6649,2286,443,200313,24377,52
Tanzania,2001,451766,114704,176191,61487,16980,10427,13231,36538,35865,35197,36685,36994,32400,18282,2921,17523,19015,18359,17506,17275,17922,18611,18074,18267,18727,17292,15108,11436,6846,2440,481,193171,23658,56
Tanzania,2002,447113,110895,168493,57598,16100,9994,12931,36567,36665,35555,38047,38106,32915,18559,3117,17379,19188,18777,17888,17368,18187,19017,19030,19002,19104,17432,15483,11532,7027,2595,522,184593,22925,61
Tanzania,2003,436986,107316,161248,53932,15208,9468,12402,35437,36076,34669,38310,38679,33283,18825,3311,16758,18679,18470,17606,16878,17791,18877,19433,19411,19268,17544,15739,11641,7184,2745,566,176456,21870,66
Tanzania,2004,433364,104745,155759,51014,14571,9049,12059,35144,36522,34786,39136,39834,33785,19151,3494,16488,18656,18671,17851,16960,17826,19204,19932,20137,19697,17991,15794,11813,7338,2880,614,170330,21108,72
Tanzania,2005,429886,102512,150822,48310,13936,8648,11698,34685,36888,34877,39751,41099,34213,19526,3664,16155,18530,18808,18080,17075,17802,19479,20272,20902,20197,18485,15728,12044,7482,3000,664,164758,20346,79
Tanzania,2006,427568,100024,146239,46215,13420,8352,11374,34319,37541,35212,40243,42411,34587,19954,3828,15846,18473,19059,18482,17374,17838,19686,20557,21692,20719,18807,15780,12344,7610,3113,715,159659,19726,87
Tanzania,2007,424318,96700,140649,43949,12877,8062,11084,33948,38231,35645,40575,43724,35011,20428,3987,15532,18416,19312,18919,17739,17906,19824,20751,22464,21260,19074,15937,12704,7724,3219,768,153526,19146,96
Tanzania,2008,422193,94052,136290,42238,12445,7815,10767,33523,38851,36059,40794,44973,35581,20856,4137,15190,18333,19534,19317,18085,17974,19865,20929,23120,21853,19397,16184,13004,7852,3319,818,148735,18582,105
Tanzania,2009,415234,91069,131086,40017,12019,7587,10368,32262,37994,35570,40487,45917,36419,21127,4281,14591,17671,19003,18991,17887,17683,19520,20967,23444,22473,19775,16644,13104,8023,3416,865,143105,17955,115
Tanzania,2010,401185,88610,126853,38243,11730,7322,9732,29447,34669,33342,38794,46199,37194,21356,4422,13425,16022,17231,17438,16714,16628,18409,20385,23283,22916,20090,17104,13115,8241,3511,911,138583,17054,126
Tanzania,2011,391927,85828,122327,36499,11436,7129,9364,27729,33074,32321,37622,46461,38018,21755,4554,12685,15044,16335,16739,16202,16119,17701,19921,22982,23479,20542,17476,13252,8503,3601,953,133763,16493,138
Tanzania,2012,382148,83292,118159,34867,11183,7000,9153,26224,31279,30966,36024,46237,38802,22291,4677,12126,14098,15385,15894,15511,15455,16833,19191,22364,23873,20988,17814,13487,8804,3684,993,129342,16153,150
Tanzania,2013,375229,83146,116414,33268,10882,6843,8810,24086,29065,29738,34931,46618,40008,22863,4812,11259,12827,14154,14911,14821,14917,16221,18710,22134,24484,21722,18286,13809,9054,3776,1036,127296,15653,162
Tanzania,2014,368740,83006,114543,31537,10464,6669,8627,22522,27294,28627,33732,46367,41305,23450,4970,10641,11881,13190,14104,14220,14407,15639,18093,21796,24571,22505,18800,14297,9153,3892,1078,125007,15296,173
Tanzania,2015,365045,83218,114115,30897,10242,6609,8540,21303,25718,27660,32688,45965,42847,24029,5148,10190,11113,12350,13368,13689,13971,15174,17514,21507,24458,23416,19431,14832,9197,4031,1117,124357,15149,184
Tanzania,2016,361473,82739,112733,29994,9907,6532,8499,20381,24539,26964,31829,45295,44605,24645,5349,9892,10489,11692,12847,13310,13654,14845,16984,21016,24279,24436,20169,15288,9357,4193,1156,122640,15031,196
Tanzania,2017,360022,82330,111523,29193,9595,6446,8481,19769,23615,26628,31418,44887,46532,25348,5568,9730,10039,11154,12461,13098,13530,14731,16687,20762,24125,25533,20999,15737,9611,4373,1195,121118,14927,208
Tanzania,2018,359085,81230,109354,28124,9205,6271,8396,19231,22912,26699,31491,44868,48504,26172,5760,9580,9651,10706,12206,13076,13623,14842,16649,20721,24147,26561,21943,16255,9917,4522,1238,118559,14667,219
Tanzania,2019,360222,80527,107887,27360,9043,6223,8506,19321,22670,27053,31607,44606,50025,27168,5882,9749,9572,10530,12140,13208,13845,14999,16608,20551,24055,27029,22996,16849,10319,4593,1289,116930,14729,231
Tanzania,2020,381393,79688,106121,26433,8817,5987,7870,17640,21658,29032,35994,52214,58003,31373,6434,9000,8640,9741,11917,13880,15152,16944,19050,23909,28305,31392,26611,19328,12045,5015,1419,114938,13857,250
Tanzania,2021,395720,78875,104171,25296,8609,5883,8249,18617,22467,31099,38630,55361,62124,33551,6693,9517,9100,10076,12391,14689,16410,18308,20322,25291,30070,33010,29114,20814,12737,5199,1494,112780,14132,263
Thailand,1950,417015,123167,175861,52694,18913,10378,14314,31381,30853,31905,31498,32488,25406,10569,3137,16091,15290,15323,15530,15868,16037,16403,15095,15845,16643,13457,11949,6329,4240,2254,883,194774,24692,317
Thailand,1951,415020,123575,176132,52557,18327,10076,14125,31196,30289,31619,31777,32107,25451,10637,2986,15991,15205,15031,15258,15642,15977,16528,15249,15623,16484,13696,11755,6665,3972,2171,815,194459,24201,301
Thailand,1952,413582,123748,176187,52439,17615,9762,14024,31117,29828,31428,32200,31717,25621,10908,2888,15869,15248,14812,15016,15475,15953,16635,15565,15518,16199,14256,11365,7224,3684,2102,786,193802,23786,289
Thailand,1953,414252,124060,176260,52200,18639,9428,13939,31079,29440,31263,32674,31355,25861,11244,2798,15721,15358,14648,14792,15333,15930,16714,15960,15513,15842,14898,10963,7774,3470,2035,763,194899,23367,273
Thailand,1954,410403,123584,175328,51744,18098,9050,13655,30718,28826,30744,32776,30881,25938,11460,2676,15427,15291,14397,14429,15034,15710,16618,16158,15469,15412,15220,10718,8032,3428,1942,734,193426,22705,252
Thailand,1955,407441,122948,174017,51069,18136,8754,13330,30410,28389,30297,32919,30692,26068,11636,2561,15185,15225,14248,14141,14787,15510,16580,16339,15560,15132,15317,10751,8090,3546,1847,714,192153,22084,233
Thailand,1956,405818,122293,172569,50276,18292,8587,13013,30243,28184,29984,33161,30858,26392,11849,2463,15051,15192,14239,13945,14607,15377,16610,16551,15829,15029,15317,11075,8035,3814,1757,706,190861,21600,224
Thailand,1957,404220,121548,170963,49415,18452,8506,12624,30062,28084,29663,33320,31205,26759,12009,2354,14965,15097,14310,13774,14412,15251,16629,16691,16218,14987,15143,11616,7814,4195,1652,702,189415,21130,225
Thailand,1958,405111,121035,169852,48817,18928,8624,12324,30102,28281,29540,33611,31868,27252,12214,2290,15012,15090,14538,13743,14314,15226,16732,16879,16766,15102,14971,12281,7624,4590,1589,701,188780,20948,226
Thailand,1959,402891,120307,167946,47639,18608,8736,11919,29737,28238,29190,33650,32439,27506,12402,2299,14810,14927,14601,13637,14107,15083,16689,16961,17186,15253,14771,12735,7572,4830,1613,686,186554,20655,224
Thailand,1960,391987,119488,166011,46523,18195,8535,11138,28124,27083,27720,32323,31696,26519,12140,2290,13938,14186,14041,13042,13371,14349,15949,16374,16824,14872,14068,12451,7399,4741,1649,641,184206,19673,212
Thailand,1961,381660,118945,164505,45560,17707,8355,10470,26519,25957,26288,30974,30947,25460,11938,2339,13035,13484,13441,12516,12669,13619,15203,15771,16376,14571,13448,12012,7378,4560,1742,597,182212,18825,205
Thailand,1962,384783,118468,163288,44820,17779,8750,10564,26545,26428,26469,31506,32126,25953,12569,2592,12883,13662,13606,12822,12763,13706,15384,16122,16851,15275,13732,12221,7984,4585,2008,584,181067,19314,215
Thailand,1963,387122,117679,161388,43709,17369,9047,10758,26570,26937,26718,32088,33408,26485,13267,2865,12713,13857,13752,13185,12906,13812,15593,16495,17319,16089,14107,12378,8664,4603,2283,582,178757,19805,223
Thailand,1964,384641,116227,158928,42701,17108,9122,10889,25982,26849,26441,31935,33921,26542,13656,3038,12308,13674,13605,13244,12817,13624,15459,16476,17412,16509,14269,12273,9044,4612,2434,604,176036,20011,222
Thailand,1965,381794,114279,155903,41624,17327,9158,11083,25364,26690,26189,31694,34309,26703,13982,3169,11974,13390,13445,13245,12753,13436,15301,16393,17489,16820,14500,12203,9252,4730,2511,658,173230,20241,219
Thailand,1966,381235,111877,152321,40444,17163,9313,11498,25152,26908,26399,31891,35127,27418,14506,3320,11915,13237,13509,13399,12937,13462,15358,16533,17814,17313,15054,12364,9485,5021,2569,751,169484,20811,220
Thailand,1967,380777,109145,148183,39038,16867,9484,11954,25035,27180,26772,32150,35992,28391,15097,3452,11991,13044,13649,13531,13226,13546,15437,16713,18204,17788,15789,12602,9655,5442,2577,875,165050,21438,221
Thailand,1968,380631,105997,143477,37480,16720,9671,12433,25083,27487,27287,32491,36895,29574,15700,3588,12228,12855,13825,13662,13592,13695,15556,16935,18632,18263,16646,12928,9787,5913,2584,1004,160197,22104,227
Thailand,1969,375652,102261,138018,35757,16661,9655,12591,24913,27216,27315,32212,37057,30210,15897,3665,12436,12477,13673,13543,13683,13632,15384,16828,18668,18389,17119,13091,9716,6181,2588,1077,154679,22246,240
Thailand,1970,369462,98087,132007,33920,16373,9624,12664,24856,26801,27276,31873,37103,30805,16022,3790,12698,12158,13403,13398,13695,13581,15197,16676,18612,18491,17468,13337,9680,6342,2665,1125,148380,22288,267
Thailand,1971,362677,93741,125740,31999,15825,9604,12690,24926,26333,27223,31504,37078,31389,16099,3958,12993,11933,13066,13267,13650,13573,15009,16495,18508,18570,17715,13674,9674,6425,2805,1153,141565,22294,305
Thailand,1972,360229,89324,119356,30032,15326,9759,12927,25543,26329,27692,31737,37784,32650,16494,4268,13511,12032,12904,13425,13800,13892,15130,16607,18756,19028,18235,14415,9901,6593,3076,1192,134682,22686,365
Thailand,1973,353651,84696,112776,28080,14873,9726,12926,25851,25868,27681,31427,37778,33294,16569,4477,13785,12066,12512,13356,13675,14006,15008,16419,18650,19128,18358,14936,9982,6587,3300,1177,127649,22652,407
Thailand,1974,347996,79933,106110,26177,14376,9727,12949,26338,25492,27762,31313,37889,34045,16828,4717,14010,12328,12220,13272,13610,14152,15003,16310,18615,19274,18573,15472,10206,6622,3507,1210,120486,22676,450
Thailand,1975,342433,75450,99838,24388,13943,9681,12969,26796,25066,27756,31219,37894,34684,17180,4919,14148,12648,11984,13082,13526,14230,15021,16198,18547,19347,18789,15895,10510,6670,3651,1268,113781,22650,482
Thailand,1976,336727,70683,93252,22569,13247,9562,13046,27432,24751,27770,31227,37864,35281,17666,5120,14344,13088,11886,12865,13491,14279,15114,16113,18469,19395,19024,16257,10913,6753,3766,1354,106499,22608,508
Thailand,1977,336505,66298,87153,20855,12826,9637,13362,28413,24891,28311,31996,38651,36618,18654,5447,14708,13705,12080,12811,13757,14554,15601,16395,18785,19866,19714,16904,11663,6991,3928,1519,99979,22999,548
Thailand,1978,337052,62665,81954,19289,12428,9676,13695,29425,25166,28814,32827,39342,37818,19662,5688,15082,14343,12425,12741,14031,14783,16132,16695,19061,20281,20361,17457,12430,7232,4045,1643,94382,23371,556
Thailand,1979,336933,59797,77543,17746,11893,9604,13945,30163,25516,29082,33519,39819,38787,20581,5891,15357,14806,12882,12634,14150,14932,16551,16968,19243,20576,20865,17922,13082,7499,4126,1765,89436,23549,586
Thailand,1980,332147,57912,74329,16417,11260,9271,13832,30224,25475,28602,33413,39362,38813,21004,5946,15332,14892,13152,12323,13863,14739,16527,16886,18995,20367,20820,17993,13336,7668,4120,1826,85589,23103,616
Thailand,1981,330480,55216,70509,15293,10523,9065,13790,30470,25835,28490,33879,39622,39592,21882,6149,15427,15043,13592,12243,13695,14795,16717,17162,19108,20514,21143,18449,13801,8081,4225,1924,81032,22855,674
Thailand,1982,328202,51736,66075,14339,9854,8794,13675,30644,26242,28328,34323,39872,40432,22831,6386,15497,15147,13993,12249,13444,14884,16819,17504,19238,20634,21456,18976,14225,8606,4360,2026,75929,22469,750
Thailand,1983,325063,48417,61846,13429,9099,8461,13474,30752,26680,28037,34615,39964,41055,23661,6591,15541,15211,14336,12344,13123,14914,16803,17812,19311,20653,21635,19420,14539,9122,4485,2106,70945,21935,828
Thailand,1984,316927,45536,57988,12452,8430,7911,12956,30242,26657,27135,34129,39280,40712,23927,6678,15277,14965,14293,12364,12583,14552,16428,17701,19034,20246,21320,19392,14541,9386,4554,2124,66418,20867,882
Thailand,1985,310818,42992,54482,11490,7776,7396,12466,29864,26797,26409,33813,38962,40637,24378,6894,15043,14821,14267,12530,12208,14201,16170,17643,18940,20022,21161,19476,14708,9670,4729,2165,62258,19862,940
Thailand,1986,305499,40716,51291,10575,7147,6881,11959,29468,26962,25746,33515,38821,40623,24892,7193,14742,14726,14215,12747,11939,13807,15963,17552,18954,19867,21044,19579,14958,9934,4980,2213,58438,18840,1000
Thailand,1987,296854,38352,48091,9739,6493,6270,11248,28583,26679,24769,32733,38285,40070,25111,7473,14185,14398,13927,12752,11606,13163,15588,17145,18800,19485,20656,19414,15072,10039,5234,2239,54584,17518,1049
Thailand,1988,302039,36265,45394,9129,6196,6020,11136,29248,27840,25234,33649,39855,41581,26603,8147,14379,14869,14400,13440,12025,13209,16046,17603,19688,20167,21352,20229,15983,10620,5775,2372,51590,17156,1139
Thailand,1989,304766,34681,43042,8361,5898,5705,10837,29551,28620,25635,34110,41016,42605,27797,8740,14363,15188,14711,13909,12493,13142,16245,17865,20324,20692,21817,20788,16698,11099,6225,2515,48940,16542,1214
Thailand,1990,309013,32850,40501,7651,5432,5419,10535,29892,29562,26387,34755,42544,44042,29245,9399,14352,15540,15141,14421,13143,13244,16474,18281,21076,21468,22515,21527,17532,11713,6684,2715,45933,15954,1297
Thailand,1991,314636,31306,38381,7075,5211,5113,9974,30017,31185,27626,35838,44108,45342,30423,10034,14123,15894,15958,15227,14134,13492,16863,18975,21831,22277,23178,22164,18146,12277,7063,2971,43592,15087,1384
Thailand,1992,321756,29716,36253,6537,4918,4927,9510,30097,32775,29154,37011,46124,47036,31754,10718,13912,16185,16690,16085,15202,13952,17231,19780,22727,23397,24027,23009,18827,12927,7431,3287,41171,14437,1483
Thailand,1993,328963,27910,33918,6008,4732,4757,8934,29816,34648,31150,38212,48262,48696,32944,11312,13475,16341,17490,17158,16427,14723,17606,20606,23639,24623,24877,23819,19443,13501,7722,3590,38650,13691,1582
Thailand,1994,336655,26177,31700,5523,4527,4650,8402,29183,36481,33509,39297,50657,50522,34174,11845,12919,16264,18216,18265,17585,15924,17875,21422,24703,25954,25888,24634,20152,14022,8004,3841,36227,13052,1702
Thailand,1995,354185,24425,29543,5118,4432,4711,8215,29205,39513,37469,41671,54790,53941,36312,12515,12670,16535,19406,20107,19444,18025,18569,23102,26657,28133,27780,26161,21529,14783,8433,4082,33975,12926,1869
Thailand,1996,350051,23176,27902,4726,4151,4449,7629,27133,39010,38768,41174,55298,54084,36174,12332,11544,15589,18820,20190,19862,18906,18039,23135,26882,28416,28000,26084,21645,14529,8319,4013,32053,12078,1945
Thailand,1997,342155,21571,26005,4434,3790,4159,7094,24653,37630,39547,40496,55062,54001,35778,11958,10324,14329,17862,19768,20092,19455,17836,22660,26702,28360,28187,25814,21636,14142,8089,3869,29795,11253,1986
Thailand,1998,344686,19473,23572,4099,3594,3975,6902,23003,37297,41495,41507,56637,56107,36696,11873,9565,13438,17373,19924,20979,20516,18839,22668,27268,29369,29592,26515,22320,14376,8061,3812,27166,10877,2029
Thailand,1999,363039,17222,21007,3785,3416,3985,7106,22521,38469,45257,44776,61362,61428,39493,12133,9367,13154,17461,21008,22831,22426,21347,23429,29346,32016,32677,28751,23925,15568,8291,3842,24423,11091,2090
Thailand,2000,380684,15737,19203,3466,3354,3959,7279,21982,39019,48824,47791,66371,66694,42246,11898,9247,12735,17300,21719,24518,24306,24110,23681,31693,34678,35743,30951,25341,16905,8225,3673,22557,11238,2060
Thailand,2001,387073,14770,17914,3144,3223,3762,7125,21218,38044,49955,49169,68463,69633,44445,12116,9123,12095,16778,21266,24756,25199,25854,23315,32582,35881,37335,32298,26175,18270,8482,3634,21137,10887,2005
Thailand,2002,393681,13944,16813,2869,3092,3554,6859,20772,37084,50678,51172,69295,72763,46637,12965,9133,11639,16276,20808,24638,26040,27218,23954,32678,36617,38693,34070,26994,19643,9178,3787,19905,10413,1992
Thailand,2003,403132,13292,15919,2627,2904,3382,6573,20512,36277,51671,54078,69822,76835,48853,14292,9172,11340,15800,20477,24713,26958,28460,25618,32478,37344,40403,36432,28041,20812,10217,4075,18823,9955,2013
Thailand,2004,418808,12922,16000,3078,3280,3678,6704,21000,36267,53647,57986,70593,81074,50695,15861,9538,11462,15744,20523,25363,28284,29861,28125,32160,38433,42266,38808,29214,21481,11413,4448,19280,10382,2020
Thailand,2005,415962,12157,14451,2294,2508,3034,5932,19623,33919,52370,59446,69490,83628,52083,17455,8854,10769,14595,19324,24371,27999,29910,29536,30703,38787,43180,40448,30246,21837,12575,4880,16959,8966,2027
Thailand,2006,399859,11506,13694,2188,2275,2736,5358,18075,31075,49422,58803,65915,81606,50949,17949,8077,9998,13202,17873,22648,26774,29121,29682,28748,37167,41868,39738,29976,20973,12891,5058,15969,8094,2010
Thailand,2007,408809,10958,12970,2012,2060,2622,5121,17682,30267,49375,61532,67164,84554,53630,19550,7770,9912,12759,17508,22383,26992,30182,31350,29804,37360,42965,41589,32132,21498,13919,5631,15030,7743,2283
Thailand,2008,416439,10431,12326,1895,1864,2506,4869,17070,29259,49038,63600,68694,87072,56571,21038,7365,9705,12308,16951,21999,27039,31064,32536,31659,37035,43651,43421,34486,22085,14650,6388,14190,7375,2527
Thailand,2009,422595,9855,11656,1801,1674,2363,4611,16338,28139,48424,64988,70349,89407,59637,22223,6957,9381,11864,16275,21479,26945,31730,33258,33933,36416,44260,45147,36719,22918,14993,7230,13330,6974,2790
Thailand,2010,430364,9436,11166,1730,1619,2218,4390,15706,27196,47863,66563,72298,91949,63165,23142,6661,9045,11558,15638,21082,26781,32421,34142,36308,35990,45056,46893,38917,24248,15083,8059,12785,6608,3095
Thailand,2011,439101,9145,10856,1711,1522,2048,4213,15153,26045,47004,68263,74821,94354,67766,23702,6444,8709,11196,14849,20588,26416,33039,35224,38558,36263,45851,48503,41194,26572,15212,8490,12378,6261,3350
Thailand,2012,446746,8593,10139,1546,1379,1838,4036,14508,24961,45890,69627,77919,95868,72532,24425,6174,8334,10854,14107,19930,25960,33297,36330,40440,37479,46148,49720,43363,29169,15589,8836,11518,5874,3624
Thailand,2013,455271,8021,9492,1471,1297,1663,3886,13916,24042,44701,70944,81645,96895,77443,25428,5923,7993,10554,13488,19184,25517,33435,37509,41945,39700,46185,50710,45577,31866,16370,9058,10789,5549,3920
Thailand,2014,463360,7451,8831,1380,1210,1518,3687,13293,23116,43251,71956,85521,97667,82233,26842,5642,7651,10197,12919,18316,24935,33404,38552,43009,42512,45946,51721,47760,34473,17654,9188,10041,5205,4238
Thailand,2015,472520,6896,8188,1292,1174,1401,3462,12754,22298,41797,72755,89709,98744,86946,28740,5384,7370,9833,12465,17437,24360,33200,39555,44283,45426,45718,53026,49935,37011,19431,9309,9362,4863,4560
Thailand,2016,480792,6406,7615,1209,1089,1299,3186,12304,21567,40394,73078,93819,99905,90852,30861,5174,7130,9476,12091,16580,23814,32762,40316,45676,48143,45997,53908,51651,39201,21434,9427,8704,4485,4819
Thailand,2017,488817,5991,7128,1137,1030,1208,2874,11794,20758,38742,72691,97423,101860,94589,33591,4968,6826,9055,11703,15724,23018,32138,40553,47038,50385,47538,54322,53123,41466,23773,9818,8158,4082,5130
Thailand,2018,499760,5556,6602,1046,971,1135,2605,11346,20101,37302,72526,101150,105171,98576,36847,4787,6559,8700,11401,15074,22228,31677,40849,48727,52423,50527,54644,54598,43978,26313,10534,7573,3740,5433
Thailand,2019,509091,5168,6139,971,906,1069,2377,10768,19338,35675,71787,103908,108663,102389,40349,4518,6250,8325,11013,14441,21234,30963,40824,50111,53797,54124,54539,55995,46394,28745,11604,7045,3446,5724
Thailand,2020,519058,4852,5759,907,850,1009,2184,10145,18584,34076,70692,106675,112159,106718,44166,4203,5942,7993,10591,13899,20177,30192,40500,51332,55343,57726,54433,57887,48831,31126,13040,6609,3193,6045
Thailand,2021,567168,4573,5420,847,787,949,2018,9550,17920,32894,70480,115137,127838,124906,52523,3854,5696,7721,10199,13561,19333,29765,40715,54270,60867,66588,61250,66521,58385,36762,15761,6207,2967,6744
Togo,1950,34803,10361,18146,7785,1462,645,821,1879,1558,1399,1692,2800,3173,1191,32,990,889,799,759,716,683,770,922,1277,1523,1682,1491,947,244,31,1,19608,1466,0
Togo,1951,35180,10529,18385,7856,1507,657,834,1908,1581,1427,1691,2784,3153,1222,29,1004,904,808,773,731,696,774,917,1263,1521,1676,1477,941,281,28,1,19892,1491,0
Togo,1952,35468,10658,18612,7954,1544,664,843,1922,1593,1449,1691,2757,3128,1237,27,1011,911,814,779,743,706,780,911,1242,1515,1665,1463,929,308,25,2,20156,1507,0
Togo,1953,35681,10773,18804,8031,1575,670,849,1936,1601,1470,1691,2720,3101,1236,30,1019,917,818,783,754,716,783,908,1217,1503,1652,1449,913,323,28,2,20379,1519,0
Togo,1954,36014,10875,18976,8101,1617,686,865,1970,1624,1503,1706,2700,3097,1233,36,1038,932,831,793,771,732,794,912,1202,1498,1652,1445,904,329,34,2,20593,1551,0
Togo,1955,36298,10965,19134,8169,1653,701,879,1996,1645,1531,1722,2679,3089,1225,41,1052,944,842,803,784,747,805,917,1190,1489,1650,1439,897,328,39,2,20787,1580,0
Togo,1956,36440,11069,19279,8210,1669,712,884,2007,1650,1548,1730,2640,3067,1210,46,1058,949,846,804,791,757,814,916,1176,1464,1639,1428,885,325,45,1,20948,1596,0
Togo,1957,36684,11191,19452,8261,1689,729,895,2026,1662,1569,1748,2610,3053,1200,50,1068,958,852,810,798,771,826,922,1170,1440,1633,1420,880,320,49,1,21141,1624,0
Togo,1958,36900,11296,19609,8313,1706,746,904,2045,1677,1587,1767,2577,3040,1194,53,1079,966,861,816,803,784,839,928,1165,1412,1626,1414,876,318,52,1,21315,1650,0
Togo,1959,37015,11417,19746,8329,1712,756,911,2049,1678,1593,1777,2542,3012,1181,54,1082,967,861,817,803,790,847,930,1159,1383,1607,1405,867,314,52,2,21458,1667,0
Togo,1960,37196,11533,19913,8380,1718,765,922,2059,1684,1604,1797,2522,2983,1174,55,1088,971,865,819,805,799,858,939,1158,1364,1586,1397,863,311,52,3,21631,1687,0
Togo,1961,37456,11650,20063,8413,1739,780,942,2082,1699,1619,1823,2518,2962,1173,55,1100,982,873,826,812,807,872,951,1164,1354,1568,1394,861,312,52,3,21802,1722,0
Togo,1962,37644,11787,20252,8465,1739,783,956,2089,1703,1623,1845,2505,2927,1168,54,1105,984,875,828,813,810,885,960,1163,1342,1538,1389,859,309,51,3,21991,1739,0
Togo,1963,37930,11929,20434,8505,1757,792,979,2109,1718,1634,1877,2509,2899,1167,54,1116,993,882,836,818,816,901,976,1170,1339,1513,1386,857,310,50,4,22191,1771,0
Togo,1964,38081,12042,20583,8541,1759,796,992,2121,1721,1637,1894,2507,2857,1163,53,1125,996,885,836,819,818,908,986,1175,1332,1484,1373,854,309,49,4,22342,1788,0
Togo,1965,38509,12197,20826,8629,1783,807,1013,2152,1741,1652,1930,2535,2846,1169,53,1146,1006,895,846,827,825,923,1007,1192,1343,1477,1369,859,310,49,4,22609,1820,0
Togo,1966,39029,12434,21174,8740,1798,814,1028,2185,1756,1669,1965,2567,2839,1179,53,1169,1016,903,853,836,833,936,1029,1213,1354,1476,1363,867,312,49,4,22972,1842,0
Togo,1967,39733,12719,21616,8897,1820,823,1043,2224,1780,1694,2007,2619,2851,1201,54,1196,1028,916,864,848,846,952,1055,1242,1377,1489,1362,881,320,50,4,23436,1866,0
Togo,1968,40572,13031,22093,9062,1857,836,1061,2278,1813,1724,2060,2687,2884,1226,56,1231,1047,933,880,863,861,972,1088,1279,1408,1515,1369,898,328,52,4,23950,1897,0
Togo,1969,41570,13382,22592,9210,1914,857,1089,2349,1859,1770,2123,2776,2933,1253,57,1273,1076,957,902,886,884,996,1127,1326,1450,1549,1384,916,337,53,4,24506,1946,0
Togo,1970,42337,13669,22988,9319,1949,872,1106,2403,1888,1802,2170,2850,2972,1275,58,1302,1101,972,916,903,899,1015,1155,1364,1486,1575,1397,929,346,54,4,24937,1978,0
Togo,1971,42907,13890,23282,9392,1975,884,1116,2445,1907,1828,2204,2914,3006,1284,60,1323,1122,983,924,914,914,1028,1176,1396,1518,1599,1407,932,352,56,4,25257,2000,0
Togo,1972,43239,14039,23438,9399,1989,890,1120,2469,1917,1838,2225,2971,3032,1291,62,1330,1139,987,930,919,919,1037,1188,1425,1546,1617,1415,932,359,58,4,25427,2010,0
Togo,1973,43414,14125,23494,9369,1993,894,1118,2483,1919,1843,2236,3019,3057,1293,64,1330,1153,989,930,919,924,1042,1194,1447,1572,1634,1423,928,365,60,4,25487,2012,0
Togo,1974,43536,14197,23519,9322,1997,899,1119,2492,1925,1849,2242,3061,3083,1285,65,1329,1163,994,931,922,927,1044,1198,1465,1596,1652,1431,926,359,61,4,25516,2018,0
Togo,1975,43422,14232,23492,9260,1969,891,1103,2461,1906,1832,2233,3079,3104,1286,66,1309,1152,987,919,912,920,1039,1194,1470,1609,1665,1439,923,363,62,4,25461,1994,0
Togo,1976,43324,14263,23440,9177,1946,885,1092,2438,1898,1822,2228,3097,3124,1287,69,1292,1146,986,912,905,917,1037,1191,1472,1625,1679,1445,924,363,65,4,25386,1977,0
Togo,1977,43427,14246,23333,9087,1964,895,1099,2449,1919,1833,2242,3142,3178,1301,71,1296,1153,1003,916,911,922,1044,1198,1486,1656,1711,1467,933,368,67,4,25297,1994,0
Togo,1978,43416,14186,23179,8993,1968,899,1103,2451,1936,1840,2253,3176,3231,1313,74,1297,1154,1017,919,915,925,1050,1203,1492,1684,1743,1488,944,369,70,4,25147,2002,0
Togo,1979,43285,14103,22983,8880,1956,898,1101,2434,1939,1836,2256,3195,3281,1327,75,1287,1147,1021,918,911,925,1051,1205,1492,1703,1770,1511,954,373,71,4,24939,1999,0
Togo,1980,43351,14046,22862,8816,1956,900,1106,2431,1952,1844,2272,3233,3358,1354,80,1286,1145,1027,925,916,928,1058,1214,1503,1730,1811,1547,974,380,75,5,24818,2006,0
Togo,1981,43429,14056,22793,8737,1945,900,1106,2426,1966,1850,2284,3261,3432,1382,80,1285,1141,1031,935,917,933,1063,1221,1512,1749,1850,1582,996,386,75,5,24738,2006,0
Togo,1982,43682,14094,22772,8678,1949,907,1115,2441,1990,1869,2313,3299,3526,1418,82,1296,1145,1038,952,925,944,1077,1236,1528,1771,1898,1628,1023,395,76,6,24721,2022,0
Togo,1983,44205,14164,22801,8637,1982,928,1140,2485,2037,1906,2360,3366,3651,1467,84,1322,1163,1057,980,945,961,1098,1262,1557,1809,1963,1688,1059,408,78,6,24783,2068,0
Togo,1984,44616,14256,22864,8608,1985,937,1152,2512,2064,1936,2392,3412,3760,1517,86,1340,1172,1066,998,960,976,1112,1280,1577,1835,2014,1746,1094,423,80,6,24849,2089,0
Togo,1985,45195,14348,22935,8587,2010,958,1178,2565,2106,1981,2439,3476,3881,1574,88,1371,1194,1084,1022,986,995,1135,1304,1607,1869,2072,1809,1136,438,82,6,24945,2136,0
Togo,1986,45818,14439,23000,8561,2039,980,1207,2630,2158,2032,2490,3545,4004,1640,93,1409,1221,1108,1050,1017,1015,1158,1332,1638,1907,2127,1877,1184,456,87,6,25039,2187,0
Togo,1987,46357,14558,23107,8549,2050,996,1226,2667,2183,2075,2529,3606,4114,1702,97,1431,1236,1119,1064,1042,1033,1176,1353,1667,1939,2171,1943,1229,473,90,7,25157,2222,0
Togo,1988,46970,14671,23253,8582,2063,1013,1248,2715,2216,2125,2575,3673,4228,1762,101,1456,1259,1135,1081,1072,1053,1197,1378,1697,1976,2215,2013,1279,483,94,7,25316,2261,0
Togo,1989,48033,14761,23351,8590,2147,1058,1311,2846,2305,2219,2661,3791,4390,1850,106,1525,1321,1181,1124,1123,1096,1239,1422,1752,2039,2288,2102,1341,509,98,8,25498,2369,0
Togo,1990,49259,14884,23494,8610,2252,1111,1383,2993,2411,2319,2754,3925,4557,1944,113,1605,1388,1236,1175,1177,1142,1283,1471,1815,2110,2367,2190,1407,537,105,8,25746,2494,0
Togo,1991,50677,15030,23690,8660,2364,1170,1469,3183,2540,2442,2863,4069,4726,2039,118,1705,1478,1305,1235,1238,1204,1336,1527,1882,2187,2449,2277,1473,566,110,8,26054,2639,0
Togo,1992,51814,15121,23789,8668,2466,1217,1539,3317,2638,2542,2959,4204,4880,2134,123,1777,1540,1358,1280,1284,1258,1382,1577,1944,2260,2525,2355,1542,592,115,8,26255,2756,0
Togo,1993,53241,15201,23867,8666,2604,1279,1632,3521,2781,2676,3081,4367,5055,2244,130,1888,1633,1438,1343,1345,1331,1441,1640,2021,2346,2620,2435,1611,633,122,8,26471,2911,0
Togo,1994,51075,14218,22258,8040,2581,1265,1624,3511,2755,2639,3009,4238,4881,2182,124,1885,1626,1429,1326,1323,1316,1413,1596,1963,2275,2533,2348,1569,613,116,8,24839,2889,0
Togo,1995,53301,14515,22668,8153,2752,1349,1743,3781,2951,2818,3199,4474,5132,2300,132,2030,1751,1535,1416,1410,1408,1507,1692,2074,2400,2667,2465,1655,645,124,8,25420,3092,0
Togo,1996,55008,14663,22834,8171,2896,1419,1840,4012,3123,2966,3364,4672,5339,2401,139,2156,1856,1629,1494,1481,1485,1594,1770,2167,2505,2779,2560,1725,676,130,9,25730,3259,0
Togo,1997,56450,14733,22850,8117,3020,1482,1927,4235,3288,3105,3529,4856,5527,2488,144,2276,1959,1718,1570,1550,1555,1684,1845,2255,2601,2880,2647,1782,706,134,10,25870,3409,0
Togo,1998,57897,14810,22836,8026,3152,1551,2019,4479,3473,3242,3691,5023,5692,2568,166,2402,2077,1816,1657,1621,1621,1772,1919,2336,2687,2971,2721,1832,736,147,19,25988,3570,3
Togo,1999,58579,14886,22730,7844,3185,1567,2055,4601,3576,3315,3799,5133,5808,2629,182,2462,2139,1871,1705,1657,1658,1829,1970,2389,2744,3033,2775,1868,761,156,26,25915,3622,4
Togo,2000,59569,14906,22629,7723,3252,1604,2112,4780,3723,3427,3941,5272,5946,2691,190,2551,2229,1948,1775,1713,1714,1899,2042,2457,2815,3106,2840,1907,784,163,27,25881,3716,6
Togo,2001,60740,14914,22536,7622,3360,1659,2187,4979,3893,3554,4098,5430,6099,2750,190,2646,2333,2037,1856,1782,1772,1972,2126,2534,2896,3190,2909,1949,801,166,24,25896,3846,6
Togo,2002,60923,14864,22350,7486,3335,1654,2186,5002,3947,3599,4189,5509,6185,2783,183,2648,2354,2064,1883,1806,1793,2005,2184,2571,2938,3234,2951,1973,810,164,19,25685,3840,4
Togo,2003,61369,14779,22159,7380,3358,1667,2207,5068,4031,3673,4299,5619,6293,2819,173,2673,2395,2107,1924,1846,1827,2044,2255,2626,2993,3291,3002,2002,817,161,12,25517,3874,2
Togo,2004,62925,14617,21866,7249,3560,1752,2326,5344,4271,3856,4504,5858,6512,2894,175,2810,2534,2236,2035,1948,1908,2134,2370,2746,3112,3411,3101,2060,834,163,12,25426,4078,1
Togo,2005,63273,14574,21702,7128,3563,1748,2331,5374,4342,3923,4598,5966,6608,2935,180,2819,2555,2271,2071,1984,1939,2171,2427,2805,3161,3460,3148,2090,845,168,12,25265,4079,0
Togo,2006,64040,14581,21565,6984,3643,1771,2370,5454,4456,4026,4716,6135,6750,2974,176,2856,2598,2331,2125,2040,1986,2219,2497,2899,3236,3535,3215,2132,842,168,8,25208,4141,0
Togo,2007,65155,14737,21620,6883,3693,1786,2402,5567,4593,4148,4839,6316,6905,3060,216,2912,2655,2402,2191,2105,2043,2275,2564,3004,3312,3616,3289,2185,875,188,28,25313,4188,5
Togo,2008,66287,14714,21489,6775,3807,1822,2459,5707,4754,4287,4975,6535,7089,3137,217,2982,2725,2482,2272,2176,2111,2338,2637,3126,3409,3715,3374,2237,900,191,26,25296,4281,5
Togo,2009,67136,14719,21410,6691,3826,1838,2478,5791,4872,4413,5094,6723,7239,3209,231,3024,2767,2538,2334,2238,2175,2393,2701,3226,3497,3793,3446,2284,925,200,31,25236,4316,7
Togo,2010,67886,14699,21308,6609,3870,1860,2496,5839,4968,4518,5208,6916,7396,3275,225,3046,2793,2580,2388,2290,2228,2445,2763,3321,3595,3879,3517,2331,944,201,24,25178,4356,5
Togo,2011,67366,14459,20969,6510,3754,1821,2428,5699,4916,4533,5234,7009,7466,3314,220,2968,2731,2541,2375,2291,2242,2459,2775,3356,3653,3912,3554,2359,955,201,19,24723,4249,3
Togo,2012,68350,14142,20522,6380,3866,1876,2481,5839,5073,4701,5402,7274,7687,3405,225,3038,2801,2612,2461,2375,2326,2543,2859,3465,3809,4029,3658,2425,980,206,19,24388,4357,2
Togo,2013,67792,13883,20087,6204,3763,1843,2417,5701,5012,4718,5436,7365,7772,3453,227,2960,2741,2567,2445,2379,2339,2564,2872,3484,3881,4070,3702,2459,994,209,18,23850,4260,2
Togo,2014,68805,13660,19684,6024,3863,1886,2468,5818,5145,4882,5615,7625,8022,3557,232,3019,2799,2628,2517,2463,2419,2656,2959,3591,4034,4209,3813,2533,1024,214,18,23547,4354,1
Togo,2015,68513,13449,19281,5832,3781,1851,2424,5707,5096,4919,5681,7737,8170,3627,237,2957,2750,2591,2505,2477,2442,2692,2989,3629,4108,4292,3878,2581,1046,219,18,23062,4275,1
Togo,2016,69679,13290,18939,5649,3873,1896,2490,5825,5224,5092,5878,7992,8471,3745,246,3015,2810,2652,2572,2562,2530,2791,3087,3736,4256,4468,4003,2665,1080,227,19,22812,4386,1
Togo,2017,69148,13085,18543,5458,3727,1853,2443,5682,5140,5102,5925,8040,8619,3813,249,2938,2744,2604,2536,2560,2542,2815,3110,3749,4291,4564,4055,2710,1103,230,19,22270,4296,1
Togo,2018,70551,12842,18143,5301,3806,1916,2526,5833,5292,5313,6167,8326,9003,3963,260,3018,2815,2678,2614,2662,2651,2932,3235,3881,4445,4787,4216,2815,1148,241,19,21949,4442,1
Togo,2019,69792,12612,17736,5124,3605,1862,2453,5652,5164,5292,6204,8357,9155,4040,266,2927,2725,2608,2556,2638,2654,2945,3259,3889,4468,4870,4285,2868,1172,247,19,21341,4315,1
Togo,2020,71077,12387,17362,4975,3653,1917,2518,5789,5290,5470,6434,8635,9535,4192,278,3004,2785,2669,2621,2719,2751,3053,3381,4017,4618,5069,4466,2974,1218,257,21,21015,4435,1
Togo,2021,70622,12163,16993,4830,3434,1855,2432,5606,5155,5442,6490,8816,9784,4324,290,2919,2687,2594,2561,2685,2757,3073,3417,4080,4736,5195,4589,3057,1267,268,22,20427,4287,1
Tokelau,1950,22,3,3,0,0,0,0,0,0,0,0,0,0,2,0,0,0,0,0,0,0,0,0,0,0,0,0,2,0,0,0,3,0,0
Tokelau,1951,22,3,3,0,0,0,0,0,0,0,0,0,0,1,0,0,0,0,0,0,0,0,0,0,0,0,0,1,0,0,0,3,0,0
Tokelau,1952,21,3,3,0,0,0,0,0,0,0,0,0,0,1,0,0,0,0,0,0,0,0,0,0,0,0,0,1,0,0,0,3,0,0
Tokelau,1953,21,3,3,0,0,0,0,0,0,0,0,0,0,0,0,0,0,0,0,0,0,0,0,0,0,0,0,0,0,0,0,3,0,0
Tokelau,1954,21,3,3,0,0,0,0,0,0,0,0,0,0,0,0,0,0,0,0,0,0,0,0,0,0,0,0,0,0,0,0,3,0,0
Tokelau,1955,20,3,3,0,0,0,0,0,0,0,0,0,0,0,0,0,0,0,0,0,0,0,0,0,0,0,0,0,0,0,0,3,0,0
Tokelau,1956,20,3,3,0,0,0,0,0,0,0,0,0,0,0,0,0,0,0,0,0,0,0,0,0,0,0,0,0,0,0,0,3,0,0
Tokelau,1957,20,3,3,0,0,0,0,0,0,0,0,0,0,0,0,0,0,0,0,0,0,0,0,0,0,0,0,0,0,0,0,3,0,0
Tokelau,1958,20,3,3,0,0,0,0,0,0,0,0,0,0,0,0,0,0,0,0,0,0,0,0,0,0,0,0,0,0,0,0,3,0,0
Tokelau,1959,20,3,3,0,0,0,0,0,0,0,0,0,0,0,0,0,0,0,0,0,0,0,0,0,0,0,0,0,0,0,0,3,0,0
Tokelau,1960,20,3,3,0,0,0,0,0,0,0,0,0,0,0,0,0,0,0,0,0,0,0,0,0,0,0,0,0,0,0,0,3,0,0
Tokelau,1961,20,3,3,0,0,0,0,0,0,0,0,0,0,0,0,0,0,0,0,0,0,0,0,0,0,0,0,0,0,0,0,3,0,0
Tokelau,1962,20,3,3,0,0,0,0,0,0,0,0,0,0,0,0,0,0,0,0,0,0,0,0,0,0,0,0,0,0,0,0,3,0,0
Tokelau,1963,20,3,3,0,0,0,0,0,0,0,0,0,0,0,0,0,0,0,0,0,0,0,0,0,0,0,0,0,0,0,0,3,0,0
Tokelau,1964,20,3,3,0,0,0,0,0,0,0,0,0,0,0,0,0,0,0,0,0,0,0,0,0,0,0,0,0,0,0,0,3,0,0
Tokelau,1965,19,2,2,0,0,0,0,0,0,0,0,0,0,0,0,0,0,0,0,0,0,0,0,0,0,0,0,0,0,0,0,2,0,0
Tokelau,1966,19,2,2,0,0,0,0,0,0,0,0,0,0,0,0,0,0,0,0,0,0,0,0,0,0,0,0,0,0,0,0,2,0,0
Tokelau,1967,19,2,2,0,0,0,0,0,0,0,0,0,0,0,0,0,0,0,0,0,0,0,0,0,0,0,0,0,0,0,0,2,0,0
Tokelau,1968,18,2,2,0,0,0,0,0,0,0,0,0,0,0,0,0,0,0,0,0,0,0,0,0,0,0,0,0,0,0,0,2,0,0
Tokelau,1969,18,2,2,0,0,0,0,0,0,0,0,0,0,0,0,0,0,0,0,0,0,0,0,0,0,0,0,0,0,0,0,2,0,0
Tokelau,1970,17,2,2,0,0,0,0,0,0,0,0,0,0,0,0,0,0,0,0,0,0,0,0,0,0,0,0,0,0,0,0,2,0,0
Tokelau,1971,17,1,1,0,0,0,0,0,0,0,0,0,0,0,0,0,0,0,0,0,0,0,0,0,0,0,0,0,0,0,0,1,0,0
Tokelau,1972,16,1,1,0,0,0,0,0,0,0,0,0,0,0,0,0,0,0,0,0,0,0,0,0,0,0,0,0,0,0,0,1,0,0
Tokelau,1973,16,1,1,0,0,0,0,0,0,0,0,0,0,0,0,0,0,0,0,0,0,0,0,0,0,0,0,0,0,0,0,1,0,0
Tokelau,1974,16,1,1,0,0,0,0,0,0,0,0,0,0,0,0,0,0,0,0,0,0,0,0,0,0,0,0,0,0,0,0,1,0,0
Tokelau,1975,16,1,1,0,0,0,0,0,0,0,0,0,0,0,0,0,0,0,0,0,0,0,0,0,0,0,0,0,0,0,0,1,0,0
Tokelau,1976,16,1,1,0,0,0,0,0,0,0,0,0,0,0,0,0,0,0,0,0,0,0,0,0,0,0,0,0,0,0,0,1,0,0
Tokelau,1977,16,1,1,0,0,0,0,0,0,0,0,0,0,0,0,0,0,0,0,0,0,0,0,0,0,0,0,0,0,0,0,1,0,0
Tokelau,1978,15,1,1,0,0,0,0,0,0,0,0,0,0,0,0,0,0,0,0,0,0,0,0,0,0,0,0,0,0,0,0,1,0,0
Tokelau,1979,15,1,1,0,0,0,0,0,0,0,0,0,0,0,0,0,0,0,0,0,0,0,0,0,0,0,0,0,0,0,0,1,0,0
Tokelau,1980,15,1,1,0,0,0,0,0,0,0,0,0,0,0,0,0,0,0,0,0,0,0,0,0,0,0,0,0,0,0,0,1,0,0
Tokelau,1981,14,1,1,0,0,0,0,0,0,0,0,0,0,0,0,0,0,0,0,0,0,0,0,0,0,0,0,0,0,0,0,1,0,0
Tokelau,1982,14,1,1,0,0,0,0,0,0,0,0,0,0,0,0,0,0,0,0,0,0,0,0,0,0,0,0,0,0,0,0,1,0,0
Tokelau,1983,14,1,1,0,0,0,0,0,0,0,0,0,0,0,0,0,0,0,0,0,0,0,0,0,0,0,0,0,0,0,0,1,0,0
Tokelau,1984,14,1,1,0,0,0,0,0,0,0,0,0,0,0,0,0,0,0,0,0,0,0,0,0,0,0,0,0,0,0,0,1,0,0
Tokelau,1985,14,1,1,0,0,0,0,0,0,0,0,0,0,0,0,0,0,0,0,0,0,0,0,0,0,0,0,0,0,0,0,1,0,0
Tokelau,1986,13,1,1,0,0,0,0,0,0,0,0,0,0,0,0,0,0,0,0,0,0,0,0,0,0,0,0,0,0,0,0,1,0,0
Tokelau,1987,13,1,1,0,0,0,0,0,0,0,0,0,0,0,0,0,0,0,0,0,0,0,0,0,0,0,0,0,0,0,0,1,0,0
Tokelau,1988,13,1,1,0,0,0,0,0,0,0,0,0,0,0,0,0,0,0,0,0,0,0,0,0,0,0,0,0,0,0,0,1,0,0
Tokelau,1989,13,1,1,0,0,0,0,0,0,0,0,0,0,0,0,0,0,0,0,0,0,0,0,0,0,0,0,0,0,0,0,1,0,0
Tokelau,1990,13,1,1,0,0,0,0,0,0,0,0,0,0,0,0,0,0,0,0,0,0,0,0,0,0,0,0,0,0,0,0,1,0,0
Tokelau,1991,13,1,1,0,0,0,0,0,0,0,0,0,0,0,0,0,0,0,0,0,0,0,0,0,0,0,0,0,0,0,0,1,0,0
Tokelau,1992,13,1,1,0,0,0,0,0,0,0,0,0,0,0,0,0,0,0,0,0,0,0,0,0,0,0,0,0,0,0,0,1,0,0
Tokelau,1993,13,1,1,0,0,0,0,0,0,0,0,0,0,0,0,0,0,0,0,0,0,0,0,0,0,0,0,0,0,0,0,1,0,0
Tokelau,1994,13,1,1,0,0,0,0,0,0,0,0,0,0,0,0,0,0,0,0,0,0,0,0,0,0,0,0,0,0,0,0,1,0,0
Tokelau,1995,13,1,1,0,0,0,0,0,0,0,0,0,0,0,0,0,0,0,0,0,0,0,0,0,0,0,0,0,0,0,0,1,0,0
Tokelau,1996,13,1,1,0,0,0,0,0,0,0,0,0,0,0,0,0,0,0,0,0,0,0,0,0,0,0,0,0,0,0,0,1,0,0
Tokelau,1997,13,1,1,0,0,0,0,0,0,0,0,0,0,0,0,0,0,0,0,0,0,0,0,0,0,0,0,0,0,0,0,1,0,0
Tokelau,1998,13,1,1,0,0,0,0,0,0,0,0,0,0,0,0,0,0,0,0,0,0,0,0,0,0,0,0,0,0,0,0,1,0,0
Tokelau,1999,13,1,1,0,0,0,0,0,0,0,0,0,1,0,0,0,0,0,0,0,0,0,0,0,0,0,1,0,0,0,0,1,0,0
Tokelau,2000,13,0,0,0,0,0,0,0,0,0,0,0,1,0,0,0,0,0,0,0,0,0,0,0,0,0,1,0,0,0,0,0,0,0
Tokelau,2001,13,0,0,0,0,0,0,0,0,0,0,0,1,0,0,0,0,0,0,0,0,0,0,0,0,0,1,0,0,0,0,0,0,0
Tokelau,2002,13,0,0,0,0,0,0,0,0,0,0,0,1,0,0,0,0,0,0,0,0,0,0,0,0,0,1,0,0,0,0,0,0,0
Tokelau,2003,13,0,0,0,0,0,0,0,0,0,0,0,0,1,0,0,0,0,0,0,0,0,0,0,0,0,0,1,0,0,0,0,0,0
Tokelau,2004,13,0,0,0,0,0,0,0,0,0,0,0,0,1,0,0,0,0,0,0,0,0,0,0,0,0,0,1,0,0,0,0,0,0
Tokelau,2005,13,0,0,0,0,0,0,0,0,0,0,0,0,0,0,0,0,0,0,0,0,0,0,0,0,0,0,0,0,0,0,0,0,0
Tokelau,2006,12,0,0,0,0,0,0,0,0,0,0,0,1,0,0,0,0,0,0,0,0,0,0,0,0,0,1,0,0,0,0,0,0,0
Tokelau,2007,12,0,0,0,0,0,0,0,0,0,0,0,1,0,0,0,0,0,0,0,0,0,0,0,0,0,1,0,0,0,0,0,0,0
Tokelau,2008,13,0,0,0,0,0,0,0,0,0,0,0,1,0,0,0,0,0,0,0,0,0,0,0,0,0,1,0,0,0,0,0,0,0
Tokelau,2009,13,0,0,0,0,0,0,0,0,0,0,0,1,0,0,0,0,0,0,0,0,0,0,0,0,0,1,0,0,0,0,0,0,0
Tokelau,2010,13,0,0,0,0,0,0,0,0,0,0,0,1,0,0,0,0,0,0,0,0,0,0,0,0,0,1,0,0,0,0,0,0,0
Tokelau,2011,13,0,0,0,0,0,0,0,0,0,0,0,0,1,0,0,0,0,0,0,0,0,0,0,0,0,0,1,0,0,0,0,0,0
Tokelau,2012,13,0,0,0,0,0,0,0,0,0,0,0,0,1,0,0,0,0,0,0,0,0,0,0,0,0,0,1,0,0,0,0,0,0
Tokelau,2013,13,0,0,0,0,0,0,0,0,0,0,0,0,1,0,0,0,0,0,0,0,0,0,0,0,0,0,1,0,0,0,0,0,0
Tokelau,2014,13,0,0,0,0,0,0,0,0,0,0,0,0,1,0,0,0,0,0,0,0,0,0,0,0,0,0,1,0,0,0,0,0,0
Tokelau,2015,13,0,0,0,0,0,0,0,0,0,0,0,0,1,0,0,0,0,0,0,0,0,0,0,0,0,0,1,0,0,0,0,0,0
Tokelau,2016,13,0,0,0,0,0,0,0,0,0,0,0,0,1,0,0,0,0,0,0,0,0,0,0,0,0,0,0,1,0,0,0,0,0
Tokelau,2017,12,0,0,0,0,0,0,0,0,0,0,0,0,0,0,0,0,0,0,0,0,0,0,0,0,0,0,0,0,0,0,0,0,0
Tokelau,2018,13,0,0,0,0,0,0,0,0,0,0,0,0,0,0,0,0,0,0,0,0,0,0,0,0,0,0,0,0,0,0,0,0,0
Tokelau,2019,13,0,0,0,0,0,0,0,0,0,0,0,0,0,0,0,0,0,0,0,0,0,0,0,0,0,0,0,0,0,0,0,0,0
Tokelau,2020,13,0,0,0,0,0,0,0,0,0,0,0,0,0,0,0,0,0,0,0,0,0,0,0,0,0,0,0,0,0,0,0,0,0
Tokelau,2021,14,0,0,0,0,0,0,0,0,0,0,0,0,1,0,0,0,0,0,0,0,0,0,0,0,0,0,1,0,0,0,0,0,0
Tonga,1950,731,193,261,68,24,15,19,44,36,40,47,65,103,70,11,24,20,20,16,20,20,22,25,28,37,49,54,45,25,9,2,285,34,0
Tonga,1951,732,198,267,69,25,15,19,44,40,40,48,64,100,68,11,24,20,20,20,20,20,23,25,28,36,46,54,43,25,9,2,292,34,0
Tonga,1952,729,200,269,69,25,15,19,44,40,40,49,63,96,67,10,24,20,20,20,20,20,24,25,28,35,45,51,43,24,9,1,294,34,0
Tonga,1953,726,201,268,67,25,15,20,44,40,40,49,64,93,66,10,24,20,20,20,20,20,24,25,29,35,43,50,42,24,9,1,293,35,0
Tonga,1954,724,203,269,66,24,15,20,44,40,40,49,63,90,64,10,24,20,20,20,20,20,24,25,30,33,42,48,41,23,9,1,293,35,0
Tonga,1955,723,205,271,66,24,15,20,44,40,40,50,63,87,63,10,24,20,20,20,20,20,24,26,30,33,42,45,40,23,9,1,295,35,0
Tonga,1956,722,206,272,66,24,15,20,45,40,40,51,63,84,61,10,25,20,20,20,20,20,24,27,30,33,39,45,39,22,9,1,296,35,0
Tonga,1957,722,208,273,65,24,15,20,45,40,40,53,64,79,60,9,25,20,20,20,20,20,25,28,30,34,39,40,38,22,8,1,297,35,0
Tonga,1958,723,208,273,65,24,15,20,45,40,40,53,67,79,58,9,25,20,20,20,20,20,25,28,32,35,39,40,36,22,8,1,297,35,0
Tonga,1959,723,207,271,64,24,15,20,44,40,40,54,69,79,58,8,24,20,20,20,20,20,25,29,34,35,39,40,36,22,7,1,295,35,0
Tonga,1960,725,206,268,62,24,15,20,44,40,41,54,69,80,56,8,24,20,20,20,20,21,25,29,34,35,40,40,34,22,7,1,292,35,0
Tonga,1961,726,204,266,62,24,15,20,44,40,43,54,71,82,55,8,24,20,20,20,20,23,25,29,35,36,40,42,35,20,7,1,290,35,0
Tonga,1962,720,199,257,58,23,15,20,44,40,45,54,76,83,54,8,24,20,20,20,20,25,25,29,36,40,41,42,34,20,7,1,280,35,0
Tonga,1963,716,194,250,56,23,15,20,43,40,47,55,77,85,53,8,23,20,20,20,22,25,25,30,37,40,42,43,34,19,7,1,273,35,0
Tonga,1964,711,188,242,54,22,15,20,43,40,49,56,77,88,54,8,23,20,20,20,24,25,25,31,37,40,44,44,35,19,7,1,264,35,0
Tonga,1965,704,180,230,50,21,14,20,42,40,50,58,80,89,54,8,22,20,20,20,25,25,27,31,38,42,45,44,35,19,7,1,251,34,0
Tonga,1966,695,172,219,47,21,13,19,42,40,50,60,82,89,54,8,22,20,20,20,25,25,29,31,38,44,45,44,35,19,7,1,240,32,0
Tonga,1967,689,164,207,43,21,12,18,41,40,50,61,82,92,53,8,21,20,20,20,25,25,30,31,38,44,47,45,35,18,7,1,228,30,0
Tonga,1968,674,151,190,39,19,11,18,40,40,51,62,83,94,54,8,20,20,20,20,25,26,30,32,38,45,48,46,36,18,7,1,209,29,0
Tonga,1969,656,138,174,36,18,11,18,40,40,52,63,83,94,55,8,20,20,20,20,25,27,30,33,38,45,48,46,36,19,7,1,192,29,0
Tonga,1970,641,126,159,33,17,11,18,40,40,53,64,84,96,56,8,20,20,20,20,25,28,30,34,38,46,50,46,37,19,7,1,176,29,0
Tonga,1971,630,116,146,30,17,11,18,37,38,52,66,85,97,57,8,20,17,18,20,24,28,31,35,39,46,50,47,37,20,7,1,163,29,0
Tonga,1972,624,108,134,26,16,11,18,36,37,53,68,86,97,59,8,20,16,17,20,24,29,33,35,40,46,50,47,38,21,7,1,150,29,0
Tonga,1973,623,103,129,26,16,11,18,35,37,53,70,88,98,59,8,20,15,17,20,24,29,34,36,41,47,50,48,38,21,7,1,145,29,0
Tonga,1974,619,98,120,22,15,11,18,35,36,53,72,88,98,60,8,20,15,16,20,24,29,34,38,41,47,50,48,38,22,7,1,135,29,0
Tonga,1975,625,94,115,21,14,11,19,35,36,53,75,91,100,63,8,20,15,16,20,24,29,35,40,43,48,50,50,41,22,7,1,129,30,0
Tonga,1976,631,92,112,20,13,11,20,36,36,53,76,93,100,68,8,21,15,16,20,24,29,36,40,44,49,50,50,43,25,7,1,125,31,0
Tonga,1977,641,90,109,19,13,11,21,37,35,55,80,95,103,71,9,21,16,15,20,24,31,37,43,45,50,53,50,46,25,8,1,122,32,0
Tonga,1978,641,87,104,17,12,11,20,38,34,54,80,96,107,72,10,22,16,15,19,24,30,37,43,45,51,55,52,45,27,9,1,116,31,0
Tonga,1979,643,85,101,16,12,10,19,38,34,54,80,102,108,72,10,22,16,15,19,24,30,37,43,50,52,55,53,45,27,9,1,113,29,0
Tonga,1980,646,83,99,16,11,10,19,39,33,54,82,102,109,74,11,22,17,15,18,24,30,38,44,50,52,55,54,46,28,10,1,110,29,0
Tonga,1981,649,81,95,14,11,10,19,39,33,54,83,103,110,77,11,22,17,15,18,24,30,38,45,50,53,55,55,47,30,10,1,106,29,0
Tonga,1982,662,79,95,16,12,11,21,40,34,53,84,109,113,79,12,22,18,15,19,23,30,38,46,54,55,58,55,49,30,11,1,107,32,0
Tonga,1983,659,75,89,14,11,10,21,40,33,53,84,109,115,82,13,22,18,15,18,23,30,38,46,54,55,60,55,51,31,11,2,100,31,0
Tonga,1984,664,72,85,13,10,10,21,39,33,52,85,112,117,87,14,22,17,15,18,22,30,39,46,56,56,61,56,52,35,12,2,95,31,0
Tonga,1985,668,69,82,13,10,8,21,39,32,51,86,115,119,90,14,22,17,15,17,22,29,39,47,55,60,62,57,54,36,12,2,92,29,0
Tonga,1986,671,66,79,13,10,8,21,38,32,50,85,116,121,95,17,22,16,15,17,21,29,37,48,54,62,62,59,55,40,15,2,89,29,0
Tonga,1987,675,63,76,13,9,7,20,39,31,48,85,118,121,98,20,23,16,15,16,20,28,37,48,54,64,61,60,53,45,18,2,85,27,0
Tonga,1988,677,61,73,12,9,7,20,40,31,48,86,121,127,92,22,23,17,15,16,20,28,37,49,55,66,63,64,50,42,20,2,82,27,0
Tonga,1989,680,59,70,11,9,7,19,41,30,48,86,122,131,87,23,24,17,15,15,21,27,37,49,55,67,66,65,48,39,20,3,79,26,0
Tonga,1990,683,57,68,11,9,7,18,42,30,48,86,124,133,89,23,24,18,15,15,21,27,37,49,59,65,67,66,51,38,19,4,77,25,0
Tonga,1991,682,55,65,10,9,7,17,44,32,47,85,123,137,90,22,25,19,15,17,21,26,38,47,59,64,71,66,54,36,18,4,74,24,0
Tonga,1992,684,54,63,9,9,7,16,44,32,47,85,126,140,91,23,25,19,15,17,21,26,37,48,60,66,74,66,57,34,18,5,72,23,0
Tonga,1993,686,52,61,9,8,7,16,43,32,47,83,126,141,96,23,23,20,15,17,20,27,36,47,61,65,74,67,60,36,18,5,69,23,0
Tonga,1994,688,50,59,9,8,7,16,40,32,47,82,129,144,97,23,20,20,15,17,20,27,35,47,60,69,75,69,62,35,18,5,67,23,0
Tonga,1995,690,49,57,8,7,7,16,40,32,47,82,129,147,103,22,20,20,16,16,20,27,34,48,60,69,75,72,63,40,17,5,64,23,1
Tonga,1996,692,47,55,8,7,7,16,40,32,47,82,129,148,105,22,20,20,16,16,20,27,35,47,59,70,73,75,63,42,17,5,62,23,1
Tonga,1997,694,46,54,8,7,7,16,40,32,46,82,129,152,108,22,20,20,16,16,20,26,34,48,58,71,75,77,63,45,17,5,61,23,1
Tonga,1998,697,45,53,8,7,6,16,40,34,46,80,130,153,109,25,20,20,17,17,20,26,34,46,58,72,75,78,63,46,20,5,60,22,1
Tonga,1999,698,44,52,8,7,6,16,40,36,46,78,131,155,110,25,20,20,19,17,20,26,33,45,59,72,77,78,64,46,20,5,59,22,1
Tonga,2000,699,42,50,8,7,6,16,39,39,46,77,131,159,111,25,20,19,20,19,20,26,34,43,59,72,80,79,65,46,20,5,57,22,1
Tonga,2001,701,42,50,8,7,6,16,37,40,46,77,130,159,112,25,20,17,20,20,20,26,34,43,59,71,80,79,67,45,20,5,57,22,1
Tonga,2002,701,41,49,8,6,6,15,35,40,46,75,128,158,113,27,20,15,20,20,20,26,32,43,59,69,80,78,69,44,22,5,55,21,1
Tonga,2003,704,41,49,8,6,6,14,35,39,47,75,127,162,114,28,20,15,19,20,21,26,32,43,57,70,81,81,70,44,23,5,55,20,1
Tonga,2004,704,40,48,8,5,6,14,34,38,47,76,126,165,117,30,19,15,18,20,21,26,33,43,55,71,82,83,72,45,25,5,53,20,1
Tonga,2005,709,39,47,8,5,6,14,34,37,47,76,124,165,119,31,19,15,17,20,21,26,33,43,54,70,81,84,72,47,26,5,52,20,1
Tonga,2006,710,38,46,8,5,6,14,34,36,48,76,125,164,120,32,19,15,16,20,21,27,33,43,53,72,79,85,72,48,25,7,51,20,1
Tonga,2007,709,36,44,8,5,6,13,33,35,52,76,123,164,123,32,18,15,15,20,25,27,33,43,53,70,79,85,74,49,24,8,49,19,1
Tonga,2008,711,35,43,8,5,6,13,32,36,53,76,124,166,124,30,17,15,15,21,25,28,34,42,54,70,80,86,74,50,22,8,48,19,1
Tonga,2009,723,35,43,8,7,6,14,31,36,53,78,123,167,128,32,16,15,15,21,25,28,35,43,55,68,80,87,78,50,23,9,50,20,1
Tonga,2010,716,33,39,6,5,6,13,30,34,55,79,120,168,128,32,15,15,15,19,26,29,36,43,55,65,82,86,77,51,24,8,44,19,1
Tonga,2011,719,33,39,6,5,5,13,30,34,56,80,121,168,130,32,15,15,15,19,26,30,35,45,54,67,84,84,78,52,25,7,44,18,1
Tonga,2012,722,32,38,6,5,5,14,31,33,56,82,120,167,132,32,16,15,15,18,26,30,37,45,53,67,83,84,79,53,25,7,43,19,1
Tonga,2013,725,31,37,6,5,5,13,31,33,58,82,120,167,139,32,16,15,15,18,26,32,37,45,53,67,82,85,85,54,25,7,42,18,1
Tonga,2014,728,30,35,5,5,6,14,30,33,57,81,122,166,140,32,15,15,15,18,24,33,37,44,54,68,79,87,84,56,25,7,40,20,1
Tonga,2015,728,29,33,4,5,6,13,30,34,59,83,122,168,141,34,15,15,15,19,24,35,37,46,55,67,76,92,83,58,27,7,38,19,1
Tonga,2016,728,28,32,4,5,5,13,30,34,57,85,121,168,143,33,15,15,15,19,23,34,39,46,56,65,75,93,83,60,27,6,37,18,1
Tonga,2017,730,27,31,4,5,5,13,30,33,55,87,119,168,146,34,15,15,15,18,22,33,40,47,56,63,76,92,83,63,28,6,36,18,1
Tonga,2018,731,26,30,4,5,5,13,30,33,55,90,120,167,147,34,15,15,15,18,22,33,42,48,55,65,76,91,82,65,29,5,35,18,1
Tonga,2019,732,25,29,4,5,5,13,30,34,54,91,120,163,151,35,15,15,15,19,22,32,43,48,55,65,77,86,87,64,28,7,34,18,1
Tonga,2020,734,24,28,4,5,5,13,30,34,54,93,123,160,153,37,15,15,15,19,22,32,45,48,56,67,77,83,89,64,30,7,33,18,1
Tonga,2021,742,23,27,4,5,5,13,31,34,54,95,124,159,155,41,16,15,15,19,23,31,45,50,57,67,75,84,92,63,33,8,32,18,1
Trinidad and Tobago,1950,8507,2013,2425,412,109,62,115,401,545,720,920,1324,1287,510,87,179,222,255,290,327,393,444,476,561,763,737,550,330,180,68,19,2534,177,2
Trinidad and Tobago,1951,8588,2030,2446,416,112,63,116,402,553,746,955,1299,1304,505,82,179,223,257,296,337,409,464,491,557,742,741,563,333,172,66,16,2558,179,2
Trinidad and Tobago,1952,8493,2002,2410,408,115,65,115,388,546,752,971,1248,1303,497,79,173,215,251,295,340,412,475,496,550,698,733,570,333,164,64,15,2525,180,3
Trinidad and Tobago,1953,8094,1974,2372,398,105,64,110,360,513,720,942,1145,1225,464,70,161,199,235,278,325,395,464,478,525,620,682,543,316,148,57,13,2477,174,2
Trinidad and Tobago,1954,7747,1995,2384,389,108,61,105,332,476,680,904,1052,1137,439,64,149,183,217,259,306,374,445,459,498,554,626,511,304,135,53,11,2492,166,2
Trinidad and Tobago,1955,7929,1982,2366,384,109,65,109,339,485,712,963,1081,1167,468,65,155,184,220,265,319,393,472,491,523,558,632,535,325,143,53,12,2475,174,2
Trinidad and Tobago,1956,7477,1889,2266,377,101,63,103,314,449,672,924,1015,1068,446,57,144,170,201,248,299,373,451,473,500,515,569,499,311,135,46,11,2367,166,2
Trinidad and Tobago,1957,7722,1835,2201,366,100,68,112,326,466,714,998,1084,1102,489,62,151,175,207,259,316,398,483,515,537,547,572,530,341,148,51,11,2301,180,2
Trinidad and Tobago,1958,7202,1808,2159,351,102,63,104,293,413,651,927,1002,974,455,56,138,155,183,230,285,366,444,483,499,503,494,480,317,138,45,11,2261,167,2
Trinidad and Tobago,1959,7306,1794,2131,337,97,67,109,299,415,665,965,1051,970,483,58,142,157,183,232,290,375,459,506,524,527,486,484,334,149,47,11,2228,176,2
Trinidad and Tobago,1960,6833,1785,2108,323,99,61,100,270,366,599,886,974,861,449,55,129,141,161,205,259,340,419,467,488,486,432,429,307,142,44,11,2207,161,1
Trinidad and Tobago,1961,7047,1757,2071,314,92,63,109,280,374,623,941,1048,892,491,61,135,145,166,208,267,356,442,499,526,522,454,438,332,159,50,11,2163,172,2
Trinidad and Tobago,1962,7005,1713,2017,304,98,63,109,277,356,608,936,1069,892,516,66,134,143,156,200,261,347,439,497,539,530,463,429,343,173,55,11,2115,172,2
Trinidad and Tobago,1963,6998,1640,1941,301,95,66,111,276,346,599,938,1100,901,549,72,135,141,154,192,255,344,438,500,556,544,478,423,358,191,61,11,2036,177,2
Trinidad and Tobago,1964,7142,1557,1842,285,95,67,114,282,346,607,973,1173,950,603,89,140,142,156,190,256,351,452,521,591,582,509,441,386,217,74,15,1937,181,2
Trinidad and Tobago,1965,7159,1469,1744,275,92,69,115,284,338,597,978,1215,978,642,105,143,141,152,186,249,348,452,526,606,609,525,453,399,243,87,18,1836,184,2
Trinidad and Tobago,1966,7203,1380,1642,262,91,70,117,286,333,592,986,1261,1012,681,128,146,140,151,182,244,348,454,532,622,639,544,468,412,269,105,23,1733,187,2
Trinidad and Tobago,1967,7172,1305,1552,247,93,70,117,287,324,573,976,1283,1033,708,155,147,140,147,177,234,339,449,527,625,658,556,477,415,293,124,31,1645,187,3
Trinidad and Tobago,1968,7427,1257,1489,232,89,75,123,297,329,579,1006,1357,1105,777,199,154,143,150,179,236,343,460,546,651,706,597,508,444,333,157,42,1578,198,5
Trinidad and Tobago,1969,7590,1182,1399,217,93,77,130,308,328,574,1024,1408,1160,829,250,161,147,148,180,233,341,468,556,666,742,637,523,465,364,193,57,1492,207,7
Trinidad and Tobago,1970,7636,1164,1368,204,88,78,132,314,319,555,1015,1411,1187,856,303,164,150,143,176,225,330,464,551,661,750,663,524,473,383,227,76,1456,210,11
Trinidad and Tobago,1971,7620,1179,1373,194,87,76,137,323,316,542,1016,1419,1217,810,288,168,155,143,173,220,322,462,554,662,757,689,528,452,358,215,73,1460,213,13
Trinidad and Tobago,1972,7932,1204,1391,187,82,81,148,350,331,557,1063,1495,1318,811,289,180,170,152,179,228,329,479,584,695,800,748,570,459,352,213,76,1473,229,14
Trinidad and Tobago,1973,7714,1194,1379,185,75,79,147,354,322,531,1030,1456,1318,748,260,182,172,151,171,218,313,458,572,679,777,745,573,431,317,191,69,1454,226,14
Trinidad and Tobago,1974,7192,1162,1346,184,70,73,134,335,297,480,937,1346,1255,676,231,172,163,143,154,199,281,411,526,628,718,703,552,395,281,167,64,1416,207,13
Trinidad and Tobago,1975,7346,1133,1313,180,66,73,139,359,307,484,959,1394,1328,683,226,185,174,151,156,201,283,415,544,653,741,734,594,405,278,162,64,1379,212,14
Trinidad and Tobago,1976,7750,1123,1298,175,64,77,151,398,337,506,1010,1494,1446,725,227,205,193,170,167,211,295,431,579,703,791,789,657,439,286,163,64,1362,228,14
Trinidad and Tobago,1977,7723,1119,1287,168,61,72,152,404,343,495,986,1491,1469,737,216,208,196,175,168,206,289,418,568,702,789,791,678,454,283,154,62,1348,224,14
Trinidad and Tobago,1978,7498,1128,1291,163,61,66,143,390,336,466,925,1436,1437,731,200,199,191,173,163,194,272,392,533,675,761,763,674,458,273,143,57,1352,209,13
Trinidad and Tobago,1979,7515,1138,1298,160,61,62,146,401,345,457,905,1443,1448,744,189,202,199,179,166,190,267,382,523,678,765,763,685,476,268,136,53,1359,208,13
Trinidad and Tobago,1980,7798,1137,1295,158,60,60,148,424,371,472,918,1508,1523,810,195,210,214,192,179,197,275,388,530,705,803,796,727,522,288,142,53,1355,208,13
Trinidad and Tobago,1981,7924,1137,1294,157,58,60,146,438,390,473,913,1533,1557,857,195,214,224,200,190,198,275,387,526,711,822,810,747,554,303,143,52,1352,206,12
Trinidad and Tobago,1982,8054,1116,1271,155,58,59,142,460,413,480,913,1567,1591,897,190,224,236,211,202,204,276,387,526,722,845,829,762,579,318,142,48,1329,201,12
Trinidad and Tobago,1983,8013,1075,1228,153,62,57,133,459,424,476,891,1550,1595,932,192,223,236,215,209,207,269,380,511,705,845,832,763,599,333,146,46,1290,190,11
Trinidad and Tobago,1984,8299,1021,1170,149,62,62,132,483,460,500,918,1614,1681,1004,201,234,249,235,225,223,277,395,523,725,889,879,802,640,364,154,47,1232,194,11
Trinidad and Tobago,1985,8432,989,1134,145,62,62,128,489,491,518,924,1638,1723,1049,210,233,256,250,241,236,282,399,525,727,911,906,817,660,389,161,49,1196,190,10
Trinidad and Tobago,1986,8125,946,1084,138,62,61,119,462,484,508,874,1556,1666,1033,206,216,246,247,237,236,272,379,495,684,872,879,787,643,390,161,45,1146,180,10
Trinidad and Tobago,1987,8218,885,1018,133,64,63,119,471,508,530,878,1570,1711,1059,218,213,258,258,250,251,279,380,498,686,884,905,806,653,406,171,47,1082,182,10
Trinidad and Tobago,1988,8234,819,944,125,63,63,117,461,522,551,874,1556,1741,1094,235,200,261,263,259,264,287,377,497,677,879,918,823,666,428,184,51,1007,180,10
Trinidad and Tobago,1989,8303,754,873,119,59,64,121,458,546,581,881,1559,1787,1117,246,193,265,271,275,278,303,378,503,677,882,941,846,677,440,193,53,932,185,10
Trinidad and Tobago,1990,8501,698,809,111,61,67,127,464,576,621,898,1576,1850,1164,272,192,272,283,293,298,323,387,511,685,891,969,881,699,465,212,60,870,194,12
Trinidad and Tobago,1991,8244,656,759,103,57,65,123,429,569,628,872,1512,1812,1131,271,177,252,276,293,299,329,379,493,656,856,945,867,679,452,211,60,816,188,11
Trinidad and Tobago,1992,8664,625,720,95,57,69,130,440,616,687,922,1580,1924,1209,297,185,255,297,319,325,362,406,516,687,893,997,927,727,482,230,67,777,199,12
Trinidad and Tobago,1993,8507,592,683,91,54,68,129,419,614,702,908,1534,1890,1193,300,182,237,294,320,330,372,407,501,669,865,971,919,721,472,231,69,737,197,12
Trinidad and Tobago,1994,8825,563,648,85,52,71,136,429,645,763,958,1587,1966,1245,316,193,236,308,337,360,403,441,517,696,891,1001,965,757,488,242,74,700,207,13
Trinidad and Tobago,1995,8524,535,615,80,51,66,131,401,616,763,938,1510,1890,1212,311,187,214,290,326,359,404,442,496,665,845,954,936,740,472,238,73,666,197,13
Trinidad and Tobago,1996,8767,517,594,77,47,68,139,412,633,816,993,1541,1940,1254,321,196,216,292,341,383,433,477,516,680,861,973,967,770,484,244,77,641,207,13
Trinidad and Tobago,1997,9126,503,577,74,47,66,144,419,647,869,1061,1592,2012,1331,346,200,219,287,360,408,461,518,543,702,890,1005,1007,816,515,260,86,624,210,15
Trinidad and Tobago,1998,8960,497,568,71,42,64,144,417,625,876,1077,1546,1952,1305,330,200,217,268,357,409,467,531,546,681,865,973,979,801,504,248,82,610,208,14
Trinidad and Tobago,1999,9693,498,567,69,43,66,153,452,659,973,1207,1667,2098,1430,360,216,236,274,385,446,527,596,611,731,936,1044,1054,876,554,270,90,610,219,16
Trinidad and Tobago,2000,9317,497,565,68,41,60,144,445,617,957,1205,1587,1982,1367,336,213,232,252,365,433,524,594,611,699,888,984,998,837,530,252,84,606,204,14
Trinidad and Tobago,2001,9130,494,561,67,35,54,138,438,584,955,1224,1546,1915,1339,326,212,226,238,346,426,529,601,623,687,859,949,966,818,521,244,82,596,192,15
Trinidad and Tobago,2002,8767,488,554,66,36,49,128,424,540,934,1211,1473,1810,1279,313,206,218,225,315,415,519,589,622,664,809,896,914,779,500,234,79,590,177,14
Trinidad and Tobago,2003,9553,482,547,65,32,49,132,458,569,1031,1366,1620,1969,1414,350,221,237,245,324,456,575,662,704,742,878,975,994,856,558,263,87,579,181,16
Trinidad and Tobago,2004,8849,473,537,64,31,43,117,423,512,951,1304,1501,1794,1299,325,202,221,229,283,418,533,632,672,702,799,890,904,783,516,246,79,568,160,15
Trinidad and Tobago,2005,8969,465,526,61,27,40,113,424,504,951,1361,1543,1802,1327,338,199,225,232,272,412,539,658,703,737,806,895,907,796,531,255,83,553,153,16
Trinidad and Tobago,2006,9300,461,520,59,29,37,107,429,504,966,1441,1627,1853,1398,368,196,233,236,268,409,557,696,745,790,837,919,934,832,566,277,91,549,144,19
Trinidad and Tobago,2007,9315,456,513,57,25,36,99,422,499,950,1471,1667,1836,1405,378,188,234,236,263,388,562,709,762,820,847,908,928,833,572,284,94,538,135,18
Trinidad and Tobago,2008,9739,446,502,56,25,33,96,432,521,974,1570,1793,1901,1468,402,189,243,247,274,382,592,751,819,891,902,939,962,867,601,302,100,527,129,20
Trinidad and Tobago,2009,8859,429,484,55,24,28,82,379,472,856,1444,1670,1707,1324,370,163,216,224,248,324,532,679,765,831,839,842,865,779,545,277,93,508,110,19
Trinidad and Tobago,2010,9467,417,469,52,23,27,80,386,503,877,1562,1840,1821,1437,417,163,223,239,264,327,550,724,838,914,926,900,921,837,600,310,107,492,107,22
Trinidad and Tobago,2011,9402,407,459,52,24,26,72,359,497,832,1560,1874,1805,1439,434,149,210,237,260,310,522,715,845,925,949,896,909,830,609,321,113,483,98,23
Trinidad and Tobago,2012,9437,393,442,49,19,25,66,338,493,795,1577,1933,1815,1456,454,137,201,236,257,302,493,721,856,945,988,909,906,832,624,334,120,461,91,25
Trinidad and Tobago,2013,9601,377,425,48,23,24,62,322,499,773,1608,2018,1856,1488,476,129,193,239,260,303,470,731,877,982,1036,943,913,846,642,349,127,448,86,28
Trinidad and Tobago,2014,9778,359,406,47,21,24,58,307,499,755,1625,2114,1912,1522,504,121,186,236,263,308,447,736,889,1029,1085,985,927,861,661,368,136,427,82,30
Trinidad and Tobago,2015,9926,343,387,44,21,23,54,291,497,741,1626,2204,1977,1542,529,113,178,230,267,312,429,725,901,1071,1133,1034,943,871,671,385,144,408,77,33
Trinidad and Tobago,2016,10482,328,369,41,21,24,54,283,517,759,1681,2379,2137,1636,584,109,174,234,283,326,433,733,948,1152,1227,1131,1006,921,715,423,161,390,78,37
Trinidad and Tobago,2017,10914,311,351,40,21,24,53,272,527,777,1719,2518,2284,1704,627,105,167,232,295,338,439,722,997,1216,1302,1219,1065,957,747,452,175,372,77,40
Trinidad and Tobago,2018,11571,301,348,47,26,27,60,299,574,829,1766,2683,2461,1781,671,118,181,251,323,365,464,715,1051,1287,1396,1321,1140,999,782,482,189,374,87,44
Trinidad and Tobago,2019,11779,294,338,44,23,25,59,290,562,843,1732,2752,2568,1821,718,115,175,242,320,370,473,681,1051,1296,1456,1379,1189,1019,802,507,211,361,84,50
Trinidad and Tobago,2020,11982,273,313,40,22,24,56,258,532,844,1676,2828,2738,1903,736,101,157,224,308,370,474,647,1029,1308,1520,1464,1274,1070,833,522,214,335,80,52
Trinidad and Tobago,2021,13917,261,301,40,21,25,59,264,572,958,1845,3301,3317,2333,859,104,160,233,339,423,535,712,1133,1503,1798,1756,1561,1307,1026,611,248,322,84,58
Tunisia,1950,101717,31861,48521,16660,3168,1543,2328,5692,5839,5983,6694,7817,8164,5280,687,2829,2863,2849,2990,2958,3025,3227,3467,4094,3723,4796,3368,4283,997,640,47,51689,3871,1
Tunisia,1951,101366,32448,49577,17129,3111,1521,2244,5475,5635,5841,6536,7713,7923,5231,557,2724,2751,2742,2893,2895,2946,3148,3388,4040,3673,4636,3287,3889,1342,493,64,52688,3765,3
Tunisia,1952,99874,32992,50404,17412,3011,1503,2142,5236,5394,5676,6360,7555,7494,4676,417,2613,2623,2626,2768,2822,2854,3051,3309,3894,3661,4188,3306,3082,1594,328,89,53415,3645,4
Tunisia,1953,100241,33525,51088,17563,2903,1496,2059,5097,5230,5510,6194,7628,7752,4801,469,2562,2535,2559,2671,2748,2762,2944,3250,3787,3841,3970,3782,2755,2046,321,148,53991,3555,8
Tunisia,1954,100001,34042,51834,17792,2826,1510,2067,5232,5266,5529,6190,7572,7367,4203,395,2643,2589,2597,2669,2767,2762,2939,3251,3706,3866,3634,3733,2238,1965,258,137,54660,3577,7
Tunisia,1955,98400,34521,52466,17945,2765,1513,1979,4858,4968,5333,6062,7344,6889,3799,415,2452,2406,2443,2525,2655,2678,2871,3191,3565,3779,3403,3486,2036,1763,292,123,55231,3492,6
Tunisia,1956,97757,34965,53065,18100,2704,1512,1955,4718,4830,5232,5998,7192,6541,3517,484,2381,2337,2376,2454,2590,2642,2840,3158,3499,3693,3277,3264,1965,1552,387,97,55769,3467,9
Tunisia,1957,96042,35127,53213,18086,2628,1508,1926,4379,4540,4990,5768,6794,6322,3380,574,2210,2169,2220,2320,2446,2544,2745,3023,3291,3503,3318,3004,2064,1316,504,70,55841,3434,13
Tunisia,1958,94690,35054,53184,18130,2551,1441,1864,4168,4343,4805,5647,6462,6104,3451,662,2087,2081,2123,2220,2327,2478,2685,2962,3220,3242,3294,2810,2281,1170,610,52,55735,3305,16
Tunisia,1959,92995,34907,52917,18010,2480,1373,1801,3963,4152,4612,5534,6302,5867,3296,677,1977,1986,2029,2123,2209,2403,2629,2905,3173,3129,3252,2615,2293,1003,627,50,55397,3174,16
Tunisia,1960,91090,34660,52449,17789,2421,1311,1734,3780,3977,4427,5439,6056,5664,3198,620,1886,1894,1945,2032,2104,2323,2582,2857,3136,2920,3185,2479,2264,934,560,60,54870,3045,13
Tunisia,1961,90696,34364,51851,17487,2378,1266,1792,4117,4140,4452,5485,6033,5482,3145,550,2078,2039,2053,2087,2122,2330,2615,2870,3124,2909,3069,2413,2195,950,477,73,54229,3058,9
Tunisia,1962,87201,34003,51112,17109,2335,1212,1590,3447,3658,4059,5284,5819,5177,3023,478,1746,1701,1800,1858,1920,2139,2513,2771,3046,2773,2847,2330,2025,998,390,88,53447,2802,6
Tunisia,1963,84585,33488,50127,16639,2276,1178,1502,3287,3504,3871,5208,5627,4849,2746,398,1686,1601,1731,1773,1835,2036,2480,2728,2992,2635,2569,2280,1732,1014,306,92,52403,2680,4
Tunisia,1964,82615,32885,49035,16150,2221,1152,1416,3147,3362,3698,5140,5624,4689,2723,403,1630,1517,1664,1698,1756,1942,2443,2697,2995,2629,2432,2257,1637,1086,303,100,51256,2568,5
Tunisia,1965,80226,32450,48054,15604,2158,1124,1336,3016,3224,3534,5067,5458,4323,2564,361,1569,1447,1595,1629,1680,1854,2395,2672,2963,2495,2224,2099,1517,1047,279,82,50212,2460,5
Tunisia,1966,78340,31721,46779,15058,2094,1107,1269,2897,3089,3384,4994,5552,4351,2479,339,1508,1389,1523,1566,1609,1775,2336,2658,2990,2562,2275,2076,1476,1003,275,64,48873,2376,6
Tunisia,1967,75837,30386,44590,14204,2038,1110,1234,2776,2947,3260,4942,5720,4374,2456,383,1442,1334,1437,1510,1547,1713,2276,2666,3028,2692,2310,2064,1513,943,323,60,46628,2344,7
Tunisia,1968,73388,28994,42330,13336,1974,1105,1213,2667,2813,3143,4879,5809,4537,2508,396,1373,1294,1355,1458,1487,1656,2209,2670,3061,2748,2515,2022,1602,906,348,48,44304,2318,7
Tunisia,1969,71413,27787,40460,12673,1961,1118,1218,2600,2720,3064,4848,5945,4646,2438,391,1327,1273,1303,1417,1446,1618,2164,2684,3119,2826,2620,2026,1605,833,348,43,42421,2336,7
Tunisia,1970,68385,26274,37920,11646,1884,1070,1160,2387,2506,2828,4818,6072,4869,2456,408,1224,1163,1199,1307,1316,1512,2042,2776,3167,2905,2769,2100,1635,821,359,49,39804,2230,6
Tunisia,1971,66374,25024,35888,10864,1775,1044,1145,2367,2465,2788,4659,6208,5108,2529,391,1200,1167,1194,1271,1313,1475,2028,2631,3260,2948,2879,2229,1668,861,342,49,37663,2189,5
Tunisia,1972,63737,23991,34068,10077,1581,975,1116,2280,2344,2703,4367,6260,5223,2437,376,1149,1131,1143,1201,1285,1418,1981,2386,3261,2999,2952,2271,1594,843,321,55,35649,2091,4
Tunisia,1973,61907,23208,32596,9388,1580,969,1137,2229,2240,2649,4273,6177,5309,2398,342,1148,1081,1108,1132,1246,1403,1864,2409,3155,3022,2973,2336,1531,867,286,56,34176,2106,4
Tunisia,1974,60229,22375,31089,8714,1476,927,1118,2174,2154,2579,4103,6208,5610,2456,326,1136,1038,1079,1075,1212,1367,1794,2309,3125,3083,3110,2500,1570,886,269,57,32565,2045,3
Tunisia,1975,58344,21572,29643,8071,1376,887,1091,2115,2064,2493,3920,6065,5851,2500,338,1117,998,1040,1024,1165,1328,1715,2205,2995,3070,3216,2635,1600,900,280,58,31019,1978,4
Tunisia,1976,57059,20722,28282,7560,1292,856,1069,2087,2004,2435,3793,6154,6116,2628,338,1112,975,1011,993,1130,1305,1658,2135,2969,3185,3310,2806,1707,921,284,54,29574,1925,4
Tunisia,1977,55336,19624,26634,7010,1195,815,1031,2028,1927,2371,3661,6132,6434,2750,351,1086,942,964,963,1085,1286,1593,2068,2882,3250,3406,3028,1852,898,298,53,27829,1846,4
Tunisia,1978,54238,18283,24795,6512,1127,783,1006,1991,1851,2331,3580,6447,6956,2998,369,1066,925,911,940,1048,1283,1541,2039,2893,3554,3707,3249,2076,922,318,51,25922,1789,5
Tunisia,1979,52874,17084,23060,5976,1094,756,980,1966,1799,2292,3566,6474,7279,3230,377,1052,914,878,921,1018,1274,1538,2028,2865,3609,3785,3494,2295,935,326,51,24154,1736,5
Tunisia,1980,51880,16070,21527,5457,1063,729,953,1952,1765,2259,3550,6539,7630,3510,396,1036,916,860,905,1000,1259,1535,2015,2828,3711,3986,3644,2527,983,341,55,22590,1682,6
Tunisia,1981,51351,15466,20467,5001,1036,700,917,1903,1717,2214,3527,6656,8027,3793,391,998,905,837,880,982,1232,1531,1996,2864,3792,4194,3833,2741,1052,336,55,21503,1617,5
Tunisia,1982,50730,14921,19600,4679,1021,680,890,1881,1687,2182,3524,6594,8205,4072,386,973,908,829,858,979,1203,1539,1985,2862,3732,4250,3955,2928,1144,329,57,20621,1570,5
Tunisia,1983,50100,14264,18579,4315,970,646,848,1828,1638,2124,3481,6739,8559,4300,386,934,894,821,817,964,1160,1526,1955,2863,3876,4461,4098,3039,1261,327,59,19549,1494,5
Tunisia,1984,49533,13713,17754,4041,931,624,813,1790,1605,2079,3450,6686,8825,4572,399,903,887,822,783,955,1124,1516,1934,2858,3828,4616,4209,3183,1389,337,62,18685,1437,5
Tunisia,1985,48438,13157,16947,3790,888,608,776,1763,1581,2025,3396,6565,8696,4774,418,879,884,825,756,937,1088,1491,1905,2820,3745,4463,4233,3248,1526,355,63,17835,1384,5
Tunisia,1986,47893,12581,16141,3560,844,591,733,1704,1553,1971,3328,6567,8998,4994,463,840,864,824,729,915,1056,1452,1876,2808,3759,4616,4382,3315,1679,396,67,16985,1324,5
Tunisia,1987,46982,11814,15160,3346,798,574,693,1643,1531,1926,3257,6588,9080,5209,519,802,841,822,709,890,1036,1406,1851,2792,3796,4588,4492,3419,1790,450,69,15958,1267,6
Tunisia,1988,46064,11006,14118,3112,812,570,621,1507,1460,1811,3132,6558,9285,5574,611,716,791,795,665,865,946,1323,1809,2745,3813,4571,4714,3596,1978,537,74,14930,1191,7
Tunisia,1989,46692,10197,13120,2923,760,562,667,1617,1582,1917,3219,6737,9744,6045,714,771,846,853,729,870,1047,1360,1859,2850,3887,4693,5051,3887,2158,631,83,13880,1229,8
Tunisia,1990,46403,9746,12460,2714,769,566,685,1647,1659,1973,3290,6731,9629,6212,776,781,866,890,769,892,1081,1383,1907,2880,3851,4642,4987,4000,2212,689,87,13229,1251,8
Tunisia,1991,46249,9259,11756,2497,769,566,702,1669,1733,2029,3351,6823,9629,6363,848,786,883,920,813,918,1111,1412,1939,2940,3883,4605,5024,4138,2225,748,100,12525,1268,8
Tunisia,1992,46987,8742,11053,2311,716,547,749,1737,1838,2139,3405,6936,9981,6908,965,821,916,959,879,932,1207,1463,1942,3035,3901,4731,5250,4477,2431,846,119,11769,1296,9
Tunisia,1993,46399,8179,10307,2128,732,551,727,1682,1850,2128,3446,6984,9905,7061,1014,796,886,957,893,987,1141,1488,1958,3052,3932,4716,5189,4534,2527,881,133,11039,1278,9
Tunisia,1994,46379,7567,9508,1941,689,534,723,1669,1884,2163,3479,7141,10102,7385,1092,800,869,960,924,1021,1142,1522,1957,3097,4044,4859,5243,4717,2668,940,152,10197,1257,10
Tunisia,1995,46291,6886,8648,1762,648,525,720,1677,1923,2216,3545,7186,10245,7773,1175,818,859,967,956,1058,1158,1564,1981,3126,4060,4945,5300,4932,2841,1000,175,9296,1245,11
Tunisia,1996,46109,6213,7790,1577,609,515,713,1674,1951,2283,3625,7278,10374,8041,1241,834,840,967,984,1102,1181,1606,2019,3140,4138,5011,5363,5038,3003,1049,192,8399,1228,12
Tunisia,1997,45649,5592,6980,1388,569,499,702,1665,1962,2350,3707,7350,10305,8226,1313,848,817,959,1003,1142,1208,1640,2067,3119,4231,4960,5345,5045,3181,1103,210,7549,1201,14
Tunisia,1998,45997,5022,6232,1210,527,481,698,1686,1984,2428,3795,7462,10604,8639,1443,875,811,959,1025,1176,1252,1672,2123,3110,4352,5107,5497,5177,3462,1209,234,6759,1179,17
Tunisia,1999,46279,4510,5565,1055,489,477,707,1748,1980,2550,3728,7521,10860,9064,1561,889,859,946,1034,1222,1328,1626,2102,3096,4425,5203,5657,5383,3681,1309,252,6054,1184,20
Tunisia,2000,47265,4169,5094,925,472,468,716,1771,2001,2666,3843,7677,11274,9525,1741,896,875,945,1056,1272,1394,1670,2173,3147,4530,5379,5895,5620,3905,1460,281,5566,1184,24
Tunisia,2001,48487,3872,4697,825,453,459,725,1796,2026,2790,3981,7852,11674,10063,1939,900,896,945,1081,1319,1471,1729,2252,3213,4639,5639,6035,5894,4169,1626,313,5150,1184,28
Tunisia,2002,49132,3638,4382,744,432,446,728,1821,2040,2905,4111,7937,11963,10277,2060,905,916,943,1097,1359,1546,1796,2315,3287,4650,5797,6166,6019,4258,1729,331,4814,1174,31
Tunisia,2003,49841,3491,4171,680,412,434,728,1837,2045,3010,4247,8019,12238,10485,2187,907,930,939,1106,1395,1615,1886,2361,3380,4639,5942,6296,6151,4334,1838,349,4583,1162,33
Tunisia,2004,50897,3353,3982,629,389,421,719,1848,2056,3109,4398,8122,12512,10850,2450,913,935,944,1112,1426,1683,1986,2412,3486,4636,6011,6501,6333,4517,2030,420,4371,1140,40
Tunisia,2005,51368,3245,3837,592,371,409,706,1859,2065,3198,4564,8229,12709,10881,2497,924,935,953,1112,1456,1742,2086,2478,3593,4636,6091,6618,6358,4523,2063,434,4208,1115,41
Tunisia,2006,52573,3138,3709,571,354,394,689,1862,2076,3271,4750,8411,13066,11255,2683,932,930,968,1108,1479,1792,2190,2560,3687,4724,6191,6875,6593,4662,2186,497,4063,1083,47
Tunisia,2007,53786,3073,3629,556,345,379,673,1869,2093,3337,4963,8614,13415,11637,2783,939,930,986,1107,1500,1837,2298,2665,3775,4839,6260,7155,6810,4827,2266,517,3974,1052,49
Tunisia,2008,55292,3034,3575,541,336,361,653,1858,2100,3383,5200,8838,13731,12209,2989,933,925,994,1106,1508,1875,2398,2802,3846,4992,6338,7393,7070,5139,2403,586,3911,1014,56
Tunisia,2009,56930,3034,3566,532,335,343,637,1851,2110,3419,5438,9076,14158,12794,3140,922,929,997,1113,1513,1906,2493,2945,3922,5154,6408,7750,7380,5414,2525,615,3901,980,60
Tunisia,2010,58150,3077,3603,526,334,328,621,1842,2122,3453,5679,9296,14434,13114,3255,906,936,994,1128,1514,1939,2585,3094,4025,5271,6453,7981,7614,5500,2602,653,3937,949,67
Tunisia,2011,60014,3176,3717,541,340,318,608,1870,2167,3494,5927,9616,14797,13695,3388,907,963,1005,1162,1521,1973,2669,3258,4169,5447,6615,8182,7974,5721,2704,684,4057,926,74
Tunisia,2012,61764,3211,3743,532,334,304,579,1846,2171,3488,6130,9960,14946,14517,3656,881,965,994,1177,1507,1981,2727,3403,4321,5639,6751,8195,8442,6075,2898,758,4077,883,85
Tunisia,2013,63268,3233,3776,543,334,297,553,1829,2194,3492,6325,10280,15252,15077,3768,864,965,996,1198,1508,1984,2779,3546,4525,5755,6968,8284,8759,6318,3007,761,4110,850,88
Tunisia,2014,65394,3235,3794,559,338,297,530,1812,2224,3527,6563,10676,15798,15812,3931,852,960,1008,1216,1529,1998,2851,3712,4777,5899,7264,8534,9139,6673,3136,795,4132,827,95
Tunisia,2015,67233,3220,3794,574,341,299,508,1775,2244,3547,6757,11121,16233,16421,4094,831,944,1020,1224,1553,1994,2904,3853,5021,6100,7515,8718,9429,6992,3262,832,4135,807,101
Tunisia,2016,68812,3184,3759,575,331,297,485,1769,2227,3550,6749,11598,16678,16988,4274,818,951,1013,1214,1576,1974,2852,3897,5278,6320,7749,8929,9670,7318,3401,873,4090,782,107
Tunisia,2017,70625,3149,3727,578,334,296,467,1691,2212,3558,6885,12155,17190,17519,4478,777,914,1003,1209,1602,1956,2878,4007,5553,6602,7984,9206,9856,7663,3558,920,4061,763,114
Tunisia,2018,72123,3064,3644,580,334,297,459,1642,2215,3579,7005,12685,17411,17919,4804,748,894,999,1216,1627,1952,2895,4110,5826,6859,8048,9363,9920,7999,3802,1002,3978,756,126
Tunisia,2019,74090,2973,3540,567,333,296,457,1592,2212,3600,7106,13360,17989,18439,5035,718,874,983,1229,1642,1958,2904,4202,6092,7268,8271,9718,10109,8330,3991,1044,3873,753,131
Tunisia,2020,82136,2859,3409,550,330,302,504,1545,2217,3813,7583,15279,19921,21324,5764,695,850,960,1257,1739,2074,3057,4526,6871,8408,9381,10540,11242,10082,4618,1146,3739,806,142
Tunisia,2021,96709,2737,3262,525,323,299,478,1559,2466,4443,9486,19325,24439,24345,6131,695,864,1028,1438,1934,2509,3735,5751,8672,10653,11487,12952,13419,10926,4934,1197,3585,777,148
Turkey,1950,415165,189002,288503,99501,6436,3931,5262,10007,8928,11919,17343,21133,19288,16137,5981,5324,4683,4404,4524,5403,6516,8042,9301,10420,10713,10448,8840,8869,7268,4517,1464,294939,9193,293
Turkey,1951,431699,197703,300553,102850,6926,3930,5287,10274,9143,12203,18013,22036,20459,16562,6016,5445,4829,4529,4614,5499,6704,8395,9618,11023,11013,11038,9421,9174,7388,4568,1448,307479,9217,295
Turkey,1952,443133,201823,309233,107410,4812,3952,5313,10590,9428,12519,18777,23122,21673,17253,6144,5589,5001,4689,4739,5618,6901,8800,9977,11686,11436,11561,10112,9556,7697,4743,1401,314045,9265,311
Turkey,1953,446181,197194,303422,106228,8351,4101,5395,10964,9783,12873,19538,24243,22750,18039,6424,5773,5191,4882,4901,5762,7111,9187,10351,12300,11943,11963,10787,9961,8078,5066,1358,311773,9496,304
Turkey,1954,475328,220882,331832,110950,6794,3724,5164,10881,9826,12816,20007,25013,23384,18687,6928,5671,5210,4922,4904,5726,7090,9391,10616,12652,12361,12121,11263,10283,8404,5536,1392,338626,8888,269
Turkey,1955,471984,207563,324172,116609,7150,3615,5075,10941,10034,12938,20591,25948,24049,19440,7820,5648,5293,5039,4995,5779,7159,9597,10994,13019,12929,12340,11709,10664,8776,6187,1633,331322,8690,206
Turkey,1956,469519,206199,315845,109646,7351,3625,5015,11103,10380,13227,21427,27264,25039,20256,8851,5676,5427,5222,5158,5915,7312,9888,11539,13549,13715,12783,12256,11117,9139,6716,2135,323196,8640,135
Turkey,1957,487650,212172,322597,110425,7447,3907,5211,11796,11246,14159,23352,30171,27550,21416,8650,5991,5805,5658,5588,6345,7814,10674,12678,14878,15293,14013,13537,12055,9361,6286,2364,330044,9118,145
Turkey,1958,498636,212601,324440,111839,8088,4127,5308,12197,11895,14803,24777,32558,29593,22499,8163,6156,6041,5978,5917,6662,8141,11207,13570,15938,16620,15129,14464,12985,9514,5882,2281,332528,9435,185
Turkey,1959,493584,210027,320062,110035,8268,4202,5109,11859,11853,14619,24682,33031,29905,22509,7281,5955,5904,5940,5913,6614,8005,11050,13632,16090,16941,15490,14415,13295,9214,5421,1860,328330,9311,204
Turkey,1960,488850,207907,314003,106096,8525,4264,4994,11610,11914,14592,24758,33754,30587,22947,6734,5803,5807,5948,5966,6642,7950,10972,13786,16417,17337,16122,14465,13768,9179,5336,1398,322528,9258,171
Turkey,1961,481102,204231,305659,101428,8127,4290,4875,11312,11903,14542,24632,34315,31386,23450,6524,5638,5674,5908,5995,6653,7889,10837,13795,16723,17592,16775,14611,14093,9357,5372,1152,313786,9165,85
Turkey,1962,478528,203208,302993,99785,7381,4245,4805,11001,11845,14510,24412,34758,32314,23834,6353,5465,5536,5837,6008,6665,7845,10716,13696,17016,17742,17274,15040,14233,9601,5084,1269,310374,9050,78
Turkey,1963,471776,197382,294939,97557,7395,4298,4803,10707,11790,14555,24202,35203,33161,24360,6277,5300,5407,5763,6027,6711,7844,10615,13587,17259,17944,17693,15468,14424,9936,5008,1269,302334,9101,89
Turkey,1964,471100,194396,288830,94434,7123,4433,5051,10656,11962,14932,24578,36498,34760,25606,6569,5255,5401,5801,6161,6907,8025,10773,13805,17831,18667,18490,16270,15042,10564,5327,1242,295953,9484,98
Turkey,1965,468571,189553,280765,91212,7214,4492,5260,10609,12075,15258,24837,37633,36253,26921,7166,5234,5375,5812,6263,7079,8179,10876,13961,18228,19405,19197,17056,15660,11261,5900,1266,287979,9752,86
Turkey,1966,465714,184162,271623,87461,7271,4726,5538,10753,12276,15687,25167,38722,37811,28158,7931,5348,5405,5875,6401,7295,8392,11034,14133,18579,20143,19892,17919,16168,11990,6461,1470,278894,10264,53
Turkey,1967,471715,186965,275555,88590,7058,4621,5395,10383,11954,15742,25254,39334,39120,29019,8202,5200,5183,5662,6292,7301,8441,11137,14117,18744,20590,20279,18841,16518,12501,6527,1675,282613,10016,76
Turkey,1968,473423,183075,272728,89653,6967,4568,5532,10384,11891,16066,25632,40191,40497,30102,8748,5277,5107,5601,6290,7436,8630,11346,14286,19003,21188,20772,19725,17119,12983,6971,1777,279695,10100,116
Turkey,1969,481636,189254,277875,88621,6978,4324,5592,10320,11509,16037,25857,40659,41495,31137,9705,5393,4927,5413,6096,7403,8634,11416,14441,19045,21614,21192,20303,17820,13317,7846,1859,284853,9916,147
Turkey,1970,470703,176351,262981,86630,7091,4351,5677,10466,11409,16241,26011,40921,42242,32069,11108,5593,4873,5369,6040,7463,8778,11466,14545,19007,21914,21643,20599,18541,13528,9028,2080,270072,10028,137
Turkey,1971,466571,175397,254329,78932,6943,4328,5711,10548,11285,16453,26284,41301,43345,33332,12627,5719,4829,5301,5984,7496,8957,11590,14694,19092,22209,22320,21025,19430,13902,9982,2645,261272,10039,89
Turkey,1972,464682,175383,250805,75422,6543,4204,5664,10379,11056,16515,26360,41077,44537,35125,12286,5611,4768,5165,5891,7442,9073,11712,14648,19015,22062,22811,21726,20521,14604,9377,2909,257348,9868,131
Turkey,1973,465184,171812,244867,73055,6397,4299,5565,10656,11077,16880,27014,41589,46224,37838,12577,5768,4888,5148,5929,7523,9357,12097,14917,19329,22260,23540,22684,21989,15849,9649,2928,251264,9864,197
Turkey,1974,463636,167270,237479,70209,6321,4395,5307,10966,11006,17075,27530,41819,47374,40475,13652,5866,5100,5088,5918,7533,9542,12407,15123,19530,22289,23961,23413,23284,17191,10794,2858,243800,9702,237
Turkey,1975,462021,160815,228273,67458,6105,4676,5365,11376,11114,17384,28233,42176,48342,43020,15744,6005,5371,5132,5982,7613,9771,12790,15443,19794,22382,24265,24077,24374,18646,12685,3059,234378,10041,211
Turkey,1976,459068,154126,218064,63938,6139,4797,5456,11658,11175,17621,28989,42650,49203,45041,18142,6102,5556,5171,6004,7670,9951,13172,15817,20105,22545,24514,24689,25115,19926,14289,3853,224203,10253,135
Turkey,1977,451194,151681,212975,61294,5561,4248,5210,11201,10723,17327,29346,42855,49824,44843,16886,5896,5305,4969,5754,7468,9859,13354,15992,20276,22579,24620,25204,25091,19752,12765,4121,218536,9458,192
Turkey,1978,443679,146485,205560,59075,5394,4157,5281,11080,10631,17219,29838,43192,50288,44942,15815,5718,5362,4996,5635,7387,9832,13578,16260,20498,22694,24646,25642,25144,19798,11809,4006,210954,9438,283
Turkey,1979,438198,141850,197563,55713,5213,4105,5367,10945,10743,17197,30549,43967,51073,45699,15436,5491,5454,5193,5550,7355,9842,13865,16684,20894,23073,24835,26238,25554,20145,11755,3681,202776,9472,347
Turkey,1980,430666,135678,187911,52233,5241,3997,5344,10837,10767,17040,31056,44599,51490,46361,15704,5400,5437,5323,5444,7269,9771,14017,17039,21200,23399,24887,26603,25949,20412,12391,3313,193152,9341,316
Turkey,1981,423345,129546,178675,49129,4942,3953,5388,10926,10896,17045,31787,45757,52495,45852,15315,5429,5497,5464,5432,7248,9797,14241,17546,21743,24014,25347,27148,26265,19587,11824,3491,183617,9341,313
Turkey,1982,413451,122991,168878,45887,4862,3912,5332,10987,10812,16842,32108,46474,52987,45335,14593,5438,5549,5412,5400,7130,9712,14256,17852,22099,24375,25612,27375,26472,18863,11053,3540,173740,9244,327
Turkey,1983,406297,117044,159951,42907,4777,3922,5445,11171,11125,16809,32558,47377,53564,45228,13987,5647,5524,5589,5536,7091,9718,14324,18234,22585,24792,25979,27585,26797,18431,10415,3572,164728,9367,384
Turkey,1984,399872,111483,151123,39640,4567,3699,5371,11119,11483,16731,33037,48566,54516,45730,13484,5796,5323,5710,5773,7017,9714,14388,18649,23217,25349,26569,27947,27358,18372,9976,3508,155690,9070,446
Turkey,1985,394090,106036,142808,36772,4296,3658,5284,11215,11770,16663,33393,49729,55443,46330,12999,5908,5307,5775,5995,6965,9698,14414,18979,23841,25888,27172,28271,27856,18474,9639,3360,147104,8942,499
Turkey,1986,388654,100778,134869,34091,4135,3605,5204,11277,12001,16594,33611,50873,56351,46979,12617,5940,5337,5845,6156,6946,9648,14404,19207,24442,26431,27742,28609,28293,18686,9425,3192,139004,8809,539
Turkey,1987,383677,95404,126963,31559,3978,3533,5167,11319,12164,16567,33784,52119,57402,47736,12377,5912,5407,5982,6182,6982,9585,14403,19381,25061,27058,28344,29058,28726,19010,9326,3051,130941,8700,568
Turkey,1988,378749,90433,119604,29171,3760,3453,5028,11469,12204,16591,33848,53287,58370,48345,12207,5933,5536,5882,6322,7099,9492,14380,19468,25609,27678,28871,29499,29028,19317,9256,2951,123364,8481,583
Turkey,1989,375695,85684,112585,26901,3534,3373,4933,11888,12278,16900,33957,54590,59654,49162,12246,6070,5818,5760,6518,7461,9439,14400,19557,26166,28424,29511,30143,29401,19761,9321,2925,116119,8306,591
Turkey,1990,371685,80192,104988,24796,3346,3295,4883,11887,12315,17118,33995,55871,61045,49985,12373,5962,5925,5733,6582,7747,9371,14386,19609,26653,29218,30188,30857,29768,20217,9450,2923,108334,8178,590
Turkey,1991,368860,75779,98476,22697,3149,3191,4822,11852,12448,17340,34004,57089,62503,50837,12563,5881,5971,5774,6674,7975,9365,14348,19656,27050,30039,30915,31588,30179,20658,9618,2945,101625,8013,583
Turkey,1992,368667,70913,91722,20809,3058,3174,4981,12777,13312,17784,34185,58349,64137,51772,12835,6352,6425,6196,7116,8212,9572,14393,19792,27431,30918,31764,32373,30689,21083,9846,2989,94780,8155,580
Turkey,1993,367640,67302,86203,18901,2793,3000,4915,12995,13563,18248,34168,59401,65827,52793,13155,6366,6629,6464,7099,8462,9786,14319,19849,27671,31730,32652,33175,31311,21482,10129,3026,88996,7915,581
Turkey,1994,367965,64071,81319,17248,2628,2872,4902,13276,13786,19017,34192,60397,67635,53851,13507,6425,6851,6817,6969,8731,10286,14261,19931,27883,32514,33622,34013,32041,21810,10442,3065,83947,7774,583
Turkey,1995,369663,60523,76396,15873,2481,2776,4965,13837,14380,19810,34366,61453,69706,55048,13864,6742,7095,7234,7146,8989,10821,14297,20069,28143,33310,34737,34969,32918,22130,10767,3097,78877,7741,581
Turkey,1996,366918,57821,72367,14546,2307,2622,4655,12898,13966,19933,34089,61898,71428,56019,14157,6278,6620,6988,6978,8940,10993,14173,19916,28144,33754,35657,35771,33648,22371,11028,3129,74674,7277,579
Turkey,1997,365723,54125,67512,13387,2163,2501,4440,12355,13806,20175,34132,62591,73608,57352,14502,5972,6383,6828,6978,9137,11038,14270,19862,28314,34277,36773,36835,34575,22777,11297,3205,69675,6941,583
Turkey,1998,363303,50488,62807,12319,2051,2393,4140,11302,13512,20085,34199,63062,75711,58689,14769,5455,5847,6567,6945,8875,11210,14486,19713,28418,34644,37803,37908,35473,23216,11479,3290,64858,6533,585
Turkey,1999,379558,47363,60318,12955,3522,3760,5180,12819,15481,21586,36282,65104,79204,60631,15080,6274,6545,7489,7992,9355,12231,15920,20362,29346,35758,39568,39636,36733,23898,11654,3426,63840,8940,594
Turkey,2000,360256,42549,52653,10104,1794,2153,3651,10097,13221,19817,35153,63912,80063,61860,15273,4834,5263,6148,7073,8376,11441,15679,19474,28635,35277,39732,40331,37444,24416,11721,3552,54447,5804,606
Turkey,2001,361468,40345,49409,9064,1692,2044,3490,9873,13175,20031,35676,64217,82139,63568,15531,4684,5189,6053,7122,8420,11611,16172,19504,28664,35553,40525,41614,38494,25074,11846,3685,51101,5534,622
Turkey,2002,360651,35477,43659,8182,1592,1938,3334,9651,13150,20572,36042,64541,84224,65470,15830,4544,5107,6024,7126,8557,12015,16335,19707,28666,35875,41252,42972,39669,25801,12036,3794,45251,5272,648
Turkey,2003,361905,31945,39267,7322,1521,1849,3201,9448,13119,20783,37027,64956,86370,67578,16121,4415,5033,5908,7211,8831,11952,16817,20210,28682,36274,41969,44401,40990,26588,12282,3839,40788,5050,669
Turkey,2004,363789,29910,36335,6425,1397,1739,3051,9198,12971,20641,38303,65077,88161,69687,16522,4253,4945,5758,7213,9108,11533,17163,21140,28545,36532,42492,45669,42300,27387,12624,3898,37732,4790,700
Turkey,2005,367664,28213,33933,5720,1304,1649,2932,9054,12921,20918,39541,65449,90146,72127,16962,4143,4911,5766,7155,9361,11557,17452,22089,28572,36877,43133,47013,43837,28290,13034,3928,35237,4581,729
Turkey,2006,371192,26625,31820,5195,1214,1567,2775,8683,12746,21088,40602,65809,91987,74694,17450,3937,4746,5689,7057,9445,11643,17777,22825,28717,37092,43750,48237,45446,29248,13482,3968,33034,4342,753
Turkey,2007,372886,24689,29439,4750,1110,1479,2633,8407,12632,21225,41284,65955,93207,76925,17833,3781,4626,5606,7026,9432,11793,18327,22957,28928,37027,44132,49075,46845,30080,13849,3984,30549,4112,757
Turkey,2008,377601,22977,27339,4362,1003,1406,2509,8162,12452,21762,41991,66929,95094,79826,18377,3649,4513,5546,6906,9562,12200,18270,23721,29739,37190,44875,50219,48632,31194,14331,4046,28342,3915,751
Turkey,2009,380439,21383,25393,4010,920,1321,2373,7794,12129,22127,41891,68188,96355,82321,18887,3467,4327,5426,6703,9548,12579,17647,24244,31121,37067,45336,51019,50122,32199,14754,4133,26313,3694,741
Turkey,2010,384167,19869,23551,3682,835,1234,2247,7460,11968,22236,42105,69390,97663,85088,19637,3307,4153,5318,6650,9395,12841,17587,24518,32375,37015,45775,51888,51669,33419,15311,4326,24386,3481,752
Turkey,2011,403319,18695,22128,3433,828,1233,2259,7503,12334,23263,44542,73601,102804,91040,20990,3314,4189,5435,6899,9711,13552,18510,26032,34850,38751,47965,54839,55134,35906,16359,4631,22956,3492,787
Turkey,2012,391087,17729,20878,3149,703,1053,2033,6841,11550,22252,43827,71243,99486,89685,20753,3007,3834,5049,6501,9261,12991,18015,25812,33681,37562,46120,53366,54080,35605,16153,4600,21581,3086,779
Turkey,2013,384967,16933,19860,2927,615,924,1861,6326,10951,21462,42812,70824,97469,89850,21184,2764,3562,4749,6202,8771,12691,17974,24838,33539,37285,44815,52654,53838,36012,16398,4786,20475,2785,826
Turkey,2014,392457,16365,19129,2764,590,841,1732,5936,10648,21279,42772,73796,98908,93388,22510,2570,3366,4557,6091,8552,12727,18625,24147,34502,39294,45058,53850,55583,37805,17332,5178,19719,2573,924
Turkey,2015,407307,15699,18343,2644,515,785,1723,6189,10925,21724,44250,77549,101725,98190,24313,2691,3498,4663,6262,8806,12918,19536,24714,35791,41758,46016,55709,58098,40092,18576,5737,18858,2508,1076
Turkey,2016,423054,14837,17355,2518,488,734,1794,6888,11501,22425,45884,81308,104787,102974,25750,3041,3847,4955,6546,9168,13257,20310,25574,37316,43992,47300,57487,60671,42303,19715,6035,17843,2528,1167
Turkey,2017,421687,13905,16301,2396,463,654,1490,5719,10444,21666,45685,82048,104812,104725,26474,2474,3245,4392,6052,8741,12925,20021,25664,38193,43855,47440,57372,61484,43241,20310,6164,16764,2144,1208
Turkey,2018,420022,12555,14807,2252,436,595,1303,5151,9797,20856,45949,82027,105011,106189,26750,2209,2942,4070,5727,8432,12424,19887,26062,37456,44571,48006,57005,62168,44021,20733,6017,15243,1898,1149
Turkey,2019,424871,11270,13369,2099,416,554,1196,4918,9461,20401,46824,82165,107636,109160,27669,2104,2814,3918,5543,8304,12097,19902,26922,36337,45828,50374,57262,63679,45481,21570,6099,13785,1750,1101
Turkey,2020,536806,10287,12214,1927,393,524,1127,4596,9961,24403,60177,108336,141634,139339,32959,1935,2661,3947,6014,9675,14728,24738,35439,47280,61056,69097,72537,79997,59342,26072,6887,12607,1651,1142
Turkey,2021,542597,9550,11302,1752,378,477,1046,4380,9625,24297,60563,110904,144778,140470,33266,1814,2566,3799,5826,9490,14807,24694,35869,48122,62782,71240,73538,80974,59496,26293,6973,11680,1523,1106
Turkmenistan,1950,22192,7198,9079,1881,277,197,288,758,812,1433,1888,3096,2828,1247,275,426,332,315,497,622,811,862,1026,1565,1531,1515,1313,760,487,212,63,9356,485,11
Turkmenistan,1951,22681,7452,9570,2118,272,192,289,787,779,1436,1893,3092,2880,1235,248,429,358,308,471,618,818,892,1001,1514,1578,1540,1340,790,445,197,51,9842,481,10
Turkmenistan,1952,23110,7677,9942,2265,263,180,298,812,750,1438,1932,3076,2932,1252,226,420,392,311,439,622,816,932,1000,1433,1643,1568,1364,842,410,181,45,10205,478,9
Turkmenistan,1953,23657,7950,10319,2369,306,163,312,841,729,1438,1999,3052,2992,1283,212,409,432,325,404,630,808,976,1023,1341,1711,1605,1387,899,384,171,41,10625,475,8
Turkmenistan,1954,24155,8234,10683,2449,309,148,323,865,722,1429,2072,3010,3064,1328,195,399,466,346,376,627,802,1017,1055,1266,1744,1650,1414,947,381,159,36,10992,471,6
Turkmenistan,1955,24801,8540,11048,2508,351,138,328,891,743,1422,2151,2977,3174,1387,187,399,492,378,365,617,805,1052,1099,1227,1750,1715,1459,990,397,151,36,11399,466,5
Turkmenistan,1956,25315,8874,11450,2576,383,128,320,903,770,1395,2200,2898,3257,1428,176,402,501,410,360,593,802,1062,1138,1202,1696,1772,1485,1010,418,140,36,11833,448,6
Turkmenistan,1957,25850,9228,11877,2649,405,126,301,912,818,1361,2249,2805,3354,1474,166,419,493,453,365,553,808,1060,1189,1202,1603,1844,1510,1028,446,130,36,12282,427,6
Turkmenistan,1958,26374,9581,12309,2728,424,126,274,916,879,1322,2281,2711,3444,1518,162,438,478,498,381,510,812,1043,1238,1222,1489,1908,1536,1043,475,126,36,12733,400,7
Turkmenistan,1959,26936,9899,12708,2809,427,136,248,919,946,1287,2326,2665,3535,1572,162,451,468,538,408,476,811,1036,1290,1261,1404,1950,1585,1070,502,127,35,13135,384,7
Turkmenistan,1960,27261,10149,13035,2886,434,146,224,908,993,1242,2333,2630,3544,1602,165,446,462,557,436,455,787,1022,1311,1291,1339,1922,1622,1085,517,132,33,13469,370,7
Turkmenistan,1961,27525,10306,13254,2948,439,160,210,893,1035,1198,2336,2646,3538,1639,174,429,464,565,470,446,752,1016,1320,1337,1309,1860,1678,1109,530,141,33,13693,370,7
Turkmenistan,1962,27763,10357,13347,2990,454,173,203,886,1078,1160,2346,2722,3526,1682,183,404,482,559,519,454,706,1027,1319,1404,1318,1765,1761,1138,544,152,31,13801,376,8
Turkmenistan,1963,27775,10301,13307,3006,462,184,203,867,1107,1121,2335,2803,3469,1718,194,366,501,539,568,473,648,1035,1300,1462,1341,1641,1828,1162,556,163,31,13769,387,8
Turkmenistan,1964,27750,10153,13144,2991,477,192,214,848,1138,1109,2321,2906,3416,1775,203,334,514,527,611,503,606,1032,1289,1518,1388,1550,1866,1202,573,172,31,13621,406,8
Turkmenistan,1965,27693,9941,12889,2948,500,198,235,823,1166,1125,2307,3007,3370,1851,215,308,515,525,641,540,585,1017,1290,1563,1444,1503,1867,1257,594,181,34,13389,433,8
Turkmenistan,1966,27505,9696,12578,2882,511,204,257,789,1183,1164,2270,3091,3300,1926,220,290,499,531,652,586,578,978,1292,1585,1506,1483,1817,1314,612,186,34,13089,461,7
Turkmenistan,1967,27209,9457,12256,2799,523,208,277,745,1190,1227,2211,3139,3195,2002,228,279,466,548,642,641,586,911,1300,1571,1568,1485,1710,1375,627,192,36,12779,485,7
Turkmenistan,1968,27161,9251,11960,2709,530,217,300,715,1202,1323,2177,3229,3158,2107,240,285,430,575,627,707,616,850,1327,1570,1659,1540,1618,1454,653,200,40,12490,517,7
Turkmenistan,1969,26921,9096,11718,2622,526,225,310,688,1192,1399,2101,3256,3104,2148,246,300,388,584,608,752,647,787,1314,1548,1708,1584,1520,1473,675,205,41,12244,535,8
Turkmenistan,1970,26728,8996,11539,2543,507,230,314,680,1174,1468,2026,3270,3096,2158,254,324,356,577,597,781,687,750,1276,1530,1740,1632,1464,1455,703,212,42,12046,544,8
Turkmenistan,1971,26752,8942,11420,2478,500,240,322,687,1163,1536,1971,3306,3164,2166,267,353,334,559,604,794,742,742,1229,1538,1768,1709,1455,1422,744,222,45,11920,562,8
Turkmenistan,1972,26746,8873,11301,2428,477,247,333,705,1149,1603,1909,3324,3272,2141,277,380,325,526,623,786,817,755,1154,1558,1766,1797,1475,1351,790,232,45,11778,580,8
Turkmenistan,1973,26777,8854,11239,2385,461,251,343,730,1130,1651,1849,3326,3404,2099,289,402,328,481,649,761,890,784,1065,1577,1749,1882,1522,1268,831,241,48,11700,594,9
Turkmenistan,1974,26827,8869,11218,2349,451,252,353,760,1094,1686,1817,3299,3529,2057,304,416,344,435,659,737,949,825,992,1568,1731,1950,1579,1205,852,254,50,11669,605,9
Turkmenistan,1975,27088,8878,11198,2320,443,254,370,807,1069,1738,1853,3296,3684,2045,322,430,377,408,661,739,999,892,961,1551,1745,2022,1662,1188,857,271,51,11641,624,9
Turkmenistan,1976,27551,8894,11189,2295,442,255,390,859,1039,1789,1949,3321,3891,2072,346,447,412,387,652,756,1033,980,969,1525,1796,2103,1788,1217,855,294,52,11631,645,8
Turkmenistan,1977,27894,8899,11169,2270,439,254,409,912,1002,1825,2087,3301,4040,2078,368,465,447,381,621,789,1036,1088,999,1452,1849,2133,1907,1257,821,315,53,11608,663,7
Turkmenistan,1978,27954,8873,11118,2245,443,248,417,951,946,1821,2225,3214,4115,2069,383,479,472,380,566,819,1002,1185,1040,1339,1875,2114,2001,1300,769,330,53,11561,665,6
Turkmenistan,1979,28116,8856,11069,2213,443,242,423,985,917,1822,2377,3141,4197,2099,392,497,488,401,516,841,981,1272,1105,1257,1884,2112,2085,1362,737,337,55,11512,665,6
Turkmenistan,1980,28153,8828,11004,2176,438,238,422,1009,903,1801,2498,3054,4249,2145,390,513,496,430,473,832,969,1322,1176,1208,1846,2110,2139,1423,722,332,58,11442,660,6
Turkmenistan,1981,28274,8852,10980,2128,424,234,415,1041,900,1758,2593,2954,4297,2265,405,534,507,464,436,797,961,1331,1262,1192,1762,2119,2178,1518,747,341,64,11404,649,6
Turkmenistan,1982,28837,8885,10976,2091,426,238,415,1098,933,1754,2743,2921,4424,2467,432,564,534,508,425,761,993,1337,1406,1241,1680,2199,2225,1664,803,353,79,11402,653,6
Turkmenistan,1983,29388,9017,11080,2063,420,241,409,1144,978,1722,2844,2895,4505,2675,466,584,560,543,435,697,1025,1303,1541,1317,1578,2263,2242,1805,870,365,101,11500,650,6
Turkmenistan,1984,29645,9152,11194,2042,408,240,400,1174,1026,1657,2885,2872,4459,2815,505,589,585,563,463,623,1034,1255,1630,1391,1481,2241,2218,1881,934,376,129,11602,640,6
Turkmenistan,1985,30297,9376,11413,2037,416,242,400,1209,1097,1598,2935,2961,4458,2985,568,591,618,585,512,565,1033,1231,1704,1500,1461,2209,2249,1957,1028,402,166,11829,642,11
Turkmenistan,1986,30407,9371,11351,1980,402,242,398,1223,1159,1518,2923,3075,4372,3090,631,578,645,601,558,517,1001,1207,1716,1614,1461,2103,2269,1962,1128,429,202,11753,640,25
Turkmenistan,1987,30591,9294,11238,1944,389,240,400,1236,1230,1451,2910,3264,4305,3179,703,566,670,625,605,504,947,1215,1695,1753,1511,1983,2322,1937,1242,464,239,11627,640,44
Turkmenistan,1988,30574,9038,10948,1910,395,241,405,1248,1301,1402,2885,3479,4210,3221,773,557,691,658,643,529,873,1239,1646,1890,1589,1871,2339,1890,1331,501,272,11343,646,68
Turkmenistan,1989,30787,8723,10591,1868,401,243,414,1267,1387,1390,2888,3745,4188,3289,880,560,707,705,682,596,794,1279,1609,2035,1710,1843,2345,1891,1398,573,307,10992,657,100
Turkmenistan,1990,30709,8483,10335,1852,410,244,416,1272,1459,1393,2908,3976,4149,3256,792,567,705,746,713,670,723,1325,1583,2137,1839,1845,2304,1918,1338,571,221,10745,660,93
Turkmenistan,1991,30794,8301,10155,1854,415,244,420,1273,1529,1425,2919,4193,4123,3266,752,576,697,786,743,745,680,1335,1584,2193,2000,1886,2237,1984,1282,581,171,10570,664,78
Turkmenistan,1992,31486,8294,10149,1855,432,252,431,1303,1630,1523,2981,4461,4187,3332,740,599,704,836,794,828,695,1327,1654,2244,2217,1996,2191,2084,1248,592,148,10581,683,63
Turkmenistan,1993,32064,8318,10185,1867,432,256,435,1319,1714,1649,2997,4657,4268,3374,720,613,706,870,844,892,757,1255,1742,2230,2427,2122,2146,2144,1230,587,133,10617,691,49
Turkmenistan,1994,32487,8208,10087,1879,432,263,440,1343,1794,1805,2991,4811,4396,3393,702,627,716,890,904,944,861,1154,1837,2193,2618,2270,2126,2157,1236,569,133,10519,703,38
Turkmenistan,1995,32913,8026,9893,1867,443,269,445,1373,1867,1978,2983,4954,4607,3390,676,639,734,899,968,998,980,1063,1920,2181,2773,2457,2150,2127,1263,542,134,10336,714,30
Turkmenistan,1996,33362,7761,9586,1825,432,277,454,1406,1933,2155,2974,5101,4950,3419,654,651,755,900,1033,1054,1101,1015,1959,2216,2885,2711,2239,2094,1325,520,134,10018,731,24
Turkmenistan,1997,33383,7428,9173,1745,421,282,458,1414,1965,2306,2929,5188,5281,3361,589,651,763,889,1076,1105,1201,1017,1912,2280,2908,2952,2329,2012,1349,476,113,9594,740,15
Turkmenistan,1998,32699,7060,8696,1636,407,277,450,1380,1931,2371,2805,5106,5497,3221,543,632,748,855,1076,1129,1242,1063,1742,2316,2790,3110,2387,1896,1325,445,98,9103,727,10
Turkmenistan,1999,32283,6674,8185,1511,392,275,450,1364,1914,2462,2740,5070,5763,3136,526,622,742,842,1072,1178,1284,1177,1563,2385,2685,3268,2495,1840,1296,437,89,8577,725,8
Turkmenistan,2000,31782,6268,7646,1378,375,269,450,1340,1877,2536,2690,5001,5993,3071,525,611,729,832,1045,1220,1316,1297,1393,2412,2589,3358,2635,1823,1248,442,83,8021,719,7
Turkmenistan,2001,32158,5830,7081,1251,344,267,464,1365,1902,2690,2792,5105,6427,3160,552,623,742,856,1046,1301,1389,1463,1329,2463,2642,3508,2919,1920,1240,472,80,7425,731,7
Turkmenistan,2002,32356,5411,6541,1130,338,264,473,1380,1905,2825,2943,5131,6743,3234,567,632,748,869,1036,1363,1462,1602,1341,2406,2725,3549,3194,2024,1210,491,76,6879,737,7
Turkmenistan,2003,32401,5142,6163,1021,314,259,477,1383,1895,2927,3138,5067,6905,3297,569,637,746,874,1021,1395,1532,1699,1439,2238,2829,3480,3425,2125,1172,493,76,6477,736,6
Turkmenistan,2004,32524,4919,5846,927,312,255,477,1385,1895,3023,3391,4973,7014,3395,554,644,741,877,1018,1407,1616,1776,1615,2028,2945,3387,3627,2245,1150,482,72,6158,732,5
Turkmenistan,2005,33597,4788,5647,859,288,256,486,1430,1947,3181,3759,5006,7325,3699,564,672,758,898,1049,1433,1748,1900,1859,1892,3114,3427,3898,2493,1206,486,78,5935,742,5
Turkmenistan,2006,33572,4686,5492,806,267,245,471,1428,1940,3210,3991,4841,7286,3859,539,673,755,890,1050,1395,1815,1955,2036,1759,3082,3378,3908,2644,1215,457,82,5759,716,4
Turkmenistan,2007,33663,4633,5407,774,247,235,457,1422,1920,3212,4192,4687,7275,4083,521,673,749,876,1044,1352,1860,2011,2181,1742,2945,3412,3863,2824,1259,437,84,5654,692,4
Turkmenistan,2008,33509,4653,5406,753,236,221,437,1394,1872,3147,4311,4508,7186,4280,504,661,733,849,1023,1295,1852,2054,2257,1831,2677,3469,3717,2971,1309,421,83,5642,658,4
Turkmenistan,2009,33296,4739,5487,748,207,205,416,1360,1816,3063,4395,4361,7053,4435,496,639,721,821,995,1252,1811,2103,2292,1998,2363,3514,3539,3068,1367,414,82,5694,621,4
Turkmenistan,2010,33638,4872,5626,754,192,191,400,1349,1789,3019,4555,4334,7036,4634,505,626,723,810,979,1243,1776,2191,2364,2213,2121,3576,3460,3166,1468,425,80,5818,591,5
Turkmenistan,2011,34116,5017,5788,771,181,179,386,1336,1774,2976,4720,4415,7022,4814,522,609,727,805,969,1244,1732,2280,2440,2432,1983,3563,3459,3220,1594,444,78,5969,565,5
Turkmenistan,2012,34863,5163,5960,797,175,169,374,1330,1771,2944,4907,4633,7031,4999,557,594,736,806,965,1248,1696,2363,2544,2640,1993,3459,3572,3254,1745,480,77,6135,543,6
Turkmenistan,2013,35885,5290,6120,830,176,160,364,1339,1797,2962,5151,5013,7036,5155,602,591,748,823,974,1272,1690,2447,2704,2838,2175,3263,3773,3256,1899,524,78,6296,524,6
Turkmenistan,2014,37229,5377,6241,864,179,153,354,1361,1852,3039,5460,5551,7056,5319,658,593,768,856,996,1309,1730,2532,2928,3048,2503,3037,4019,3269,2050,575,83,6420,507,6
Turkmenistan,2015,37687,5426,6323,897,186,141,336,1334,1854,3027,5579,5971,6864,5355,710,576,758,864,990,1299,1728,2504,3075,3173,2798,2753,4111,3232,2123,624,86,6509,477,6
Turkmenistan,2016,38611,5434,6356,922,193,135,321,1315,1885,3065,5738,6480,6804,5524,788,565,750,885,1000,1307,1758,2483,3255,3342,3138,2632,4172,3320,2204,694,94,6549,456,6
Turkmenistan,2017,39045,5395,6332,937,204,131,303,1281,1903,3076,5814,6895,6658,5600,845,546,735,897,1006,1306,1770,2436,3378,3490,3405,2646,4012,3407,2193,744,101,6536,434,6
Turkmenistan,2018,40292,5306,6243,937,205,132,291,1285,1974,3168,6007,7471,6743,5847,920,541,744,930,1044,1339,1829,2462,3545,3759,3712,2925,3818,3634,2213,808,112,6448,423,6
Turkmenistan,2019,40564,5164,6079,915,217,130,269,1236,1980,3160,6016,7847,6735,5925,961,513,723,926,1054,1330,1830,2448,3568,3962,3885,3280,3455,3757,2168,841,120,6296,399,7
Turkmenistan,2020,42735,4997,5881,884,216,134,256,1205,2010,3189,6263,8946,7230,6346,1051,492,713,929,1081,1342,1847,2529,3734,4505,4441,3946,3284,4030,2316,914,137,6097,390,7
Turkmenistan,2021,41769,4823,5671,848,226,137,237,1140,1982,3142,5960,8920,7203,6115,1031,458,682,899,1083,1326,1816,2471,3489,4510,4410,4177,3026,3856,2259,889,142,5897,374,7
Turks and Caicos Islands,1950,107,34,50,16,3,0,0,0,4,10,8,10,15,11,0,0,0,0,4,5,5,3,5,5,5,5,10,6,5,0,0,53,0,0
Turks and Caicos Islands,1951,106,33,49,16,3,0,0,0,3,4,9,10,14,10,0,0,0,0,3,3,1,4,5,5,5,5,9,7,3,0,0,52,0,0
Turks and Caicos Islands,1952,102,32,47,15,3,0,0,0,1,1,7,10,13,11,0,0,0,0,1,1,0,2,5,5,5,5,8,8,3,0,0,50,0,0
Turks and Caicos Islands,1953,98,30,44,14,3,0,0,0,0,0,6,10,10,9,0,0,0,0,0,0,0,2,4,5,5,5,5,5,4,0,0,47,0,0
Turks and Caicos Islands,1954,94,29,43,14,3,0,0,0,0,0,5,10,10,9,0,0,0,0,0,0,0,2,3,5,5,5,5,5,4,0,0,46,0,0
Turks and Caicos Islands,1955,92,28,39,11,3,0,0,0,0,0,5,10,10,8,0,0,0,0,0,0,0,1,4,5,5,5,5,5,3,0,0,42,0,0
Turks and Caicos Islands,1956,91,27,38,11,3,0,0,0,0,1,5,10,10,8,0,0,0,0,0,0,1,0,5,5,5,5,5,5,3,0,0,41,0,0
Turks and Caicos Islands,1957,88,26,37,11,3,0,0,0,0,1,10,10,10,9,0,0,0,0,0,0,1,5,5,5,5,5,5,5,4,0,0,40,0,0
Turks and Caicos Islands,1958,86,25,35,10,3,0,0,0,0,1,10,10,10,8,0,0,0,0,0,0,1,5,5,5,5,5,5,5,3,0,0,38,0,0
Turks and Caicos Islands,1959,84,23,33,10,3,0,0,0,0,2,10,10,12,7,0,0,0,0,0,0,2,5,5,5,5,5,7,5,2,0,0,36,0,0
Turks and Caicos Islands,1960,85,23,33,10,3,0,0,0,0,1,10,10,15,8,0,0,0,0,0,0,1,5,5,5,5,5,10,5,3,0,0,36,0,0
Turks and Caicos Islands,1961,84,23,33,10,3,0,0,0,0,1,10,10,13,9,0,0,0,0,0,0,1,5,5,5,5,5,8,5,4,0,0,36,0,0
Turks and Caicos Islands,1962,81,22,30,8,2,0,0,0,0,0,10,10,10,8,0,0,0,0,0,0,0,5,5,5,5,5,5,5,3,0,0,32,0,0
Turks and Caicos Islands,1963,74,20,27,7,2,0,0,0,0,0,9,10,10,8,0,0,0,0,0,0,0,4,5,5,5,5,5,5,3,0,0,29,0,0
Turks and Caicos Islands,1964,67,17,22,5,1,0,0,0,0,0,7,10,10,7,0,0,0,0,0,0,0,2,5,5,5,5,5,5,2,0,0,23,0,0
Turks and Caicos Islands,1965,64,16,21,5,0,0,0,0,0,0,7,10,10,7,0,0,0,0,0,0,0,2,5,5,5,5,5,5,2,0,0,21,0,0
Turks and Caicos Islands,1966,65,16,21,5,0,0,0,0,0,0,6,10,10,8,0,0,0,0,0,0,0,1,5,5,5,5,5,5,3,0,0,21,0,0
Turks and Caicos Islands,1967,68,16,21,5,1,0,0,0,0,0,10,10,10,8,0,0,0,0,0,0,0,5,5,5,5,5,5,5,3,0,0,22,0,0
Turks and Caicos Islands,1968,71,17,22,5,1,0,0,0,0,1,10,10,10,9,0,0,0,0,0,0,1,5,5,5,5,5,5,5,4,0,0,23,0,0
Turks and Caicos Islands,1969,74,17,23,6,2,0,0,0,0,0,10,10,10,9,0,0,0,0,0,0,0,5,5,5,5,5,5,5,4,0,0,25,0,0
Turks and Caicos Islands,1970,76,17,23,6,2,0,0,0,0,1,10,10,10,9,0,0,0,0,0,0,1,5,5,5,5,5,5,5,4,0,0,25,0,0
Turks and Caicos Islands,1971,76,15,21,6,2,0,0,0,0,0,10,10,10,9,0,0,0,0,0,0,0,5,5,5,5,5,5,5,4,0,0,23,0,0
Turks and Caicos Islands,1972,73,14,19,5,2,0,0,0,0,0,10,10,10,9,0,0,0,0,0,0,0,5,5,5,5,5,5,5,4,0,0,21,0,0
Turks and Caicos Islands,1973,66,11,15,4,0,0,0,0,0,0,9,10,10,9,0,0,0,0,0,0,0,4,5,5,5,5,5,5,4,0,0,15,0,0
Turks and Caicos Islands,1974,54,7,8,1,0,0,0,0,0,0,8,10,10,7,0,0,0,0,0,0,0,3,5,5,5,5,5,5,2,0,0,8,0,0
Turks and Caicos Islands,1975,45,4,4,0,0,0,0,0,0,0,7,10,10,5,0,0,0,0,0,0,0,2,5,5,5,5,5,5,0,0,0,4,0,0
Turks and Caicos Islands,1976,40,3,3,0,0,0,0,0,0,0,6,10,10,5,0,0,0,0,0,0,0,1,5,5,5,5,5,5,0,0,0,3,0,0
Turks and Caicos Islands,1977,39,2,2,0,0,0,0,0,0,0,6,10,10,5,0,0,0,0,0,0,0,1,5,5,5,5,5,5,0,0,0,2,0,0
Turks and Caicos Islands,1978,42,3,3,0,0,0,0,0,0,0,9,10,10,6,0,0,0,0,0,0,0,4,5,5,5,5,5,5,1,0,0,3,0,0
Turks and Caicos Islands,1979,47,3,3,0,0,0,0,0,0,0,10,10,10,7,0,0,0,0,0,0,0,5,5,5,5,5,5,5,2,0,0,3,0,0
Turks and Caicos Islands,1980,51,4,4,0,0,0,0,0,0,1,10,10,10,8,0,0,0,0,0,0,1,5,5,5,5,5,5,5,3,0,0,4,0,0
Turks and Caicos Islands,1981,54,4,4,0,0,0,0,0,0,1,10,10,10,8,0,0,0,0,0,0,1,5,5,5,5,5,5,5,3,0,0,4,0,0
Turks and Caicos Islands,1982,57,4,4,0,0,0,0,0,0,1,10,10,10,9,0,0,0,0,0,0,1,5,5,5,5,5,5,5,4,0,0,4,0,0
Turks and Caicos Islands,1983,58,4,4,0,0,0,0,0,0,1,10,10,10,9,0,0,0,0,0,0,1,5,5,5,5,5,5,5,4,0,0,4,0,0
Turks and Caicos Islands,1984,59,4,4,0,0,0,0,0,0,2,10,10,10,9,0,0,0,0,0,0,2,5,5,5,5,5,5,5,4,0,0,4,0,0
Turks and Caicos Islands,1985,60,4,4,0,0,0,0,1,0,3,10,10,10,9,0,1,0,0,0,0,3,5,5,5,5,5,5,5,4,0,0,4,0,0
Turks and Caicos Islands,1986,60,3,3,0,0,0,0,0,0,7,10,10,10,9,0,0,0,0,0,2,5,5,5,5,5,5,5,5,4,0,0,3,0,0
Turks and Caicos Islands,1987,60,3,3,0,0,0,0,0,0,7,10,10,10,9,0,0,0,0,0,2,5,5,5,5,5,5,5,5,4,0,0,3,0,0
Turks and Caicos Islands,1988,61,3,3,0,0,0,0,0,0,10,10,10,10,10,0,0,0,0,0,5,5,5,5,4,6,5,5,5,5,0,0,3,0,0
Turks and Caicos Islands,1989,65,4,4,0,0,0,0,0,3,10,10,11,10,10,0,0,0,0,3,5,5,5,5,3,8,5,5,5,5,0,0,4,0,0
Turks and Caicos Islands,1990,72,6,6,0,0,0,0,0,6,10,10,11,11,10,1,0,0,1,5,5,5,5,5,3,8,6,5,5,5,1,0,6,0,0
Turks and Caicos Islands,1991,76,6,6,0,0,0,0,0,6,10,10,11,16,10,1,0,0,1,5,5,5,5,5,3,8,10,6,5,5,1,0,6,0,0
Turks and Caicos Islands,1992,75,6,6,0,0,0,0,1,8,10,10,12,16,10,1,0,1,3,5,5,5,5,5,5,7,10,6,5,5,1,0,6,0,0
Turks and Caicos Islands,1993,78,7,7,0,0,0,0,7,10,10,10,11,18,10,1,2,5,5,5,5,5,5,5,5,6,10,8,5,5,1,0,7,0,0
Turks and Caicos Islands,1994,88,10,12,2,0,0,0,9,10,10,10,10,21,10,2,4,5,5,5,5,5,5,5,5,5,11,10,5,5,2,0,12,0,0
Turks and Caicos Islands,1995,93,12,15,3,0,0,0,9,10,10,10,10,22,12,2,4,5,5,5,5,5,5,5,5,5,12,10,7,5,2,0,15,0,0
Turks and Caicos Islands,1996,79,6,6,0,0,0,0,5,10,10,10,10,18,10,0,0,5,5,5,5,5,5,5,5,5,8,10,6,4,0,0,6,0,0
Turks and Caicos Islands,1997,76,6,6,0,0,0,0,0,9,10,10,10,17,13,0,0,0,4,5,5,5,5,5,5,5,7,10,9,4,0,0,6,0,0
Turks and Caicos Islands,1998,71,3,3,0,0,0,0,2,10,10,10,10,16,12,0,0,2,5,5,5,5,5,5,5,5,6,10,8,4,0,0,3,0,0
Turks and Caicos Islands,1999,75,4,4,0,0,0,0,0,8,10,10,10,15,15,0,0,0,3,5,5,5,5,5,5,5,5,10,10,5,0,0,4,0,0
Turks and Caicos Islands,2000,83,6,6,0,0,0,0,0,6,10,10,10,17,18,1,0,0,1,5,5,5,5,5,5,5,7,10,10,8,1,0,6,0,0
Turks and Caicos Islands,2001,85,6,6,0,0,0,0,0,4,10,10,10,18,20,3,0,0,0,4,5,5,5,5,5,5,8,10,10,10,3,0,6,0,0
Turks and Caicos Islands,2002,80,4,4,0,0,0,0,0,3,10,10,10,18,20,4,0,0,0,3,5,5,5,5,5,5,8,10,10,10,4,0,4,0,0
Turks and Caicos Islands,2003,87,5,5,0,0,0,0,0,2,10,10,10,20,21,4,0,0,0,2,5,5,5,5,5,5,10,10,11,10,4,0,5,0,0
Turks and Caicos Islands,2004,85,4,4,0,0,0,0,0,1,10,10,10,20,19,4,0,0,0,1,5,5,5,5,5,5,10,10,10,9,4,0,4,0,0
Turks and Caicos Islands,2005,90,3,3,0,0,0,0,0,1,10,10,10,21,21,5,0,0,0,1,5,5,5,5,5,5,10,11,12,9,5,0,3,0,0
Turks and Caicos Islands,2006,102,4,4,0,0,0,0,0,2,10,10,10,26,27,5,0,0,0,2,5,5,5,5,5,5,11,15,15,12,5,0,4,0,0
Turks and Caicos Islands,2007,121,6,6,0,0,0,0,0,2,10,10,20,29,33,7,0,0,0,2,5,5,5,5,10,10,12,17,18,15,6,1,6,0,0
Turks and Caicos Islands,2008,126,4,4,0,0,0,0,0,5,10,15,20,30,33,7,0,0,0,5,5,5,5,10,10,10,11,19,18,15,7,0,4,0,0
Turks and Caicos Islands,2009,136,3,3,0,0,0,0,0,4,10,15,20,30,39,9,0,0,0,4,5,5,5,10,10,10,11,19,21,18,9,0,3,0,0
Turks and Caicos Islands,2010,164,4,4,0,0,0,0,0,4,10,18,22,37,48,13,0,0,0,4,5,5,8,10,10,12,14,23,26,22,12,1,4,0,0
Turks and Caicos Islands,2011,184,4,4,0,0,0,0,0,5,11,20,25,38,56,17,0,0,0,5,5,6,10,10,11,14,15,23,31,25,15,2,4,0,0
Turks and Caicos Islands,2012,194,3,3,0,0,0,0,0,6,11,21,30,37,62,23,0,0,1,5,5,6,10,11,15,15,15,22,32,30,18,5,3,0,0
Turks and Caicos Islands,2013,211,3,3,0,0,0,0,0,6,11,21,30,39,69,26,0,0,1,5,5,6,10,11,15,15,16,23,35,34,20,6,3,0,0
Turks and Caicos Islands,2014,226,3,3,0,0,0,0,0,6,11,22,30,43,73,29,0,0,1,5,5,6,10,12,15,15,19,24,36,37,21,8,3,0,0
Turks and Caicos Islands,2015,244,3,3,0,0,0,0,0,7,13,26,38,47,78,30,0,0,2,5,5,8,11,15,18,20,21,26,39,39,23,7,3,0,1
Turks and Caicos Islands,2016,266,3,3,0,0,0,0,0,8,14,27,38,51,83,34,0,0,3,5,5,9,12,15,18,20,23,28,41,42,26,8,3,0,1
Turks and Caicos Islands,2017,287,4,4,0,0,0,0,0,8,15,31,46,58,84,35,0,0,3,5,5,10,13,18,21,25,26,32,41,43,27,8,4,0,1
Turks and Caicos Islands,2018,312,4,4,0,0,0,0,0,9,16,34,48,65,89,40,0,0,4,5,6,10,15,19,21,27,29,36,43,46,30,10,4,0,1
Turks and Caicos Islands,2019,359,7,7,0,0,0,0,0,9,17,37,58,78,103,45,0,0,4,5,6,11,15,22,25,33,35,43,51,52,34,11,7,0,1
Turks and Caicos Islands,2020,388,7,7,0,0,0,0,0,10,18,39,66,88,111,46,0,0,5,5,7,11,16,23,30,36,40,48,54,57,35,11,7,0,1
Turks and Caicos Islands,2021,414,7,7,0,0,0,0,0,9,20,43,73,96,115,46,0,0,4,5,8,12,18,25,33,40,45,51,58,57,35,11,7,0,1
Tuvalu,1950,134,37,49,12,5,5,5,18,10,10,10,10,10,8,0,8,10,5,5,5,5,5,5,5,5,5,5,5,3,0,0,54,10,0
Tuvalu,1951,135,37,53,16,5,5,5,17,10,10,10,10,10,8,0,7,10,5,5,5,5,5,5,5,5,5,5,5,3,0,0,58,10,0
Tuvalu,1952,134,36,53,17,5,5,5,15,11,10,10,10,10,8,0,5,10,6,5,5,5,5,5,5,5,5,5,5,3,0,0,58,10,0
Tuvalu,1953,132,35,53,18,4,3,5,12,12,10,10,10,10,7,0,5,7,7,5,5,5,5,5,5,5,5,5,5,2,0,0,57,8,0
Tuvalu,1954,129,34,53,19,5,2,5,10,11,10,10,10,10,7,0,5,5,6,5,5,5,5,5,5,5,5,5,5,2,0,0,58,7,0
Tuvalu,1955,125,32,49,17,5,1,5,10,10,10,10,10,10,6,0,5,5,5,5,5,5,5,5,5,5,5,5,5,1,0,0,54,6,0
Tuvalu,1956,121,31,46,15,5,0,4,10,10,10,10,10,10,4,0,5,5,5,5,5,5,5,5,5,5,5,5,4,0,0,0,51,4,0
Tuvalu,1957,117,29,43,14,5,0,3,10,10,10,10,10,10,4,0,5,5,5,5,5,5,5,5,5,5,5,5,4,0,0,0,48,3,0
Tuvalu,1958,113,27,41,14,6,0,2,10,10,10,10,10,10,5,0,5,5,5,5,5,5,5,5,5,5,5,5,5,0,0,0,47,2,0
Tuvalu,1959,108,25,37,12,6,1,1,10,10,10,10,10,10,5,0,5,5,5,5,5,5,5,5,5,5,5,5,5,0,0,0,43,2,0
Tuvalu,1960,104,23,34,11,6,1,0,10,10,10,10,10,10,5,0,5,5,5,5,5,5,5,5,5,5,5,5,5,0,0,0,40,1,0
Tuvalu,1961,100,21,32,11,5,2,0,8,10,10,10,10,10,5,0,3,5,5,5,5,5,5,5,5,5,5,5,5,0,0,0,37,2,0
Tuvalu,1962,99,19,29,10,5,3,0,7,10,10,10,10,10,7,0,2,5,5,5,5,5,5,5,5,5,5,5,5,2,0,0,34,3,0
Tuvalu,1963,99,16,24,8,5,3,0,3,9,10,10,10,10,8,0,0,3,4,5,5,5,5,5,5,5,5,5,5,3,0,0,29,3,0
Tuvalu,1964,98,14,21,7,5,2,0,0,8,10,10,10,11,12,0,0,0,3,5,5,5,5,5,5,5,5,6,8,4,0,0,26,2,0
Tuvalu,1965,94,14,20,6,5,0,0,0,7,10,10,10,10,10,0,0,0,2,5,5,5,5,5,5,5,5,5,5,5,0,0,25,0,0
Tuvalu,1966,90,14,20,6,5,0,1,0,5,10,10,10,10,10,0,0,0,0,5,5,5,5,5,5,5,5,5,5,5,0,0,25,1,0
Tuvalu,1967,87,14,20,6,4,0,1,0,4,10,10,10,10,10,0,0,0,0,4,5,5,5,5,5,5,5,5,5,5,0,0,24,1,0
Tuvalu,1968,84,14,20,6,3,0,3,0,3,10,10,10,10,9,0,0,0,0,3,5,5,5,5,5,5,5,5,5,4,0,0,23,3,0
Tuvalu,1969,81,14,20,6,3,0,2,2,1,10,10,10,10,9,0,2,0,0,1,5,5,5,5,5,5,5,5,5,4,0,0,23,2,0
Tuvalu,1970,78,13,18,5,3,0,2,2,0,10,10,10,10,10,0,2,0,0,0,5,5,5,5,5,5,5,5,5,5,0,0,21,2,0
Tuvalu,1971,76,12,17,5,2,0,2,2,0,9,10,10,10,9,0,2,0,0,0,4,5,5,5,5,5,5,5,5,4,0,0,19,2,0
Tuvalu,1972,80,12,17,5,5,1,3,3,0,9,10,10,10,9,0,3,0,0,0,4,5,5,5,5,5,5,5,5,4,0,0,22,4,0
Tuvalu,1973,71,11,15,4,1,0,0,0,0,7,10,10,10,8,0,0,0,0,0,2,5,5,5,5,5,5,5,5,3,0,0,16,0,0
Tuvalu,1974,69,10,14,4,1,0,0,0,0,6,10,10,10,7,0,0,0,0,0,1,5,5,5,5,5,5,5,5,2,0,0,15,0,0
Tuvalu,1975,70,10,14,4,0,0,0,0,0,6,10,10,10,6,0,0,0,0,0,1,5,5,5,5,5,5,5,5,1,0,0,14,0,0
Tuvalu,1976,71,10,14,4,0,0,0,0,0,6,10,10,10,6,0,0,0,0,0,1,5,5,5,5,5,5,5,5,1,0,0,14,0,0
Tuvalu,1977,72,11,15,4,0,0,3,0,0,5,10,10,10,6,0,0,0,0,0,0,5,5,5,5,5,5,5,5,1,0,0,15,3,0
Tuvalu,1978,73,11,14,3,0,0,3,2,0,6,10,10,10,4,0,2,0,0,0,1,5,5,5,5,5,5,5,3,1,0,0,14,3,0
Tuvalu,1979,76,11,14,3,0,0,4,2,0,6,10,10,10,3,0,2,0,0,0,1,5,5,5,5,5,5,5,3,0,0,0,14,4,0
Tuvalu,1980,77,12,15,3,0,0,3,3,0,5,10,10,10,4,0,3,0,0,0,0,5,5,5,5,5,5,5,4,0,0,0,15,3,0
Tuvalu,1981,78,12,15,3,0,0,3,4,0,4,10,10,10,5,0,4,0,0,0,0,4,5,5,5,5,5,5,5,0,0,0,15,3,0
Tuvalu,1982,79,12,16,4,0,0,3,5,0,5,10,12,10,5,0,5,0,0,0,1,4,5,5,7,5,5,5,5,0,0,0,16,3,0
Tuvalu,1983,81,12,16,4,0,0,3,6,0,9,10,14,10,6,0,5,1,0,0,4,5,5,5,7,7,5,5,5,1,0,0,16,3,0
Tuvalu,1984,83,13,17,4,0,0,2,7,3,9,10,17,10,6,0,5,2,3,0,4,5,5,5,9,8,5,5,5,1,0,0,17,2,0
Tuvalu,1985,86,13,17,4,0,0,2,7,6,8,10,19,10,6,0,5,2,4,2,3,5,5,5,9,10,5,5,5,1,0,0,17,2,0
Tuvalu,1986,88,13,17,4,0,0,1,9,7,8,10,20,11,7,0,5,4,3,4,3,5,5,5,10,10,6,5,5,2,0,0,17,1,0
Tuvalu,1987,91,13,17,4,0,0,1,10,10,10,10,20,13,8,0,5,5,5,5,5,5,5,5,10,10,8,5,5,3,0,0,17,1,0
Tuvalu,1988,93,13,17,4,1,0,1,10,10,10,10,20,14,8,0,5,5,5,5,5,5,5,5,10,10,9,5,5,3,0,0,18,1,0
Tuvalu,1989,95,13,17,4,1,0,0,10,10,10,10,20,15,9,0,5,5,5,5,5,5,5,5,10,10,10,5,5,4,0,0,18,0,0
Tuvalu,1990,96,13,17,4,1,0,0,9,10,10,10,20,16,9,0,4,5,5,5,5,5,5,5,10,10,10,6,5,4,0,0,18,0,0
Tuvalu,1991,97,13,17,4,1,0,0,8,10,10,10,19,17,9,0,3,5,5,5,5,5,5,5,9,10,10,7,5,4,0,0,18,0,0
Tuvalu,1992,105,13,18,5,3,0,0,9,10,10,10,19,18,8,0,4,5,5,5,5,5,5,5,9,10,10,8,5,3,0,0,21,0,0
Tuvalu,1993,96,12,16,4,1,0,0,5,10,10,10,18,19,8,0,0,5,5,5,5,5,5,5,8,10,10,9,5,3,0,0,17,0,0
Tuvalu,1994,96,12,16,4,0,0,0,4,10,10,10,17,19,8,0,0,4,5,5,5,5,5,5,7,10,10,9,5,3,0,0,16,0,0
Tuvalu,1995,96,11,15,4,0,0,0,3,10,10,10,17,21,8,0,0,3,5,5,5,5,5,5,7,10,11,10,5,3,0,0,15,0,0
Tuvalu,1996,96,11,15,4,0,0,0,2,10,10,10,16,22,10,0,0,2,5,5,5,5,5,5,6,10,12,10,6,4,0,0,15,0,0
Tuvalu,1997,96,10,13,3,0,0,0,1,10,10,10,15,23,10,0,0,1,5,5,5,5,5,5,5,10,13,10,6,4,0,0,13,0,0
Tuvalu,1998,97,9,12,3,0,0,0,0,10,10,10,14,23,11,0,0,0,5,5,5,5,5,5,5,9,13,10,7,4,0,0,12,0,0
Tuvalu,1999,98,9,12,3,0,0,0,0,9,10,10,13,24,12,0,0,0,4,5,5,5,5,5,5,8,13,11,8,4,0,0,12,0,0
Tuvalu,2000,98,8,10,2,0,0,0,0,8,10,10,15,22,12,0,0,0,3,5,5,5,5,5,6,9,11,11,8,4,0,0,10,0,0
Tuvalu,2001,97,8,10,2,0,0,0,0,8,10,10,17,21,13,0,0,0,3,5,5,5,5,5,8,9,11,10,9,4,0,0,10,0,0
Tuvalu,2002,97,8,10,2,0,0,0,0,7,10,10,18,20,13,0,0,0,2,5,5,5,5,5,9,9,10,10,9,4,0,0,10,0,0
Tuvalu,2003,96,7,8,1,0,0,0,0,6,10,10,17,20,14,0,0,0,1,5,5,5,5,5,8,9,10,10,9,5,0,0,8,0,0
Tuvalu,2004,98,7,8,1,0,0,0,0,5,10,10,17,20,14,0,0,0,0,5,5,5,5,5,7,10,10,10,9,5,0,0,8,0,0
Tuvalu,2005,98,7,7,0,0,0,1,1,5,10,10,17,20,14,0,1,0,0,5,5,5,5,5,7,10,10,10,9,5,0,0,7,1,0
Tuvalu,2006,99,7,7,0,0,0,1,2,5,10,12,16,20,15,1,2,0,0,5,5,5,5,7,6,10,10,10,10,5,1,0,7,1,0
Tuvalu,2007,101,7,7,0,0,0,2,4,4,10,15,15,20,13,1,4,0,0,4,5,5,5,10,5,10,10,10,8,5,1,0,7,2,0
Tuvalu,2008,102,6,6,0,0,0,2,6,4,10,16,16,20,13,1,5,1,0,4,5,5,6,10,6,10,10,10,8,5,1,0,6,2,0
Tuvalu,2009,104,6,6,0,0,0,2,8,5,11,18,17,20,13,1,5,3,0,5,5,6,8,10,8,9,10,10,8,5,1,0,6,2,0
Tuvalu,2010,105,6,6,0,0,0,2,10,7,11,20,17,20,14,1,5,5,2,5,5,6,10,10,9,8,10,10,9,5,1,0,6,2,0
Tuvalu,2011,107,6,6,0,0,0,2,10,9,11,20,20,20,15,1,5,5,4,5,5,6,10,10,10,10,10,10,10,5,1,0,6,2,0
Tuvalu,2012,109,6,6,0,0,0,2,10,10,12,20,20,20,15,2,5,5,5,5,5,7,10,10,10,10,10,10,10,5,2,0,6,2,0
Tuvalu,2013,110,6,6,0,0,0,2,10,10,12,20,20,20,15,2,5,5,5,5,5,7,10,10,10,10,10,10,9,6,2,0,6,2,0
Tuvalu,2014,111,5,5,0,0,0,2,10,10,11,20,20,20,15,2,5,5,5,5,5,6,10,10,10,10,10,10,9,6,2,0,5,2,0
Tuvalu,2015,111,5,5,0,0,0,2,10,10,11,20,20,20,13,1,5,5,5,5,5,6,10,10,10,10,10,10,8,5,1,0,5,2,0
Tuvalu,2016,111,5,5,0,0,0,2,10,10,11,20,20,20,12,1,5,5,5,5,5,6,10,10,10,10,10,10,7,5,1,0,5,2,0
Tuvalu,2017,110,5,5,0,0,0,2,10,10,10,20,20,20,11,1,5,5,5,5,5,5,10,10,10,10,10,10,6,5,1,0,5,2,0
Tuvalu,2018,110,5,5,0,0,0,2,10,10,10,22,21,20,12,2,5,5,5,5,5,5,10,12,11,10,10,10,7,5,2,0,5,2,0
Tuvalu,2019,112,5,5,0,0,0,1,10,10,10,21,24,20,13,2,5,5,5,5,5,5,9,12,14,10,10,10,8,5,2,0,5,1,0
Tuvalu,2020,113,5,5,0,0,0,1,10,10,10,20,27,19,13,1,5,5,5,5,5,5,9,11,15,12,10,9,8,5,1,0,5,1,0
Tuvalu,2021,114,5,5,0,0,0,1,10,10,10,19,28,19,13,0,5,5,5,5,5,5,8,11,15,13,10,9,9,4,0,0,5,1,0
Uganda,1950,144167,44675,76475,31800,6426,3430,3867,10601,10630,8567,6455,6316,6713,3912,752,5120,5481,5425,5205,4605,3962,3648,2807,2888,3428,3568,3145,2418,1494,602,150,82901,7297,22
Uganda,1951,146942,45062,78504,33442,6616,3407,3835,10639,10770,8806,6815,6182,6671,3924,755,5123,5516,5475,5295,4726,4080,3761,3054,2829,3353,3526,3145,2424,1500,605,150,85120,7242,22
Uganda,1952,147988,45235,79112,33877,6785,3354,3765,10586,10840,9015,7154,6062,6602,3934,755,5074,5512,5490,5350,4828,4187,3859,3295,2797,3265,3466,3136,2431,1503,605,150,85897,7119,22
Uganda,1953,148919,45408,79428,34020,7051,3313,3689,10502,10908,9246,7509,6021,6535,3942,755,5006,5496,5504,5404,4936,4310,3974,3535,2834,3187,3411,3124,2437,1505,605,150,86479,7002,22
Uganda,1954,149726,45641,79682,34041,7428,3306,3625,10399,10914,9402,7759,6046,6444,3944,756,4936,5463,5494,5420,5000,4402,4063,3696,2954,3092,3341,3103,2440,1504,606,150,87110,6931,22
Uganda,1955,150061,45781,79713,33932,7756,3326,3556,10226,10837,9493,7922,6161,6346,3944,756,4836,5390,5445,5392,5025,4468,4137,3785,3164,2997,3270,3076,2441,1503,606,150,87469,6882,22
Uganda,1956,149905,45958,79807,33849,7982,3368,3476,9949,10625,9465,7999,6287,6228,3943,754,4693,5256,5332,5293,4982,4483,4171,3828,3384,2903,3186,3042,2440,1503,605,149,87789,6844,22
Uganda,1957,149308,46073,79732,33659,8123,3439,3394,9614,10348,9369,8039,6438,6099,3940,753,4529,5085,5186,5162,4901,4468,4187,3852,3591,2847,3099,3000,2439,1501,605,148,87855,6833,22
Uganda,1958,148463,46266,79784,33518,8200,3554,3320,9235,9977,9158,7996,6577,5958,3930,751,4353,4882,4997,4980,4763,4395,4157,3839,3746,2831,3005,2953,2431,1499,603,148,87984,6874,22
Uganda,1959,147740,46587,80039,33452,8220,3709,3258,8805,9547,8904,7963,6778,5833,3916,746,4162,4643,4773,4774,4599,4305,4126,3837,3848,2930,2921,2912,2419,1497,599,147,88259,6967,21
Uganda,1960,147006,46881,80401,33520,8238,3864,3227,8377,9081,8589,7882,6978,5702,3895,743,3984,4393,4533,4548,4409,4180,4069,3813,3867,3111,2835,2867,2404,1491,597,146,88639,7091,21
Uganda,1961,146580,47236,80766,33530,8249,3989,3235,8011,8698,8332,7842,7226,5602,3867,738,3834,4177,4331,4367,4253,4079,4031,3811,3890,3336,2777,2825,2384,1483,593,145,89015,7224,21
Uganda,1962,146522,47733,81267,33534,8265,4090,3286,7684,8342,8110,7835,7498,5554,3835,735,3708,3976,4141,4201,4118,3992,4009,3826,3928,3570,2769,2785,2361,1474,591,144,89532,7376,21
Uganda,1963,147762,48313,81896,33583,8287,4174,3423,7564,8250,8125,8007,7890,5596,3798,731,3673,3891,4076,4174,4111,4014,4081,3926,4042,3848,2841,2755,2336,1462,587,144,90183,7597,21
Uganda,1964,149359,49076,82819,33743,8326,4216,3604,7459,8128,8129,8182,8237,5754,3761,723,3659,3800,3994,4134,4099,4030,4149,4033,4166,4071,3027,2727,2313,1448,582,141,91145,7820,21
Uganda,1965,151717,49994,83964,33970,8370,4255,3812,7475,8112,8235,8429,8579,6028,3723,713,3713,3762,3963,4149,4142,4093,4254,4175,4321,4258,3327,2701,2290,1433,576,137,92334,8067,20
Uganda,1966,155715,51181,85659,34478,8504,4345,4082,7738,8250,8479,8796,9024,6423,3693,705,3908,3830,4011,4239,4258,4221,4418,4378,4541,4483,3710,2713,2276,1417,569,136,94163,8427,19
Uganda,1967,157099,52171,86780,34609,8443,4324,4161,7646,8028,8414,8896,9277,6777,3638,695,3935,3711,3879,4149,4214,4200,4440,4456,4656,4621,4046,2731,2243,1395,562,133,95223,8485,19
Uganda,1968,160829,53519,88704,35185,8527,4375,4306,7889,8046,8567,9180,9688,7249,3598,685,4155,3734,3870,4176,4282,4285,4557,4623,4857,4831,4417,2832,2222,1376,553,132,97231,8681,18
Uganda,1969,164339,54732,90655,35923,8640,4423,4386,8166,7980,8638,9383,10056,7766,3557,674,4410,3756,3829,4151,4305,4333,4632,4751,5033,5023,4721,3045,2200,1357,546,128,99295,8809,18
Uganda,1970,169065,56234,93145,36911,8838,4508,4482,8575,8009,8805,9664,10512,8349,3510,654,4716,3859,3838,4171,4375,4430,4751,4913,5252,5260,4977,3372,2176,1334,532,122,101983,8990,15
Uganda,1971,192285,60144,101659,41515,10429,5200,5673,11833,9721,10463,11290,12140,9634,3593,634,6649,5184,4729,4992,5202,5261,5550,5740,6093,6047,5648,3986,2252,1341,523,111,112088,10873,12
Uganda,1972,197509,61891,104773,42882,10784,5329,5800,12325,9653,10514,11476,12543,10180,3536,585,6948,5377,4709,4944,5205,5309,5621,5855,6282,6261,5851,4329,2243,1293,493,92,115557,11129,8
Uganda,1973,202400,62168,105339,43171,12121,6900,6654,12715,10010,10713,11399,12355,10258,3427,505,7065,5650,4865,5145,5337,5376,5620,5779,6189,6166,5786,4472,2218,1209,442,63,117460,13554,5
Uganda,1974,210510,65887,112547,46660,11863,5753,6126,13312,9547,10611,11908,13469,11279,3622,469,7335,5977,4704,4843,5193,5418,5800,6108,6701,6768,6331,4948,2433,1189,418,51,124410,11879,3
Uganda,1975,218324,67254,114700,47446,13372,7424,7074,13973,10120,10879,11918,13354,11315,3750,443,7494,6479,5018,5102,5355,5524,5850,6068,6635,6719,6319,4996,2613,1137,397,46,128072,14498,3
Uganda,1976,228142,70421,120414,49993,14083,7756,7334,14716,10338,10990,12226,13923,11893,4034,431,7781,6935,5217,5121,5376,5614,5990,6236,6881,7042,6641,5252,2905,1129,386,45,134497,15090,2
Uganda,1977,237871,73472,126125,52653,14781,8106,7594,15433,10631,11052,12494,14446,12457,4327,421,8073,7360,5485,5146,5377,5675,6111,6383,7099,7347,6956,5501,3189,1138,377,44,140906,15700,2
Uganda,1978,248036,77737,134027,56290,14427,7016,7225,16519,10779,10973,12963,15499,13463,4726,416,8680,7839,5769,5010,5271,5702,6278,6685,7557,7942,7538,5925,3528,1198,372,44,148454,14241,2
Uganda,1979,257030,80650,139045,58395,14957,7355,7487,17087,11342,11013,13226,16002,14056,5053,407,8967,8120,6241,5101,5274,5739,6390,6836,7764,8238,7870,6186,3752,1301,364,43,154002,14842,2
Uganda,1980,281867,86762,149937,63175,16072,8165,8704,21285,13781,12093,14273,16963,14866,5370,356,11280,10005,7861,5920,5836,6257,6911,7362,8237,8726,8338,6528,3941,1429,325,31,166009,16869,2
Uganda,1981,285503,87738,151247,63509,16201,8344,8880,21462,14262,11974,14432,17360,15400,5626,313,11367,10095,8221,6041,5770,6204,6958,7474,8396,8964,8639,6761,4072,1554,292,21,167448,17224,2
Uganda,1982,287091,84606,145261,60655,15746,8166,9705,24017,15951,12528,15115,18167,16187,5941,306,12748,11269,9250,6701,6062,6466,7272,7843,8775,9392,9093,7094,4248,1693,287,19,161007,17871,2
Uganda,1983,289588,84805,144657,59852,15541,8196,9920,24435,16788,12607,15395,18668,16810,6239,329,12943,11492,9631,7157,6123,6484,7371,8024,9000,9668,9432,7378,4415,1824,310,19,160198,18116,1
Uganda,1984,293679,85462,144601,59139,15359,8220,10186,25077,17848,12873,15781,19288,17523,6546,376,13248,11829,10010,7838,6304,6569,7517,8264,9292,9996,9816,7707,4605,1941,356,20,159960,18406,1
Uganda,1985,284372,85345,141366,56021,14057,7721,9479,23261,17625,12420,15220,18872,17288,6613,448,12185,11076,9617,8008,6168,6252,7207,8013,9089,9783,9647,7641,4624,1989,422,26,155423,17200,1
Uganda,1986,293355,87849,144756,56907,14150,7843,9827,24288,18912,12975,15647,19564,17990,6896,505,12701,11587,10136,8776,6566,6409,7370,8277,9430,10134,10014,7976,4821,2075,478,27,158906,17670,1
Uganda,1987,290743,90489,148705,58216,14290,7873,8710,20037,17541,12511,15250,19740,18380,7139,565,10240,9797,9098,8443,6420,6091,7111,8139,9486,10254,10193,8187,4981,2158,534,31,162995,16583,1
Uganda,1988,298950,92938,152742,59804,14528,7979,8868,20627,18363,13102,15400,20229,19016,7464,626,10518,10109,9439,8924,6924,6178,7146,8254,9710,10519,10502,8514,5207,2257,586,40,167270,16847,1
Uganda,1989,309740,94972,156136,61164,14824,8149,9221,22110,19830,14321,15888,21026,19743,7810,678,11233,10877,10181,9649,7816,6505,7360,8528,10101,10925,10879,8864,5447,2363,627,51,170960,17370,1
Uganda,1990,318505,96729,158759,62030,15084,8248,9411,23201,21059,15536,16221,21678,20402,8170,735,11698,11503,10814,10245,8689,6847,7511,8710,10406,11272,11211,9191,5696,2474,667,68,173843,17659,1
Uganda,1991,327245,97588,159675,62087,15235,8304,9718,24986,22800,17086,16697,22420,21033,8513,777,12502,12484,11715,11085,9704,7382,7751,8946,10761,11659,11542,9491,5931,2582,697,80,174910,18022,1
Uganda,1992,335044,98938,161192,62254,15490,8395,9843,26077,24236,18545,16996,22954,21593,8881,840,12877,13200,12437,11799,10583,7962,7925,9071,10995,11959,11822,9771,6175,2706,740,100,176682,18238,2
Uganda,1993,345328,100396,162885,62489,15767,8527,10114,27845,26255,20420,17502,23624,22200,9258,923,13551,14294,13484,12771,11575,8845,8223,9279,11295,12329,12144,10056,6420,2838,793,130,178652,18641,7
Uganda,1994,353111,101944,165162,63218,16119,8682,10306,29043,27561,21742,17567,23719,22598,9618,982,13978,15065,14185,13376,12095,9647,8345,9222,11281,12438,12320,10278,6648,2970,836,146,181281,18988,12
Uganda,1995,359857,104047,168356,64309,16548,8888,10434,29721,28329,22624,17503,23591,22918,9931,1002,14186,15535,14623,13706,12326,10298,8439,9064,11136,12455,12451,10467,6848,3083,861,141,184904,19322,12
Uganda,1996,363186,104595,169919,65324,16995,9159,10558,29961,28715,23249,17399,23299,23068,10030,829,14230,15731,14863,13852,12456,10793,8546,8853,10909,12390,12506,10562,6939,3091,773,56,186914,19717,7
Uganda,1997,367338,105482,171190,65708,17282,9397,10675,30273,29416,23962,17556,23040,23319,10325,900,14281,15992,15274,14142,12683,11279,8841,8715,10703,12337,12604,10715,7110,3215,827,73,188472,20072,4
Uganda,1998,369924,105388,170798,65410,17572,9696,10896,30629,30213,24652,17925,22722,23468,10476,873,14408,16221,15729,14484,12958,11694,9318,8607,10487,12235,12655,10813,7210,3266,809,64,188370,20592,2
Uganda,1999,369249,105124,169012,63888,17353,9702,10867,30419,30744,25014,18458,22304,23641,10755,974,14253,16166,16012,14732,13141,11873,9915,8543,10233,12071,12694,10947,7360,3395,884,90,186365,20569,3
Uganda,2000,367928,104012,165867,61855,17035,9687,10978,30589,31455,25452,19175,21913,23791,10964,1019,14330,16259,16374,15081,13392,12060,10565,8610,10016,11897,12722,11069,7479,3485,927,92,182902,20665,2
Uganda,2001,364246,102191,161293,59102,16474,9564,10953,30219,32068,26002,20003,21563,23908,11137,1058,14102,16117,16603,15465,13680,12322,11194,8809,9844,11719,12732,11176,7580,3557,957,101,177767,20517,2
Uganda,2002,360061,99678,156221,56543,15905,9410,11091,30327,32565,26389,20745,21103,23970,11273,1058,14214,16113,16775,15790,13886,12503,11666,9079,9634,11469,12692,11278,7667,3606,967,91,172126,20501,2
Uganda,2003,354765,96452,149815,53363,15179,9188,11161,30288,33061,26942,21687,20802,24074,11452,1114,14230,16058,16881,16180,14176,12766,12095,9592,9522,11280,12672,11402,7773,3679,1009,105,164994,20349,2
Uganda,2004,342198,92657,142177,49520,14189,8773,10837,28877,32046,26563,22034,20167,23890,11534,1111,13615,15262,16171,15875,13954,12609,12018,10016,9278,10889,12466,11424,7830,3704,1013,98,156366,19610,2
Uganda,2005,326161,88613,134554,45941,13293,8334,10428,27011,29893,25339,21753,19338,23552,11582,1080,12895,14116,14928,14965,13280,12059,11554,10199,8972,10366,12145,11407,7874,3708,996,84,147847,18762,2
Uganda,2006,310775,84682,127279,42597,12500,7914,9993,25188,27713,24171,21437,18699,23202,11620,1056,12198,12990,13696,14017,12642,11529,11135,10302,8801,9898,11823,11379,7914,3706,979,77,139779,17907,2
Uganda,2007,301776,80989,120530,39541,11789,7565,9753,24555,27144,24296,21845,18639,22966,11656,1037,11964,12591,13278,13866,12719,11577,11184,10661,8987,9652,11600,11366,7952,3704,966,71,132319,17318,2
Uganda,2008,296357,77498,114451,36953,11110,7211,9554,24654,27579,25174,22430,18813,22665,11694,1020,11990,12664,13385,14194,13232,11942,11428,11002,9382,9431,11348,11317,7988,3706,955,65,125561,16765,2
Uganda,2009,290753,74828,109326,34498,10571,6936,9409,24470,27260,25596,22727,19305,22416,11727,1011,11948,12522,13167,14093,13458,12138,11574,11153,9964,9341,11150,11266,8021,3706,946,65,119897,16345,1
Uganda,2010,286470,72101,104367,32266,10125,6737,9349,24545,27083,26144,23124,20047,22199,11753,999,12006,12539,13048,14035,13715,12429,11800,11324,10633,9414,10996,11203,8047,3706,936,63,114492,16086,2
Uganda,2011,277780,69303,99396,30093,9569,6426,9074,23793,25711,25656,22948,20561,21900,11759,985,11677,12116,12376,13335,13360,12296,11682,11266,11056,9505,10803,11097,8056,3703,925,60,108965,15500,2
Uganda,2012,269541,66016,93915,27899,9023,6151,8831,23334,24749,25355,22806,21061,21591,11752,971,11446,11888,11935,12814,13095,12260,11604,11202,11355,9706,10621,10970,8055,3697,912,59,102938,14982,2
Uganda,2013,259963,62896,88868,25972,8497,5844,8391,22127,23077,24562,22687,21830,21391,11726,957,10860,11267,11141,11936,12489,12073,11499,11188,11626,10204,10537,10854,8035,3691,901,56,97365,14235,2
Uganda,2014,254344,60303,84139,23836,7972,5610,8212,21846,22360,24344,23016,22864,21355,11680,948,10710,11136,10847,11513,12187,12157,11644,11372,11873,10991,10598,10757,7996,3684,892,56,92111,13822,2
Uganda,2015,249412,58203,80105,21902,7512,5390,7997,21418,21665,24023,23292,23836,21496,11692,986,10487,10931,10576,11089,11846,12177,11774,11518,12026,11810,10803,10693,7976,3716,925,61,87617,13387,2
Uganda,2016,246399,55945,76244,20299,7121,5197,7876,21381,21523,24005,23732,24782,21794,11706,1038,10436,10945,10599,10924,11699,12306,12022,11710,12220,12562,11147,10647,7955,3751,964,74,83365,13073,2
Uganda,2017,247348,54825,74140,19315,6867,5079,7849,21604,21776,24119,24403,25865,22492,11869,1263,10482,11122,10831,10945,11644,12475,12386,12017,12524,13341,11775,10717,8005,3864,1092,171,81007,12928,22
Uganda,2018,246445,53905,72313,18408,6622,4933,7742,21381,21592,23739,24754,26568,23415,11952,1394,10338,11043,10829,10763,11374,12365,12573,12181,12700,13868,12617,10798,8021,3931,1169,225,78935,12675,38
Uganda,2019,249857,53053,70906,17853,6438,4856,7781,21823,22370,24194,25759,27486,24768,11972,1455,10458,11365,11286,11084,11569,12625,13108,12651,13119,14367,13782,10986,8015,3957,1208,247,77344,12637,46
Uganda,2020,259787,52132,70005,17873,6378,4840,7861,22444,23392,24843,27853,30399,27632,12475,1605,10657,11787,11844,11548,11827,13016,14030,13823,14472,15927,15922,11710,8298,4177,1305,300,76383,12701,61
Uganda,2021,269420,51152,69031,17879,6317,4795,7796,22326,23921,26109,30200,33219,30936,13057,1648,10570,11756,11966,11955,12333,13776,15166,15034,15800,17419,18101,12835,8695,4362,1350,298,75348,12591,63
Ukraine,1950,471746,50790,60445,9655,3167,3598,4245,14339,19087,35577,48055,79898,114694,70013,18486,7740,6599,6288,12799,16113,19464,21713,26342,34978,44920,54657,60037,41077,28936,13996,4490,63612,7843,144
Ukraine,1951,469539,50055,62043,11988,2857,3526,4301,14834,18256,36149,48616,78701,113795,69282,16792,7647,7187,6193,12063,16346,19803,22264,26352,34452,44249,53946,59849,42344,26938,13030,3762,64900,7827,388
Ukraine,1952,447702,46967,59616,12649,2620,3181,4505,14562,16719,35490,47369,74654,107283,66404,14804,6963,7599,6243,10476,16057,19433,22052,25317,32842,41812,51077,56206,42537,23867,11547,3257,62236,7686,495
Ukraine,1953,437996,43467,56556,13089,2543,2798,4923,14368,15700,35289,47427,72792,104373,66835,13853,6232,8136,6624,9076,16059,19230,22419,25008,31944,40848,49952,54421,44387,22448,10825,3028,59099,7721,538
Ukraine,1954,419762,40219,52657,12438,2709,2377,5131,13685,14767,34039,46580,69350,99344,65889,12724,5531,8154,6988,7779,15480,18559,22530,24050,30614,38736,47718,51626,44462,21427,9966,2758,55366,7508,505
Ukraine,1955,402040,37204,48731,11527,3077,2027,5058,13263,14256,32542,45828,66226,94389,64464,11728,5242,8021,7314,6942,14469,18073,21903,23925,29266,36960,45405,48984,43365,21099,9164,2564,51808,7085,446
Ukraine,1956,393186,34721,45559,10838,3423,1780,4881,12997,14455,31283,45859,64590,92038,64699,11188,5241,7756,7770,6685,13348,17935,21800,24059,28747,35843,44223,47815,42811,21888,8689,2499,48982,6661,430
Ukraine,1957,386157,33567,43729,10162,3658,1631,4512,12847,15232,29831,46192,63287,89677,64530,10598,5621,7226,8361,6871,11848,17983,21835,24357,28263,35024,43019,46658,41598,22932,8183,2415,47387,6143,438
Ukraine,1958,368140,31314,40655,9341,3659,1508,3841,12188,15654,27296,44784,60080,85300,62712,10029,5903,6285,8632,7022,9930,17366,20853,23931,27032,33048,40884,44416,39319,23393,7719,2310,44314,5349,437
Ukraine,1959,332936,29314,37853,8539,3470,1846,3429,11654,15758,23551,42923,59496,77358,45171,9884,6009,5645,8339,7419,8117,15434,19114,23809,26834,32662,39138,38220,27852,17319,6948,2936,41323,5275,542
Ukraine,1960,321030,27063,34959,7896,3166,1969,2786,10951,15626,21321,40699,57803,74876,46379,9908,5891,5060,8089,7537,7219,14102,18474,22225,26375,31428,37392,37484,29318,17061,7107,2801,38125,4755,581
Ukraine,1961,329318,25382,33379,7997,3114,2198,2487,11146,16532,20841,41889,59859,77762,48827,10646,6005,5141,8252,8280,7503,13338,19086,22803,27335,32524,38506,39256,30692,18135,7811,2835,36493,4685,640
Ukraine,1962,346353,25048,33017,7969,3109,2356,2437,11544,17421,20833,44498,62652,82377,53811,11596,5843,5701,8217,9204,8382,12451,19882,24616,28730,33922,40767,41610,34082,19729,8633,2963,36126,4793,696
Ukraine,1963,343239,22956,30507,7551,2992,2417,2495,11369,17289,19908,44243,62763,81816,55066,11667,5130,6239,7532,9757,8804,11104,19739,24504,29309,33454,39434,42382,35246,19820,8835,2832,33499,4912,701
Ukraine,1964,342059,20666,27787,7121,2893,2368,2712,11190,16778,19408,44032,63434,82055,56600,12075,4412,6778,6765,10013,9268,10140,19687,24345,30563,32871,38877,43178,36086,20514,9167,2908,30680,5080,722
Ukraine,1965,361785,20018,26991,6973,2982,2400,3231,11329,17464,20431,46011,67730,87283,62011,13156,3970,7359,6701,10763,10477,9954,19920,26091,31675,36055,41407,45876,39116,22895,9875,3281,29973,5631,768
Ukraine,1966,375959,19676,26280,6604,2993,2398,3671,11144,17914,22106,46266,71022,91038,66336,14008,3602,7542,6843,11071,11650,10456,19059,27207,32966,38056,43525,47513,41534,24802,10437,3571,29273,6069,778
Ukraine,1967,390194,19796,26157,6361,2989,2404,3989,10900,18590,24557,45654,74975,94402,69951,14832,3593,7307,7594,10996,12904,11653,17584,28070,35396,39579,45157,49245,43181,26770,11026,3806,29146,6393,792
Ukraine,1968,402038,19272,25497,6225,2937,2410,4280,10386,18963,26778,44895,78246,95357,76196,15306,3819,6567,8585,10378,14115,12663,16144,28751,36499,41747,46189,49168,47605,28591,11348,3958,28434,6690,792
Ukraine,1969,427946,20489,26823,6334,2958,2502,4521,10510,20014,29759,46312,85440,99897,81811,16561,4482,6028,10035,9979,15489,14270,15727,30585,38878,46562,48436,51461,50180,31631,12376,4185,29781,7023,839
Ukraine,1970,444715,20596,26891,6295,2853,2541,4556,10613,20451,32385,45567,88470,105904,85998,17599,5280,5333,10745,9706,16414,15971,15132,30435,41013,47457,52519,53385,52611,33387,13328,4271,29744,7097,884
Ukraine,1971,447210,21053,27450,6397,2660,2448,4445,10575,20344,33885,44292,88628,106277,86910,18407,5816,4759,10713,9631,16344,17541,15665,28627,40800,47828,52502,53775,52606,34304,14096,4311,30110,6893,887
Ukraine,1972,463880,21180,27614,6434,2571,2438,4445,10999,20896,35270,43608,92826,111860,90628,19817,6243,4756,10268,10628,16061,19209,17516,26092,42284,50542,55172,56688,54304,36324,15322,4495,30185,6883,903
Ukraine,1973,469695,20364,26808,6444,2455,2377,4405,11647,21022,35599,42710,94550,114675,91692,20861,6611,5036,9114,11908,15011,20588,18997,23713,42911,51639,57180,57495,53518,38174,16285,4576,29263,6782,896
Ukraine,1974,482475,20973,27415,6442,2410,2319,4399,12477,21584,35650,43037,97051,119541,93661,22013,6764,5713,8114,13470,13949,21701,20725,22312,44068,52983,60947,58594,54049,39612,17237,4776,29825,6718,910
Ukraine,1975,487958,20915,27308,6393,2376,2197,4352,13349,21318,35836,43621,97157,122487,94244,22796,6693,6656,7121,14197,13323,22513,22574,21047,43045,54112,61593,60894,54029,40215,17753,5043,29684,6549,909
Ukraine,1976,498564,20759,27188,6429,2371,2095,4322,14090,20796,36305,46618,96373,127350,96447,23654,6606,7484,6421,14375,13481,22824,24719,21899,40654,55719,64011,63339,55637,40810,18206,5448,29559,6417,951
Ukraine,1977,515173,20529,27027,6498,2421,2044,4368,14782,20510,37811,51989,95380,134728,98615,24522,6664,8118,6520,13990,15086,22725,27307,24682,37265,58115,67993,66735,57369,41246,18816,5706,29448,6412,974
Ukraine,1978,528249,20585,26991,6406,2434,1964,4328,15331,19583,38679,56709,93957,140869,100399,26018,6677,8654,6994,12589,17133,21546,29612,27097,34196,59761,70241,70628,59128,41271,19997,6021,29425,6292,985
Ukraine,1979,552439,20061,26410,6349,2499,1955,4352,15788,19544,40078,61886,96096,152935,102332,27512,6803,8985,8121,11423,19770,20308,31994,29892,33189,62907,74081,78854,59875,42457,21137,6375,28909,6307,1056
Ukraine,1980,567808,19651,25957,6306,2557,1960,4198,16034,19879,40989,67145,94442,156830,108241,28462,6981,9053,9651,10228,21144,19845,33751,33394,31739,62703,76972,79858,65029,43212,21914,6548,28514,6158,1113
Ukraine,1981,568461,18672,24687,6015,2535,1928,3995,15758,19825,40962,69695,90535,159103,110299,28008,6891,8867,10734,9091,21143,19819,33758,35937,32432,58103,77680,81423,67058,43241,21646,6362,27222,5923,1132
Ukraine,1982,568629,18587,24269,5682,2479,1898,3766,15462,20124,41105,70780,86590,161774,111459,27767,6750,8712,11265,8859,19834,21271,32457,38323,35160,51430,78254,83520,68317,43142,21408,6359,26748,5664,1158
Ukraine,1983,582801,18218,23721,5503,2465,1915,3598,15341,21574,41890,72391,85788,167368,116831,28695,6611,8730,12076,9498,17824,24066,30710,41681,38544,47244,80789,86579,72382,44449,21873,6822,26186,5513,1224
Ukraine,1984,609480,17448,22988,5540,2480,1986,3568,15535,23656,44150,74243,88574,176569,124530,29875,6605,8930,12571,11085,16289,27861,29136,45107,43035,45539,85368,91201,78693,45837,22498,7377,25468,5554,1322
Ukraine,1985,617927,16534,21915,5381,2390,1981,3485,14977,25011,43292,74088,90261,179385,129763,30036,6209,8768,12204,12807,14177,29115,27613,46475,46951,43310,84600,94785,80684,49079,22504,7532,24305,5466,1342
Ukraine,1986,565421,14756,19405,4649,2062,1788,3097,13074,23689,37882,67157,86664,160360,121708,27274,5281,7793,10756,12933,11434,26448,24963,42194,46185,40479,72271,88089,75396,46312,20391,6883,21467,4885,1263
Ukraine,1987,586867,14454,19096,4642,2025,1815,3153,12981,24957,37344,69826,96645,159484,130075,28076,5141,7840,10835,14122,11505,25839,27710,42116,51177,45468,66754,92730,81063,49012,20887,7189,21121,4968,1383
Ukraine,1988,601093,13470,17985,4515,1976,1810,3192,12644,25969,35609,71207,105888,157709,137220,28383,4930,7714,10851,15118,12254,23355,31402,39805,55840,50048,61372,96337,84996,52224,21068,7315,19961,5002,1497
Ukraine,1989,600912,11396,15625,4229,1914,1771,3241,12247,26054,34691,71940,111808,154044,138918,27135,4766,7481,10830,15224,14029,20662,35476,36464,58137,53671,56593,97451,84849,54069,20199,6936,17539,5012,1524
Ukraine,1990,629736,10608,14662,4054,1920,1788,3420,12316,26731,35910,75024,122930,154582,149107,29754,4912,7404,11190,15541,16925,18985,38833,36191,62149,60781,55355,99227,91653,57454,22666,7088,16582,5208,1597
Ukraine,1991,669529,10820,14678,3858,1987,1819,3639,12697,27928,38231,80078,135755,158397,160699,32005,5216,7481,11780,16148,20202,18029,41639,38439,66084,69671,60096,98301,98667,62032,24829,7176,16665,5458,1615
Ukraine,1992,697439,10219,13861,3642,2010,1817,3735,12957,28684,40798,84504,144364,158802,171619,32758,5475,7482,12122,16562,22513,18285,41329,43175,66686,77678,67830,90972,105225,66394,25887,6871,15871,5552,1531
Ukraine,1993,740887,9874,13370,3496,2049,1872,3899,13486,30087,45770,90528,154155,165006,184164,35024,5880,7606,12606,17481,25349,20421,39143,51385,65784,88371,78052,86954,112007,72157,28277,6747,15419,5771,1477
Ukraine,1994,765430,9059,12322,3263,1991,1888,3956,13784,30757,50376,95609,156732,169399,191598,35691,6154,7630,12703,18054,26452,23924,35842,59767,62167,94565,86576,82823,117519,74079,29322,6369,14313,5844,1328
Ukraine,1995,791491,8370,11423,3053,1921,1911,4031,14392,31523,56368,98808,162547,177578,193405,36380,6504,7888,12656,18867,27104,29264,32880,65928,61834,100713,97013,80565,115908,77497,29691,6689,13344,5942,1207
Ukraine,1996,775534,7528,10238,2710,1710,1827,3791,14037,30071,58090,93748,159023,183658,182588,35698,6360,7677,11749,18322,25914,32176,28682,65066,60297,98726,102517,81141,105320,77268,29151,6547,11948,5618,1055
Ukraine,1997,753171,6773,9165,2392,1480,1718,3523,13434,28085,57460,86410,154925,192283,168000,35741,6044,7390,10751,17334,24447,33013,26823,59587,62675,92250,106215,86068,91317,76683,29328,6413,10645,5241,942
Ukraine,1998,719518,5894,7988,2094,1248,1555,3224,12623,25645,55945,76907,147931,196702,153821,35085,5621,7002,9666,15979,22918,33027,26618,50289,66543,81388,107919,88783,79016,74805,28743,6342,9236,4779,837
Ukraine,1999,738639,5402,7377,1975,1146,1489,3214,12831,25372,57223,76130,152374,211222,153516,35926,5635,7196,9546,15826,23304,33919,30776,45354,76413,75961,113777,97445,76167,77349,29478,6448,8523,4703,820
Ukraine,2000,758336,5051,6899,1848,1064,1420,3202,13037,25053,57762,77483,156391,226848,150906,37409,5630,7407,9654,15399,23813,33949,36836,40647,82583,73808,118895,107953,74367,76539,30935,6474,7963,4622,857
Ukraine,2001,745899,4711,6355,1644,944,1269,3069,12563,23700,55683,76069,153776,230530,143733,37350,5318,7245,9404,14296,23185,32498,40614,35455,81759,72017,116692,113838,74941,68792,30968,6382,7299,4338,851
Ukraine,2002,753559,4535,6033,1498,870,1140,3017,12392,23111,54973,78064,156391,235164,143237,38339,5179,7213,9441,13670,22954,32019,43511,34553,78151,78240,113330,121834,82308,60929,31865,6474,6903,4157,826
Ukraine,2003,764515,4297,5684,1387,802,1020,2899,12251,22538,54402,82580,158240,237190,146132,39949,5063,7188,9474,13064,22481,31921,46140,36440,69893,88347,106063,131127,89974,56158,33203,6746,6486,3919,828
Ukraine,2004,759468,4236,5556,1320,735,908,2712,11985,22016,53158,86684,158903,228229,148348,39419,4934,7051,9465,12551,21631,31527,45912,40772,60920,97983,95482,132747,95332,53016,32896,6523,6291,3620,814
Ukraine,2005,780775,4387,5688,1301,689,843,2589,11950,22387,53033,94292,159526,230483,158782,39655,4901,7049,9731,12656,20953,32080,45696,48596,54189,105337,92342,138141,106241,52541,32738,6917,6377,3432,855
Ukraine,2006,756630,4494,5733,1239,606,731,2253,11093,21351,49440,94989,148023,221449,164179,35947,4579,6514,9322,12029,18960,30480,42671,52318,46103,101920,88279,133170,111224,52955,29009,6938,6339,2984,832
Ukraine,2007,760091,4901,6159,1258,558,667,2011,10808,21317,48060,97484,141092,222713,175998,32381,4477,6331,9283,12034,18044,30016,41825,55659,44626,96466,95131,127582,117906,58092,25120,7261,6717,2678,845
Ukraine,2008,751758,4912,6230,1318,506,598,1750,10224,20786,45432,98110,129982,221070,185718,30492,4183,6041,9018,11768,16793,28639,40623,57487,45852,84130,104835,116235,123355,62363,22937,7555,6736,2348,862
Ukraine,2009,705347,4464,5729,1265,438,508,1436,8964,18864,40096,89813,116107,208480,184584,29494,3572,5392,8102,10762,14790,25306,36951,52862,47705,68402,109298,99182,119810,64774,22111,7383,6167,1944,833
Ukraine,2010,697954,4234,5501,1267,415,453,1262,8291,18156,37443,85976,112597,205730,192280,28977,3216,5075,7676,10480,14155,23288,35804,50172,54324,58273,113085,92645,121775,70505,21767,7210,5916,1715,876
Ukraine,2011,664347,4224,5425,1201,388,393,1072,7443,16933,34166,80077,106814,195669,187223,27863,2758,4685,7013,9920,13311,20855,33689,46388,57832,48982,108095,87574,114924,72299,21700,6163,5813,1465,882
Ukraine,2012,662913,4035,5239,1204,395,356,964,6943,16470,32768,77871,108130,196209,187058,29564,2429,4514,6725,9745,13151,19617,32836,45035,61030,47100,101763,94446,110043,77015,24200,5364,5634,1320,943
Ukraine,2013,662572,3718,4900,1182,405,324,876,6421,16081,31538,76179,113118,195932,183986,31799,2150,4271,6498,9583,13024,18514,31794,44385,63934,49184,90071,105861,102035,81951,26644,5155,5305,1200,1013
Ukraine,2014,624547,3504,4662,1158,431,306,880,6426,15684,29849,71339,112794,184277,164418,32485,2184,4242,6419,9265,12659,17190,29395,41944,60509,52285,73993,110284,86118,78300,27470,5015,5093,1186,994
Ukraine,2015,596083,3234,4237,1003,383,265,708,5193,14074,27828,65611,113325,172019,154025,37666,1702,3491,5675,8399,11896,15932,26209,39402,55581,57744,61288,110731,77528,76497,31607,6059,4620,973,750
Ukraine,2016,568014,2810,3707,897,365,241,592,4332,12801,26170,60590,112903,157836,147588,39980,1400,2932,5179,7622,11206,14964,23459,37131,51410,61493,51627,106209,74412,73176,32315,7665,4072,833,905
Ukraine,2017,558528,2530,3344,814,354,238,529,3821,12184,25524,57679,113455,147628,149473,43133,1253,2568,4951,7233,10887,14637,21851,35828,49375,64080,48957,98671,80246,69227,34306,8827,3698,767,1167
Ukraine,2018,583125,2151,2944,793,362,256,505,3568,12263,26481,58153,121530,145092,161765,48878,1189,2379,4919,7344,11242,15239,21689,36464,51202,70328,53575,91517,94581,67184,38788,10090,3306,761,1328
Ukraine,2019,586531,2029,2728,699,354,263,472,3233,11768,26267,56138,121386,141347,168700,52674,1097,2136,4595,7173,11039,15228,20903,35235,50950,70436,60696,80651,106301,62399,40627,12047,3082,735,1198
Ukraine,2020,698849,1823,2182,359,345,376,961,4908,18361,34440,63973,122114,156602,211515,80507,1561,3347,7348,11013,14700,19740,25267,38706,57301,64813,75032,81570,133033,78482,61274,19233,2527,1337,2563
Ukraine,2021,731364,1866,2217,351,301,388,880,4317,18840,38212,69494,141906,168867,219590,63815,1383,2934,6884,11956,16196,22016,27791,41703,64860,77046,89481,79386,140784,78806,50033,13782,2518,1268,2539
United Arab Emirates,1950,1728,645,1006,361,75,36,39,89,80,80,88,109,102,29,3,47,42,40,40,40,40,42,46,53,56,58,44,21,8,3,0,1081,75,0
United Arab Emirates,1951,1808,676,1050,374,81,39,42,96,80,80,89,112,106,32,3,50,46,40,40,40,40,43,46,54,58,59,47,23,9,3,0,1131,81,0
United Arab Emirates,1952,1840,686,1062,376,85,41,46,102,82,80,88,114,108,33,2,55,47,42,40,40,40,42,46,54,60,60,48,25,8,2,0,1147,87,0
United Arab Emirates,1953,1883,696,1073,377,88,46,50,109,85,80,89,115,114,39,2,59,50,45,40,40,40,43,46,55,60,63,51,30,9,2,0,1161,96,0
United Arab Emirates,1954,1907,702,1072,370,87,46,54,118,88,80,89,116,116,39,2,64,54,46,42,40,40,43,46,55,61,64,52,30,9,2,0,1159,100,0
United Arab Emirates,1955,1929,707,1068,361,86,50,58,125,94,81,89,116,119,44,3,69,56,49,45,41,40,42,47,55,61,65,54,33,11,3,0,1154,108,0
United Arab Emirates,1956,1948,712,1061,349,85,50,62,133,98,83,89,118,120,46,3,74,59,52,46,43,40,42,47,56,62,65,55,35,11,3,0,1146,112,0
United Arab Emirates,1957,1961,716,1052,336,82,51,65,143,102,84,89,117,122,47,3,79,64,54,48,44,40,42,47,56,61,65,57,35,12,3,0,1134,116,0
United Arab Emirates,1958,1969,721,1044,323,79,51,70,150,108,85,88,117,124,51,3,83,67,57,51,45,40,41,47,56,61,66,58,36,15,3,0,1123,121,0
United Arab Emirates,1959,2004,742,1059,317,74,49,70,158,111,90,87,117,124,56,2,87,71,59,52,48,42,40,47,56,61,65,59,40,16,2,0,1133,119,0
United Arab Emirates,1960,2043,758,1081,323,71,48,72,168,118,94,92,119,125,56,3,92,76,62,56,49,45,45,47,57,62,65,60,40,16,3,0,1152,120,0
United Arab Emirates,1961,2078,765,1095,330,69,44,73,176,125,100,92,120,124,57,3,96,80,67,58,53,47,45,47,58,62,65,59,40,17,3,0,1164,117,0
United Arab Emirates,1962,2097,767,1101,334,64,43,72,182,131,105,91,120,124,58,5,98,84,69,62,55,50,45,46,58,62,65,59,40,18,5,0,1165,115,0
United Arab Emirates,1963,2108,760,1093,333,64,38,71,186,140,110,94,120,124,62,5,99,87,74,66,58,52,48,46,58,62,65,59,42,20,5,0,1157,109,0
United Arab Emirates,1964,2069,736,1051,315,64,34,66,187,142,116,97,122,122,61,5,99,88,75,67,61,55,51,46,58,64,65,57,41,20,5,0,1115,100,0
United Arab Emirates,1965,2030,714,1009,295,66,33,61,187,147,120,103,121,120,59,5,97,90,78,69,63,57,53,50,56,65,64,56,39,20,5,0,1075,94,0
United Arab Emirates,1966,1981,691,961,270,67,29,56,183,152,127,107,120,117,56,6,92,91,80,72,67,60,57,50,55,65,63,54,37,19,6,0,1028,85,0
United Arab Emirates,1967,1930,665,911,246,67,26,51,179,157,133,112,118,114,51,7,89,90,83,74,69,64,59,53,54,64,62,52,34,17,7,0,978,77,0
United Arab Emirates,1968,1864,634,856,222,65,26,44,171,161,139,121,121,112,45,6,83,88,84,77,72,67,64,57,55,66,62,50,31,14,6,0,921,70,0
United Arab Emirates,1969,1974,647,857,210,62,31,60,193,173,150,138,133,127,50,6,97,96,91,82,77,73,70,68,61,72,71,56,35,15,6,0,919,91,0
United Arab Emirates,1970,2138,679,885,206,59,34,73,219,188,165,153,153,148,57,5,116,103,99,89,84,81,72,81,69,84,83,65,40,17,5,0,944,107,0
United Arab Emirates,1971,2298,701,905,204,56,34,80,249,202,179,167,174,177,67,6,135,114,105,97,90,89,75,92,80,94,99,78,47,20,6,0,961,114,0
United Arab Emirates,1972,2456,714,914,200,55,33,83,276,220,194,182,198,208,85,7,148,128,113,107,95,99,83,99,96,102,118,90,60,25,7,0,969,116,0
United Arab Emirates,1973,2612,719,912,193,54,31,80,305,239,209,197,227,248,105,9,160,145,121,118,102,107,95,102,121,106,142,106,73,32,9,0,966,111,0
United Arab Emirates,1974,2761,717,900,183,54,29,74,318,254,227,211,258,292,130,13,159,159,127,127,112,115,111,100,145,113,166,126,89,41,12,1,954,103,0
United Arab Emirates,1975,2952,710,883,173,55,28,68,338,280,250,231,297,340,164,20,161,177,139,141,126,124,131,100,170,127,187,153,109,55,18,2,938,96,0
United Arab Emirates,1976,3146,697,858,161,54,28,59,346,306,278,260,334,390,203,29,155,191,154,152,142,136,152,108,184,150,203,187,132,71,25,4,912,87,0
United Arab Emirates,1977,3333,751,913,162,53,31,73,387,342,302,276,340,381,204,29,175,212,177,165,156,146,153,123,169,171,187,194,130,74,25,4,966,104,0
United Arab Emirates,1978,3515,806,972,166,55,31,77,424,381,334,291,342,374,205,31,191,233,201,180,174,160,157,134,156,186,177,197,130,75,26,5,1027,108,0
United Arab Emirates,1979,3684,844,1014,170,56,31,76,460,425,365,309,340,373,207,31,201,259,227,198,189,176,168,141,153,187,181,192,132,75,26,5,1070,107,0
United Arab Emirates,1980,3812,865,1036,171,59,31,68,479,472,399,324,338,373,205,31,199,280,251,221,208,191,182,142,159,179,190,183,132,73,26,5,1095,99,0
United Arab Emirates,1981,3928,858,1025,167,62,32,63,488,523,440,346,335,380,201,31,191,297,277,246,229,211,201,145,165,170,199,181,129,72,26,5,1087,95,1
United Arab Emirates,1982,3957,839,1001,162,62,33,65,457,538,456,366,341,388,212,32,177,280,286,252,236,220,204,162,161,180,197,191,135,77,27,5,1063,98,1
United Arab Emirates,1983,4078,815,974,159,64,36,69,454,577,493,392,355,402,224,34,176,278,303,274,252,241,212,180,164,191,202,200,142,82,29,5,1038,105,1
United Arab Emirates,1984,4105,792,946,154,65,36,69,434,588,510,404,361,414,240,40,164,270,301,287,256,254,216,188,167,194,208,206,152,88,33,7,1011,105,1
United Arab Emirates,1985,4232,767,914,147,69,37,69,434,624,550,428,373,432,257,43,159,275,311,313,273,277,233,195,178,195,219,213,162,95,36,7,983,106,1
United Arab Emirates,1986,4389,753,890,137,72,42,70,438,663,592,456,385,451,279,50,156,282,323,340,296,296,255,201,190,195,231,220,174,105,41,9,962,112,1
United Arab Emirates,1987,4415,731,863,132,69,44,89,419,660,608,485,392,454,282,51,157,262,320,340,311,297,272,213,195,197,226,228,175,107,41,10,932,133,1
United Arab Emirates,1988,4622,708,836,128,69,49,109,440,702,660,530,416,464,293,53,177,263,340,362,348,312,298,232,207,209,228,236,181,112,42,11,905,158,1
United Arab Emirates,1989,4829,690,812,122,70,53,125,465,738,715,575,443,474,304,56,200,265,356,382,383,332,322,253,223,220,231,243,188,116,45,11,882,178,1
United Arab Emirates,1990,5054,674,793,119,71,55,135,503,781,780,617,467,482,316,57,228,275,374,407,421,359,344,273,237,230,235,247,196,120,46,11,864,190,1
United Arab Emirates,1991,5156,641,754,113,71,56,138,524,790,822,640,483,488,330,59,245,279,373,417,438,384,351,289,246,237,239,249,205,125,48,11,825,194,1
United Arab Emirates,1992,5421,623,732,109,72,57,141,568,840,903,687,512,502,344,64,263,305,389,451,473,430,372,315,261,251,248,254,213,131,53,11,804,198,1
United Arab Emirates,1993,5608,589,692,103,69,57,134,596,883,986,729,533,512,354,65,267,329,398,485,505,481,392,337,270,263,255,257,219,135,54,11,761,191,1
United Arab Emirates,1994,5905,584,683,99,68,59,133,631,942,1085,786,556,526,364,69,267,364,418,524,545,540,424,362,279,277,263,263,224,140,57,12,751,192,2
United Arab Emirates,1995,6148,519,613,94,68,62,130,652,1010,1192,852,577,545,373,74,259,393,445,565,593,599,467,385,288,289,273,272,228,145,61,13,681,192,2
United Arab Emirates,1996,6475,518,607,89,70,66,136,668,1083,1299,930,593,566,381,78,253,415,480,603,644,655,524,406,300,293,286,280,233,148,64,14,677,202,2
United Arab Emirates,1997,6751,514,603,89,67,71,176,703,1089,1349,1000,623,585,401,80,284,419,492,597,669,680,571,429,328,295,298,287,247,154,65,15,670,247,2
United Arab Emirates,1998,7057,503,594,91,66,75,211,758,1108,1401,1074,657,604,423,86,328,430,513,595,695,706,619,455,360,297,308,296,261,162,70,16,660,286,2
United Arab Emirates,1999,6962,501,595,94,61,68,218,755,1035,1338,1083,667,604,445,90,344,411,488,547,657,681,625,458,370,297,304,300,274,171,74,16,656,286,2
United Arab Emirates,2000,6762,512,609,97,57,62,211,735,950,1242,1063,668,596,465,97,347,388,453,497,600,642,608,455,369,299,296,300,284,181,79,18,666,273,2
United Arab Emirates,2001,6935,521,618,97,57,56,205,780,969,1254,1109,694,595,491,103,369,411,464,505,597,657,629,480,379,315,293,302,295,196,84,19,675,261,2
United Arab Emirates,2002,7091,529,625,96,57,53,190,812,999,1268,1156,711,592,518,110,377,435,480,519,595,673,649,507,381,330,293,299,304,214,89,21,682,243,3
United Arab Emirates,2003,6233,541,636,95,48,42,139,649,804,1035,1025,652,553,529,120,293,356,384,420,476,559,564,461,342,310,278,275,299,230,96,24,684,181,3
United Arab Emirates,2004,6344,540,635,95,47,41,121,652,845,1055,1063,652,551,545,134,279,373,404,441,486,569,584,479,344,308,289,262,298,247,106,28,682,162,3
United Arab Emirates,2005,6429,522,615,93,46,41,105,637,893,1082,1106,646,547,554,151,255,382,427,466,504,578,608,498,347,299,298,249,290,264,119,32,661,146,3
United Arab Emirates,2006,6532,534,628,94,46,42,122,707,946,1069,1083,624,536,559,169,288,419,461,485,507,562,591,492,339,285,293,243,283,276,134,35,674,164,4
United Arab Emirates,2007,6582,603,700,97,47,48,173,944,1076,993,881,485,463,573,191,405,539,548,528,498,495,490,391,262,223,249,214,275,298,153,38,747,221,6
United Arab Emirates,2008,6545,701,803,102,48,51,235,1256,1259,896,575,264,348,586,219,556,700,670,589,490,406,344,231,134,130,183,165,262,324,174,45,851,286,8
United Arab Emirates,2009,6590,793,905,112,48,53,275,1530,1458,833,299,126,222,583,247,680,850,796,662,502,331,203,96,69,57,113,109,240,343,196,51,953,328,9
United Arab Emirates,2010,6755,850,975,125,48,52,282,1666,1641,848,199,89,121,555,268,726,940,900,741,543,305,137,62,44,45,57,64,207,348,211,57,1023,334,10
United Arab Emirates,2011,7041,818,953,135,45,52,249,1502,1674,1015,319,156,252,534,278,632,870,893,781,621,394,206,113,78,78,122,130,197,337,218,60,998,301,9
United Arab Emirates,2012,7373,781,920,139,45,52,225,1342,1677,1178,461,238,403,536,285,551,791,870,807,688,490,289,172,121,117,173,230,208,328,221,64,965,277,9
United Arab Emirates,2013,7851,741,882,141,45,48,210,1213,1672,1340,632,336,576,587,297,490,723,842,830,748,592,383,249,173,163,212,364,254,333,227,70,927,258,9
United Arab Emirates,2014,8384,705,843,138,47,44,195,1090,1634,1482,825,453,749,695,313,439,651,800,834,794,688,487,338,238,215,241,508,344,351,238,75,890,239,9
United Arab Emirates,2015,9044,667,802,135,48,40,181,991,1589,1606,1039,596,915,890,338,399,592,757,832,828,778,598,441,319,277,281,634,499,391,259,79,850,221,10
United Arab Emirates,2016,9919,628,757,129,49,37,166,921,1548,1726,1284,777,1064,1195,383,373,548,721,827,862,864,724,560,424,353,345,719,732,463,302,81,806,203,12
United Arab Emirates,2017,10904,595,719,124,51,34,146,859,1495,1813,1541,990,1182,1607,449,349,510,682,813,883,930,852,689,549,441,430,752,1029,578,363,86,770,180,19
United Arab Emirates,2018,12102,552,670,118,49,33,125,806,1454,1887,1821,1250,1289,2137,562,324,482,653,801,899,988,986,835,700,550,530,759,1371,766,458,104,719,158,20
United Arab Emirates,2019,13552,525,638,113,48,36,102,763,1419,1943,2108,1560,1412,2773,737,301,462,630,789,909,1034,1115,993,873,687,648,764,1714,1059,590,147,686,138,18
United Arab Emirates,2020,16406,552,661,109,47,37,78,647,1374,2118,2577,2129,1793,3877,1053,242,405,576,798,975,1143,1312,1265,1174,955,888,905,2204,1673,819,234,708,115,15
United Arab Emirates,2021,17548,524,631,107,45,40,66,573,1440,2317,2910,2467,1984,3985,1076,196,377,585,855,1065,1252,1460,1450,1343,1124,1019,965,2043,1942,814,262,676,106,16
United Kingdom,1950,589147,24934,29907,4973,2347,1641,2978,10517,14594,31759,63934,122344,181857,112095,15001,4462,6055,5972,8622,12384,19375,26865,37069,52647,69697,88181,93676,72240,39855,12790,2211,32254,4619,174
United Kingdom,1951,631875,24362,29352,4990,2181,1607,2470,9033,14128,31857,67910,131814,200252,124586,16486,3863,5170,5887,8241,12445,19412,28735,39175,56066,75748,96027,104225,80448,44138,14037,2449,31533,4077,198
United Kingdom,1952,573608,22979,27085,4106,2041,1426,2242,7735,12622,29443,64155,119528,179279,112792,15065,3480,4255,5336,7286,11387,18056,27065,37090,51113,68415,85961,93318,72903,39889,12817,2248,29126,3668,191
United Kingdom,1953,576852,22350,26240,3890,2104,1420,2091,7062,11966,28933,63842,119809,180954,116722,15512,3070,3992,5328,6638,11067,17866,27093,36749,51200,68609,86304,94650,75274,41448,13194,2318,28344,3511,203
United Kingdom,1954,577903,20893,23985,3092,1771,1324,2033,6479,11481,28537,64772,119554,181042,119978,16710,2852,3627,5249,6232,10988,17549,27589,37183,51176,68378,86324,94718,77414,42564,14157,2553,25756,3357,231
United Kingdom,1955,595556,20436,23626,3190,1877,1403,2074,6228,10728,27931,65674,121382,187449,129059,17871,2763,3465,4775,5953,10552,17379,27683,37991,51618,69764,88406,99043,82703,46356,15146,2725,25503,3477,250
United Kingdom,1956,598223,20470,23321,2851,1678,1290,1870,5690,10509,27353,65763,121893,188209,131777,18601,2506,3184,4425,6084,10154,17199,26855,38908,52250,69643,88333,99876,84286,47491,15713,2888,24999,3160,270
United Kingdom,1957,591536,20757,23807,3050,1735,1527,2200,5814,10603,27136,67943,123338,182217,126803,18138,2640,3174,4193,6410,10024,17112,27582,40361,53367,69971,86879,95338,81166,45637,15268,2870,25542,3727,273
United Kingdom,1958,604311,20559,23373,2814,1589,1344,2013,5451,10309,26102,68106,122959,186677,136234,19858,2538,2913,4005,6304,9388,16714,27465,40641,52977,69982,88006,98671,86377,49857,16712,3146,24962,3357,296
United Kingdom,1959,606008,20309,23321,3012,1556,1462,2226,5457,10350,25160,68530,123756,186554,136979,20345,2667,2790,3813,6537,8855,16305,27069,41461,54013,69743,88081,98473,86097,50882,17089,3256,24877,3688,312
United Kingdom,1960,603662,21190,24133,2943,1713,1397,2234,5398,9910,25081,67781,123879,183398,137614,20798,2667,2731,3628,6282,8756,16325,26860,40921,54615,69264,85937,97461,85945,51669,17446,3352,25846,3631,323
United Kingdom,1961,631348,21146,24343,3197,1563,1379,2415,5369,9756,25463,69174,130655,191573,146456,22845,2685,2684,3682,6074,9200,16263,27255,41919,57946,72709,90551,101022,90601,55855,19128,3717,25906,3794,362
United Kingdom,1962,635304,22025,25100,3075,1526,1401,2542,5291,9536,25196,69440,132557,190485,148176,23678,2644,2647,3564,5972,9483,15713,26950,42490,59447,73110,90481,100004,90835,57341,19882,3796,26626,3943,374
United Kingdom,1963,652157,21655,24940,3285,1619,1265,2603,5358,9352,25623,70613,137119,194272,153862,25128,2630,2728,3562,5790,10147,15476,27211,43402,61827,75292,92377,101895,93831,60031,21113,4015,26559,3868,397
United Kingdom,1964,608167,21310,24289,2979,1565,1291,2923,5438,8863,24795,67992,131336,177985,138447,22869,2717,2721,3372,5491,10366,14429,26478,41514,59782,71554,85945,92040,84326,54121,19166,3703,25854,4214,375
United Kingdom,1965,625005,19704,22829,3125,1640,1366,2984,5449,8801,24690,68118,136016,183498,143645,25541,2732,2717,3279,5522,10166,14524,26523,41595,61137,74879,88455,95043,86513,57132,21425,4116,24469,4350,427
United Kingdom,1966,642372,19251,22533,3282,1598,1304,3145,5503,8572,24601,68257,139264,189074,150266,27785,2859,2644,3286,5286,9642,14959,26393,41864,61485,77779,90347,98727,89998,60268,23257,4528,24131,4449,470
United Kingdom,1967,616434,17958,20976,3018,1631,1366,2805,5320,8070,24114,64753,136005,180406,142858,27631,2824,2496,3085,4985,9053,15061,24300,40453,59566,76439,86916,93490,85314,57544,22914,4717,22607,4171,490
United Kingdom,1968,656064,17789,20924,3135,1708,1307,2498,5269,7920,25011,65335,143188,194286,156436,31623,2808,2461,3055,4865,9061,15950,24028,41307,61913,81275,92829,101457,92703,63733,26125,5498,22632,3805,565
United Kingdom,1969,659242,16871,19870,2999,1578,1224,2526,5493,7892,26573,65614,149713,196062,151339,30790,2909,2584,3118,4774,9193,17380,23550,42064,63984,85729,95862,100200,90651,60688,25345,5445,21448,3750,570
United Kingdom,1970,655267,16761,19500,2739,1631,1238,2418,5658,7738,25251,64500,146274,195305,152811,32328,3074,2584,3117,4621,8714,16537,23349,41151,62194,84080,95561,99744,90981,61830,26466,5862,21131,3656,619
United Kingdom,1971,644846,16063,18645,2582,1713,1334,2525,5522,7605,24351,62691,141456,192253,152758,33325,2922,2600,3052,4553,8444,15907,23643,39048,60219,81237,94354,97899,90363,62395,27149,6176,20358,3859,666
United Kingdom,1972,673225,14290,16992,2702,1699,1212,2549,5731,7572,23925,64412,146737,204896,160702,36037,2960,2771,2969,4603,8281,15644,25374,39038,61529,85208,101457,103439,94753,65949,29204,6833,18691,3761,763
United Kingdom,1973,668601,13024,15537,2513,1586,1250,2628,6091,7586,23422,62934,143851,204445,161692,36768,3041,3050,3056,4530,8128,15294,25855,37079,59592,84259,101501,102944,94993,66699,29689,7079,17123,3878,812
United Kingdom,1974,666878,12169,14457,2288,1434,1275,2642,5600,7586,22671,61877,143138,205882,161308,38136,2756,2844,3044,4542,7942,14729,26970,34907,59225,83913,103393,102489,94225,67083,30684,7452,15891,3917,878
United Kingdom,1975,662172,10947,12955,2008,1366,1251,2632,5740,7527,21661,59768,141106,207183,162059,38035,2816,2924,3142,4385,7533,14128,25517,34251,58264,82842,102581,104602,94849,67210,30574,7461,14321,3883,892
United Kingdom,1976,680810,9652,11430,1778,1310,1257,2730,5696,7573,20991,60700,141992,215694,169589,40860,2774,2922,3213,4360,7386,13605,24974,35726,58382,83610,105607,110087,98667,70922,32692,8168,12740,3987,991
United Kingdom,1977,655391,9307,10946,1639,1169,1158,2665,5553,7529,20206,59570,135284,210490,161116,38729,2777,2776,3236,4293,7072,13134,23544,36026,54499,80785,102584,107906,94424,66692,30845,7884,12115,3823,979
United Kingdom,1978,667889,9318,10913,1595,1206,1227,2903,5706,7987,19995,61658,134103,216384,164902,39863,2882,2824,3478,4509,7142,12853,23479,38179,52501,81602,104421,111963,96559,68343,31684,8179,12119,4130,1042
United Kingdom,1979,676110,9615,10987,1372,1132,1165,2752,5461,7851,19601,62722,130819,221044,169460,41991,2707,2754,3501,4350,7066,12535,22933,39789,50377,80442,105473,115571,99566,69894,33337,8654,12119,3917,1128
United Kingdom,1980,661807,9271,10660,1389,1020,1097,2778,5367,7694,18489,59291,127482,216960,168323,41497,2759,2608,3345,4349,6808,11681,21440,37851,49614,77868,102925,114035,98909,69414,32862,8635,11680,3875,1148
United Kingdom,1981,658468,8135,9514,1379,869,1084,2727,5206,7516,18094,56443,124646,216062,172355,42710,2663,2543,3314,4202,6685,11409,20569,35874,49524,75122,102385,113677,102119,70236,33638,9072,10383,3811,1246
United Kingdom,1982,664142,7894,9228,1334,761,1043,2635,5279,7689,17257,54091,124517,218318,177612,44371,2753,2526,3269,4420,6358,10899,19674,34417,51386,73131,102170,116148,105251,72361,34824,9547,9989,3678,1336
United Kingdom,1983,660461,7393,8661,1268,791,995,2537,5145,7628,17146,51763,122917,216434,179924,45130,2596,2549,3048,4580,6295,10851,18695,33068,53612,69305,100790,115644,106958,72966,35324,9806,9452,3532,1390
United Kingdom,1984,646352,7095,8364,1269,733,924,2368,5331,7511,16788,49510,118819,211656,177645,45268,2709,2622,2973,4538,6180,10608,17898,31612,54283,64536,97839,113817,105732,71913,35354,9914,9097,3292,1436
United Kingdom,1985,672170,7050,8365,1315,709,951,2235,5193,7601,16778,48424,119642,219326,191997,49379,2737,2456,2898,4703,6443,10335,17482,30942,53601,66041,100255,119071,113249,78748,38558,10821,9074,3186,1571
United Kingdom,1986,662066,7186,8403,1217,661,760,2312,5406,7530,16795,46422,117579,213692,191803,49091,2815,2591,3007,4523,6564,10231,16758,29664,50687,66892,96541,117151,112352,79451,38155,10936,9064,3072,1612
United Kingdom,1987,645678,7131,8342,1211,640,761,2239,5473,7572,16639,44939,115942,204524,188541,48408,2841,2632,3151,4421,6818,9821,16286,28653,48035,67907,91152,113372,110353,78188,37506,10902,8982,3000,1651
United Kingdom,1988,649898,7070,8307,1237,697,713,2152,5615,7545,17104,43141,117611,198915,195163,51161,2902,2713,3207,4338,7137,9967,15902,27239,46854,70757,86236,112679,112813,82350,39644,11517,9004,2865,1775
United Kingdom,1989,658347,6562,7815,1253,687,670,2142,5713,7420,16858,41641,117622,196020,204202,55593,2882,2831,3101,4319,7009,9849,15516,26125,44794,72828,81988,114032,116870,87332,42952,12641,8502,2812,1964
United Kingdom,1990,641688,6367,7523,1156,620,683,2019,6063,7516,16983,40410,112710,190947,199563,54719,2902,3161,3159,4357,7078,9905,15304,25106,43149,69561,80751,110196,113840,85723,42369,12350,8143,2702,1933
United Kingdom,1991,646175,5800,6949,1149,675,672,1948,5783,7600,17184,39072,107691,191969,205628,58885,2787,2996,3287,4313,7009,10175,15057,24015,41138,66553,83497,108472,115772,89856,45587,13298,7624,2620,2115
United Kingdom,1992,633640,5082,6093,1011,597,599,1618,5651,7728,17053,37872,103115,188386,203732,59072,2639,3012,3351,4377,6759,10294,14578,23294,39729,63386,85214,103172,113751,89981,45849,13223,6690,2217,2120
United Kingdom,1993,657852,4822,5839,1017,561,681,1531,5572,7817,17219,38405,101942,192071,216732,67041,2548,3024,3534,4283,6610,10609,14950,23455,39140,62802,90858,101213,118852,97880,51790,15251,6400,2212,2440
United Kingdom,1994,626617,4590,5501,911,514,628,1435,5495,8123,17096,36869,95372,181292,207145,64769,2449,3046,3761,4362,6581,10515,14516,22353,36483,58889,89810,91482,113614,93531,49929,14840,6015,2063,2375
United Kingdom,1995,644410,4499,5318,819,542,635,1562,5417,8299,17493,37544,93706,184062,215449,71729,2373,3044,3843,4456,6524,10969,15046,22498,35665,58041,88590,95472,116602,98847,55123,16606,5860,2197,2654
United Kingdom,1996,634402,4499,5347,848,476,576,1589,5287,8508,17127,37428,89707,180373,212686,72621,2263,3024,3868,4640,6381,10746,15282,22146,34368,55339,84172,96201,113346,99340,55726,16895,5823,2165,2677
United Kingdom,1997,628023,4193,4986,793,513,607,1593,5145,8256,16699,37373,86390,179363,208667,75607,2274,2871,3678,4578,6419,10280,15776,21597,33167,53223,80453,98910,108519,100148,57719,17888,5499,2200,2821
United Kingdom,1998,627654,4059,4868,809,492,559,1539,5023,8425,16485,37935,84524,181284,204673,78848,2098,2925,3739,4686,6513,9972,16287,21648,33011,51513,78392,102892,103796,100877,59913,18935,5360,2098,2996
United Kingdom,1999,631120,4014,4805,791,453,558,1555,4840,8491,16323,38234,82317,183210,204367,82792,2091,2749,3681,4810,6505,9818,16440,21794,32577,49740,76124,107086,100809,103558,62730,20062,5258,2113,3174
United Kingdom,2000,607061,3754,4411,657,428,531,1492,4707,8641,16222,37723,78471,171507,198825,80961,2022,2685,3639,5002,6592,9630,16265,21458,31569,46902,71402,100105,99166,99659,61195,19766,4839,2023,3147
United Kingdom,2001,600307,3647,4293,646,433,538,1506,4443,8570,16321,37886,75043,164229,200506,83184,2059,2384,3658,4912,6627,9694,15980,21906,30599,44444,68360,95869,101824,98682,62453,20731,4726,2044,3351
United Kingdom,2002,604584,3503,4143,640,400,539,1440,4424,8459,16651,37968,74165,160559,204719,87489,2032,2392,3583,4876,6765,9886,15401,22567,30303,43862,66645,93914,106844,97875,65324,22165,4543,1979,3629
United Kingdom,2003,609420,3712,4376,664,392,510,1394,4217,8298,16675,38223,74093,156780,208994,91578,2006,2211,3401,4897,6960,9715,14853,23370,30324,43769,64774,92006,112988,96006,68026,23552,4768,1904,3887
United Kingdom,2004,582109,3631,4220,589,353,479,1352,4017,8114,16342,36802,71751,147617,198723,88419,1896,2121,3234,4880,6811,9531,14274,22528,29434,42317,60900,86717,110526,88197,65192,23227,4573,1831,3923
United Kingdom,2005,581215,3660,4234,574,330,488,1353,3882,7626,16656,36611,71041,144134,199817,90940,1851,2031,2989,4637,6916,9740,13937,22674,29593,41448,59001,85133,108185,91632,66855,24085,4564,1841,4104
United Kingdom,2006,571347,3732,4359,627,360,501,1452,4207,7864,16927,36513,70338,138282,197044,89283,1960,2247,3061,4803,7059,9868,14068,22445,30340,39998,56601,81681,103849,93195,65024,24259,4719,1953,4224
United Kingdom,2007,573184,3737,4376,639,344,476,1408,4161,7765,16836,35596,70859,135481,201648,89734,1967,2194,3067,4698,7096,9740,13835,21761,31255,39604,55465,80016,102192,99456,64406,25328,4720,1884,4504
United Kingdom,2008,578312,3727,4337,610,368,385,1388,4315,7781,17280,34594,71283,134230,206654,90813,1988,2327,3022,4759,7177,10103,14014,20580,31947,39336,55513,78717,100873,105781,63859,26954,4705,1773,4884
United Kingdom,2009,558565,3676,4220,544,323,401,1328,4172,7379,17183,33558,69641,128090,200959,86445,1828,2344,2797,4582,7268,9915,13540,20018,31290,38351,53806,74284,96475,104484,60089,26356,4543,1729,4863
United Kingdom,2010,560655,3525,4083,558,322,370,1147,3902,7099,16785,33356,70032,126739,199575,92069,1788,2114,2808,4291,6907,9878,13771,19585,31305,38727,53461,73278,95722,103853,64626,27443,4405,1517,5181
United Kingdom,2011,550909,3486,4051,565,300,326,985,3728,6780,16443,32508,69205,122821,194367,94109,1622,2106,2736,4044,6710,9733,13587,18921,30326,38879,52323,70498,93530,100837,67232,26877,4351,1311,5288
United Kingdom,2012,567739,3340,3857,517,323,336,957,3509,6369,16026,32157,69912,123772,200541,104147,1522,1987,2675,3694,6351,9675,13396,18761,29159,40753,51963,71809,96244,104297,76111,28036,4180,1293,5823
United Kingdom,2013,575663,3019,3574,555,294,340,927,3483,6616,16182,32818,70676,124474,201479,108674,1473,2010,2794,3822,6444,9738,13758,19060,28420,42256,52098,72376,96710,104769,80676,27998,3868,1267,6124
United Kingdom,2014,569990,2995,3502,507,331,341,954,3620,6557,16132,32785,70038,124415,196998,108120,1583,2037,2785,3772,6370,9762,13893,18892,27724,42314,52517,71898,94208,102790,80436,27684,3833,1295,6196
United Kingdom,2015,601754,3021,3528,507,301,324,952,3572,6764,16019,33990,71648,129302,209175,119416,1526,2046,2840,3924,6142,9877,14498,19492,27922,43726,54959,74343,98905,110270,87783,31633,3829,1276,6762
United Kingdom,2016,595812,2995,3493,498,280,321,891,3781,6880,16249,35145,72040,130078,204284,115996,1621,2160,3008,3872,6277,9972,14769,20376,28007,44033,56475,73603,96084,108200,83503,32493,3773,1212,6370
United Kingdom,2017,605595,2951,3384,433,313,320,885,3404,6968,15818,34977,70277,133345,208200,121245,1418,1986,2808,4160,5905,9913,14858,20119,27924,42353,59024,74321,97559,110641,85401,35844,3697,1205,6463
United Kingdom,2018,615560,2788,3208,420,309,350,977,3765,7266,16102,36225,69764,136871,210616,123678,1579,2186,2988,4278,5953,10149,15089,21136,28320,41444,61921,74950,98726,111890,86078,37600,3517,1327,6426
United Kingdom,2019,585237,2680,3078,398,270,341,824,3757,6954,15087,35300,66721,133000,203888,110467,1605,2152,2833,4121,5353,9734,14799,20501,27649,39072,60506,72494,98068,105820,77957,32510,3348,1165,5549
United Kingdom,2020,672991,2519,2897,378,263,345,907,4038,8035,17080,42188,76806,157360,234532,121771,1726,2312,3197,4838,5939,11141,17815,24373,32280,44526,68764,88596,115830,118702,85650,36121,3160,1252,6770
United Kingdom,2021,652723,2450,2807,357,253,340,948,4308,8388,17887,42518,76995,155156,217044,118300,1801,2507,3442,4946,6802,11085,17257,25261,34164,42831,67489,87667,108539,108505,82099,36201,3060,1288,7780
United States,1950,1427489,106237,123753,17516,8009,6330,11386,35699,53700,105079,195412,300537,339169,209226,37262,16511,19188,22471,31229,44248,60831,84764,110648,138259,162278,173369,165800,132877,76349,30095,7167,131762,17716,1929
United States,1951,1458412,110603,129123,18520,8394,6363,11128,34868,53377,104625,199137,305784,346852,217389,39600,15971,18897,22379,30998,44610,60015,86482,112655,138840,166944,175956,170896,138544,78845,32142,7458,137517,17491,1776
United States,1952,1472732,115255,133118,17863,8907,6580,12207,35532,51478,104666,197086,308734,351407,221197,40212,16902,18630,21597,29881,44486,60180,86788,110298,139936,168798,178151,173256,140350,80847,32717,7495,142025,18787,1606
United States,1953,1488696,109039,126699,17660,8476,6482,11335,33097,49419,103723,197568,313210,360845,233633,42639,16057,17040,21291,28128,43977,59746,85530,112038,140105,173105,183363,177482,147345,86288,34617,8022,135175,17817,1568
United States,1954,1452153,107121,123469,16348,8087,6057,10263,30503,46932,99831,188707,305316,357877,231242,42339,14495,16008,20367,26565,41428,58403,81313,107394,134958,170358,182803,175074,144732,86510,34042,8297,131556,16320,1530
United States,1955,1496520,105487,121878,16391,7927,6057,10646,30691,46450,99575,188859,311828,375286,250110,45646,14356,16335,19382,27068,41282,58293,80396,108463,136473,175355,190360,184926,154176,95934,36489,9157,129805,16703,1567
United States,1956,1531553,106582,122837,16255,7918,6271,10769,30392,46268,100494,190866,318285,385420,261928,48492,14187,16205,19569,26699,40906,59588,80471,110395,139527,178758,195965,189455,161329,100599,38659,9833,130755,17040,1610
United States,1957,1597038,109160,125791,16631,8434,6949,11381,29962,48423,102969,197280,333512,402423,275578,52632,13758,16204,20459,27964,41268,61701,84185,113095,146472,187040,205688,196735,168430,107148,41904,10728,134225,18330,1703
United States,1958,1607673,108347,125289,16942,8262,6779,10977,28403,47585,101208,195828,331602,411197,283565,55235,13065,15338,19458,28127,39892,61316,84561,111267,147563,184039,208465,202732,173206,110359,44127,11108,133551,17756,1743
United States,1959,1621018,106956,123552,16596,8778,7200,11669,28198,47852,101661,196749,330330,418007,287938,57279,13168,15030,19459,28393,39690,61971,85680,111069,148387,181943,210988,207019,174770,113168,45845,11434,132330,18869,1810
United States,1960,1671107,105583,122684,17101,9045,6995,11823,27841,47919,104928,201269,339459,435901,299725,61525,13236,14605,19706,28213,41411,63517,88050,113219,152766,186693,219673,216228,181357,118368,49445,12080,131729,18818,1990
United States,1961,1661721,102115,118292,16177,8670,6957,11838,27041,47324,102484,199563,334857,434817,305009,62812,13230,13811,19568,27756,40935,61549,87775,111788,149564,185293,217142,217675,183657,121352,50545,12267,126962,18795,2055
United States,1962,1716019,99736,115527,15791,8713,7047,12814,27857,48609,103730,206843,343603,451271,320614,67196,13911,13946,19518,29091,41758,61972,91542,115301,152669,190934,223806,227465,191999,128615,53888,13308,124240,19861,2188
United States,1963,1771987,97972,114149,16177,8797,7052,13750,29181,48837,106464,214526,353672,466600,335262,71402,14867,14314,19751,29086,44010,62454,93577,120949,155334,198338,229839,236761,201623,133639,57226,14176,122946,20802,2294
United States,1964,1757625,95254,110851,15597,8743,7368,14828,30354,49061,107445,216252,348808,459041,331824,70787,15779,14575,20100,28961,45140,62305,93980,122272,153053,195755,224360,234681,200826,130998,56602,14185,119594,22196,2261
United States,1965,1786104,87067,102115,15048,8719,7616,15493,31404,48994,108469,219517,353028,468083,345613,74714,16306,15098,19152,29842,44422,64047,94960,124557,155568,197460,226221,241862,208950,136663,59517,15197,110834,23109,2338
United States,1966,1821951,81269,96029,14760,8859,7903,17071,33564,49000,110599,224392,357578,479240,356426,78802,17896,15668,19098,29902,45152,65447,95329,129063,158573,199005,231239,248001,215673,140753,62616,16186,104888,24974,2482
United States,1967,1812074,75673,88904,13231,8592,7841,17248,35150,48807,110876,223754,354590,476130,357474,80105,19074,16076,18774,30033,45385,65491,93162,130592,157745,196845,230366,245764,215446,142028,63410,16695,97496,25089,2606
United States,1968,1889161,74538,87320,12782,8870,8204,18582,38523,49936,116256,230329,370121,496205,376344,85639,20853,17670,19312,30624,46154,70102,94672,135657,166364,203757,242529,253676,225013,151331,67542,18097,96190,26786,2834
United States,1969,1883000,73923,85974,12051,8686,8304,20415,40728,49635,116193,227768,366360,488622,381697,85668,22157,18571,19581,30054,46043,70150,93320,134448,166525,199835,240164,248458,227946,153751,67332,18336,94660,28719,2947
United States,1970,1883108,75422,86697,11275,8231,8237,21051,41080,48333,115134,230017,369271,484619,381314,86060,22408,18672,19888,28445,46576,68558,95453,134564,168392,200879,237635,246984,227264,154050,67666,18394,94928,29288,3065
United States,1971,1885038,64838,75813,10975,7968,8225,21663,43084,47516,112723,225588,369823,483148,394041,92052,23354,19730,19992,27524,45735,66988,94653,130935,170019,199804,234959,248189,232238,161803,72016,20036,83781,29888,3391
United States,1972,1919617,56900,67668,10768,7526,8273,21767,45260,47143,113547,225003,381358,497212,405006,96228,24642,20618,20367,26776,44982,68565,95270,129733,175799,205559,241106,256106,238843,166163,75215,21013,75194,30040,3621
United States,1973,1930819,53008,63579,10571,7340,8284,22352,46911,47619,110068,224621,382052,496861,414744,102523,25326,21585,21067,26552,43789,66279,97310,127311,175498,206554,237634,259227,241701,173043,80363,22160,70919,30636,3866
United States,1974,1894914,51666,61233,9567,6482,7784,21424,46171,45655,104416,218705,378567,484629,411359,104547,25022,21149,20835,24820,41012,63404,95936,122769,171850,206717,231777,252852,236152,175207,82103,22444,67715,29208,3942
United States,1975,1853600,48439,57261,8822,6052,7146,20701,47536,44786,99989,213263,370959,474056,402800,105044,26135,21401,20291,24495,37757,62232,91099,122164,167086,203873,227751,246305,231348,171452,82395,22649,63313,27847,4006
United States,1976,1869770,46467,54874,8407,5846,6734,20026,46500,43689,96924,211432,373081,474884,416573,114682,25337,21163,20100,23589,35862,61062,89512,121920,165916,207165,228456,246428,235883,180690,89305,25377,60720,26760,4523
United States,1977,1860479,45455,53597,8142,5672,6584,20869,47976,44790,93346,209511,369522,472722,415379,115898,25892,22084,21052,23738,34737,58609,88995,120516,161140,208382,229103,243619,235903,179476,89823,26075,59269,27453,4619
United States,1978,1888740,44394,52629,8235,5490,6235,20665,49161,45881,91000,210048,369336,479669,428763,124851,26683,22478,21631,24250,33696,57304,86550,123498,159226,210110,233929,245740,243867,184896,96119,28732,58119,26900,5007
United States,1979,1879386,44586,52494,7908,5118,5710,20580,50910,46766,86621,206330,363453,478292,429351,128591,26940,23970,22201,24565,32553,54068,83818,122512,155892,207561,235433,242859,245754,183597,98635,29956,57612,26290,5170
United States,1980,1953595,44780,52785,8005,4950,5488,20226,53214,47867,84740,208485,374932,501171,450177,143565,27667,25547,23062,24805,33143,51597,86195,122290,160806,214126,245210,255961,253092,197085,109615,33950,57735,25714,5995
United States,1981,1946413,42130,49972,7842,4571,5286,18069,51648,49182,82672,205963,371145,503740,451734,146103,26045,25603,23755,25427,32812,49860,85213,120750,161103,210042,247468,256272,252246,199488,111170,34933,54543,23355,6328
United States,1982,1943157,41608,49338,7730,4414,5000,16712,48441,49470,79157,201014,368305,512180,453758,148592,24452,23989,23795,25675,31830,47327,81509,119505,161531,206774,251620,260560,252353,201405,112499,36093,53752,21712,6778
United States,1983,1987869,39722,47342,7620,4165,4797,15415,46608,49593,78333,198300,372877,528367,474049,160322,22971,23637,23705,25888,32501,45832,79886,118414,167394,205483,258641,269726,260281,213768,120164,40158,51507,20212,7697
United States,1984,2009617,39465,46629,7164,4057,4866,15000,47002,52384,79480,192793,375558,537134,479719,166684,23263,23739,25237,27147,33848,45632,76533,116260,169702,205856,260590,276544,261451,218268,123513,43171,50686,19866,8317
United States,1985,2058608,39947,47079,7132,4094,4706,14863,46864,56097,81371,192958,377736,548149,496658,178899,22587,24277,27492,28605,34531,46840,73468,119490,167036,210700,263699,284450,271918,224740,131776,47123,51173,19569,9132
United States,1986,2077933,38600,45889,7289,3991,4684,16035,49465,61627,83244,187764,377512,552123,501552,184494,23501,25964,30405,31222,36517,46727,70957,116807,165119,212393,262290,289833,276652,224900,135616,48878,49880,20719,9556
United States,1987,2096447,38647,45937,7290,4210,4407,15459,48328,64445,85272,184523,378442,553865,509777,191509,22318,26010,31046,33399,37956,47316,70056,114467,165430,213012,257844,296021,279823,229954,140123,51386,50147,19866,10271
United States,1988,2143198,39621,46939,7318,4273,4576,15790,48525,67318,89346,182035,382720,557175,530387,202962,22188,26337,32243,35075,40324,49022,68787,113248,162978,219742,255326,301849,291351,239036,149160,53802,51212,20366,11151
United States,1989,2126340,41095,48339,7244,4239,4619,15427,47485,70529,91833,176199,377164,550873,527468,200569,21056,26429,33417,37112,41845,49988,67944,108255,158387,218777,251411,299462,293320,234148,147101,53468,52578,20046,11597
United States,1990,2124914,39776,46649,6873,3909,4392,15670,47275,72664,92844,169718,373119,550802,532911,202805,21223,26052,33229,39435,42474,50370,68052,101666,160842,212277,253192,297610,294805,238106,147598,55207,50558,20062,12155
United States,1991,2146622,37577,44721,7144,3832,4510,15347,46349,74621,97668,167153,370788,551602,548414,208715,21289,25060,33771,40850,44880,52788,67803,99350,160495,210293,256256,295346,303536,244878,150408,58307,48553,19857,12895
United States,1992,2153781,35230,41978,6748,3663,4416,14405,44389,75631,103002,165191,367109,549523,557501,213713,20350,24039,33854,41777,47642,55360,68319,96872,155751,211358,257824,291699,308471,249030,153719,59994,45641,18821,13261
United States,1993,2247067,33980,41010,7030,3847,4713,15003,44722,79457,108511,169429,367777,570028,595099,233118,20731,23991,35273,44184,50192,58319,71908,97521,155824,211953,271664,298364,326515,268584,166710,66408,44857,19716,14350
United States,1994,2259317,32339,39103,6764,3689,4671,15249,43570,81205,113776,170871,359031,571767,605137,236574,20232,23338,35582,45623,53191,60585,74501,96370,150598,208433,274512,297255,329607,275530,169368,67206,42792,19920,14681
United States,1995,2293366,30203,36579,6376,3736,4759,15026,42147,81147,119281,173886,356866,576142,621313,246771,19399,22748,34817,46330,56804,62477,75540,98346,144342,212524,269681,306461,335533,285780,177614,69157,40315,19785,15713
United States,1996,2297000,29310,35258,5948,3747,4509,14557,38814,72579,117461,174283,352880,579903,632663,254056,18057,20757,30285,42294,54407,63054,76416,97867,141087,211793,267847,312056,337836,294827,183958,70098,39005,19066,16285
United States,1997,2298834,28755,34267,5512,3622,4366,14239,36867,64319,114024,176660,344130,584224,641167,263958,17470,19397,26284,38035,51222,62802,78578,98082,137097,207033,268804,315420,335327,305840,190263,73695,37889,18605,16987
United States,1998,2322433,29380,34674,5294,3496,4205,13733,35311,61724,115080,180180,338342,593464,651331,273410,17035,18276,24562,37162,51865,63215,80167,100013,134937,203405,266611,326853,336956,314375,196770,76640,38170,17938,17486
United States,1999,2378946,28935,34195,5260,3475,4083,13667,34910,60389,119703,186618,333894,603282,676849,289620,17027,17883,23622,36767,52587,67116,82758,103860,134896,198998,264955,338327,347237,329612,209559,80061,37670,17750,18256
United States,2000,2390401,29058,34088,5030,3283,4146,13373,35780,59072,125678,190387,325289,598747,685500,296845,17854,17926,23021,36051,53662,72016,85830,104557,136439,188850,268591,330156,352992,332508,214754,82091,37371,17519,18208
United States,2001,2403429,27897,33044,5147,3111,3987,13362,37315,60681,129582,198100,319573,593328,691328,302054,18806,18509,23748,36933,54660,74922,89506,108594,136244,183329,266331,326997,357889,333439,218929,83125,36155,17349,17964
United States,2002,2433211,28410,33306,4896,3030,4070,13678,37646,59338,131831,207577,317631,591474,700643,314398,19386,18260,23765,35573,55754,76077,93639,113938,137858,179773,261524,329950,366120,334523,228883,85515,36336,17748,18587
United States,2003,2438341,28658,33682,5024,2894,4020,13583,38598,57898,133878,214347,319397,577124,705899,318274,20056,18542,23439,34459,55411,78467,95946,118401,142108,177289,254351,322773,375171,330728,231458,86816,36576,17603,18748
United States,2004,2391583,28585,33423,4838,2911,3953,13654,38762,54882,131522,217332,315231,551829,697383,312683,19753,19009,22463,32419,53468,78054,98762,118570,142105,173126,241447,310382,373585,323798,226745,85938,36334,17607,18017
United States,2005,2442263,29239,34071,4832,2866,3772,13681,40332,54665,132768,228682,320052,552802,712519,327311,20548,19784,22766,31899,53404,79364,106005,122677,144834,175218,234272,318530,370888,341631,236941,90370,36937,17453,18739
United States,2006,2422573,29761,34439,4678,2747,3436,13729,42233,54386,130609,234054,321254,537353,704514,325029,21137,21096,22479,31907,51626,78983,107446,126608,147352,173902,224337,313016,362663,341851,233392,91637,37186,17165,18787
United States,2007,2419808,30170,34959,4789,2731,3467,13224,41897,53383,126681,236060,327608,524121,709778,326855,20758,21139,21968,31415,49083,77598,106933,129127,152797,174811,219467,304654,363010,346768,232201,94654,37690,16691,19038
United States,2008,2469957,28791,33543,4752,2518,3152,12413,40838,52179,124486,240826,342207,526719,731066,339724,19934,20904,21809,30370,47158,77328,109439,131387,160217,181990,221344,305375,362375,368691,239466,100258,36061,15565,20289
United States,2009,2437684,27096,31572,4476,2565,3139,11514,39720,52217,122313,247903,345987,507932,719754,333047,19004,20716,22121,30096,45897,76416,111305,136598,162071,183916,217030,290902,351256,368498,235073,97974,34137,14653,20019
United States,2010,2469925,24964,29315,4351,2341,2972,10959,38954,50706,116324,252594,350940,503836,734136,355470,18678,20276,22168,28538,42744,73580,109789,142805,164569,186371,221187,282649,363585,370551,252631,102839,31656,13931,21376
United States,2011,2518766,24077,28355,4278,2497,2981,10699,39605,51458,114991,258419,363097,503578,746718,373485,19073,20532,23380,28078,43052,71939,111528,146891,170616,192481,224292,279286,370490,376228,266754,106731,30852,13680,22878
United States,2012,2546455,23847,28119,4272,2356,2906,10152,40150,51731,111866,260958,379403,503586,745120,385977,19099,21051,23866,27865,42670,69196,111328,149630,176289,203114,226187,277399,363093,382027,275837,110140,30475,13058,24131
United States,2013,2599058,23501,27615,4114,2441,2940,9580,40208,53082,110930,266079,393799,516287,743891,406903,19014,21194,24647,28435,42758,68172,111630,154449,180955,212844,236855,279432,363850,380041,292997,113906,30056,12520,25301
United States,2014,2625365,23345,27207,3862,2413,2958,9729,41216,55444,109440,270793,409081,525375,726339,419037,19211,22005,25512,29932,42843,66597,112061,158732,190908,218173,244421,280954,357363,368976,300529,118508,29620,12687,26328
United States,2015,2699590,23452,27470,4018,2477,3114,10332,44208,60002,109047,272838,430465,542741,739479,429870,20280,23928,27884,32118,42876,66171,111552,161286,203400,227065,252017,290724,355382,384097,302742,127128,29947,13446,27544
United States,2016,2720154,23125,27204,4079,2575,3106,10989,48737,66860,111376,273812,445053,554001,726580,421629,21748,26989,30830,36030,43847,67529,109885,163927,209735,235318,261414,292587,347373,379207,293495,128134,29779,14095,28229
United States,2017,2772099,22207,26113,3906,2432,3384,11122,49302,70171,112353,271846,455107,579231,735335,425159,21176,28126,32349,37822,44227,68126,107073,164773,212607,242500,278321,300910,352844,382491,294860,130299,28545,14506,30541
United States,2018,2780175,21303,25163,3860,2393,3310,10648,47170,70491,111674,267623,464512,600995,735796,410270,19856,27314,31957,38534,44311,67363,103399,164224,217914,246598,288935,312060,350058,385738,278425,131845,27556,13958,30131
United States,2019,2778148,20877,24594,3717,2378,3315,10675,46701,72569,112557,262939,475802,613051,733485,390047,19739,26962,32828,39741,46030,66527,100504,162435,220919,254883,294459,318592,348650,384835,262023,128024,26972,13990,30028
United States,2020,3238518,20159,23774,3615,2347,3494,12215,54342,88672,133384,295955,567182,737028,861595,424920,22895,31447,40389,48283,57230,76154,114762,181193,255590,311592,357487,379541,409663,451932,297238,127682,26121,15709,33609
United States,2021,3280682,20038,23529,3491,2276,3093,12928,59576,91802,133118,340956,609403,773276,791938,404862,25467,34109,43169,48633,56641,76477,130039,210917,280611,328792,385918,387358,405572,386366,282817,122045,25805,16021,33918
United States Virgin Islands,1950,397,48,64,16,13,8,10,20,20,25,36,64,77,46,8,10,10,10,10,10,15,16,20,28,36,40,37,29,17,8,0,77,18,0
United States Virgin Islands,1951,432,50,66,16,13,8,10,23,30,30,38,68,81,57,9,10,13,15,15,15,15,18,20,30,38,43,38,31,26,9,0,79,18,0
United States Virgin Islands,1952,359,44,59,15,9,5,5,14,20,22,31,57,76,46,10,5,9,10,10,10,12,15,16,24,33,39,37,27,19,9,1,68,10,0
United States Virgin Islands,1953,306,41,55,14,6,5,5,10,13,20,27,48,69,38,9,5,5,5,8,10,10,12,15,20,28,35,34,25,13,8,1,61,10,0
United States Virgin Islands,1954,270,40,54,14,5,5,5,10,10,12,24,42,67,34,6,5,5,5,5,5,7,10,14,17,25,33,34,24,10,5,1,59,10,0
United States Virgin Islands,1955,281,41,52,11,6,5,5,10,10,13,26,43,69,32,6,5,5,5,5,5,8,11,15,17,26,34,35,25,7,5,1,58,10,0
United States Virgin Islands,1956,314,44,55,11,7,5,5,10,13,20,28,48,75,40,6,5,5,5,8,10,10,12,16,20,28,37,38,29,11,5,1,62,10,0
United States Virgin Islands,1957,324,47,58,11,7,5,5,10,14,20,28,48,75,45,2,5,5,5,9,10,10,12,16,21,27,37,38,31,14,2,0,65,10,0
United States Virgin Islands,1958,319,49,60,11,6,5,5,10,11,20,26,47,73,49,3,5,5,5,6,10,10,11,15,20,27,35,38,31,18,3,0,66,10,0
United States Virgin Islands,1959,347,46,56,10,7,5,5,10,15,20,31,50,77,54,5,5,5,5,10,10,10,15,16,22,28,37,40,31,23,5,0,63,10,0
United States Virgin Islands,1960,354,45,55,10,7,5,5,10,15,23,31,51,79,56,10,5,5,5,10,10,13,15,16,21,30,37,42,30,26,10,0,62,10,0
United States Virgin Islands,1961,424,44,54,10,7,5,5,16,20,29,32,57,80,92,24,6,10,10,10,14,15,15,17,24,33,39,41,40,52,21,3,61,10,0
United States Virgin Islands,1962,431,46,56,10,8,5,5,19,21,32,38,58,80,83,27,9,10,10,11,15,17,20,18,25,33,40,40,37,46,23,4,64,10,0
United States Virgin Islands,1963,441,46,54,8,9,5,6,20,30,34,40,59,80,75,25,10,10,15,15,15,19,20,20,25,34,40,40,37,38,23,2,63,11,0
United States Virgin Islands,1964,430,50,59,9,9,5,6,20,27,34,40,56,80,69,24,10,10,13,14,15,19,20,20,23,33,40,40,36,33,22,2,68,11,0
United States Virgin Islands,1965,429,53,62,9,8,5,6,20,28,34,42,55,80,66,23,10,10,13,15,15,19,22,20,23,32,40,40,36,30,20,3,70,11,0
United States Virgin Islands,1966,442,51,61,10,10,5,8,21,30,35,49,57,79,64,23,10,11,15,15,15,20,24,25,25,32,39,40,38,26,19,4,71,13,0
United States Virgin Islands,1967,452,57,67,10,10,5,9,28,30,35,49,57,79,64,20,13,15,15,15,15,20,24,25,25,32,39,40,38,26,16,4,77,14,0
United States Virgin Islands,1968,455,59,69,10,10,5,9,29,30,35,49,57,77,64,19,14,15,15,15,15,20,24,25,26,31,37,40,38,26,15,4,79,14,0
United States Virgin Islands,1969,467,61,70,9,10,6,10,30,30,36,52,60,76,66,17,15,15,15,15,16,20,25,27,30,30,36,40,38,28,14,3,80,16,0
United States Virgin Islands,1970,488,70,78,8,10,10,10,35,31,39,54,62,75,68,17,15,20,16,15,18,21,25,29,30,32,35,40,37,31,14,3,88,20,0
United States Virgin Islands,1971,491,69,78,9,10,10,10,35,35,41,55,65,74,66,16,15,20,19,16,20,21,25,30,30,35,35,39,37,29,13,3,88,20,0
United States Virgin Islands,1972,504,66,76,10,10,10,10,34,40,42,58,70,79,66,15,15,19,20,20,20,22,27,31,35,35,39,40,38,28,12,3,86,20,0
United States Virgin Islands,1973,501,60,71,11,10,10,10,30,37,41,59,74,80,65,14,13,17,20,17,20,21,27,32,35,39,40,40,38,27,12,2,81,20,0
United States Virgin Islands,1974,514,57,69,12,10,10,10,29,40,42,61,79,87,68,14,12,17,20,20,20,22,28,33,39,40,42,45,41,27,12,2,79,20,0
United States Virgin Islands,1975,529,54,66,12,11,10,10,28,40,42,62,86,90,70,13,12,16,20,20,20,22,28,34,41,45,45,45,43,27,11,2,77,20,0
United States Virgin Islands,1976,543,53,64,11,12,10,10,27,40,43,66,89,100,71,13,11,16,20,20,20,23,29,37,43,46,50,50,43,28,11,2,76,20,0
United States Virgin Islands,1977,559,52,62,10,13,10,10,26,40,44,68,96,102,74,13,11,15,20,20,20,24,30,38,46,50,51,51,46,28,11,2,75,20,0
United States Virgin Islands,1978,581,53,62,9,13,10,10,26,39,44,69,102,110,78,12,12,14,19,20,20,24,30,39,47,55,55,55,49,29,10,2,75,20,0
United States Virgin Islands,1979,600,50,58,8,12,10,14,24,39,47,71,109,117,83,12,11,13,19,20,21,26,31,40,50,59,59,58,53,30,10,2,70,24,0
United States Virgin Islands,1980,623,52,60,8,10,10,15,23,39,48,71,115,124,90,12,11,12,18,21,23,25,31,40,53,62,63,61,57,33,10,2,70,25,0
United States Virgin Islands,1981,630,50,58,8,10,10,15,23,40,49,72,115,127,93,13,12,11,17,23,24,25,31,41,53,62,65,62,58,35,11,2,68,25,0
United States Virgin Islands,1982,629,50,58,8,10,10,14,22,39,49,73,118,130,94,14,12,10,16,23,24,25,33,40,53,65,68,62,57,37,12,2,68,24,0
United States Virgin Islands,1983,636,50,58,8,10,10,14,23,38,52,72,119,138,92,14,13,10,15,23,25,27,32,40,54,65,73,65,55,37,12,2,68,24,0
United States Virgin Islands,1984,641,47,55,8,10,9,13,24,35,53,73,119,142,89,14,14,10,13,22,25,28,32,41,54,65,75,67,52,37,12,2,65,22,0
United States Virgin Islands,1985,646,44,52,8,10,7,13,24,35,55,76,123,149,89,15,14,10,13,22,25,30,34,42,55,68,79,70,53,36,13,2,62,20,0
United States Virgin Islands,1986,647,41,49,8,9,6,12,25,32,57,79,127,150,87,17,15,10,12,20,27,30,35,44,56,71,78,72,53,34,15,2,58,18,0
United States Virgin Islands,1987,646,40,48,8,8,5,11,25,29,58,79,125,154,83,17,15,10,11,18,28,30,36,43,55,70,79,75,51,32,15,2,56,16,0
United States Virgin Islands,1988,639,38,46,8,8,5,9,24,27,58,82,126,159,82,17,13,11,10,17,26,32,37,45,56,70,81,78,52,30,15,2,54,14,0
United States Virgin Islands,1989,643,37,42,5,7,5,8,22,27,58,83,128,165,81,16,11,11,11,16,26,32,38,45,56,72,82,83,53,28,14,2,49,13,0
United States Virgin Islands,1990,648,34,38,4,5,5,7,20,27,58,86,129,167,81,15,10,10,11,16,24,34,40,46,57,72,83,84,54,27,13,2,43,12,0
United States Virgin Islands,1991,658,32,36,4,5,5,7,20,25,59,90,132,173,85,15,10,10,10,15,24,35,41,49,59,73,87,86,57,28,12,3,41,12,0
United States Virgin Islands,1992,696,30,34,4,5,5,5,19,25,61,93,136,178,110,21,9,10,10,15,24,37,43,50,62,74,88,90,70,40,17,4,39,10,0
United States Virgin Islands,1993,726,27,31,4,5,5,5,14,25,59,100,139,184,125,27,5,9,10,15,21,38,47,53,63,76,90,94,79,46,22,5,36,10,0
United States Virgin Islands,1994,753,25,29,4,5,5,5,13,24,57,101,140,187,143,31,5,8,10,14,21,36,47,54,63,77,92,95,88,55,25,6,34,10,0
United States Virgin Islands,1995,781,22,26,4,7,5,5,12,27,57,107,145,194,157,35,5,7,12,15,21,36,50,57,66,79,95,99,94,63,29,6,33,10,0
United States Virgin Islands,1996,790,20,24,4,5,5,5,11,27,57,112,148,197,162,36,5,6,12,15,21,36,53,59,68,80,95,102,96,66,30,6,29,10,0
United States Virgin Islands,1997,834,21,25,4,5,5,5,13,27,56,119,157,204,175,39,6,7,12,15,21,35,56,63,72,85,99,105,103,72,31,8,30,10,1
United States Virgin Islands,1998,860,19,23,4,5,5,7,13,26,56,121,162,212,189,40,5,8,11,15,22,34,54,67,74,88,102,110,106,83,32,8,28,12,1
United States Virgin Islands,1999,903,18,22,4,5,5,8,16,27,55,126,171,219,202,46,7,9,11,16,22,33,55,71,79,92,104,115,108,94,36,10,27,13,1
United States Virgin Islands,2000,909,17,21,4,5,5,8,14,25,54,127,172,219,209,53,6,8,10,15,22,32,55,72,80,92,105,114,107,102,43,10,26,13,1
United States Virgin Islands,2001,930,16,20,4,5,5,7,13,24,53,127,178,224,212,61,6,7,10,14,22,31,52,75,83,95,108,116,110,102,51,10,25,12,1
United States Virgin Islands,2002,948,15,19,4,5,5,7,11,24,52,125,185,231,218,66,6,5,10,14,21,31,50,75,87,98,111,120,116,102,55,11,24,12,1
United States Virgin Islands,2003,986,13,17,4,5,5,6,12,23,52,128,197,243,228,70,7,5,10,13,21,31,50,78,93,104,117,126,124,104,59,11,22,11,1
United States Virgin Islands,2004,1022,13,16,3,5,5,5,12,22,51,129,209,254,239,73,7,5,9,13,20,31,50,79,100,109,123,131,132,107,61,12,21,10,1
United States Virgin Islands,2005,1043,13,15,2,5,5,5,10,20,51,124,217,263,248,74,5,5,8,12,20,31,46,78,103,114,128,135,137,111,62,12,20,10,1
United States Virgin Islands,2006,1111,14,16,2,5,5,5,14,22,56,132,241,282,262,77,9,5,9,13,22,34,50,82,114,127,137,145,147,115,63,14,21,10,1
United States Virgin Islands,2007,1170,14,16,2,5,5,6,16,23,57,134,257,298,276,76,10,6,9,14,22,35,52,82,120,137,147,151,154,122,60,16,21,11,1
United States Virgin Islands,2008,1142,14,15,1,5,5,5,10,21,53,125,256,295,275,72,5,5,8,13,20,33,49,76,117,139,145,150,149,126,56,16,20,10,1
United States Virgin Islands,2009,1172,13,14,1,5,5,5,10,21,52,123,265,306,288,73,5,5,9,12,20,32,50,73,118,147,151,155,150,138,58,15,19,10,1
United States Virgin Islands,2010,1222,13,14,1,5,5,5,10,22,51,123,271,325,306,82,5,5,10,12,19,32,51,72,117,154,160,165,155,151,67,15,19,10,1
United States Virgin Islands,2011,1214,11,12,1,5,5,5,10,20,48,119,269,331,302,88,5,5,9,11,18,30,49,70,112,157,165,166,156,146,73,15,17,10,2
United States Virgin Islands,2012,1251,11,12,1,5,5,5,10,20,48,121,273,350,309,95,5,5,9,11,18,30,50,71,111,162,177,173,165,144,80,15,17,10,2
United States Virgin Islands,2013,1269,10,11,1,5,5,5,10,20,47,123,270,366,309,100,5,5,9,11,17,30,50,73,106,164,187,179,169,140,84,16,16,10,2
United States Virgin Islands,2014,1289,9,10,1,5,5,5,10,18,46,122,269,384,313,102,5,5,8,10,17,29,48,74,103,166,197,187,174,139,85,17,15,10,2
United States Virgin Islands,2015,1243,9,9,0,5,3,5,10,17,42,115,255,381,306,99,5,5,7,10,15,27,45,70,98,157,196,185,173,133,81,18,14,8,2
United States Virgin Islands,2016,1251,8,8,0,5,2,5,10,16,41,112,247,396,309,97,5,5,6,10,15,26,43,69,96,151,201,195,174,135,78,19,13,7,2
United States Virgin Islands,2017,1279,8,9,1,5,5,5,10,16,41,112,244,413,317,100,5,5,6,10,15,26,43,69,96,148,208,205,180,137,78,22,14,10,2
United States Virgin Islands,2018,1299,7,7,0,4,3,5,10,15,39,110,245,429,327,103,5,5,5,10,14,25,42,68,100,145,211,218,186,141,77,26,11,8,2
United States Virgin Islands,2019,1326,7,7,0,4,4,5,10,15,38,109,244,446,341,105,5,5,5,10,14,24,42,67,101,143,215,231,195,146,78,27,11,9,3
United States Virgin Islands,2020,1375,7,7,0,4,5,5,10,15,38,108,251,466,360,105,5,5,5,10,14,24,41,67,105,146,219,247,208,152,78,27,11,10,4
United States Virgin Islands,2021,1426,6,6,0,4,5,5,10,14,38,110,256,485,379,108,5,5,5,9,14,24,41,69,108,148,222,263,222,157,81,27,10,10,4
Upper-middle-income countries,1950,18477376,4652802,6751272,2098470,682101,410241,393089,887573,918586,1246029,1633177,2337425,2026209,1047957,141499,449572,438001,432848,485738,585662,660367,760211,872966,1128364,1209061,1073396,952813,684908,363049,116365,25134,7433373,803330,2217
Upper-middle-income countries,1951,18283878,4651005,6808971,2157966,676767,390023,383016,874543,895410,1225217,1606415,2281346,1993208,1007763,138343,443010,431533,420319,475091,571450,653767,747779,858636,1098883,1182463,1068680,924528,658574,349189,115339,23004,7485738,773039,2856
Upper-middle-income countries,1952,18169482,4829700,7007972,2178272,651295,370597,372657,855781,867670,1193250,1572287,2215903,1954145,969284,135678,431352,424429,408008,459662,553988,639262,736472,835815,1065304,1150599,1069202,884943,635779,333505,113682,21996,7659267,743254,2963
Upper-middle-income countries,1953,17922340,4740043,6949185,2209142,730449,350469,360034,838012,839839,1163498,1540333,2157831,1918173,938046,133543,418441,419571,398502,441337,540157,623341,730232,810101,1034997,1122834,1074623,843550,617731,320315,111889,21654,7679634,710503,2928
Upper-middle-income countries,1954,17759976,4766613,7026143,2259530,678356,334190,344169,817152,815000,1139505,1522999,2127894,1902481,917133,132124,406302,410850,392641,422359,528302,611203,733033,789966,1017123,1110771,1082752,819729,605744,311389,110403,21721,7704499,678359,2829
Upper-middle-income countries,1955,17687756,4714313,6954923,2240610,701215,328988,334706,810897,807950,1132956,1532152,2133381,1912026,904804,131121,402679,408218,393719,414231,524612,608344,745110,787042,1021535,1111846,1091517,820509,599701,305103,109113,22008,7656138,663694,2636
Upper-middle-income countries,1956,17251706,4490917,6691005,2200088,717146,323456,321496,794589,791163,1104519,1513770,2095462,1890669,877698,128158,395010,399579,387412,403751,512322,592197,737865,775905,1010271,1085191,1071240,819429,583250,294448,105708,22450,7408151,644952,2573
Upper-middle-income countries,1957,17321556,4579772,6724353,2144581,741883,324663,311853,788911,789347,1098488,1528634,2096230,1920104,868923,125533,392135,396776,388789,400558,508700,589788,741432,787202,1012966,1083264,1074583,845521,576578,292345,102831,22702,7466236,636516,2634
Upper-middle-income countries,1958,16987838,4360289,6446239,2085950,772372,331548,300135,774710,785402,1079327,1526487,2071240,1928350,848111,121206,384611,390099,388453,396949,496309,583018,733635,792852,998933,1072307,1067198,861152,560386,287725,99178,22028,7218611,631683,2709
Upper-middle-income countries,1959,21530660,5049088,8550843,3501755,1208753,539350,388994,966417,996282,1321199,1862913,2408711,2229624,916046,137662,476671,489746,490493,505789,604007,717192,885200,977713,1163464,1245247,1233084,996540,604372,311674,109304,28358,9759596,928344,3867
Upper-middle-income countries,1960,24909378,5539178,9936454,4397276,1665755,748074,465595,1110101,1169864,1519565,2138619,2673356,2405411,939240,133166,543666,566435,571301,598563,692420,827145,1007435,1131184,1291677,1381679,1337027,1068384,629675,309565,106552,26614,11602209,1213669,4178
Upper-middle-income countries,1961,19838910,4279699,7141017,2861318,1226887,582322,376281,924041,986095,1283571,1844844,2354312,2117029,873681,124600,448034,476007,482942,503153,581088,702483,862007,982837,1133928,1220384,1171718,945311,586680,287001,99938,24662,8367904,958603,4230
Upper-middle-income countries,1962,15775652,3934343,5461318,1526975,726149,372810,279764,720228,783172,1028377,1535180,2038675,1872852,831392,121208,344521,375707,383464,399708,462992,565385,712630,822550,981507,1057168,1026415,846437,559228,272164,96938,24270,6187467,652574,4526
Upper-middle-income countries,1963,16393074,4616472,6122348,1505876,706278,381005,284786,699494,779695,1012648,1524956,2045685,1874870,838894,118118,330874,368620,378207,401488,459643,553005,707681,817275,995304,1050381,1022958,851912,572038,266856,95173,22945,6828626,665791,4297
Upper-middle-income countries,1964,16255106,4467485,6097413,1629928,656123,381795,292510,674979,768783,991643,1508337,2046246,1874810,842233,116096,317194,357785,370568,398215,456959,534684,700206,808131,1009613,1036633,1019076,855734,577776,264457,93823,22273,6753536,674305,4137
Upper-middle-income countries,1965,16105830,4252809,5982105,1729296,606429,383566,300963,657700,762886,979285,1500252,2061467,1891993,857495,117473,308564,349136,365797,397089,457399,521886,695584,804668,1024898,1036569,1029727,862266,586396,271099,94605,22868,6588534,684529,4215
Upper-middle-income countries,1966,15913252,4081534,5840626,1759092,562368,382339,310844,643409,758018,970559,1482221,2070255,1898883,871306,118283,303058,340351,361990,396028,457094,513465,686573,795648,1028565,1041690,1038635,860248,591986,279320,94893,23390,6402994,693183,4139
Upper-middle-income countries,1967,15683195,3856633,5599881,1743248,546896,375612,318629,632444,751183,967065,1466984,2090067,1914943,895423,119965,302790,329654,358179,393004,458661,508404,676778,790206,1031442,1058625,1048029,866914,604447,290976,96046,23919,6146777,694241,4101
Upper-middle-income countries,1968,15739732,3953934,5609728,1655794,575290,364808,325332,625210,740338,967661,1449347,2107506,1925204,924235,121027,308926,316284,352652,387686,462166,505495,661865,787482,1027829,1079677,1051776,873428,622696,301539,96817,24210,6185018,690140,4044
Upper-middle-income countries,1969,15740145,3926157,5508318,1582161,610231,346018,329171,626990,731604,973739,1436252,2142959,1950084,955071,125456,321489,305501,348018,383586,465083,508656,646255,789997,1030303,1112656,1060236,889848,640782,314289,100580,24876,6118549,675189,4252
Upper-middle-income countries,1970,15589091,3804503,5330043,1525540,634007,326871,334880,631986,719111,974257,1412513,2153973,1967789,970093,129281,334530,297456,341051,378060,463624,510633,629449,783064,1024452,1129521,1065141,902648,649185,320908,104327,24954,5964050,661751,4287
Upper-middle-income countries,1971,15181683,3591912,5030117,1438205,629223,293801,324676,622126,693258,961262,1380082,2139438,1987809,980561,134998,336901,285225,326095,367163,454785,506477,613832,766250,1007986,1131452,1073381,914428,651974,328587,109390,25608,5659340,618477,4331
Upper-middle-income countries,1972,14891534,3374373,4739169,1364796,614384,282092,319617,627945,677265,957403,1360194,2135550,2028164,1004505,140820,343512,284433,314398,362867,449050,508353,607832,752362,1000840,1134710,1096396,931768,662557,341948,114340,26480,5353553,601709,4425
Upper-middle-income countries,1973,14552414,3184520,4458531,1274011,581788,288695,309884,635583,653526,947285,1329860,2115490,2053898,1026158,147078,347308,288275,298034,355492,438058,509227,600559,729301,989729,1125761,1116302,937596,670657,355501,119965,27113,5040319,598579,4638
Upper-middle-income countries,1974,14282455,2956079,4131900,1175821,551998,306573,299685,655316,640052,944918,1316642,2119066,2101879,1056352,153574,353069,302247,287464,352588,432225,512693,604951,711691,990191,1128875,1151978,949901,687588,368764,126065,27509,4683898,606258,4499
Upper-middle-income countries,1975,14034230,2690264,3767422,1077158,526634,319827,284421,672002,627618,945212,1314501,2134540,2169577,1102567,165228,357205,314797,279035,348583,428357,516855,613720,700781,993684,1140856,1190452,979125,716768,385799,135466,29762,4294056,604248,4681
Upper-middle-income countries,1976,13793881,2494355,3461545,967190,493917,328799,269249,678457,612763,941816,1317104,2136279,2229271,1142963,176878,354665,323792,272345,340418,424494,517322,620606,696498,989891,1146388,1216555,1012716,744631,398332,144131,32747,3955462,598048,4840
Upper-middle-income countries,1977,13556364,2314099,3181454,867355,471420,324311,259790,681843,602184,935752,1323648,2126944,2281652,1177148,185135,350485,331358,272708,329476,422195,513557,627895,695753,978426,1148518,1233646,1048006,768624,408524,150053,35082,3652874,584101,5080
Upper-middle-income countries,1978,13463354,2203795,2987152,783357,443530,313593,265583,688616,598940,931182,1343147,2126066,2346007,1218407,195778,347230,341386,282272,316668,421821,509361,641278,701869,965941,1160125,1251612,1094395,794743,423664,158074,37704,3430682,579176,5350
Upper-middle-income countries,1979,13482400,2163769,2876731,712962,411281,303096,276939,685940,602284,927229,1366824,2126906,2423751,1267129,208470,338435,347505,297610,304674,421925,505304,652229,714595,950598,1176308,1274305,1149446,823303,443826,167682,40788,3288012,580035,5820
Upper-middle-income countries,1980,13525987,2122357,2785697,663340,378155,294543,289314,684469,611909,921869,1390710,2127054,2491651,1324824,219456,328193,356276,314808,297101,419646,502223,660020,730690,940183,1186871,1296767,1194884,859808,465016,176091,43365,3163852,583857,6336
Upper-middle-income countries,1981,13515243,2086077,2713644,627567,345595,284443,299962,675009,620582,911445,1404095,2121059,2532308,1375738,224489,316276,358733,328483,292099,412016,499429,661486,742609,937564,1183495,1307856,1224452,893959,481779,179225,45264,3059239,584405,6873
Upper-middle-income countries,1982,13581145,2091892,2699908,608016,320215,275010,302650,668054,634101,899822,1417057,2120993,2573586,1433948,228587,310064,357990,339311,294790,400182,499640,659112,757945,943949,1177044,1321881,1251705,934119,499829,182315,46272,3020123,577660,7214
Upper-middle-income countries,1983,13519693,1948894,2541283,592389,291486,262747,292820,662180,651295,883043,1433073,2124089,2627664,1505169,237061,311207,350973,347806,303489,383117,499926,654626,778447,956702,1167387,1346151,1281513,982550,522619,188426,48635,2832769,555567,7781
Upper-middle-income countries,1984,13632776,1918290,2496955,578665,271137,247612,284695,665872,676466,871806,1448552,2137327,2692398,1584412,247529,323905,341967,355101,321365,368633,503173,651628,796924,979619,1157708,1375998,1316400,1037346,547066,196853,50676,2768092,532307,8012
Upper-middle-income countries,1985,13702168,1922953,2486238,563285,259084,232563,279353,663871,696246,851891,1444336,2145117,2729511,1649311,256469,336636,327235,358712,337534,355105,496786,642935,801401,999064,1146053,1388055,1341456,1076663,572648,204409,52060,2745322,511916,8175
Upper-middle-income countries,1986,13599301,1953579,2501184,547605,247187,212081,269635,652083,696220,819460,1414616,2136567,2703238,1678596,260129,344296,307787,351917,344303,342577,476883,628200,786416,1001663,1134904,1367770,1335468,1088790,589806,208662,51467,2748371,481716,8302
Upper-middle-income countries,1987,13739812,1987581,2532460,544879,243583,195388,262978,648979,707791,811442,1416874,2170095,2723984,1744857,271952,347247,301732,351181,356610,345988,465454,629757,787117,1023290,1146805,1366288,1357696,1121304,623553,219027,52925,2776043,458366,9427
Upper-middle-income countries,1988,13881551,1927402,2485778,558376,244960,182916,259369,659801,726302,813869,1423075,2222247,2751441,1815008,286309,345599,314202,353065,373237,362172,451697,635277,787798,1053508,1168739,1361455,1389986,1154736,660272,231388,54921,2730738,442285,10475
Upper-middle-income countries,1989,13998746,1909436,2473083,563647,239918,170418,246747,657865,723213,819677,1422260,2272792,2774313,1886283,300768,333259,324606,343041,380172,384253,435424,638214,784046,1073381,1199411,1352451,1421862,1188421,697862,243805,56963,2713001,417165,11408
Upper-middle-income countries,1990,14293696,1906476,2463503,557027,236733,164145,237763,674963,729428,842331,1436692,2349862,2836369,1984700,324823,332114,342849,336303,393125,413568,428763,645931,790761,1102948,1246914,1368011,1468358,1242873,741827,264073,60750,2700236,401908,12384
Upper-middle-income countries,1991,14311590,1686133,2229071,542938,233787,159229,224734,683760,728723,865568,1444984,2415144,2894858,2070521,348410,326504,357256,328539,400184,439507,426061,645955,799029,1125213,1289931,1396030,1498828,1289055,781466,284990,63420,2462858,383963,12799
Upper-middle-income countries,1992,14284108,1539364,2051982,512618,230388,155003,211891,685085,734670,896064,1447285,2459304,2910882,2122254,366756,322054,363031,329027,405643,462290,433774,638077,809208,1135361,1323943,1413372,1497510,1316386,805868,301242,65514,2282370,366894,12544
Upper-middle-income countries,1993,14559927,1450912,1922108,471196,230264,153463,201495,673881,759457,958592,1471184,2560513,2986282,2235609,394961,315472,358409,344051,415406,495419,463173,632055,839129,1162824,1397689,1466952,1519330,1384497,851112,326249,68712,2152372,354958,12117
Upper-middle-income countries,1994,14771241,1372571,1800830,428259,229415,151649,192564,656005,773258,1018146,1475906,2624259,3066936,2346046,424691,304440,351565,359968,413290,514537,503609,612734,863172,1171614,1452645,1532094,1534842,1450898,895148,351709,72982,2030245,344213,11536
Upper-middle-income countries,1995,14740065,1298439,1686889,388450,228276,149726,187505,643289,776120,1059456,1446800,2618928,3098154,2391247,442722,294685,348604,374094,402026,521637,537819,587294,859506,1155382,1463546,1572037,1526117,1471128,920119,366047,76675,1915165,337231,10952
Upper-middle-income countries,1996,14713565,1217493,1571395,353902,223696,148773,181284,621974,772771,1082864,1416140,2618703,3168990,2432459,463183,278214,343760,385022,387749,519941,562923,573496,842644,1150060,1468643,1618010,1550980,1485922,946537,380882,82301,1795091,330057,11333
Upper-middle-income countries,1997,14678006,1139002,1465742,326740,212036,148676,177957,598990,764310,1095828,1394868,2616937,3245317,2462433,482959,262013,336977,386416,377894,515171,580657,578805,816063,1151947,1464990,1661050,1584267,1489927,972506,394528,88431,1677778,326633,11952
Upper-middle-income countries,1998,14645145,1067677,1369821,302144,194534,149071,176326,579154,765089,1111736,1383086,2605301,3319692,2479179,499008,248757,330397,381195,383894,511255,600481,603718,779368,1153824,1451477,1701737,1617955,1481929,997250,404631,94377,1564355,325397,13148
Upper-middle-income countries,1999,15037458,1004242,1284250,280008,179552,153371,178892,574883,797621,1148347,1425883,2669403,3493794,2582905,533537,245634,329249,386655,410966,517287,631060,661914,763969,1191303,1478100,1780502,1713292,1523164,1059741,430997,102540,1463802,332263,15019
Upper-middle-income countries,2000,15187411,960773,1214978,254205,157461,151707,176064,563833,820135,1153503,1456927,2683562,3604289,2632826,555376,241448,322385,390144,429991,506720,646783,714139,742788,1201476,1482086,1821241,1783048,1540766,1092060,447766,107610,1372439,327771,16747
Upper-middle-income countries,2001,15074786,889182,1124465,235283,141917,146355,172520,541761,827517,1137397,1473290,2649361,3638239,2639051,564892,234718,307043,384975,442542,490827,646570,750665,722625,1181551,1467810,1821224,1817015,1547657,1091394,455046,109846,1266382,318875,18020
Upper-middle-income countries,2002,15341390,831323,1047514,216191,133175,139990,173067,537056,848574,1148936,1537175,2671135,3759582,2732720,593455,236700,300356,388887,459687,491596,657340,793777,743398,1170934,1500201,1855635,1903947,1615228,1117492,478475,114980,1180689,313057,19010
Upper-middle-income countries,2003,15561440,778728,977352,198624,123774,132397,174177,535173,852408,1166637,1619263,2658071,3852478,2825909,623815,240840,294333,391212,461196,505822,660815,832324,786939,1132669,1525402,1866554,1985924,1685128,1140781,503837,119978,1101126,306574,19985
Upper-middle-income countries,2004,15656522,738265,923221,184956,116023,124086,174301,526804,839672,1172526,1691162,2618355,3881868,2914400,653777,240702,286102,381796,457876,524632,647894,847567,843595,1082779,1535576,1854262,2027606,1754544,1159856,528296,125481,1039244,298387,20327
Upper-middle-income countries,2005,15828056,700914,869559,168645,110976,113837,173477,517634,819239,1174713,1771155,2595649,3936997,3036001,687742,237847,279787,366395,452844,544600,630113,863314,907841,1052470,1543179,1860992,2076005,1841799,1194202,555233,132509,980535,287314,21075
Upper-middle-income countries,2006,15821581,663829,818576,154747,104803,104956,170783,512755,789172,1160902,1803344,2540864,3942191,3141266,710652,236893,275862,346739,442433,557406,603496,855904,947440,1027657,1513207,1854922,2087269,1906674,1234592,572179,138473,923379,275739,21317
Upper-middle-income countries,2007,15974454,631322,775007,143685,99740,98862,164210,506984,761293,1154329,1841052,2533375,3994902,3282588,739712,234637,272347,329346,431947,563856,590473,855489,985563,1049341,1484034,1883217,2111685,1987533,1295055,593149,146563,874747,263072,22400
Upper-middle-income countries,2008,16218036,606274,746574,140300,97643,97801,159817,504489,740602,1159855,1886231,2545753,4044911,3437829,773073,234047,270442,315136,425466,557605,602250,856655,1029576,1104481,1441272,1912843,2132068,2075319,1362510,616155,156918,844217,257618,23457
Upper-middle-income countries,2009,16236117,570899,696920,126021,87290,89434,144972,480814,690713,1149901,1870434,2561445,4058354,3571918,809332,223796,257018,292323,398390,535768,614133,829796,1040638,1173148,1388297,1922550,2135804,2134219,1437699,641357,167975,784210,234406,24589
Upper-middle-income countries,2010,16453203,537211,658671,121460,83358,85878,135597,473526,659378,1162088,1868083,2621014,4098619,3727240,853878,222249,251277,281783,377595,525057,637031,805441,1062642,1256868,1364146,1936269,2162350,2200972,1526268,674459,179419,742029,221475,25871
Upper-middle-income countries,2011,16509533,503815,614460,110645,76122,81362,125796,458395,624941,1164708,1839630,2673367,4100452,3829409,893882,215027,243368,271344,353597,510084,654624,774917,1064713,1321456,1351911,1918644,2181808,2235843,1593566,707171,186711,690582,207158,27008
Upper-middle-income countries,2012,16644482,494322,600505,106183,71364,77310,118158,441780,596423,1156963,1821537,2753675,4105561,3933721,939082,203844,237936,264098,332325,496739,660224,755868,1065669,1374784,1378891,1888686,2216875,2271164,1662557,744858,194224,671869,195468,28403
Upper-middle-income countries,2013,16798646,466036,567221,101185,65843,72004,111943,425808,570929,1130628,1826376,2872595,4087623,4042753,994250,192636,233172,257966,312963,483332,647296,765569,1060807,1428746,1443849,1839555,2248068,2302195,1740558,790296,203954,633064,183947,30673
Upper-middle-income countries,2014,17018518,446398,543145,96747,61922,67238,106536,410385,551716,1099291,1841528,3013913,4078071,4148453,1062916,180519,229866,253142,298574,465283,634008,798204,1043324,1469552,1544361,1799756,2278315,2338203,1810250,846459,216457,605067,173774,33404
Upper-middle-income countries,2015,17257846,412585,503464,90879,58701,62931,102257,399292,540423,1072986,1852015,3157929,4076302,4257969,1138128,169531,229761,249645,290778,446361,626625,836631,1015384,1507867,1650062,1780977,2295325,2382188,1875781,908136,229992,562165,165188,35448
Upper-middle-income countries,2016,17527478,392057,477331,85274,55269,58694,100494,395891,541290,1049839,1867338,3280422,4084827,4365733,1212264,164874,231017,252149,289141,428543,621296,877472,989866,1532187,1748235,1784647,2300180,2432655,1933078,964215,248049,532600,159188,38085
Upper-middle-income countries,2017,17873608,370013,449520,79507,53026,55754,95667,375722,536637,1027400,1881782,3407254,4147905,4509085,1293349,154908,220814,250505,286132,409782,617618,902666,979116,1559811,1847443,1848389,2299516,2511204,1997881,1024903,268446,502546,151421,40507
Upper-middle-income countries,2018,17888628,336844,412303,75459,50740,52446,89378,350801,529077,984789,1865947,3445942,4142837,4555934,1365746,144113,206688,246766,282311,385998,598791,877702,988245,1540831,1905111,1912866,2229971,2529438,2026496,1076089,289657,463043,141824,42686
Upper-middle-income countries,2019,18132330,314946,385922,70976,48076,50016,85385,335369,526840,949803,1891544,3478072,4240572,4647579,1448152,139001,196368,246961,279879,370098,579705,861453,1030091,1517032,1961040,2045316,2195256,2570974,2076605,1130740,317412,433998,135401,44999
Upper-middle-income countries,2020,19826792,279134,343427,64293,43889,49325,92483,352334,594839,1040145,2174468,3856071,4698463,4990910,1543402,150189,202145,274738,320101,413392,626753,952534,1221934,1649452,2206619,2352150,2346313,2772499,2218411,1201152,342250,387316,141808,47035
Upper-middle-income countries,2021,21180532,264793,326530,61737,42148,48560,89283,350251,638973,1098806,2361756,4067432,5096804,5330190,1676038,149576,200675,288964,350009,448035,650771,1003136,1358620,1714699,2352733,2608253,2488551,2947331,2382859,1295307,380731,368678,137843,53761
Uruguay,1950,23935,2756,3068,312,136,104,225,590,781,1461,2642,4258,5682,4052,923,288,302,318,463,606,855,1151,1491,1891,2367,2786,2896,2484,1568,708,215,3204,329,8
Uruguay,1951,23897,2739,3048,309,134,104,221,590,773,1462,2644,4234,5687,4081,901,286,304,316,457,609,853,1155,1489,1883,2351,2780,2907,2500,1581,706,195,3182,325,21
Uruguay,1952,23928,2746,3055,309,133,101,217,589,763,1465,2657,4223,5694,4116,887,284,305,317,446,616,849,1165,1492,1883,2340,2777,2917,2518,1598,695,192,3188,318,29
Uruguay,1953,23999,2766,3076,310,132,99,215,585,754,1472,2683,4222,5700,4151,881,280,305,323,431,626,846,1181,1502,1886,2336,2775,2925,2536,1615,691,190,3208,314,33
Uruguay,1954,24083,2787,3098,311,132,98,211,581,748,1475,2704,4226,5704,4186,888,276,305,328,420,632,843,1191,1513,1893,2333,2772,2932,2555,1631,701,187,3230,309,32
Uruguay,1955,24135,2780,3092,312,130,97,207,580,746,1475,2720,4229,5709,4221,902,274,306,332,414,631,844,1198,1522,1898,2331,2769,2940,2572,1649,713,189,3222,304,30
Uruguay,1956,24197,2786,3097,311,128,97,205,574,750,1473,2730,4235,5713,4253,915,270,304,336,414,625,848,1197,1533,1905,2330,2766,2947,2586,1667,725,190,3225,302,29
Uruguay,1957,24253,2776,3086,310,129,96,202,570,755,1467,2736,4241,5719,4290,931,266,304,339,416,609,858,1190,1546,1911,2330,2762,2957,2602,1688,740,191,3215,298,30
Uruguay,1958,24328,2763,3073,310,129,95,199,564,763,1464,2743,4258,5730,4328,948,264,300,340,423,592,872,1181,1562,1921,2337,2764,2966,2618,1710,754,194,3202,294,31
Uruguay,1959,24431,2749,3060,311,130,93,196,559,774,1459,2757,4286,5746,4367,970,260,299,343,431,578,881,1179,1578,1936,2350,2769,2977,2634,1733,771,199,3190,289,31
Uruguay,1960,24591,2750,3061,311,130,93,195,550,779,1454,2786,4337,5771,4408,993,255,295,341,438,571,883,1190,1596,1962,2375,2784,2987,2653,1755,787,206,3191,288,32
Uruguay,1961,24807,2768,3082,314,131,93,194,542,785,1449,2824,4401,5802,4449,1019,250,292,342,443,570,879,1210,1614,1994,2407,2804,2998,2671,1778,804,215,3213,287,33
Uruguay,1962,25055,2791,3108,317,134,94,192,532,786,1442,2868,4477,5845,4494,1044,245,287,339,447,577,865,1241,1627,2035,2442,2833,3012,2693,1801,823,221,3242,286,34
Uruguay,1963,25319,2810,3131,321,135,95,193,524,786,1436,2913,4562,5893,4539,1073,241,283,337,449,590,846,1275,1638,2080,2482,2865,3028,2715,1824,843,230,3266,288,35
Uruguay,1964,25552,2789,3112,323,135,96,194,518,786,1435,2954,4642,5952,4591,1098,239,279,334,452,603,832,1302,1652,2118,2524,2900,3052,2741,1850,861,237,3247,290,37
Uruguay,1965,25759,2745,3070,325,136,96,193,512,787,1440,2985,4711,6023,4639,1126,237,275,332,455,614,826,1315,1670,2150,2561,2938,3085,2766,1873,880,246,3206,289,39
Uruguay,1966,25951,2690,3012,322,136,97,193,510,784,1451,3005,4771,6101,4694,1152,238,272,328,456,624,827,1311,1694,2171,2600,2976,3125,2794,1900,898,254,3148,290,41
Uruguay,1967,26142,2622,2940,318,138,97,194,509,781,1474,3017,4825,6188,4755,1181,238,271,324,457,634,840,1289,1728,2179,2646,3016,3172,2827,1928,917,264,3078,291,43
Uruguay,1968,26340,2563,2877,314,139,97,194,507,772,1499,3027,4876,6283,4818,1210,239,268,319,453,641,858,1260,1767,2183,2693,3059,3224,2861,1957,937,273,3016,291,45
Uruguay,1969,26569,2510,2821,311,141,96,194,506,764,1524,3034,4932,6388,4884,1236,239,267,316,448,647,877,1239,1795,2193,2739,3110,3278,2899,1985,956,280,2962,290,47
Uruguay,1970,26802,2439,2751,312,144,95,192,504,748,1544,3045,4999,6509,4959,1264,238,266,309,439,652,892,1233,1812,2216,2783,3173,3336,2944,2015,975,289,2895,287,50
Uruguay,1971,27146,2465,2777,312,150,94,192,503,731,1557,3051,5076,6633,5037,1292,237,266,303,428,652,905,1240,1811,2253,2823,3240,3393,2992,2045,994,298,2927,286,52
Uruguay,1972,27608,2498,2815,317,153,92,196,531,737,1590,3066,5165,6767,5116,1318,250,281,309,428,661,929,1270,1796,2311,2854,3318,3449,3042,2074,1013,305,2968,288,55
Uruguay,1973,27817,2524,2846,322,154,91,189,501,698,1577,3056,5233,6883,5188,1344,235,266,291,407,647,930,1299,1757,2366,2867,3386,3497,3087,2101,1030,314,3000,280,57
Uruguay,1974,28134,2596,2920,324,152,91,190,499,685,1583,3062,5295,6978,5253,1367,235,264,287,398,642,941,1333,1729,2413,2882,3433,3545,3129,2124,1046,321,3072,281,59
Uruguay,1975,28354,2639,2961,322,145,91,192,497,676,1582,3074,5332,7044,5308,1387,237,260,283,393,631,951,1361,1713,2436,2896,3458,3586,3163,2145,1059,328,3106,283,62
Uruguay,1976,28449,2616,2930,314,136,92,197,494,672,1584,3092,5344,7080,5358,1410,239,255,281,391,622,962,1380,1712,2433,2911,3453,3627,3192,2166,1074,336,3066,289,64
Uruguay,1977,28406,2503,2805,302,125,93,201,488,674,1576,3111,5326,7099,5410,1433,241,247,280,394,610,966,1391,1720,2392,2934,3427,3672,3220,2190,1088,345,2930,294,67
Uruguay,1978,28350,2386,2669,283,118,94,204,484,671,1558,3133,5295,7117,5473,1460,242,242,279,392,596,962,1392,1741,2328,2967,3395,3722,3252,2221,1105,355,2787,298,70
Uruguay,1979,28270,2233,2495,262,113,94,206,480,670,1535,3147,5254,7154,5556,1491,242,238,277,393,582,953,1388,1759,2273,2981,3382,3772,3298,2258,1126,365,2608,300,73
Uruguay,1980,28196,2052,2295,243,112,93,205,473,660,1500,3148,5217,7219,5664,1532,239,234,272,388,568,932,1378,1770,2237,2980,3399,3820,3359,2305,1155,377,2407,298,77
Uruguay,1981,28212,1924,2148,224,112,92,198,466,646,1461,3137,5185,7316,5796,1577,234,232,266,380,557,904,1360,1777,2222,2963,3447,3869,3435,2361,1186,391,2260,290,80
Uruguay,1982,28261,1797,2007,210,115,89,191,457,632,1418,3117,5146,7437,5946,1623,227,230,260,372,545,873,1337,1780,2229,2917,3531,3906,3526,2420,1221,402,2122,280,84
Uruguay,1983,28330,1664,1862,198,116,86,182,452,618,1377,3095,5114,7567,6095,1674,223,229,255,363,535,842,1316,1779,2259,2855,3632,3935,3615,2480,1256,418,1978,268,89
Uruguay,1984,28426,1543,1732,189,117,85,176,445,610,1345,3075,5104,7690,6234,1723,218,227,254,356,527,818,1293,1782,2294,2810,3712,3978,3693,2541,1291,432,1849,261,93
Uruguay,1985,28541,1439,1620,181,112,85,171,439,604,1320,3061,5118,7788,6351,1773,214,225,255,349,519,801,1274,1787,2326,2792,3759,4029,3749,2602,1327,446,1732,256,98
Uruguay,1986,28658,1338,1513,175,108,85,171,437,605,1305,3052,5160,7855,6442,1825,214,223,259,346,513,792,1256,1796,2360,2800,3762,4093,3785,2657,1363,462,1621,256,103
Uruguay,1987,28768,1228,1397,169,103,85,172,432,610,1298,3046,5231,7893,6519,1874,211,221,265,345,509,789,1243,1803,2390,2841,3712,4181,3802,2717,1396,478,1500,257,108
Uruguay,1988,28955,1194,1358,164,99,86,178,430,617,1294,3030,5322,7906,6589,1931,211,219,270,347,507,787,1225,1805,2416,2906,3631,4275,3812,2777,1433,498,1457,264,114
Uruguay,1989,29135,1147,1307,160,94,87,184,432,624,1290,3011,5407,7904,6677,1991,211,221,275,349,505,785,1210,1801,2435,2972,3565,4339,3846,2831,1474,517,1401,271,121
Uruguay,1990,29293,1077,1236,159,92,89,193,435,631,1283,2981,5472,7896,6795,2059,212,223,278,353,505,778,1191,1790,2445,3027,3531,4365,3911,2884,1519,540,1328,282,128
Uruguay,1991,29497,1059,1218,159,90,88,202,442,636,1274,2939,5520,7876,6937,2134,214,228,279,357,505,769,1169,1770,2445,3075,3528,4348,4006,2931,1572,562,1308,290,136
Uruguay,1992,29686,1041,1199,158,90,88,208,453,638,1264,2893,5545,7841,7103,2214,218,235,280,358,507,757,1150,1743,2434,3111,3564,4277,4134,2969,1627,587,1289,296,145
Uruguay,1993,29851,1023,1180,157,88,89,213,462,639,1256,2845,5554,7805,7272,2292,222,240,280,359,510,746,1132,1713,2416,3138,3631,4174,4266,3006,1681,611,1268,302,154
Uruguay,1994,29995,1021,1176,155,87,88,215,476,640,1254,2803,5546,7784,7401,2363,230,246,280,360,516,738,1118,1685,2392,3154,3695,4089,4349,3052,1726,637,1263,303,163
Uruguay,1995,30080,1001,1154,153,86,87,213,488,644,1255,2765,5524,7785,7482,2426,240,248,282,362,522,733,1109,1656,2364,3160,3744,4041,4369,3113,1764,662,1240,300,173
Uruguay,1996,30107,963,1113,150,86,84,209,499,649,1258,2736,5489,7810,7513,2479,249,250,285,364,524,734,1105,1631,2332,3157,3782,4028,4325,3188,1793,686,1199,293,182
Uruguay,1997,30108,918,1064,146,83,81,203,512,653,1260,2717,5443,7872,7505,2527,259,253,288,365,525,735,1106,1611,2300,3143,3810,4062,4222,3283,1815,712,1147,284,193
Uruguay,1998,30090,860,1000,140,79,76,197,516,653,1261,2697,5379,7958,7479,2582,262,254,287,366,522,739,1109,1588,2263,3116,3824,4134,4097,3382,1840,742,1079,273,205
Uruguay,1999,30082,811,945,134,77,73,191,522,651,1263,2669,5308,8043,7464,2656,265,257,287,364,518,745,1105,1564,2227,3081,3830,4213,4010,3454,1883,773,1022,264,220
Uruguay,2000,30086,761,890,129,73,70,186,518,645,1254,2633,5228,8114,7479,2756,257,261,284,361,509,745,1096,1537,2190,3038,3825,4289,3988,3491,1950,806,963,256,237
Uruguay,2001,30113,720,843,123,71,69,180,510,635,1237,2589,5137,8179,7524,2880,247,263,280,355,499,738,1080,1509,2150,2987,3814,4365,4027,3497,2038,842,914,249,257
Uruguay,2002,30171,693,810,117,68,67,175,499,621,1214,2544,5043,8229,7594,3031,236,263,274,347,487,727,1060,1484,2112,2931,3793,4436,4126,3468,2150,881,878,242,280
Uruguay,2003,30236,652,764,112,66,67,169,484,605,1189,2501,4949,8258,7689,3193,225,259,269,336,476,713,1042,1459,2075,2874,3762,4496,4267,3422,2270,923,830,236,305
Uruguay,2004,30337,618,725,107,62,64,168,472,596,1167,2466,4865,8262,7816,3340,218,254,267,329,467,700,1032,1434,2043,2822,3725,4537,4410,3406,2366,974,787,232,330
Uruguay,2005,30483,590,694,104,63,66,167,467,594,1155,2443,4796,8250,7971,3466,217,250,271,323,463,692,1028,1415,2018,2778,3687,4563,4535,3436,2432,1034,757,233,355
Uruguay,2006,30642,551,650,99,60,66,169,466,595,1151,2436,4749,8212,8148,3563,222,244,276,319,461,690,1031,1405,2000,2749,3645,4567,4641,3507,2463,1100,710,235,381
Uruguay,2007,30834,516,611,95,58,67,176,469,603,1153,2435,4718,8158,8348,3639,228,241,281,322,459,694,1036,1399,1993,2725,3604,4554,4727,3621,2462,1177,669,243,405
Uruguay,2008,31036,487,577,90,56,67,182,477,611,1155,2443,4688,8092,8563,3697,237,240,285,326,458,697,1040,1403,1986,2702,3566,4526,4797,3766,2444,1253,633,249,430
Uruguay,2009,31246,464,548,84,55,66,188,486,621,1156,2458,4656,8026,8761,3764,246,240,288,333,456,700,1042,1416,1978,2678,3532,4494,4850,3911,2449,1315,603,254,460
Uruguay,2010,31447,447,526,79,51,66,193,494,634,1155,2474,4617,7967,8932,3848,252,242,290,344,453,702,1040,1434,1969,2648,3506,4461,4891,4041,2490,1358,577,259,494
Uruguay,2011,31638,437,511,74,50,62,198,500,640,1147,2483,4582,7913,9076,3942,256,244,287,353,450,697,1033,1450,1962,2620,3486,4427,4920,4156,2561,1381,561,260,532
Uruguay,2012,31835,427,496,69,46,58,202,501,649,1135,2495,4559,7864,9197,4056,257,244,286,363,449,686,1027,1468,1958,2601,3469,4395,4936,4261,2665,1391,542,260,576
Uruguay,2013,32041,415,480,65,43,54,202,504,653,1119,2503,4562,7819,9298,4186,259,245,285,368,449,670,1022,1481,1965,2597,3452,4367,4944,4354,2795,1391,523,256,619
Uruguay,2014,32271,392,454,62,41,52,202,505,654,1099,2508,4594,7779,9387,4340,260,245,285,369,450,649,1018,1490,1990,2604,3436,4343,4947,4440,2929,1411,495,254,659
Uruguay,2015,32549,366,426,60,42,48,196,510,655,1080,2509,4663,7744,9472,4511,266,244,285,370,451,629,1016,1493,2029,2634,3420,4324,4951,4521,3057,1454,468,244,692
Uruguay,2016,32880,320,378,58,42,47,190,520,649,1067,2512,4764,7728,9558,4701,277,243,283,366,457,610,1016,1496,2074,2690,3412,4316,4958,4600,3183,1518,420,237,721
Uruguay,2017,33281,266,323,57,42,47,183,536,651,1068,2505,4853,7761,9657,4914,289,247,283,368,465,603,1008,1497,2117,2736,3432,4329,4979,4678,3310,1604,365,230,743
Uruguay,2018,33805,224,281,57,39,44,177,559,656,1093,2493,4896,7869,9784,5143,299,260,286,370,482,611,989,1504,2142,2754,3492,4377,5027,4757,3436,1707,320,221,764
Uruguay,2019,34484,199,257,58,31,41,173,600,675,1167,2469,4862,8075,9962,5380,312,288,299,376,525,642,956,1513,2138,2724,3599,4476,5110,4852,3564,1816,288,214,792
Uruguay,2020,32343,169,193,24,21,40,169,597,653,1126,2324,4782,7351,9184,5133,314,283,312,341,487,639,858,1466,2074,2708,3294,4057,4687,4497,3368,1765,214,209,769
Uruguay,2021,41681,169,204,35,29,37,182,643,810,1466,3040,6331,9576,11744,6641,287,356,345,465,611,855,1157,1883,2718,3613,4358,5218,5997,5747,4342,2299,233,219,978
Uzbekistan,1950,95076,31562,38513,6951,1033,971,1311,3078,2317,5114,9252,13016,12770,6159,1531,1804,1274,965,1352,1858,3256,4458,4794,6335,6681,6719,6051,3629,2530,1182,349,39546,2282,11
Uzbekistan,1951,99838,34839,42858,8019,1037,930,1297,3231,2286,4890,9485,13127,13136,6141,1386,1828,1403,993,1293,1775,3115,4539,4946,6301,6826,6903,6233,3811,2330,1093,293,43895,2227,28
Uzbekistan,1952,103841,35943,45098,9155,1026,893,1335,3432,2320,4768,9989,13469,13794,6372,1309,1839,1593,1075,1245,1774,2994,4675,5314,6346,7123,7272,6522,4181,2191,1037,272,46124,2228,35
Uzbekistan,1953,106719,37160,47048,9888,1219,831,1356,3542,2336,4557,10307,13537,14182,6554,1216,1782,1760,1168,1168,1763,2794,4665,5642,6266,7271,7519,6663,4490,2064,968,248,48267,2187,33
Uzbekistan,1954,109986,38309,48737,10428,1224,784,1379,3667,2438,4414,10675,13816,14782,6896,1145,1752,1915,1303,1135,1765,2649,4664,6011,6358,7458,7860,6922,4819,2077,914,231,49961,2163,30
Uzbekistan,1955,112470,39619,50390,10771,1422,743,1353,3713,2560,4212,10744,13963,15152,7147,1049,1716,1997,1432,1128,1717,2495,4536,6208,6473,7490,8056,7096,5006,2141,845,204,51812,2096,21
Uzbekistan,1956,114801,40882,51909,11027,1597,719,1301,3725,2742,4029,10679,14163,15527,7419,970,1701,2024,1582,1160,1645,2384,4349,6330,6699,7464,8235,7292,5152,2267,784,186,53506,2020,19
Uzbekistan,1957,117913,42029,53323,11294,1767,729,1241,3756,3034,3933,10620,14620,16148,7806,916,1738,2018,1786,1248,1570,2363,4151,6469,7152,7468,8533,7615,5340,2466,740,176,55090,1970,18
Uzbekistan,1958,119902,43295,54833,11538,1859,750,1147,3696,3305,3794,10257,14867,16466,8043,871,1754,1942,1962,1343,1463,2331,3845,6412,7538,7329,8656,7810,5419,2624,706,165,56692,1897,17
Uzbekistan,1959,121860,44868,56646,11778,1891,790,1055,3598,3545,3658,9803,15099,16649,8248,864,1736,1862,2085,1460,1383,2275,3554,6249,7831,7268,8682,7967,5502,2746,710,154,58537,1845,15
Uzbekistan,1960,125433,46446,58501,12055,1974,880,1009,3568,3828,3637,9568,15719,17166,8659,912,1720,1848,2200,1628,1392,2245,3392,6176,8204,7515,8867,8299,5752,2907,764,148,60475,1889,13
Uzbekistan,1961,127689,47355,59697,12342,1975,990,983,3511,4060,3610,9205,16233,17439,8976,990,1664,1847,2247,1813,1444,2166,3256,5949,8407,7826,8899,8540,5958,3018,835,155,61672,1973,17
Uzbekistan,1962,130047,47987,60573,12586,2010,1102,994,3498,4305,3626,8878,16883,17715,9335,1103,1597,1901,2253,2052,1555,2071,3223,5655,8555,8328,8887,8828,6204,3131,928,175,62583,2096,27
Uzbekistan,1963,130643,47587,60322,12735,2088,1191,1029,3446,4473,3645,8466,17341,17795,9612,1196,1499,1947,2196,2277,1694,1951,3204,5262,8518,8823,8780,9015,6399,3213,1006,190,62410,2220,35
Uzbekistan,1964,130802,47076,59806,12730,2133,1261,1092,3377,4599,3740,8066,17596,17914,9891,1283,1413,1964,2144,2455,1867,1873,3160,4906,8360,9236,8788,9126,6585,3306,1070,213,61939,2353,43
Uzbekistan,1965,131219,46560,59132,12572,2208,1306,1198,3303,4703,3950,7735,17752,18268,10253,1367,1355,1948,2126,2577,2070,1880,3097,4638,8170,9582,9021,9247,6808,3445,1133,234,61340,2504,45
Uzbekistan,1966,131461,45324,57663,12339,2261,1343,1357,3269,4836,4300,7528,17834,18875,10689,1455,1347,1922,2163,2673,2328,1972,3029,4499,7928,9906,9494,9381,7079,3610,1193,262,59924,2700,52
Uzbekistan,1967,131216,44181,56183,12002,2312,1377,1502,3215,4892,4729,7332,17560,19445,11076,1531,1364,1851,2220,2672,2617,2112,2891,4441,7504,10056,10084,9361,7318,3758,1241,290,58495,2879,57
Uzbekistan,1968,130447,43036,54637,11601,2328,1404,1623,3166,4886,5195,7146,17012,19995,11401,1596,1414,1752,2275,2611,2899,2296,2730,4416,6984,10028,10703,9292,7509,3892,1288,308,56965,3027,60
Uzbekistan,1969,129849,42627,53821,11194,2327,1432,1710,3153,4835,5614,6950,16262,20438,11587,1654,1496,1657,2290,2545,3108,2506,2613,4337,6478,9784,11148,9290,7590,3997,1329,325,56148,3142,64
Uzbekistan,1970,131692,42708,53551,10843,2288,1499,1797,3279,4869,6116,6973,15944,21502,12052,1750,1656,1623,2309,2560,3312,2804,2657,4316,6231,9713,11764,9738,7841,4211,1408,342,55839,3296,69
Uzbekistan,1971,132133,42746,53354,10608,2235,1541,1815,3406,4798,6478,6905,15299,22220,12230,1787,1825,1581,2239,2559,3382,3096,2740,4165,5978,9321,12039,10181,7891,4339,1452,335,55589,3356,65
Uzbekistan,1972,133173,42801,53265,10464,2163,1591,1854,3572,4754,6835,6900,14750,23146,12446,1835,1989,1583,2146,2608,3375,3460,2921,3979,5908,8842,12272,10874,7929,4517,1505,330,55428,3445,60
Uzbekistan,1973,136105,42895,53273,10378,2179,1659,1937,3826,4792,7273,7106,14518,24590,12956,1939,2173,1653,2069,2723,3366,3907,3244,3862,6041,8477,12660,11930,8157,4799,1598,341,55452,3596,58
Uzbekistan,1974,136856,43033,53360,10327,2109,1676,1994,4026,4705,7507,7278,13916,25058,13182,1990,2287,1739,1957,2748,3296,4211,3556,3722,5984,7932,12499,12559,8278,4904,1645,345,55469,3670,54
Uzbekistan,1975,138830,43189,53482,10293,2080,1692,2081,4282,4647,7762,7720,13541,25630,13773,2087,2384,1898,1897,2750,3296,4466,3952,3768,5935,7606,12398,13232,8709,5064,1724,363,55562,3773,54
Uzbekistan,1976,139531,43388,53658,10270,2111,1674,2146,4502,4529,7866,8239,13009,25367,14225,2149,2414,2088,1854,2675,3296,4570,4357,3882,5721,7288,11862,13505,9127,5098,1775,374,55769,3820,54
Uzbekistan,1977,144085,43500,53751,10251,2092,1716,2305,4929,4608,8241,9365,13175,26018,15496,2332,2567,2362,1935,2673,3496,4745,5062,4303,5683,7492,11694,14324,10158,5338,1926,406,55843,4021,59
Uzbekistan,1978,145186,43456,53665,10209,2147,1688,2365,5172,4538,8248,10297,12931,25395,16261,2417,2639,2533,1995,2543,3589,4659,5614,4683,5415,7516,10954,14441,10884,5377,1998,419,55812,4053,59
Uzbekistan,1979,147445,43806,53937,10131,2106,1680,2424,5458,4571,8315,11359,12894,24925,17218,2494,2758,2700,2123,2448,3680,4635,6145,5214,5320,7574,10413,14512,11647,5571,2069,425,56043,4104,58
Uzbekistan,1980,147704,44036,54068,10032,2200,1635,2400,5546,4568,8146,12075,12688,23979,17859,2491,2807,2739,2248,2320,3608,4538,6389,5686,5298,7390,9815,14164,12065,5794,2081,410,56268,4035,50
Uzbekistan,1981,148228,43886,53811,9925,2101,1623,2382,5651,4702,8065,12850,12696,23191,18624,2493,2889,2762,2447,2255,3517,4548,6558,6292,5508,7188,9489,13702,12462,6162,2098,395,55912,4005,38
Uzbekistan,1982,149002,43783,53551,9768,2108,1620,2348,5765,4870,7992,13560,12775,22440,19431,2509,2968,2797,2633,2237,3367,4625,6544,7016,5883,6892,9417,13023,12788,6643,2112,397,55659,3968,30
Uzbekistan,1983,150253,43931,53510,9579,2042,1629,2320,5908,5096,7946,14241,13024,21775,20187,2552,3042,2866,2809,2287,3194,4752,6445,7796,6426,6598,9519,12256,13009,7178,2146,406,55552,3949,26
Uzbekistan,1984,152349,44447,53835,9388,2063,1649,2305,6073,5375,7899,14882,13601,21228,20757,2656,3103,2970,2969,2406,3051,4848,6388,8494,7133,6468,9596,11632,13076,7681,2238,418,55898,3954,23
Uzbekistan,1985,153583,44718,53945,9227,2049,1658,2279,6187,5645,7756,15319,14409,20603,20908,2804,3118,3069,3060,2585,2929,4827,6351,8968,7879,6530,9496,11107,12874,8034,2377,427,55994,3937,24
Uzbekistan,1986,153330,44012,52870,8858,1978,1653,2260,6252,5906,7544,15548,15508,20028,20759,3000,3091,3161,3086,2820,2842,4702,6355,9193,8716,6792,9254,10774,12449,8310,2561,439,54848,3913,24
Uzbekistan,1987,153667,42733,51341,8608,1966,1661,2278,6369,6248,7402,15799,17115,19752,20464,3245,3082,3287,3169,3079,2853,4549,6529,9270,9798,7317,8950,10802,11877,8587,2794,451,53307,3939,27
Uzbekistan,1988,154179,41105,49524,8419,1939,1674,2313,6486,6610,7308,15990,19037,19682,20063,3521,3076,3410,3282,3328,2947,4361,6772,9218,10968,8069,8649,11033,11254,8809,3048,473,51463,3987,31
Uzbekistan,1989,155122,40190,48485,8295,1991,1677,2342,6557,6945,7264,16039,20873,19619,19530,3768,3068,3489,3414,3531,3102,4162,6910,9129,11916,8957,8489,11130,10684,8846,3260,508,50476,4019,36
Uzbekistan,1990,157484,40696,48905,8209,2004,1678,2360,6552,7194,7358,16052,22592,19751,19066,3941,3039,3513,3539,3655,3346,4012,6918,9134,12630,9962,8646,11105,10309,8757,3410,531,50909,4038,33
Uzbekistan,1991,162275,41385,49640,8255,2055,1719,2431,6677,7544,7761,16372,24650,20367,18907,4122,3099,3578,3749,3795,3754,4007,6946,9426,13322,11328,9258,11109,10287,8620,3565,557,51695,4150,28
Uzbekistan,1992,164684,41218,49589,8371,2053,1728,2446,6697,7802,8121,16431,26187,20786,18540,4274,3129,3568,3902,3900,4104,4017,6728,9703,13448,12739,10018,10768,10356,8184,3663,611,51642,4174,26
Uzbekistan,1993,169419,40691,49152,8461,2061,1779,2520,6874,8249,8759,16849,28176,21914,18606,4450,3244,3630,4128,4121,4535,4224,6577,10272,13656,14520,11287,10627,10776,7830,3782,668,51213,4299,26
Uzbekistan,1994,172610,39899,48329,8430,2109,1821,2565,6993,8616,9396,16996,29710,23230,18372,4443,3332,3661,4276,4340,4888,4508,6363,10633,13740,15970,12670,10560,10940,7432,3748,695,50438,4386,28
Uzbekistan,1995,174870,39035,47307,8272,2039,1849,2598,7080,8931,10059,16947,30907,24891,17937,4291,3402,3678,4368,4563,5135,4924,6200,10747,13875,17032,14105,10786,10832,7105,3600,691,49346,4447,29
Uzbekistan,1996,175673,37444,45465,8021,2062,1860,2606,7122,9126,10678,16651,31628,26972,17412,4062,3437,3685,4375,4751,5240,5438,6074,10577,14042,17586,15654,11318,10518,6894,3379,683,47527,4466,30
Uzbekistan,1997,176403,35258,42936,7678,2008,1874,2631,7196,9330,11367,16350,32215,29715,16964,3783,3468,3728,4370,4960,5399,5968,6096,10254,14463,17752,17506,12209,10092,6872,3111,672,44944,4505,31
Uzbekistan,1998,174543,32556,39763,7207,1960,1847,2616,7160,9331,11851,15804,32052,32307,16366,3459,3442,3718,4278,5053,5493,6358,6164,9640,14717,17335,19110,13197,9534,6832,2810,649,41723,4463,31
Uzbekistan,1999,172665,30196,36791,6595,1872,1798,2598,7115,9266,12274,15407,31672,34702,15932,3201,3403,3712,4185,5081,5614,6660,6370,9037,14754,16918,20335,14367,9220,6712,2583,618,38663,4396,32
Uzbekistan,2000,171848,28293,34224,5931,1800,1753,2596,7138,9214,12631,15399,31288,36907,15841,3024,3407,3731,4126,5088,5780,6851,6802,8597,14562,16726,21208,15699,9320,6521,2445,579,36024,4349,32
Uzbekistan,2001,171629,26614,31887,5273,1688,1711,2568,7030,9091,12880,15795,30988,39001,16053,2900,3338,3692,4063,5028,5952,6928,7451,8344,14194,16794,21727,17274,9773,6280,2379,521,33575,4279,30
Uzbekistan,2002,170055,25018,29727,4709,1562,1654,2523,6914,8892,13009,16126,30252,40243,16289,2837,3284,3630,4002,4890,6054,6955,7978,8148,13395,16857,21408,18835,10372,5917,2362,475,31289,4177,31
Uzbekistan,2003,169366,23018,27240,4222,1450,1613,2482,6863,8773,13248,16755,29732,41458,16901,2822,3263,3600,3990,4783,6169,7079,8519,8236,12587,17145,20942,20516,11263,5638,2387,435,28690,4095,32
Uzbekistan,2004,170355,21661,25438,3777,1360,1585,2450,6877,8750,13590,17642,29260,42606,17953,2805,3280,3597,4024,4726,6274,7316,9038,8604,11924,17336,20644,21962,12392,5561,2385,420,26798,4035,34
Uzbekistan,2005,175394,20393,23776,3383,1251,1578,2446,7008,8884,14154,19013,29361,44873,20144,2874,3345,3663,4124,4760,6432,7722,9560,9453,11681,17680,21165,23708,14171,5973,2448,426,25027,4024,32
Uzbekistan,2006,176361,19562,22616,3054,1160,1517,2381,6962,8827,14310,19987,28470,45395,21920,2788,3328,3634,4119,4708,6364,7946,9651,10336,11292,17178,21212,24183,15582,6338,2363,425,23776,3898,30
Uzbekistan,2007,177640,19142,21914,2772,1072,1445,2327,6929,8797,14447,21029,27532,45537,23904,2681,3308,3621,4101,4696,6267,8180,9812,11217,11156,16376,21495,24042,17087,6817,2243,438,22986,3772,28
Uzbekistan,2008,177802,18613,21172,2559,1005,1356,2254,6816,8706,14385,21857,26510,45199,25899,2611,3236,3580,4049,4657,6095,8290,9932,11925,11210,15300,21746,23453,18483,7416,2151,460,22177,3610,28
Uzbekistan,2009,182611,17656,20050,2394,923,1308,2262,6923,8918,14742,23395,26748,46132,28519,2667,3252,3671,4126,4792,6142,8600,10469,12926,11963,14785,22447,23685,20145,8374,2204,463,20973,3570,24
Uzbekistan,2010,183059,16267,18503,2236,860,1220,2193,6830,8901,14642,24133,26933,45817,30222,2782,3170,3660,4105,4796,6035,8607,10783,13350,12839,14094,22227,23590,20981,9241,2320,462,19363,3413,25
Uzbekistan,2011,182466,14945,17016,2071,797,1132,2102,6711,8840,14447,24524,27592,45020,31331,2926,3078,3633,4063,4777,5951,8496,11068,13456,14027,13565,21479,23541,21236,10095,2483,443,17813,3234,26
Uzbekistan,2012,184821,13976,15866,1890,770,1065,2024,6694,8911,14465,25376,28954,44880,32606,3178,3042,3652,4097,4814,6002,8463,11526,13850,15418,13536,20717,24163,21387,11219,2744,434,16636,3089,29
Uzbekistan,2013,188825,13417,15141,1724,727,1019,1962,6739,9100,14663,26559,30912,44826,33666,3478,3046,3693,4188,4912,6154,8509,12075,14484,16916,13996,19862,24964,21340,12326,3048,430,15868,2981,32
Uzbekistan,2014,190796,12944,14534,1590,680,959,1862,6649,9147,14658,27344,32686,44088,34325,3825,3000,3649,4224,4923,6227,8431,12322,15022,18031,14655,18850,25238,21191,13134,3395,430,15214,2821,29
Uzbekistan,2015,192576,12348,13838,1490,668,903,1751,6520,9183,14636,28035,34632,43166,34961,4252,2932,3588,4246,4937,6285,8351,12437,15598,18785,15847,18092,25074,21260,13701,3783,469,14506,2654,30
Uzbekistan,2016,193460,11607,13017,1410,637,845,1632,6333,9165,14593,28493,36584,41965,35447,4719,2825,3508,4246,4919,6303,8290,12366,16127,19118,17466,17539,24426,21464,13983,4194,525,13654,2477,30
Uzbekistan,2017,194513,10899,12234,1335,595,797,1527,6144,9174,14618,28931,38683,40743,35841,5198,2699,3445,4244,4930,6312,8306,12242,16689,19583,19100,17349,23394,21867,13974,4615,583,12829,2324,29
Uzbekistan,2018,198098,10879,12139,1260,584,763,1442,5991,9224,14788,29472,41164,40184,36595,5722,2584,3407,4241,4983,6368,8420,12173,17299,20315,20849,17772,22412,22586,14009,5068,654,12723,2205,29
Uzbekistan,2019,200442,10587,11788,1201,566,733,1357,5784,9193,14874,29687,43393,39990,36920,6125,2440,3344,4180,5013,6371,8503,12045,17642,21080,22313,18617,21373,22885,14035,5385,740,12354,2090,31
Uzbekistan,2020,226461,10319,11481,1162,553,702,1188,5275,9303,16339,34035,53146,46249,41286,6879,2160,3115,4078,5225,6885,9454,13487,20548,25405,27741,23155,23094,25441,15845,6037,842,12034,1890,32
Uzbekistan,2021,220493,9457,10584,1127,530,662,1088,4933,9006,15959,32959,53173,46168,38685,6712,1970,2963,3910,5096,6665,9294,13090,19869,25654,27519,24689,21479,23494,15191,5807,905,11114,1750,37
Vanuatu,1950,1129,272,393,121,47,27,36,80,67,60,74,119,142,75,10,42,38,35,32,30,30,33,41,54,65,74,68,50,25,8,2,440,63,0
Vanuatu,1951,1234,292,440,148,66,36,41,86,74,64,77,122,145,75,9,45,41,39,35,31,33,35,42,56,66,75,70,50,25,8,1,506,77,0
Vanuatu,1952,1118,281,403,122,45,26,36,80,68,60,70,112,136,73,8,42,38,35,33,30,30,31,39,51,61,70,66,48,25,7,1,448,62,0
Vanuatu,1953,1109,285,407,122,45,25,35,77,68,60,67,109,135,69,8,40,37,35,33,30,30,30,37,49,60,69,66,45,24,7,1,452,60,0
Vanuatu,1954,1102,289,412,123,45,25,35,77,67,60,65,105,131,68,8,40,37,35,32,30,30,30,35,46,59,68,63,45,23,7,1,457,60,0
Vanuatu,1955,1096,293,416,123,44,25,34,77,66,60,64,102,128,67,8,40,37,35,31,30,30,30,34,46,56,65,63,45,22,7,1,460,59,0
Vanuatu,1956,1090,296,420,124,44,25,34,76,65,60,64,99,125,67,8,40,36,35,30,30,30,31,33,44,55,64,61,45,22,7,1,464,59,0
Vanuatu,1957,1086,298,422,124,45,25,34,76,64,60,63,98,123,67,8,40,36,34,30,30,30,31,32,44,54,63,60,45,22,7,1,467,59,0
Vanuatu,1958,1083,302,426,124,45,25,34,76,64,60,66,93,120,66,8,40,36,34,30,30,30,31,35,41,52,62,58,44,22,7,1,471,59,0
Vanuatu,1959,1080,304,428,124,45,25,34,76,64,60,65,92,117,65,8,40,36,34,30,30,30,30,35,41,51,59,58,43,22,7,1,473,59,0
Vanuatu,1960,1076,306,430,124,45,25,34,76,64,60,65,89,116,65,8,40,36,34,30,30,30,30,35,39,50,59,57,43,22,7,1,475,59,0
Vanuatu,1961,1073,307,430,123,45,25,33,76,64,60,65,88,114,63,8,40,36,34,30,30,30,30,35,39,49,58,56,42,21,7,1,475,58,0
Vanuatu,1962,1069,307,427,120,45,25,33,76,64,60,66,87,112,63,8,40,36,34,30,30,30,30,36,40,47,57,55,42,21,7,1,472,58,0
Vanuatu,1963,1063,307,427,120,44,25,33,76,65,60,66,86,108,62,7,40,36,35,30,30,30,30,36,40,46,54,54,41,21,7,0,471,58,0
Vanuatu,1964,1061,306,424,118,44,25,33,76,66,65,71,85,107,61,7,40,36,35,31,30,35,35,36,40,45,54,53,40,21,7,0,468,58,0
Vanuatu,1965,1054,304,417,113,44,25,33,75,66,67,71,86,106,60,7,40,35,35,31,32,35,35,36,41,45,53,53,39,21,7,0,461,58,0
Vanuatu,1966,1048,302,413,111,44,25,33,74,69,70,71,87,104,60,7,39,35,35,34,35,35,35,36,43,44,52,52,39,21,7,0,457,58,0
Vanuatu,1967,1041,300,409,109,44,25,34,73,70,70,71,88,101,59,7,38,35,35,35,35,35,35,36,43,45,51,50,38,21,7,0,453,59,0
Vanuatu,1968,1034,297,402,105,42,25,34,73,70,70,72,87,98,58,7,38,35,35,35,35,35,35,37,42,45,49,49,38,20,7,0,444,59,0
Vanuatu,1969,1025,293,395,102,41,25,34,73,70,70,79,88,96,56,7,38,35,35,35,35,35,39,40,43,45,48,48,37,19,7,0,436,59,0
Vanuatu,1970,1012,289,387,98,40,25,34,73,70,70,80,89,90,51,6,38,35,35,35,35,35,40,40,43,46,46,44,34,17,6,0,427,59,0
Vanuatu,1971,998,285,380,95,39,25,34,73,70,71,80,90,88,47,6,38,35,35,35,35,36,40,40,43,47,45,43,31,16,6,0,419,59,0
Vanuatu,1972,987,282,375,93,39,25,34,71,68,72,84,92,85,41,5,38,33,33,35,35,37,40,44,45,47,45,40,28,13,5,0,414,59,0
Vanuatu,1973,967,277,366,89,38,23,34,70,66,73,86,91,81,34,3,38,32,31,35,35,38,41,45,45,46,44,37,25,9,3,0,404,57,0
Vanuatu,1974,953,273,360,87,38,23,34,70,65,74,88,90,76,28,2,38,32,30,35,35,39,43,45,45,45,43,33,21,7,2,0,398,57,0
Vanuatu,1975,940,269,353,84,37,23,34,70,64,76,91,94,74,23,1,38,32,30,34,36,40,44,47,49,45,43,31,18,5,1,0,390,57,0
Vanuatu,1976,929,265,346,81,36,22,34,70,64,76,94,96,72,18,0,38,32,30,34,36,40,45,49,50,46,43,29,14,4,0,0,382,56,0
Vanuatu,1977,920,259,336,77,36,21,34,70,63,79,95,97,70,15,0,38,32,30,33,37,42,45,50,50,47,43,27,12,3,0,0,372,55,0
Vanuatu,1978,910,254,328,74,34,21,33,70,63,79,98,103,67,12,0,38,32,30,33,37,42,47,51,55,48,42,25,9,3,0,0,362,54,0
Vanuatu,1979,947,247,318,71,31,21,32,68,61,76,99,109,88,34,7,37,31,30,31,35,41,47,52,55,54,49,39,21,13,5,2,349,53,0
Vanuatu,1980,1091,238,304,66,31,20,31,66,56,66,94,126,146,119,32,35,31,28,28,30,36,43,51,60,66,72,74,68,51,25,7,335,51,0
Vanuatu,1981,1071,231,293,62,29,19,30,65,53,64,94,129,150,117,30,35,30,27,26,30,34,43,51,62,67,73,77,67,50,24,6,322,49,0
Vanuatu,1982,1052,222,279,57,27,17,28,64,51,63,93,132,155,116,28,34,30,26,25,30,33,42,51,63,69,75,80,68,48,21,7,306,45,0
Vanuatu,1983,1035,213,266,53,25,16,26,60,50,62,92,135,157,114,25,30,30,25,25,29,33,41,51,64,71,77,80,69,45,20,5,291,42,1
Vanuatu,1984,1020,204,252,48,23,16,26,58,50,61,90,137,160,115,25,30,28,25,25,28,33,39,51,64,73,79,81,70,45,20,5,275,42,1
Vanuatu,1985,1026,197,245,48,24,16,26,58,50,61,90,142,167,118,25,30,28,25,25,28,33,39,51,65,77,82,85,73,45,20,5,269,42,1
Vanuatu,1986,1002,188,231,43,21,15,24,54,50,60,89,142,168,121,25,29,25,25,25,27,33,38,51,65,77,83,85,74,47,20,5,252,39,1
Vanuatu,1987,1059,187,240,53,31,20,26,60,60,64,92,149,176,126,24,30,30,30,30,30,34,40,52,68,81,87,89,78,48,20,4,271,46,1
Vanuatu,1988,993,174,212,38,19,14,23,52,50,60,86,147,178,127,25,27,25,25,25,27,33,37,49,66,81,88,90,79,48,20,5,231,37,1
Vanuatu,1989,1012,169,209,40,21,15,24,53,53,63,88,150,185,130,24,28,25,25,28,30,33,38,50,68,82,91,94,80,50,20,4,230,39,1
Vanuatu,1990,1005,163,199,36,19,12,23,50,52,63,87,151,189,136,23,25,25,25,27,30,33,39,48,68,83,94,95,84,52,20,3,218,35,1
Vanuatu,1991,994,160,194,34,18,12,22,50,51,62,85,146,191,140,24,25,25,25,26,30,32,38,47,65,81,93,98,86,54,20,4,212,34,1
Vanuatu,1992,1004,157,190,33,19,12,22,50,52,62,85,146,193,145,24,25,25,25,27,30,32,39,46,65,81,93,100,90,55,20,4,209,34,0
Vanuatu,1993,1013,155,188,33,19,14,23,51,52,63,86,147,193,151,25,26,25,25,27,30,33,39,47,65,82,93,100,94,57,21,4,207,37,0
Vanuatu,1994,1018,152,184,32,18,12,23,52,53,65,87,147,196,156,25,27,25,25,28,30,35,40,47,65,82,93,103,96,60,21,4,202,35,0
Vanuatu,1995,1028,150,182,32,19,14,24,52,53,67,89,145,197,161,25,27,25,25,28,32,35,41,48,62,83,94,103,100,61,21,4,201,38,0
Vanuatu,1996,1003,149,180,31,18,12,21,50,50,64,85,140,192,166,27,25,25,25,25,30,34,38,47,60,80,90,102,101,65,22,5,198,33,0
Vanuatu,1997,1018,148,179,31,18,12,21,50,51,66,87,138,195,170,28,25,25,25,26,31,35,39,48,59,79,92,103,102,68,23,5,197,33,0
Vanuatu,1998,1034,148,179,31,18,13,23,50,51,68,90,139,197,176,30,25,25,25,26,31,37,41,49,60,79,93,104,106,70,25,5,197,36,0
Vanuatu,1999,1096,153,195,42,27,19,26,54,54,72,96,143,201,181,31,29,25,25,29,33,39,45,51,63,80,95,106,107,74,26,5,222,45,1
Vanuatu,2000,1060,150,181,31,18,14,23,51,53,71,96,141,199,182,33,26,25,25,28,32,39,45,51,63,78,95,104,107,75,28,5,199,37,1
Vanuatu,2001,1113,152,183,31,18,15,24,52,53,73,99,144,204,195,51,27,25,25,28,33,40,47,52,65,79,97,107,109,86,41,10,201,39,1
Vanuatu,2002,1142,154,185,31,18,15,26,52,54,75,103,147,207,201,58,27,25,25,29,33,42,49,54,66,81,99,108,109,92,47,11,203,41,2
Vanuatu,2003,1177,156,189,33,18,15,26,53,55,77,107,150,211,204,71,28,25,25,30,34,43,51,56,68,82,101,110,110,94,55,16,207,41,3
Vanuatu,2004,1216,159,192,33,18,15,26,54,55,80,112,154,218,210,80,29,25,25,30,36,44,53,59,70,84,103,115,112,98,60,20,210,41,3
Vanuatu,2005,1253,162,195,33,18,16,26,54,56,81,116,160,224,217,89,29,25,26,30,36,45,55,61,72,88,105,119,114,103,67,22,213,42,3
Vanuatu,2006,1293,166,199,33,18,16,27,55,58,83,121,164,228,221,99,30,25,27,31,37,46,57,64,73,91,106,122,117,104,74,25,217,43,4
Vanuatu,2007,1334,173,207,34,18,16,27,57,58,84,126,168,232,228,105,31,26,27,31,37,47,59,67,75,93,108,124,120,108,77,28,225,43,5
Vanuatu,2008,1377,180,216,36,18,16,28,59,60,87,132,174,238,235,113,32,27,28,32,38,49,61,71,79,95,111,127,124,111,82,31,234,44,5
Vanuatu,2009,1424,188,225,37,18,16,28,61,61,87,134,181,244,243,120,32,29,29,32,38,49,61,73,82,99,114,130,130,113,85,35,243,44,6
Vanuatu,2010,1490,195,232,37,18,16,28,64,63,91,143,189,254,257,130,34,30,30,33,40,51,65,78,88,101,120,134,136,121,93,37,250,44,7
Vanuatu,2011,1526,202,242,40,19,16,28,65,64,94,147,195,261,268,120,35,30,30,34,42,52,66,81,91,104,121,140,148,120,86,34,261,44,7
Vanuatu,2012,1565,207,248,41,19,16,29,67,66,96,151,203,269,283,111,35,32,30,36,42,54,68,83,96,107,123,146,159,124,80,31,267,45,6
Vanuatu,2013,1595,210,253,43,21,16,29,68,67,99,154,208,274,295,106,35,33,31,36,43,56,69,85,99,109,125,149,167,128,78,28,274,45,6
Vanuatu,2014,1635,212,258,46,22,16,29,70,72,103,159,216,276,308,101,35,35,35,37,45,58,71,88,101,115,126,150,175,133,74,27,280,45,5
Vanuatu,2015,1661,210,255,45,24,16,29,72,73,105,164,223,281,318,97,37,35,35,38,45,60,74,90,106,117,128,153,179,139,73,24,279,45,5
Vanuatu,2016,1678,207,250,43,22,16,29,70,74,107,167,232,282,326,96,35,35,35,39,47,60,75,92,110,122,129,153,182,144,74,22,272,45,4
Vanuatu,2017,1693,204,246,42,22,16,29,71,76,111,174,241,283,322,92,35,36,35,41,49,62,79,95,113,128,132,151,178,144,71,21,268,45,4
Vanuatu,2018,1707,201,242,41,22,16,30,75,82,113,178,250,286,320,92,35,40,40,42,50,63,81,97,118,132,136,150,175,145,71,21,264,46,4
Vanuatu,2019,1725,197,237,40,22,16,30,75,83,116,184,257,291,318,89,35,40,40,43,51,65,83,101,120,137,142,149,172,146,70,19,259,46,3
Vanuatu,2020,1711,194,234,40,23,17,30,70,80,111,179,263,294,313,89,35,35,39,41,49,62,81,98,121,142,147,147,166,147,71,18,257,47,3
Vanuatu,2021,1722,190,228,38,22,16,28,66,76,110,182,283,310,307,91,32,34,36,40,48,62,80,102,130,153,159,151,161,146,73,18,250,44,3
Vatican,1950,5,,,,,,,,,,,,,,,,,,,,,,,,,,,,,,,,,
Vatican,1951,5,,,,,,,,,,,,,,,,,,,,,,,,,,,,,,,,,
Vatican,1952,5,,,,,,,,,,,,,,,,,,,,,,,,,,,,,,,,,
Vatican,1953,5,,,,,,,,,,,,,,,,,,,,,,,,,,,,,,,,,
Vatican,1954,5,,,,,,,,,,,,,,,,,,,,,,,,,,,,,,,,,
Vatican,1955,5,,,,,,,,,,,,,,,,,,,,,,,,,,,,,,,,,
Vatican,1956,5,,,,,,,,,,,,,,,,,,,,,,,,,,,,,,,,,
Vatican,1957,5,,,,,,,,,,,,,,,,,,,,,,,,,,,,,,,,,
Vatican,1958,5,,,,,,,,,,,,,,,,,,,,,,,,,,,,,,,,,
Vatican,1959,5,,,,,,,,,,,,,,,,,,,,,,,,,,,,,,,,,
Vatican,1960,5,,,,,,,,,,,,,,,,,,,,,,,,,,,,,,,,,
Vatican,1961,6,,,,,,,,,,,,,,,,,,,,,,,,,,,,,,,,,
Vatican,1962,6,,,,,,,,,,,,,,,,,,,,,,,,,,,,,,,,,
Vatican,1963,6,,,,,,,,,,,,,,,,,,,,,,,,,,,,,,,,,
Vatican,1964,6,,,,,,,,,,,,,,,,,,,,,,,,,,,,,,,,,
Vatican,1965,6,,,,,,,,,,,,,,,,,,,,,,,,,,,,,,,,,
Vatican,1966,6,,,,,,,,,,,,,,,,,,,,,,,,,,,,,,,,,
Vatican,1967,6,,,,,,,,,,,,,,,,,,,,,,,,,,,,,,,,,
Vatican,1968,6,,,,,,,,,,,,,,,,,,,,,,,,,,,,,,,,,
Vatican,1969,6,,,,,,,,,,,,,,,,,,,,,,,,,,,,,,,,,
Vatican,1970,6,,,,,,,,,,,,,,,,,,,,,,,,,,,,,,,,,
Vatican,1971,6,,,,,,,,,,,,,,,,,,,,,,,,,,,,,,,,,
Vatican,1972,6,,,,,,,,,,,,,,,,,,,,,,,,,,,,,,,,,
Vatican,1973,7,,,,,,,,,,,,,,,,,,,,,,,,,,,,,,,,,
Vatican,1974,7,,,,,,,,,,,,,,,,,,,,,,,,,,,,,,,,,
Vatican,1975,7,,,,,,,,,,,,,,,,,,,,,,,,,,,,,,,,,
Vatican,1976,7,,,,,,,,,,,,,,,,,,,,,,,,,,,,,,,,,
Vatican,1977,7,,,,,,,,,,,,,,,,,,,,,,,,,,,,,,,,,
Vatican,1978,7,,,,,,,,,,,,,,,,,,,,,,,,,,,,,,,,,
Vatican,1979,7,,,,,,,,,,,,,,,,,,,,,,,,,,,,,,,,,
Vatican,1980,7,,,,,,,,,,,,,,,,,,,,,,,,,,,,,,,,,
Vatican,1981,7,,,,,,,,,,,,,,,,,,,,,,,,,,,,,,,,,
Vatican,1982,7,,,,,,,,,,,,,,,,,,,,,,,,,,,,,,,,,
Vatican,1983,8,,,,,,,,,,,,,,,,,,,,,,,,,,,,,,,,,
Vatican,1984,8,,,,,,,,,,,,,,,,,,,,,,,,,,,,,,,,,
Vatican,1985,8,,,,,,,,,,,,,,,,,,,,,,,,,,,,,,,,,
Vatican,1986,8,,,,,,,,,,,,,,,,,,,,,,,,,,,,,,,,,
Vatican,1987,8,,,,,,,,,,,,,,,,,,,,,,,,,,,,,,,,,
Vatican,1988,8,,,,,,,,,,,,,,,,,,,,,,,,,,,,,,,,,
Vatican,1989,8,,,,,,,,,,,,,,,,,,,,,,,,,,,,,,,,,
Vatican,1990,8,,,,,,,,,,,,,,,,,,,,,,,,,,,,,,,,,
Vatican,1991,8,,,,,,,,,,,,,,,,,,,,,,,,,,,,,,,,,
Vatican,1992,8,,,,,,,,,,,,,,,,,,,,,,,,,,,,,,,,,
Vatican,1993,9,,,,,,,,,,,,,,,,,,,,,,,,,,,,,,,,,
Vatican,1994,8,,,,,,,,,,,,,,,,,,,,,,,,,,,,,,,,,
Vatican,1995,9,,,,,,,,,,,,,,,,,,,,,,,,,,,,,,,,,
Vatican,1996,8,,,,,,,,,,,,,,,,,,,,,,,,,,,,,,,,,
Vatican,1997,9,,,,,,,,,,,,,,,,,,,,,,,,,,,,,,,,,
Vatican,1998,9,,,,,,,,,,,,,,,,,,,,,,,,,,,,,,,,,
Vatican,1999,9,,,,,,,,,,,,,,,,,,,,,,,,,,,,,,,,,
Vatican,2000,9,,,,,,,,,,,,,,,,,,,,,,,,,,,,,,,,,
Vatican,2001,9,,,,,,,,,,,,,,,,,,,,,,,,,,,,,,,,,
Vatican,2002,9,,,,,,,,,,,,,,,,,,,,,,,,,,,,,,,,,
Vatican,2003,9,,,,,,,,,,,,,,,,,,,,,,,,,,,,,,,,,
Vatican,2004,9,,,,,,,,,,,,,,,,,,,,,,,,,,,,,,,,,
Vatican,2005,9,,,,,,,,,,,,,,,,,,,,,,,,,,,,,,,,,
Vatican,2006,9,,,,,,,,,,,,,,,,,,,,,,,,,,,,,,,,,
Vatican,2007,9,,,,,,,,,,,,,,,,,,,,,,,,,,,,,,,,,
Vatican,2008,9,,,,,,,,,,,,,,,,,,,,,,,,,,,,,,,,,
Vatican,2009,9,,,,,,,,,,,,,,,,,,,,,,,,,,,,,,,,,
Vatican,2010,9,,,,,,,,,,,,,,,,,,,,,,,,,,,,,,,,,
Vatican,2011,10,,,,,,,,,,,,,,,,,,,,,,,,,,,,,,,,,
Vatican,2012,10,,,,,,,,,,,,,,,,,,,,,,,,,,,,,,,,,
Vatican,2013,9,,,,,,,,,,,,,,,,,,,,,,,,,,,,,,,,,
Vatican,2014,10,,,,,,,,,,,,,,,,,,,,,,,,,,,,,,,,,
Vatican,2015,10,,,,,,,,,,,,,,,,,,,,,,,,,,,,,,,,,
Vatican,2016,10,,,,,,,,,,,,,,,,,,,,,,,,,,,,,,,,,
Vatican,2017,10,,,,,,,,,,,,,,,,,,,,,,,,,,,,,,,,,
Vatican,2018,10,,,,,,,,,,,,,,,,,,,,,,,,,,,,,,,,,
Vatican,2019,10,,,,,,,,,,,,,,,,,,,,,,,,,,,,,,,,,
Vatican,2020,10,,,,,,,,,,,,,,,,,,,,,,,,,,,,,,,,,
Vatican,2021,11,,,,,,,,,,,,,,,,,,,,,,,,,,,,,,,,,
Venezuela,1950,78633,26927,37025,10098,2085,1136,2355,5870,5075,5547,6030,6002,4653,2482,367,3130,2740,2513,2562,2660,2887,3036,2994,3140,2862,2580,2073,1580,902,311,56,39110,3491,8
Venezuela,1951,80269,27880,38198,10318,2100,1107,2312,5889,5064,5589,6193,6122,4748,2513,412,3124,2765,2510,2554,2687,2902,3134,3059,3208,2914,2629,2119,1618,895,322,90,40298,3419,18
Venezuela,1952,81248,28470,38791,10321,2065,1089,2276,5889,5055,5625,6361,6247,4848,2558,424,3101,2788,2515,2540,2711,2914,3224,3137,3280,2967,2686,2162,1665,893,317,107,40856,3365,27
Venezuela,1953,82295,28924,39273,10349,2253,1074,2241,5855,5034,5651,6524,6376,4950,2609,422,3057,2798,2514,2520,2722,2929,3297,3227,3352,3024,2747,2203,1715,894,311,111,41526,3315,32
Venezuela,1954,83246,29229,39592,10363,2211,1073,2226,5851,5056,5718,6728,6564,5095,2683,417,3029,2822,2535,2521,2746,2972,3373,3355,3453,3111,2832,2263,1779,904,310,107,41803,3299,33
Venezuela,1955,82412,29428,39759,10331,2255,1037,2114,5568,4865,5541,6643,6497,5044,2661,396,2862,2706,2446,2419,2643,2898,3291,3352,3416,3081,2804,2240,1773,888,297,99,42014,3151,31
Venezuela,1956,82953,29568,39837,10269,2302,1047,2087,5484,4853,5553,6780,6672,5179,2739,386,2806,2678,2448,2405,2626,2927,3315,3465,3508,3164,2877,2302,1828,911,293,93,42139,3134,30
Venezuela,1957,84400,29755,39923,10168,2394,1090,2103,5499,4943,5673,7051,7002,5434,2874,389,2808,2691,2499,2444,2661,3012,3405,3646,3683,3319,3012,2422,1921,953,299,90,42317,3193,29
Venezuela,1958,83664,29799,39845,10046,2361,1090,2034,5283,4809,5523,6991,7024,5434,2874,369,2702,2581,2436,2373,2571,2952,3345,3646,3704,3320,3008,2426,1923,951,287,82,42206,3124,27
Venezuela,1959,82574,29459,39372,9913,2354,1101,1968,5043,4666,5360,6907,7062,5454,2901,358,2586,2457,2360,2306,2483,2877,3289,3618,3736,3326,3013,2441,1941,960,282,76,41726,3069,25
Venezuela,1960,81029,28876,38605,9729,2340,1102,1915,4808,4500,5171,6779,7070,5449,2917,349,2477,2331,2270,2230,2388,2783,3224,3555,3754,3316,3008,2441,1948,969,277,72,40945,3017,23
Venezuela,1961,80296,28432,37912,9480,2236,1130,1907,4646,4408,5080,6772,7228,5577,3024,352,2402,2244,2210,2198,2345,2735,3221,3551,3844,3384,3075,2502,2015,1009,281,71,40148,3037,21
Venezuela,1962,81738,28046,37252,9206,2275,1203,2037,4849,4580,5238,7054,7687,5927,3243,368,2520,2329,2285,2295,2425,2813,3358,3696,4088,3599,3265,2662,2157,1086,295,73,39527,3240,20
Venezuela,1963,81404,27643,36563,8920,2241,1239,2064,4652,4455,5178,7118,7951,6149,3401,379,2428,2224,2195,2260,2396,2782,3378,3740,4212,3739,3387,2762,2255,1146,306,73,38804,3303,19
Venezuela,1964,81646,27205,35853,8648,2307,1270,2155,4638,4421,5184,7218,8236,6392,3568,388,2438,2200,2158,2263,2405,2779,3410,3808,4333,3903,3518,2874,2358,1210,317,71,38160,3425,17
Venezuela,1965,81188,26743,35119,8376,2307,1281,2227,4583,4314,5118,7209,8388,6549,3683,395,2435,2148,2091,2223,2380,2738,3381,3828,4369,4019,3603,2946,2426,1257,328,67,37426,3508,15
Venezuela,1966,80969,26235,34327,8092,2205,1296,2321,4590,4239,5098,7248,8599,6778,3840,411,2473,2117,2043,2196,2377,2721,3369,3879,4432,4167,3728,3050,2523,1317,345,66,36532,3617,13
Venezuela,1967,80800,25678,33496,7818,2208,1327,2415,4611,4163,5083,7259,8779,7016,4002,429,2524,2087,2001,2162,2375,2708,3346,3913,4480,4299,3858,3158,2622,1380,365,64,35704,3742,12
Venezuela,1968,80349,24998,32441,7443,2108,1314,2490,4660,4068,5064,7279,8982,7290,4186,455,2598,2062,1955,2113,2367,2697,3329,3950,4547,4435,4009,3281,2736,1450,391,64,34549,3804,11
Venezuela,1969,80992,24243,31326,7083,2097,1354,2604,4850,4073,5165,7444,9367,7743,4468,494,2755,2095,1961,2112,2410,2755,3385,4059,4718,4649,4260,3483,2912,1556,426,68,33423,3958,10
Venezuela,1970,78500,23417,30121,6704,1970,1307,2558,4799,3835,4936,7136,9155,7709,4465,503,2772,2027,1854,1981,2295,2641,3232,3904,4601,4554,4244,3465,2902,1563,433,70,32091,3865,9
Venezuela,1971,77760,22570,28892,6322,1865,1304,2581,4920,3742,4888,7094,9279,7985,4664,535,2876,2044,1816,1926,2259,2629,3208,3886,4655,4624,4394,3591,3019,1645,462,73,30757,3885,9
Venezuela,1972,77695,21795,27747,5952,1813,1310,2628,5124,3704,4888,7129,9495,8353,4921,575,3015,2109,1805,1899,2239,2649,3222,3907,4754,4741,4586,3767,3172,1749,494,81,29560,3938,9
Venezuela,1973,77593,21141,26750,5609,1679,1306,2660,5315,3669,4865,7146,9683,8706,5183,620,3130,2185,1797,1872,2207,2658,3233,3913,4831,4852,4763,3943,3331,1852,530,90,28429,3966,9
Venezuela,1974,77257,20536,25844,5308,1664,1282,2672,5453,3612,4790,7107,9775,8978,5411,663,3188,2265,1782,1830,2151,2639,3220,3887,4850,4925,4887,4091,3469,1942,564,99,27508,3954,10
Venezuela,1975,77148,20021,25071,5050,1599,1257,2686,5604,3585,4715,7087,9885,9264,5668,710,3246,2358,1788,1797,2098,2617,3215,3872,4870,5015,5010,4254,3626,2042,603,107,26670,3943,11
Venezuela,1976,77401,19594,24423,4829,1537,1239,2700,5747,3591,4662,7112,10031,9603,5980,767,3288,2459,1815,1776,2061,2601,3231,3881,4903,5128,5157,4446,3819,2161,650,117,25960,3939,12
Venezuela,1977,77945,19065,23659,4594,1477,1229,2744,5974,3653,4628,7191,10237,9996,6318,825,3379,2595,1882,1771,2039,2589,3270,3921,4963,5274,5336,4660,4029,2289,699,126,25136,3973,13
Venezuela,1978,78788,18753,23209,4456,1434,1217,2758,6170,3736,4590,7268,10424,10396,6682,888,3456,2714,1963,1773,2022,2568,3304,3964,5018,5406,5517,4879,4248,2434,752,136,24643,3975,15
Venezuela,1979,79968,18370,22672,4302,1422,1215,2765,6356,3874,4587,7400,10678,10892,7127,962,3537,2819,2076,1798,2023,2564,3358,4042,5111,5567,5749,5143,4515,2612,812,150,24094,3980,17
Venezuela,1980,81573,17905,22045,4140,1404,1226,2799,6612,4074,4623,7590,11021,11480,7632,1044,3659,2953,2220,1854,2046,2577,3430,4160,5253,5768,6035,5445,4815,2817,878,166,23449,4025,19
Venezuela,1981,80611,17436,21427,3991,1354,1186,2707,6554,4118,4463,7439,10874,11572,7815,1085,3610,2944,2272,1846,1982,2481,3340,4099,5168,5706,6059,5513,4909,2906,908,177,22781,3893,20
Venezuela,1982,81640,16941,20778,3837,1332,1182,2709,6693,4321,4464,7531,11099,12054,8283,1166,3667,3026,2399,1922,1990,2474,3352,4179,5267,5832,6283,5771,5185,3098,974,192,22110,3891,22
Venezuela,1983,81702,16516,20208,3692,1323,1163,2659,6678,4452,4398,7477,11137,12328,8624,1234,3629,3049,2474,1978,1970,2428,3294,4183,5280,5857,6392,5936,5389,3235,1030,204,21531,3822,24
Venezuela,1984,83027,16167,19727,3560,1276,1168,2652,6761,4666,4435,7561,11403,12851,9162,1338,3636,3125,2572,2094,2001,2434,3297,4264,5404,5999,6622,6229,5722,3440,1117,221,21003,3820,26
Venezuela,1985,84914,15857,19304,3447,1309,1182,2674,6897,4922,4523,7674,11750,13444,9752,1452,3673,3224,2688,2234,2062,2461,3316,4358,5568,6182,6884,6560,6097,3655,1213,239,20613,3856,29
Venezuela,1986,85322,15684,18998,3314,1273,1167,2636,6854,5055,4522,7589,11826,13712,10127,1530,3616,3238,2729,2326,2091,2431,3257,4332,5604,6222,6978,6734,6343,3784,1278,252,20271,3803,32
Venezuela,1987,88191,15372,18594,3222,1294,1210,2708,7074,5377,4728,7779,12352,14478,10901,1657,3707,3367,2869,2508,2228,2500,3326,4453,5851,6501,7323,7155,6831,4070,1383,274,19888,3918,35
Venezuela,1988,89819,14934,18038,3104,1277,1221,2739,7167,5619,4885,7837,12698,15029,11525,1749,3742,3425,2968,2651,2349,2536,3346,4491,6008,6690,7562,7467,7215,4310,1454,295,19315,3960,38
Venezuela,1989,92120,14413,17388,2975,1237,1254,2816,7349,5921,5141,7971,13165,15720,12273,1846,3830,3519,3113,2808,2525,2616,3408,4563,6212,6953,7873,7847,7659,4614,1524,322,18625,4070,41
Venezuela,1990,93872,13931,16797,2866,1255,1270,2832,7367,6127,5381,8033,13515,16309,13007,1934,3837,3530,3197,2930,2690,2691,3443,4590,6350,7165,8130,8179,8071,4936,1585,349,18052,4102,44
Venezuela,1991,94828,13507,16257,2750,1208,1270,2859,7402,6275,5593,8006,13692,16697,13539,1984,3864,3538,3262,3013,2831,2762,3442,4564,6392,7300,8296,8401,8353,5186,1619,365,17465,4129,46
Venezuela,1992,98148,13189,15883,2694,1220,1303,2963,7631,6586,6005,8211,14204,17530,14462,2098,3985,3646,3407,3179,3062,2943,3544,4667,6577,7627,8683,8847,8865,5597,1714,384,17103,4266,48
Venezuela,1993,100458,12948,15592,2644,1224,1322,3041,7736,6762,6353,8323,14523,18165,15177,2191,4053,3683,3468,3294,3244,3109,3609,4714,6661,7862,8976,9189,9263,5914,1802,389,16816,4363,49
Venezuela,1994,104309,12759,15356,2597,1196,1348,3167,8004,7063,6839,8609,15057,19124,16153,2335,4209,3795,3586,3477,3466,3373,3758,4851,6841,8216,9433,9691,9833,6320,1943,392,16552,4515,50
Venezuela,1995,105369,12512,15026,2514,1196,1328,3165,7959,7094,7114,8661,15108,19530,16701,2439,4193,3766,3561,3533,3570,3544,3819,4842,6808,8300,9613,9917,10153,6548,2055,384,16222,4493,49
Venezuela,1996,109152,12196,14620,2424,1170,1347,3262,8194,7345,7616,9026,15594,20547,17761,2624,4330,3864,3648,3697,3775,3841,4036,4990,6981,8613,10093,10454,10797,6964,2237,387,15790,4609,49
Venezuela,1997,107758,11801,14129,2328,1156,1305,3201,8054,7208,7696,8941,15178,20391,17791,2661,4278,3776,3557,3651,3766,3930,4072,4869,6768,8410,10001,10390,10819,6972,2282,379,15285,4506,47
Venezuela,1998,111831,11357,13546,2189,1115,1321,3318,8413,7465,8231,9441,15661,21470,18943,2862,4490,3923,3670,3795,3984,4247,4386,5055,6971,8690,10508,10962,11511,7432,2457,405,14661,4639,46
Venezuela,1999,119417,11178,13479,2301,1232,1408,3511,8979,7918,9001,10320,16581,23155,20649,3135,4802,4177,3881,4037,4331,4670,4898,5422,7385,9196,11298,11857,12529,8120,2683,452,14711,4919,47
Venezuela,2000,121265,10593,12587,1994,1135,1383,3578,9270,8044,9374,10807,16730,23738,21354,3217,4974,4296,3952,4092,4481,4893,5220,5587,7468,9262,11541,12197,12944,8410,2737,480,13722,4961,46
Venezuela,2001,138279,10304,12227,1923,1244,1558,4086,10751,9231,11019,12883,19145,27490,24905,3689,5766,4985,4544,4687,5239,5780,6305,6578,8570,10575,13303,14187,15079,9826,3126,563,13471,5644,49
Venezuela,2002,126935,10083,11953,1870,1169,1372,3627,9684,8283,10096,12092,17245,25021,22974,3372,5175,4509,4077,4206,4771,5325,5961,6131,7743,9502,12032,12989,13864,9110,2845,527,13122,4999,44
Venezuela,2003,138843,9838,11651,1813,1130,1469,3929,10646,9048,11209,13803,18881,27574,25707,3747,5664,4982,4464,4584,5248,5961,6817,6986,8513,10368,13166,14408,15452,10255,3166,581,12781,5398,47
Venezuela,2004,136849,9575,11333,1758,1165,1396,3765,10344,8790,11049,14022,18480,27049,25665,3740,5469,4875,4350,4440,5112,5937,6877,7145,8383,10097,12822,14227,15363,10302,3174,566,12498,5161,46
Venezuela,2005,138428,9326,11034,1708,937,1367,3736,10390,8825,11201,14674,18698,27271,26375,3872,5464,4926,4379,4446,5123,6078,7134,7540,8564,10134,12840,14431,15716,10659,3307,565,11971,5103,46
Venezuela,2006,143418,9054,10682,1628,1023,1356,3799,10714,9110,11616,15698,19467,28114,27685,4109,5605,5109,4540,4570,5254,6362,7546,8152,9032,10435,13167,14947,16432,11253,3535,574,11705,5155,46
Venezuela,2007,144397,8843,10427,1584,863,1299,3728,10652,9109,11650,16237,19763,28122,28230,4272,5549,5103,4560,4549,5225,6425,7706,8531,9317,10446,13119,15003,16681,11549,3697,575,11290,5027,44
Venezuela,2008,156541,8706,10266,1560,847,1330,3961,11447,9877,12602,18151,21823,30407,31005,4784,5939,5508,4966,4911,5623,6979,8518,9633,10470,11353,14156,16251,18258,12747,4159,625,11113,5291,46
Venezuela,2009,159334,8648,10199,1551,821,1252,3898,11369,9971,12674,18844,22661,30743,31837,5026,5876,5493,5023,4948,5635,7039,8784,10060,11074,11587,14297,16446,18684,13153,4376,650,11020,5150,44
Venezuela,2010,160040,8656,10221,1565,708,1149,3761,11108,9887,12545,19214,23279,30651,32244,5229,5724,5384,4985,4902,5573,6972,8894,10320,11549,11730,14249,16402,18855,13389,4547,682,10929,4910,43
Venezuela,2011,164508,8672,10240,1568,779,1062,3684,11095,10049,12701,19980,24567,31306,33435,5570,5700,5395,5060,4989,5643,7058,9194,10786,12322,12245,14559,16747,19480,13955,4831,739,11019,4746,44
Venezuela,2012,167622,8726,10308,1582,661,973,3592,11089,10184,12795,20558,25799,31678,34128,5812,5681,5408,5116,5068,5686,7109,9401,11157,13027,12772,14761,16917,19837,14291,5021,791,10969,4565,45
Venezuela,2013,170568,8835,10444,1609,654,883,3391,10842,10169,12779,20938,27006,32124,35113,6178,5532,5310,5076,5093,5682,7097,9481,11457,13657,13349,14991,17133,20311,14802,5303,875,11098,4274,50
Venezuela,2014,180453,8983,10628,1645,671,848,3330,11151,10641,13365,22253,29486,33983,37342,6698,5669,5482,5278,5363,5959,7406,9954,12299,14830,14656,15932,18051,21528,15814,5720,978,11299,4178,57
Venezuela,2015,183274,9113,10791,1678,654,785,3080,10959,10638,13394,22592,30818,34558,38019,6921,5538,5421,5244,5394,5980,7414,9984,12608,15400,15418,16322,18236,21835,16184,5879,1042,11445,3865,63
Venezuela,2016,203029,9160,10853,1693,674,823,3119,11917,11771,14848,25243,35362,38663,42049,7629,5968,5949,5773,5998,6652,8196,11029,14214,17531,17831,18473,20190,24113,17936,6463,1166,11527,3942,72
Venezuela,2017,208576,9063,10854,1791,833,941,2952,11723,11978,15198,25841,37138,40102,43243,7707,5788,5935,5827,6151,6845,8353,11210,14631,18226,18912,19387,20715,24721,18522,6569,1138,11687,3893,64
Venezuela,2018,209334,8622,10373,1751,799,915,2654,10942,11641,15191,26081,38729,41323,43499,7147,5314,5628,5610,6031,6843,8348,11234,14847,18847,19882,20264,21059,24911,18588,6239,908,11172,3569,41
Venezuela,2019,206669,7881,9456,1575,719,724,2204,9321,10544,14669,25852,39991,42718,43862,6575,4442,4879,4998,5546,6553,8116,11034,14818,19340,20651,21241,21477,25164,18698,5858,717,10175,2928,30
Venezuela,2020,217755,7363,8863,1500,982,1337,5177,14725,11882,13573,23694,39449,44039,47758,6249,8049,6676,5933,5949,6210,7363,9910,13784,18396,21053,21178,22861,27723,20035,5654,595,9845,6514,24
Venezuela,2021,231205,7123,8562,1439,973,1337,5229,14364,11552,14111,25601,43922,48608,50226,6702,7980,6384,5731,5821,6301,7810,10643,14958,20364,23558,23311,25297,29541,20685,6033,669,9535,6566,21
Vietnam,1950,416443,95070,141300,46230,14703,8035,13852,40280,35239,35325,36273,40087,35824,12785,2630,20162,20118,17615,17624,16913,18412,17796,18477,19693,20394,19988,15836,7848,4937,2079,551,156003,21887,104
Vietnam,1951,413992,88383,138854,50471,14492,7672,13511,39730,34607,34776,36621,40791,37122,13228,2492,19988,19742,17355,17252,16666,18110,18057,18564,19980,20811,20477,16645,8630,4598,2010,482,153346,21183,93
Vietnam,1952,420535,93835,144569,50734,14376,7376,13019,39300,34021,34238,37117,41627,38428,13934,2444,20050,19250,17262,16759,16655,17583,18502,18615,20311,21316,21004,17424,9678,4256,1979,465,158945,20395,85
Vietnam,1953,422932,93990,145059,51069,14610,7221,12460,38983,33525,33769,37715,42542,39721,14851,2397,20228,18755,17264,16261,16782,16987,19011,18704,20669,21873,21561,18160,10798,4053,1948,449,159669,19681,75
Vietnam,1954,405597,99257,153022,53765,15992,7144,9813,27653,25692,28662,35639,42665,40990,15955,2303,14354,13299,13003,12689,14157,14505,17816,17823,20465,22200,22114,18876,11804,4151,1877,426,169014,16957,63
Vietnam,1955,368706,93105,140891,47786,15323,6307,7864,21695,21174,24543,32225,39984,39805,16677,2163,11212,10483,10673,10501,12140,12403,15951,16274,18979,21005,21272,18533,12248,4429,1756,407,156214,14171,52
Vietnam,1956,366408,90830,138390,47560,15380,6103,7431,21075,20547,23935,32127,40396,40930,17989,2057,10795,10280,10340,10207,11792,12143,15678,16449,19059,21337,21789,19141,13015,4974,1655,402,153770,13534,48
Vietnam,1957,374556,95142,141462,46320,16069,6161,7286,20981,20535,23926,32515,41406,42641,19551,1966,10522,10459,10233,10302,11629,12297,15452,17063,19395,22011,22663,19978,13869,5682,1559,407,157531,13447,48
Vietnam,1958,375224,95729,141332,45603,16243,6084,6998,20336,19994,23440,32256,41763,43851,20950,1928,9922,10414,9831,10163,11163,12277,14852,17404,19411,22352,23256,20595,14560,6390,1519,409,157575,13082,47
Vietnam,1959,376152,94202,139381,45179,16447,6335,6850,19854,19724,23195,32168,42451,45329,22371,2002,9456,10398,9616,10108,10881,12314,14463,17705,19655,22796,23978,21351,15301,7070,1605,397,155828,13185,45
Vietnam,1960,375245,92195,136598,44403,16322,6673,6701,19200,19354,22817,31893,43066,46708,23692,2176,9011,10189,9418,9936,10628,12189,14169,17724,19920,23146,24609,22099,16017,7675,1799,377,152920,13374,43
Vietnam,1961,366075,81533,125209,43676,16124,6860,6643,18679,19133,22514,31611,43791,48110,24946,2413,8716,9963,9365,9768,10503,12011,14056,17555,20327,23464,25231,22879,16713,8233,2056,357,141333,13503,43
Vietnam,1962,382256,86322,129874,43552,16774,7351,7069,19679,20184,23300,32413,45843,50546,26464,2715,9240,10439,10066,10118,11016,12284,14673,17740,21534,24309,26421,24125,17615,8849,2375,340,146648,14420,44
Vietnam,1963,419776,90811,137260,46449,19253,8625,8445,23362,23660,26232,35443,50555,55165,28645,3086,11142,12220,12100,11560,12667,13565,16496,18947,24126,26429,28829,26336,19014,9631,2742,344,156513,17070,45
Vietnam,1964,417584,87872,133469,45597,20229,9255,8739,21899,22985,25652,34823,51037,56232,29814,3406,10598,11301,11837,11148,12513,13139,16492,18331,24436,26601,29214,27018,19682,10132,3034,372,153698,17994,44
Vietnam,1965,437435,87523,135537,48014,20546,9419,10109,24042,24888,27215,36423,54034,59646,31760,3778,11844,12198,12887,12001,13374,13841,17418,19005,25776,28258,30911,28735,20926,10834,3346,432,156083,19528,42
Vietnam,1966,449112,85944,135324,49380,21139,9998,11184,24797,25682,28032,37286,55939,62100,33469,4129,12425,12372,13182,12500,13763,14269,17814,19472,26324,29615,32057,30043,22007,11462,3626,503,156463,21182,40
Vietnam,1967,463222,85533,135987,50454,21693,10708,12497,25923,26610,29022,38393,57932,64653,35278,4487,13215,12708,13387,13223,14117,14905,18116,20277,26566,31366,33198,31455,23172,12106,3907,580,157680,23205,38
Vietnam,1968,562254,95465,158876,63411,27798,13847,18189,37195,35697,37302,46986,68301,74090,38981,4953,19391,17804,17652,18045,18031,19271,21912,25074,30640,37661,38218,35872,25765,13216,4282,671,186674,32036,39
Vietnam,1969,525776,92935,149051,56116,25138,12962,16813,33153,31155,33669,43314,64247,71793,39254,5184,17821,15332,14971,16184,16073,17596,19858,23456,28013,36234,36800,34993,25792,13462,4451,733,174189,29775,42
Vietnam,1970,535630,94383,150634,56251,25266,13394,17435,35129,31025,34086,43728,64892,73774,40733,5483,19618,15511,14679,16346,16233,17853,19933,23795,27960,36932,37858,35916,26691,14042,4687,796,175900,30829,49
Vietnam,1971,536499,95789,151040,55251,24697,13352,17734,35733,29834,33660,43217,64345,75073,41984,5769,20476,15257,14003,15831,16093,17567,19743,23474,27719,36626,38673,36400,27400,14584,4914,855,175737,31086,57
Vietnam,1972,639917,107083,176799,69716,30122,16207,23911,50461,37824,41986,51380,73711,85477,45768,6206,29618,20843,17985,19839,20504,21482,23920,27460,32581,41130,44895,40582,29989,15779,5276,930,206921,40118,65
Vietnam,1973,562481,101946,160234,58288,24304,13596,19693,40935,29412,34799,43933,64847,79623,44713,6320,24384,16551,14050,15362,17185,17614,20689,23244,29131,35716,41930,37693,28996,15717,5353,967,184538,33289,72
Vietnam,1974,596862,103224,166961,63737,25685,14443,22039,47536,31239,37388,46402,67531,84123,46767,6669,28136,19400,15195,16044,18681,18707,22165,24237,30984,36547,44549,39574,30279,16488,5638,1031,192646,36482,80
Vietnam,1975,445334,88494,129754,41260,16240,9556,13080,26112,17888,24295,33466,52590,71581,43972,6713,14992,11120,8638,9250,11926,12369,15863,17603,23870,28720,37025,34556,27987,15985,5654,1059,145994,22636,85
Vietnam,1976,416628,85699,122580,36881,13816,8259,11172,22130,14963,21359,30705,49599,70231,44684,7039,12507,9623,7292,7671,10309,11050,14468,16237,22317,27282,35566,34665,28228,16456,5918,1121,136396,19431,93
Vietnam,1977,421589,85450,121921,36471,13817,8136,11167,23236,14895,21310,30904,50141,72037,46450,7473,12977,10259,7388,7507,10049,11261,14406,16498,22217,27924,35482,36555,29191,17259,6276,1197,135738,19303,101
Vietnam,1978,422925,85873,121849,35976,13434,7679,10886,23917,14651,20832,30672,50146,72882,47964,7902,13176,10741,7412,7239,9510,11322,14083,16589,21731,28415,34719,38163,29973,17991,6627,1275,135283,18565,110
Vietnam,1979,424273,86164,121632,35468,12895,7214,10537,24165,14709,20246,30445,50220,73813,49895,8383,13215,10950,7697,7012,8983,11263,13828,16617,21367,28853,34262,39551,31102,18793,7020,1363,134527,17751,119
Vietnam,1980,430520,85915,121285,35370,13044,7054,10179,24659,15315,20129,30967,50910,75475,52461,8910,13379,11280,8342,6973,8741,11388,13998,16969,21483,29427,34576,40899,32721,19740,7451,1459,134329,17233,128
Vietnam,1981,432097,86428,121309,34881,12422,6749,9889,24515,15556,19420,30810,50874,76141,54863,9408,13128,11387,8704,6852,8338,11082,13972,16838,21495,29379,34817,41324,34322,20541,7853,1555,133731,16638,137
Vietnam,1982,432201,86636,121229,34593,12207,6712,9689,24464,15981,18679,30572,50327,75703,56704,9792,12842,11622,9156,6825,8022,10657,14064,16508,21554,28773,35095,40608,35716,20988,8157,1635,133436,16401,145
Vietnam,1983,442332,86479,120969,34490,12624,7064,9712,25334,17189,18601,31343,51273,77407,60215,10448,13053,12281,10028,7161,8084,10517,14685,16658,22379,28894,36658,40749,38169,22046,8687,1761,133593,16776,157
Vietnam,1984,449130,85659,119785,34126,12657,7214,9631,25814,18311,18368,31858,52026,78812,63387,11096,13085,12729,10611,7700,8107,10261,15088,16770,23011,29015,37878,40934,40146,23241,9206,1890,132442,16845,170
Vietnam,1985,452026,84493,118319,33826,12365,7173,9453,25620,19147,17949,31945,52450,79791,66033,11589,12782,12838,10838,8309,8046,9903,15134,16811,23305,29145,38518,41273,41472,24561,9569,2020,130684,16626,184
Vietnam,1986,450706,82852,115857,33005,12315,7195,9420,25470,19943,17572,31715,52295,79574,67096,12057,12661,12809,11136,8807,8014,9558,14880,16835,23178,29117,38246,41328,41512,25584,9935,2122,128172,16615,196
Vietnam,1987,450499,80275,112090,31815,11858,6996,9406,24902,20702,17318,31617,52757,80707,69130,12796,12375,12527,11397,9305,8040,9278,14485,17132,23064,29693,38131,42576,41757,27373,10504,2292,123948,16402,214
Vietnam,1988,457546,77519,107966,30447,12352,7256,9876,25279,22379,17843,32247,54205,82940,71374,13597,12461,12818,12110,10269,8465,9378,14318,17929,23314,30891,38371,44569,42033,29341,11125,2472,120318,17132,233
Vietnam,1989,450124,74725,103616,28891,11961,7044,9824,24347,22578,17839,31368,53593,82227,71332,14147,11965,12382,12100,10478,8762,9077,13539,17829,22755,30838,37436,44791,41207,30125,11547,2600,115577,16868,249
Vietnam,1990,456127,71627,98643,27016,12138,7217,10255,24708,23668,19014,31636,55042,84462,73806,15266,12199,12509,12620,11048,9755,9259,13395,18241,23255,31787,38226,46236,42269,31537,12449,2817,110781,17472,274
Vietnam,1991,447693,68256,93654,25398,11595,7005,10181,24111,23507,19226,30421,54302,83498,73847,16057,11991,12120,12359,11148,10156,9070,12752,17669,22991,31311,37874,45624,42280,31567,13087,2970,105249,17186,296
Vietnam,1992,453847,64031,87608,23577,11821,7285,10596,24953,24523,20624,30446,55821,85702,76645,17495,12585,12368,12612,11911,11190,9434,12783,17663,23974,31847,39389,46313,44371,32274,14290,3205,99429,17881,328
Vietnam,1993,443171,59255,81079,21824,11175,7052,10376,24398,24219,21108,28993,54961,84442,76645,18370,12592,11806,12226,11993,11687,9421,12313,16680,24021,30940,39447,44995,45000,31645,15007,3363,92254,17428,354
Vietnam,1994,447368,53850,73906,20056,11280,7272,10669,25140,25032,22781,28897,56299,86557,79392,19751,13205,11935,12426,12606,12538,10243,12467,16430,24884,31415,40914,45643,47005,32387,16076,3675,85186,17941,394
Vietnam,1995,436626,48009,66201,18192,10487,6951,10430,24664,24414,23428,27821,55573,86020,79744,20465,13109,11555,11927,12487,12571,10857,12198,15623,24555,31018,40787,45233,47171,32573,16519,3946,76688,17381,428
Vietnam,1996,441329,42918,59371,16453,10611,7138,10731,25533,24993,25185,28032,56749,88405,82476,21630,13618,11915,12140,12853,13322,11863,12521,15511,24822,31927,41765,46640,48406,34070,17256,4374,69982,17869,476
Vietnam,1997,442127,39234,54294,15060,10372,7081,10754,25701,24674,26489,27975,57193,89979,84554,22537,13637,12064,11976,12698,13779,12710,12731,15244,24388,32805,41930,48049,48802,35752,17697,4840,64666,17835,524
Vietnam,1998,443415,35926,48817,12891,9689,6790,10809,26274,24516,28095,28316,57729,91804,86665,23333,13807,12467,11815,12701,14330,13765,13165,15151,23793,33936,42054,49750,49067,37598,18033,5300,58506,17599,576
Vietnam,1999,447634,33939,45532,11593,9423,6741,10970,26957,24549,29469,29329,58037,93538,88525,23927,14036,12921,11805,12744,14869,14600,14135,15194,23209,34828,42331,51207,49476,39049,18470,5457,54955,17711,638
Vietnam,2000,455108,32669,43138,10469,9061,6695,11115,27580,24623,30584,30975,58341,95913,91203,25155,14261,13319,11900,12723,15355,15229,15581,15394,22832,35509,43167,52746,50719,40484,19284,5871,52199,17810,719
Vietnam,2001,460998,31552,41195,9643,8587,6588,11045,27979,24937,31649,32632,58106,97762,93390,26317,14334,13645,12129,12808,15642,16007,16940,15692,22502,35604,44114,53648,52077,41313,20155,6162,49782,17633,810
Vietnam,2002,468265,30935,39981,9046,8126,6513,10962,28367,25457,32662,34655,57584,99698,95717,27627,14439,13928,12554,12903,15764,16898,18498,16157,22340,35244,45572,54126,53928,41789,21254,6373,48107,17475,917
Vietnam,2003,473949,29891,38556,8665,7638,6393,10809,28496,25780,33503,36922,56685,101349,97868,28917,14443,14053,13005,12775,15833,17670,20138,16784,22259,34426,47108,54241,55829,42039,22379,6538,46194,17202,1027
Vietnam,2004,480744,29287,37699,8412,7244,6260,10674,28604,26198,34231,39489,55974,102988,100148,30112,14436,14168,13457,12741,15879,18352,21400,18089,22343,33631,48333,54655,57553,42595,23338,6774,44943,16934,1129
Vietnam,2005,488022,28298,36523,8225,6865,6010,10493,28523,26567,34683,42273,55693,104823,102996,31345,14324,14199,13797,12770,15798,18885,22336,19937,22607,33086,49152,55671,59221,43775,24209,7136,43388,16503,1224
Vietnam,2006,497887,27251,35329,8078,6781,5831,10469,28747,27365,35446,45383,55979,106824,105964,32463,14355,14392,14250,13115,16037,19409,23638,21745,23168,32811,49555,57269,60599,45365,24888,7575,42110,16300,1306
Vietnam,2007,506123,27071,34920,7849,6654,5527,10376,28715,28039,35653,48531,56373,108257,108373,33335,14242,14473,14511,13528,16112,19541,24882,23649,23808,32565,49038,59219,61204,47169,25269,8066,41574,15903,1370
Vietnam,2008,519603,27019,34685,7666,6792,5361,10447,29075,29142,36158,52407,57830,110361,111497,34406,14328,14747,14896,14246,16215,19943,26350,26057,25001,32829,48447,61914,62044,49453,25778,8628,41477,15808,1440
Vietnam,2009,529105,26756,34287,7531,6724,5060,10286,28894,29693,36138,55124,60000,111434,114406,35538,14171,14723,14986,14707,16150,19988,27397,27727,26916,33084,47555,63879,63004,51402,26442,9096,41011,15346,1525
Vietnam,2010,541404,26577,34011,7434,6732,4888,10187,29034,30420,36377,57537,63451,112421,117818,36905,14228,14806,15182,15238,16343,20034,28424,29113,29757,33694,47088,65333,64636,53182,27424,9481,40743,15075,1629
Vietnam,2011,547340,26605,33953,7348,6569,4692,9814,28722,30572,36451,59079,66190,111469,120052,38038,14102,14620,15112,15460,16470,19981,28754,30325,32056,34134,46237,65232,66037,54015,28344,9694,40522,14506,1734
Vietnam,2012,560457,26829,34131,7302,6561,4667,9512,28884,31136,37301,61164,70393,111211,123868,39756,14233,14651,15291,15845,17087,20214,29085,32079,35112,35281,46215,64996,68874,54994,29813,9943,40692,14179,1871
Vietnam,2013,571188,27023,34332,7309,6497,4631,9086,28798,31335,37725,62829,75063,110171,127321,41400,14232,14566,15330,16005,17695,20030,29240,33589,38332,36731,46303,63868,71720,55601,31245,10155,40829,13717,2003
Vietnam,2014,581456,26800,34104,7304,6432,4616,8667,28654,31469,38233,64198,80321,109322,130409,42921,14148,14506,15343,16126,18287,19946,29311,34887,40769,39552,46646,62676,73908,56501,32467,10454,40536,13283,2112
Vietnam,2015,594095,26554,33871,7317,6469,4659,8395,28601,31805,39115,65507,86404,109353,133300,44411,14008,14593,15449,16356,18954,20161,29380,36127,42716,43688,47417,61936,75338,57962,33530,10881,40340,13054,2203
Vietnam,2016,604864,26080,33383,7303,6527,4679,8210,28331,32007,40074,66526,92346,109602,135267,45634,13652,14679,15483,16524,19500,20574,29661,36865,44948,47398,48375,61227,75575,59692,34260,11374,39910,12889,2277
Vietnam,2017,618416,25611,32905,7294,6506,4633,8089,27817,32036,41145,67161,99387,111339,137941,47095,13107,14710,15416,16620,19883,21262,29935,37226,47535,51852,50039,61300,75404,62537,35027,12068,39411,12722,2361
Vietnam,2018,632414,25277,32468,7191,6595,4649,8118,27462,32269,42426,67505,106760,113896,139576,48250,12627,14835,15462,16807,20245,22181,29843,37662,49993,56767,52281,61615,74278,65298,35538,12712,39063,12767,2437
Vietnam,2019,642313,24983,32058,7075,6532,4585,8077,26641,32037,43146,67278,111974,118091,139929,49432,11995,14646,15306,16731,20304,22842,29635,37643,51778,60196,56136,61955,72780,67149,36193,13239,38590,12662,2534
Vietnam,2020,596182,24583,31546,6963,6396,4420,7158,22812,28270,38401,58427,104194,115182,128635,48144,10130,12682,13491,14779,18012,20389,25961,32466,47334,56860,56906,58276,66495,62140,34992,13152,37942,11578,2597
Vietnam,2021,713131,23910,30705,6795,6308,4424,7573,23694,31078,44866,70584,130332,146592,157403,56647,10503,13191,14677,16401,20488,24378,31163,39421,58324,72008,74457,72135,80488,76915,41799,14848,37013,11997,2921
Wallis and Futuna,1950,154,44,68,24,7,5,5,10,10,10,10,10,8,0,0,5,5,5,5,5,5,5,5,5,5,5,3,0,0,0,0,75,10,0
Wallis and Futuna,1951,156,45,68,23,7,5,5,10,10,10,10,10,9,0,0,5,5,5,5,5,5,5,5,5,5,5,4,0,0,0,0,75,10,0
Wallis and Futuna,1952,159,46,68,22,7,5,5,10,10,10,10,10,10,0,0,5,5,5,5,5,5,5,5,5,5,5,5,0,0,0,0,75,10,0
Wallis and Futuna,1953,162,48,70,22,7,5,5,15,10,10,10,10,10,0,0,10,5,5,5,5,5,5,5,5,5,5,5,0,0,0,0,77,10,0
Wallis and Futuna,1954,165,50,73,23,7,5,6,17,10,10,10,10,9,1,0,10,7,5,5,5,5,5,5,5,5,5,4,1,0,0,0,80,11,0
Wallis and Futuna,1955,167,49,72,23,7,5,5,10,10,10,10,10,10,0,0,5,5,5,5,5,5,5,5,5,5,5,5,0,0,0,0,79,10,0
Wallis and Futuna,1956,166,47,70,23,6,5,5,10,10,10,10,10,10,1,0,5,5,5,5,5,5,5,5,5,5,5,5,1,0,0,0,76,10,0
Wallis and Futuna,1957,165,45,67,22,6,5,5,10,10,10,15,14,11,2,0,5,5,5,5,5,5,5,10,8,6,6,5,2,0,0,0,73,10,0
Wallis and Futuna,1958,164,42,64,22,6,5,5,10,10,10,15,18,18,2,0,5,5,5,5,5,5,5,10,10,8,10,8,2,0,0,0,70,10,0
Wallis and Futuna,1959,161,39,60,21,6,5,5,10,10,10,15,20,19,3,0,5,5,5,5,5,5,5,10,10,10,10,9,3,0,0,0,66,10,0
Wallis and Futuna,1960,159,37,57,20,6,5,5,10,10,10,15,20,20,4,0,5,5,5,5,5,5,5,10,10,10,10,10,4,0,0,0,63,10,0
Wallis and Futuna,1961,155,34,51,17,6,4,5,10,10,10,15,20,20,5,0,5,5,5,5,5,5,5,10,10,10,10,10,5,0,0,0,57,9,0
Wallis and Futuna,1962,152,31,47,16,6,3,5,10,10,10,15,20,20,5,0,5,5,5,5,5,5,5,10,10,10,10,10,5,0,0,0,53,8,0
Wallis and Futuna,1963,148,30,45,15,6,2,5,10,10,10,14,20,20,6,0,5,5,5,5,5,5,5,9,10,10,10,10,6,0,0,0,51,7,0
Wallis and Futuna,1964,146,30,44,14,6,3,5,10,10,10,13,20,20,8,0,5,5,5,5,5,5,5,8,10,10,10,10,7,1,0,0,50,8,0
Wallis and Futuna,1965,145,29,42,13,5,5,5,10,10,10,12,20,20,7,0,5,5,5,5,5,5,5,7,10,10,10,10,6,1,0,0,47,10,0
Wallis and Futuna,1966,142,31,45,14,5,5,5,10,10,10,11,20,16,7,0,5,5,5,5,5,5,5,6,10,10,10,6,5,2,0,0,50,10,0
Wallis and Futuna,1967,139,33,48,15,5,5,5,10,10,10,11,20,14,7,0,5,5,5,5,5,5,5,6,10,10,8,6,5,2,0,0,53,10,0
Wallis and Futuna,1968,134,34,49,15,5,5,5,10,10,10,10,17,11,5,0,5,5,5,5,5,5,5,5,9,8,5,6,2,3,0,0,54,10,0
Wallis and Futuna,1969,129,35,50,15,5,3,5,10,10,10,17,10,10,0,0,5,5,5,5,5,5,7,10,5,5,5,5,0,0,0,0,55,8,0
Wallis and Futuna,1970,127,35,50,15,5,2,5,10,10,10,17,13,10,1,0,5,5,5,5,5,5,7,10,8,5,5,5,1,0,0,0,55,7,0
Wallis and Futuna,1971,126,34,48,14,5,1,5,10,10,10,17,15,10,2,0,5,5,5,5,5,5,7,10,10,5,5,5,2,0,0,0,53,6,0
Wallis and Futuna,1972,124,33,45,12,5,1,5,10,10,10,18,16,10,3,0,5,5,5,5,5,5,8,10,10,6,5,5,3,0,0,0,50,6,0
Wallis and Futuna,1973,122,32,44,12,4,1,5,10,10,10,17,17,10,4,0,5,5,5,5,5,5,7,10,10,7,5,5,4,0,0,0,48,6,0
Wallis and Futuna,1974,120,29,40,11,3,1,5,10,10,10,17,18,10,5,0,5,5,5,5,5,5,7,10,10,8,5,5,5,0,0,0,43,6,0
Wallis and Futuna,1975,116,26,36,10,3,0,5,10,10,10,16,20,12,5,0,5,5,5,5,5,5,6,10,10,10,7,5,5,0,0,0,39,5,0
Wallis and Futuna,1976,113,24,34,10,3,0,5,9,10,10,15,20,13,5,0,5,4,5,5,5,5,5,10,10,10,8,5,5,0,0,0,37,5,0
Wallis and Futuna,1977,113,24,32,8,3,0,4,8,10,10,14,20,13,5,0,5,3,5,5,5,5,5,9,10,10,7,6,5,0,0,0,35,4,0
Wallis and Futuna,1978,114,25,33,8,3,0,4,8,10,10,13,20,13,6,0,5,3,5,5,5,5,5,8,10,10,7,6,5,1,0,0,36,4,0
Wallis and Futuna,1979,113,24,31,7,3,0,3,9,9,10,13,23,13,5,0,5,4,4,5,5,5,5,8,12,11,8,5,4,1,0,0,34,3,0
Wallis and Futuna,1980,112,22,29,7,2,0,2,9,8,10,13,23,14,5,0,5,4,3,5,5,5,5,8,11,12,9,5,5,0,0,0,31,2,0
Wallis and Futuna,1981,113,23,30,7,2,0,1,5,7,10,13,24,15,6,0,5,0,2,5,5,5,5,8,11,13,10,5,5,1,0,0,32,1,0
Wallis and Futuna,1982,111,22,29,7,1,0,0,3,6,10,13,25,15,6,0,3,0,1,5,5,5,5,8,10,15,10,5,4,2,0,0,30,0,0
Wallis and Futuna,1983,110,20,27,7,1,0,0,0,5,10,13,24,16,6,0,0,0,0,5,5,5,5,8,10,14,11,5,4,2,0,0,28,0,0
Wallis and Futuna,1984,107,19,25,6,1,0,0,0,4,10,12,23,18,5,0,0,0,0,4,5,5,5,7,10,13,12,6,4,1,0,0,26,0,0
Wallis and Futuna,1985,103,18,23,5,1,0,0,0,3,10,11,22,18,5,0,0,0,0,3,5,5,5,6,10,12,12,6,5,0,0,0,24,0,0
Wallis and Futuna,1986,101,18,23,5,0,0,0,0,2,10,10,21,20,6,0,0,0,0,2,5,5,5,5,10,11,13,7,5,1,0,0,23,0,0
Wallis and Futuna,1987,96,17,21,4,0,0,0,0,0,10,10,19,21,7,0,0,0,0,0,5,5,5,5,9,10,13,8,5,2,0,0,21,0,0
Wallis and Futuna,1988,82,12,14,2,0,0,0,0,0,4,10,18,18,7,0,0,0,0,0,0,4,5,5,8,10,10,8,5,2,0,0,14,0,0
Wallis and Futuna,1989,80,11,13,2,0,0,0,0,0,3,10,17,18,8,0,0,0,0,0,0,3,5,5,7,10,10,8,5,3,0,0,13,0,0
Wallis and Futuna,1990,72,10,11,1,0,0,0,0,0,2,10,14,19,8,0,0,0,0,0,0,2,5,5,5,9,10,9,5,3,0,0,11,0,0
Wallis and Futuna,1991,78,10,12,2,0,0,0,0,0,4,10,16,20,8,0,0,0,0,0,0,4,5,5,6,10,10,10,5,3,0,0,12,0,0
Wallis and Futuna,1992,79,10,12,2,0,0,0,0,0,5,10,15,20,9,0,0,0,0,0,0,5,5,5,5,10,10,10,6,3,0,0,12,0,0
Wallis and Futuna,1993,84,9,11,2,0,0,0,0,0,6,10,15,20,11,0,0,0,0,0,1,5,5,5,5,10,10,10,7,4,0,0,11,0,0
Wallis and Futuna,1994,80,8,10,2,0,0,0,0,0,5,10,14,20,12,0,0,0,0,0,0,5,5,5,5,9,10,10,7,5,0,0,10,0,0
Wallis and Futuna,1995,81,7,8,1,0,0,0,0,0,5,10,14,20,12,0,0,0,0,0,0,5,5,5,5,9,10,10,8,4,0,0,8,0,0
Wallis and Futuna,1996,75,6,7,1,0,0,0,0,0,3,10,12,20,13,0,0,0,0,0,0,3,5,5,5,7,10,10,9,4,0,0,7,0,0
Wallis and Futuna,1997,77,7,7,0,0,0,0,0,0,3,10,12,20,15,0,0,0,0,0,0,3,5,5,5,7,10,10,10,5,0,0,7,0,0
Wallis and Futuna,1998,76,5,5,0,0,0,0,0,0,3,10,14,20,15,0,0,0,0,0,0,3,5,5,6,8,10,10,10,5,0,0,5,0,0
Wallis and Futuna,1999,72,5,5,0,0,0,0,0,0,2,10,10,20,16,1,0,0,0,0,0,2,5,5,5,5,10,10,10,6,1,0,5,0,0
Wallis and Futuna,2000,73,5,5,0,0,0,0,0,0,2,10,12,20,16,1,0,0,0,0,0,2,5,5,5,7,10,10,10,6,1,0,5,0,0
Wallis and Futuna,2001,69,4,4,0,0,0,0,0,0,1,10,11,19,17,2,0,0,0,0,0,1,5,5,5,6,10,9,10,7,2,0,4,0,0
Wallis and Futuna,2002,70,4,4,0,0,0,0,0,0,1,10,11,20,17,2,0,0,0,0,0,1,5,5,5,6,10,10,10,7,2,0,4,0,0
Wallis and Futuna,2003,71,4,4,0,0,0,0,0,0,1,10,14,20,18,3,0,0,0,0,0,1,5,5,7,7,10,10,10,8,3,0,4,0,0
Wallis and Futuna,2004,72,3,3,0,0,0,0,0,0,1,10,15,20,18,3,0,0,0,0,0,1,5,5,6,9,10,10,10,8,3,0,3,0,0
Wallis and Futuna,2005,77,3,3,0,0,0,0,0,0,1,10,16,20,16,4,0,0,0,0,0,1,5,5,6,10,10,10,9,7,4,0,3,0,0
Wallis and Futuna,2006,71,3,3,0,0,0,0,0,0,0,10,15,20,17,4,0,0,0,0,0,0,5,5,5,10,10,10,9,8,4,0,3,0,0
Wallis and Futuna,2007,69,3,3,0,0,0,0,0,0,0,9,13,20,14,5,0,0,0,0,0,0,4,5,5,8,10,10,8,6,5,0,3,0,0
Wallis and Futuna,2008,67,2,2,0,0,0,0,0,0,0,9,14,20,13,5,0,0,0,0,0,0,4,5,6,8,10,10,8,5,5,0,2,0,0
Wallis and Futuna,2009,70,2,2,0,0,0,0,0,0,1,10,15,20,14,6,0,0,0,0,0,1,5,5,8,7,10,10,9,5,5,1,2,0,0
Wallis and Futuna,2010,82,3,3,0,0,0,0,0,0,1,10,20,21,15,6,0,0,0,0,0,1,5,5,10,10,11,10,10,5,5,1,3,0,0
Wallis and Futuna,2011,71,2,2,0,0,0,0,0,0,0,10,17,20,15,6,0,0,0,0,0,0,5,5,7,10,10,10,10,5,5,1,2,0,0
Wallis and Futuna,2012,73,2,2,0,0,0,0,0,0,0,9,17,20,16,6,0,0,0,0,0,0,4,5,7,10,10,10,10,6,5,1,2,0,0
Wallis and Futuna,2013,78,2,2,0,0,0,0,0,0,0,10,18,21,17,6,0,0,0,0,0,0,5,5,8,10,11,10,10,7,5,1,2,0,0
Wallis and Futuna,2014,75,2,2,0,0,0,0,0,0,0,9,17,20,17,6,0,0,0,0,0,0,4,5,7,10,10,10,10,7,5,1,2,0,0
Wallis and Futuna,2015,74,2,2,0,0,0,0,0,0,0,9,16,20,16,3,0,0,0,0,0,0,4,5,6,10,10,10,10,6,3,0,2,0,0
Wallis and Futuna,2016,74,2,2,0,0,0,0,0,0,0,8,16,21,16,4,0,0,0,0,0,0,3,5,6,10,10,11,10,6,4,0,2,0,0
Wallis and Futuna,2017,81,2,2,0,0,0,0,0,0,0,8,17,25,18,4,0,0,0,0,0,0,3,5,7,10,12,13,11,7,4,0,2,0,1
Wallis and Futuna,2018,81,2,2,0,0,0,0,0,0,1,9,17,24,19,4,0,0,0,0,0,1,4,5,7,10,12,12,12,7,4,0,2,0,1
Wallis and Futuna,2019,72,1,1,0,0,0,0,0,0,0,6,14,21,19,4,0,0,0,0,0,0,1,5,5,9,11,10,12,7,4,0,1,0,1
Wallis and Futuna,2020,80,2,2,0,0,0,0,0,0,0,9,15,22,22,5,0,0,0,0,0,0,4,5,5,10,11,11,14,8,5,0,2,0,1
Wallis and Futuna,2021,86,1,1,0,0,0,0,0,0,0,10,18,26,23,6,0,0,0,0,0,0,5,5,8,10,13,13,14,9,5,1,1,0,1
Western Sahara,1950,363,135,198,63,13,10,10,20,20,20,20,20,18,4,0,10,10,10,10,10,10,10,10,10,10,10,8,3,1,0,0,211,20,0
Western Sahara,1951,397,151,218,67,13,10,10,29,27,20,20,20,19,3,0,14,15,15,12,10,10,10,10,10,10,10,9,3,0,0,0,231,20,0
Western Sahara,1952,436,171,241,70,14,10,11,30,30,24,20,28,18,4,0,15,15,15,15,14,10,10,10,15,13,10,8,4,0,0,0,255,21,0
Western Sahara,1953,479,192,268,76,15,10,12,37,31,30,30,30,20,5,0,17,20,16,15,15,15,15,15,15,15,12,8,5,0,0,0,283,22,0
Western Sahara,1954,525,213,298,85,15,10,12,39,37,30,30,30,22,6,0,19,20,20,17,15,15,15,15,15,15,14,8,5,1,0,0,313,22,0
Western Sahara,1955,575,236,330,94,16,10,13,44,40,32,30,30,24,6,0,19,25,20,20,17,15,15,15,15,15,15,9,5,1,0,0,346,23,0
Western Sahara,1956,629,259,364,105,16,10,13,47,47,35,30,30,26,6,0,22,25,25,22,20,15,15,15,15,15,15,11,5,1,0,0,380,23,0
Western Sahara,1957,686,283,399,116,17,10,14,51,53,41,32,30,27,7,0,23,28,28,25,21,20,17,15,15,15,15,12,6,1,0,0,416,24,0
Western Sahara,1958,745,306,433,127,19,10,15,54,57,44,40,36,28,8,0,24,30,30,27,24,20,20,20,20,16,15,13,7,1,0,0,452,25,0
Western Sahara,1959,807,331,470,139,22,10,15,59,65,47,40,38,29,9,0,26,33,35,30,26,21,20,20,20,18,15,14,8,1,0,0,492,25,0
Western Sahara,1960,870,351,502,151,23,10,15,61,72,54,43,40,34,14,0,26,35,38,34,29,25,23,20,20,20,19,15,9,5,0,0,525,25,0
Western Sahara,1961,933,368,530,162,25,10,17,67,77,58,46,41,35,16,6,29,38,40,37,32,26,25,21,21,20,20,15,11,5,5,1,555,27,0
Western Sahara,1962,996,384,555,171,29,12,17,72,87,66,52,48,37,17,9,31,41,45,42,36,30,27,25,25,23,20,17,11,6,5,4,584,29,0
Western Sahara,1963,1061,401,581,180,30,14,17,76,96,72,56,50,39,19,10,33,43,50,46,40,32,30,26,25,25,21,18,12,7,5,5,611,31,1
Western Sahara,1964,1127,419,607,188,35,15,17,81,104,79,63,55,42,21,10,34,47,54,50,43,36,33,30,30,25,23,19,13,8,5,5,642,32,2
Western Sahara,1965,1196,436,634,198,37,16,19,85,112,88,66,57,48,21,10,35,50,57,55,48,40,35,31,30,27,25,23,13,8,5,5,671,35,2
Western Sahara,1966,1270,456,662,206,39,17,19,90,120,96,74,64,51,24,10,37,53,60,60,53,43,39,35,34,30,27,24,15,9,5,5,701,36,2
Western Sahara,1967,1348,478,694,216,42,20,21,96,130,106,80,67,54,25,10,40,56,65,65,58,48,43,37,35,32,29,25,16,9,5,5,736,41,2
Western Sahara,1968,1432,499,736,237,48,25,26,97,127,106,84,78,66,30,10,42,55,63,64,58,48,44,40,40,38,35,31,20,10,5,5,784,51,2
Western Sahara,1969,1513,512,767,255,53,30,32,100,120,106,85,90,80,38,6,46,54,60,60,57,49,45,40,45,45,42,38,26,12,5,1,820,62,1
Western Sahara,1970,1585,521,785,264,57,35,39,107,120,105,90,98,98,50,4,51,56,60,60,56,49,45,45,48,50,50,48,33,17,4,0,842,74,1
Western Sahara,1971,1639,520,777,257,62,38,44,117,116,102,90,105,115,64,6,57,60,60,56,54,48,45,45,50,55,56,59,43,21,6,0,839,82,1
Western Sahara,1972,1618,527,784,257,62,38,45,109,105,96,88,106,111,61,6,54,55,55,50,50,46,45,43,51,55,55,56,40,21,6,0,846,83,0
Western Sahara,1973,1565,504,763,259,62,36,46,105,94,90,86,110,111,59,7,55,50,49,45,45,45,45,41,51,59,58,53,39,20,7,0,825,82,0
Western Sahara,1974,1492,476,722,246,62,35,45,102,81,80,83,109,109,53,7,55,47,41,40,40,40,43,40,49,60,59,50,36,17,7,0,784,80,0
Western Sahara,1975,1930,448,669,221,58,37,92,313,195,144,120,122,118,54,7,171,142,108,87,75,69,63,57,55,67,65,53,36,18,7,0,727,129,0
Western Sahara,1976,1366,335,494,159,43,28,61,207,131,99,86,84,88,39,5,112,95,72,59,52,47,45,41,38,46,49,39,26,13,5,0,537,89,0
Western Sahara,1977,1538,394,579,185,50,34,65,218,141,107,98,94,101,45,5,118,100,77,64,56,51,50,48,43,51,56,45,30,15,5,0,629,99,0
Western Sahara,1978,1695,447,654,207,54,38,70,225,148,115,109,107,116,53,5,120,105,81,67,60,55,55,54,50,57,63,53,36,17,5,0,708,108,0
Western Sahara,1979,2226,529,739,210,53,39,102,397,251,166,140,122,132,66,20,206,191,141,110,89,77,72,68,60,62,71,61,42,24,12,8,792,141,2
Western Sahara,1980,2476,632,853,221,51,39,105,436,286,181,149,130,137,73,29,221,215,164,122,97,84,76,73,67,63,72,65,46,27,17,12,904,144,4
Western Sahara,1981,2354,690,932,242,51,38,84,336,241,158,140,126,138,75,29,166,170,136,105,85,73,70,70,65,61,71,67,46,29,17,12,983,122,5
Western Sahara,1982,2425,706,968,262,50,38,82,341,255,167,142,132,138,75,28,165,176,145,110,90,77,72,70,69,63,69,69,46,29,17,11,1018,120,5
Western Sahara,1983,2437,700,975,275,49,35,82,337,265,171,149,134,137,78,23,160,177,150,115,92,79,75,74,70,64,69,68,50,28,14,9,1024,117,4
Western Sahara,1984,2415,683,961,278,50,33,79,327,269,176,150,141,137,77,18,154,173,152,117,96,80,75,75,74,67,68,69,50,27,13,5,1011,112,3
Western Sahara,1985,2384,661,934,273,53,33,77,311,271,179,150,145,134,76,17,146,165,150,121,97,82,75,75,75,70,67,67,50,26,12,5,987,110,2
Western Sahara,1986,2346,633,897,264,57,32,76,301,274,183,154,149,133,75,14,143,158,150,124,99,84,78,76,77,72,66,67,50,25,10,4,954,108,2
Western Sahara,1987,2340,605,859,254,61,31,76,300,284,193,160,155,133,75,12,142,158,154,130,105,88,80,80,80,75,67,66,50,25,9,3,920,107,1
Western Sahara,1988,2118,580,822,242,64,31,59,221,229,171,150,155,132,74,11,106,115,120,109,92,79,75,75,79,76,68,64,49,25,9,2,886,90,1
Western Sahara,1989,2182,556,786,230,66,31,63,248,255,188,160,163,136,74,11,120,128,133,122,101,87,80,80,83,80,72,64,49,25,9,2,852,94,1
Western Sahara,1990,1789,529,748,219,65,31,37,108,145,138,140,155,134,73,10,51,57,70,75,72,66,69,71,77,78,73,61,48,25,9,1,813,68,0
Western Sahara,1991,1763,493,702,209,66,33,37,107,145,144,143,159,139,75,10,51,56,68,77,74,70,70,73,79,80,76,63,50,25,9,1,768,70,0
Western Sahara,1992,1736,457,655,198,65,35,36,105,144,152,151,167,146,75,10,50,55,66,78,78,74,75,76,82,85,80,66,50,25,9,1,720,71,0
Western Sahara,1993,1724,437,621,184,62,38,37,103,142,155,155,174,151,76,10,48,55,64,78,80,75,75,80,85,89,83,68,49,27,9,1,683,75,0
Western Sahara,1994,1717,421,591,170,62,40,37,99,137,161,162,178,158,78,10,47,52,61,76,81,80,80,82,88,90,88,70,50,28,9,1,653,77,0
Western Sahara,1995,1713,406,564,158,58,41,39,97,133,167,170,187,168,80,10,46,51,59,74,84,83,85,85,92,95,93,75,52,28,9,1,622,80,0
Western Sahara,1996,1768,402,551,149,55,41,43,103,135,177,180,197,178,86,21,48,55,60,75,87,90,90,90,97,100,98,80,55,31,14,7,606,84,1
Western Sahara,1997,1837,402,545,143,53,41,48,109,137,185,191,207,194,95,28,52,57,62,75,90,95,95,96,102,105,104,90,60,35,18,10,598,89,3
Western Sahara,1998,1903,403,541,138,50,39,52,114,140,192,203,219,207,104,34,54,60,65,75,92,100,100,103,108,111,112,95,64,40,19,15,591,91,5
Western Sahara,1999,1967,405,538,133,46,38,55,120,143,199,220,233,222,113,37,58,62,67,76,94,105,110,110,114,119,119,103,71,42,22,15,584,93,6
Western Sahara,2000,2028,403,532,129,44,37,55,124,146,205,231,246,234,122,40,61,63,69,77,95,110,115,116,121,125,124,110,77,45,24,16,576,92,7
Western Sahara,2001,2091,401,528,127,42,34,55,133,151,209,249,262,250,130,43,67,66,72,79,95,114,124,125,129,133,133,117,83,47,26,17,570,89,8
Western Sahara,2002,2148,396,517,121,40,33,55,137,153,214,261,277,264,142,44,71,66,73,80,96,118,129,132,137,140,139,125,91,51,27,17,557,88,8
Western Sahara,2003,2207,393,509,116,39,30,53,144,157,216,278,293,281,152,46,74,70,75,82,96,120,137,141,145,148,148,133,98,54,28,18,548,83,8
Western Sahara,2004,2261,387,497,110,38,28,52,147,158,220,294,311,296,162,50,77,70,75,83,96,124,144,150,155,156,156,140,104,58,31,19,535,80,9
Western Sahara,2005,2318,382,488,106,37,27,51,151,162,222,310,329,312,172,50,77,74,77,85,97,125,150,160,164,165,164,148,110,62,31,19,525,78,9
Western Sahara,2006,2376,374,475,101,37,26,48,156,164,228,324,349,329,182,51,78,78,77,87,101,127,155,169,174,175,174,155,116,66,31,20,512,74,9
Western Sahara,2007,2441,374,469,95,36,25,45,154,167,228,339,370,349,195,54,74,80,78,89,101,127,160,179,185,185,184,165,125,70,34,20,505,70,9
Western Sahara,2008,2504,371,461,90,34,23,42,156,167,231,356,396,368,208,56,74,82,78,89,102,129,166,190,196,200,194,174,133,75,35,21,495,65,9
Western Sahara,2009,2551,360,446,86,34,22,41,152,168,234,366,418,388,219,57,70,82,79,89,105,129,168,198,208,210,205,183,139,80,36,21,480,63,9
Western Sahara,2010,2605,348,429,81,32,21,36,146,171,239,377,443,409,231,58,65,81,81,90,107,132,171,206,220,223,216,193,147,84,37,21,461,57,9
Western Sahara,2011,2672,342,420,78,32,21,35,143,173,241,388,469,435,243,61,64,79,83,90,109,132,174,214,234,235,230,205,155,88,40,21,452,56,9
Western Sahara,2012,2750,338,412,74,31,21,35,138,177,246,399,498,461,257,64,60,78,85,92,110,136,176,223,248,250,244,217,164,93,43,21,443,56,9
Western Sahara,2013,2804,308,379,71,31,21,34,133,180,253,408,526,487,274,67,57,76,87,93,113,140,179,229,261,265,259,228,174,100,45,22,410,55,9
Western Sahara,2014,2888,300,368,68,31,21,33,129,182,260,419,560,518,288,71,55,74,88,94,115,145,181,238,275,285,275,243,183,105,48,23,399,54,9
Western Sahara,2015,2962,292,356,64,30,21,33,124,185,266,427,591,550,304,71,52,72,88,97,117,149,186,241,289,302,294,256,194,110,48,23,386,54,9
Western Sahara,2016,3040,283,343,60,29,21,32,118,187,270,437,623,584,319,73,50,68,87,100,117,153,191,246,301,322,312,272,204,115,49,24,372,53,9
Western Sahara,2017,3126,275,332,57,28,21,32,112,186,277,446,654,619,336,75,48,64,85,101,121,156,195,251,312,342,330,289,215,121,51,24,360,53,9
Western Sahara,2018,3220,267,322,55,28,21,32,107,187,282,456,685,660,355,76,46,61,85,102,121,161,201,255,323,362,353,307,228,127,52,24,350,53,9
Western Sahara,2019,3318,259,311,52,27,21,32,104,185,288,469,715,704,375,80,46,58,80,105,124,164,207,262,333,382,376,328,240,135,56,24,338,53,9
Western Sahara,2020,3422,252,303,51,27,20,32,102,185,294,483,743,751,397,79,45,57,80,105,127,167,215,268,341,402,402,349,256,141,56,23,330,52,8
Western Sahara,2021,3497,243,290,47,26,20,32,97,178,301,494,765,794,415,78,44,53,75,103,131,170,220,274,347,418,426,368,269,146,57,21,316,52,7
World,1950,48788536,13109145,19780140,6670996,1608540,926894,1086284,2611153,2492302,2962036,3738863,5145521,5229524,2794214,404895,1324553,1286600,1205346,1286956,1421592,1540444,1765590,1973273,2469892,2675629,2725052,2504472,1822669,971545,330458,74437,21388680,2013178,8168
World,1951,48514550,13086528,19825046,6738518,1599655,900232,1050830,2489828,2403328,2914305,3729121,5128967,5267885,2800038,396502,1261796,1228032,1161339,1241989,1389279,1525026,1758633,1970488,2449923,2679044,2736905,2530980,1827775,972263,329331,67171,21424700,1951062,8814
World,1952,47646612,13215704,19875696,6659992,1539630,861492,997181,2327159,2273289,2816089,3661026,5020000,5155769,2729492,380946,1176006,1151153,1099182,1174107,1332650,1483439,1725607,1935419,2381924,2638076,2687410,2468359,1788308,941184,318078,62868,21415326,1858673,8841
World,1953,47499084,13117346,19780604,6663257,1639231,836466,977297,2284708,2228780,2782393,3652459,4995010,5169917,2760476,382984,1149462,1135246,1087238,1141542,1311978,1470415,1719617,1932842,2345091,2649919,2703888,2466029,1814469,946007,320538,62446,21419834,1813763,8757
World,1954,47002804,13122414,19781856,6659441,1558788,806576,943437,2222038,2170701,2730859,3624453,4943585,5106520,2727049,378626,1113378,1108660,1068597,1102104,1281341,1449518,1710346,1914107,2302725,2640860,2687037,2419483,1798177,928872,316991,61635,21340644,1750013,8318
World,1955,46966096,13056748,19665904,6609157,1581507,796614,928880,2202882,2156071,2716955,3648739,4971106,5147264,2759735,382652,1101788,1101094,1066301,1089770,1269086,1447869,1721460,1927279,2314589,2656517,2713162,2434102,1816881,942854,319684,62968,21247412,1725494,7789
World,1956,46806576,12819310,19374102,6554792,1607280,789228,911156,2182385,2144885,2691994,3671607,4997150,5216504,2819983,392601,1091441,1090944,1061730,1083155,1252432,1439562,1726016,1945591,2337672,2659478,2745444,2471060,1859064,960919,327007,65594,20981382,1700384,7695
World,1957,47269070,12970293,19500892,6530599,1661010,801062,903562,2184152,2161926,2695573,3737723,5080882,5305474,2835710,393296,1092243,1091909,1070663,1091263,1247402,1448171,1751302,1986421,2392973,2687909,2806181,2499293,1866396,969314,326828,66468,21161902,1704624,7807
World,1958,46782736,12724918,19171648,6446731,1705770,808283,884855,2162922,2159082,2653449,3723155,5017981,5275958,2820877,390835,1081735,1081187,1068563,1090519,1222007,1431442,1742626,1980529,2386916,2631065,2794184,2481774,1851355,969522,324305,66530,20877420,1693138,7919
World,1959,51327052,13359566,21160300,7800735,2135408,1013013,965993,2337510,2368613,2880848,4079590,5400835,5637789,2919351,418429,1165199,1172311,1167132,1201481,1319670,1561178,1902091,2177499,2588435,2812400,3003666,2634123,1909120,1010231,342823,75606,23295708,1979006,9371
World,1960,54973676,13837096,22514700,8677603,2603606,1228389,1045032,2490381,2555252,3088140,4378047,5727913,5890837,3009447,431827,1236508,1253873,1253328,1301924,1414076,1674064,2036867,2341180,2754476,2973437,3143194,2747643,1969819,1039628,355173,76654,25118304,2273421,10105
World,1961,50003184,12575446,19708236,7132791,2169827,1071220,961092,2313688,2386899,2856941,4095589,5441448,5611936,2949580,426293,1145147,1168541,1172628,1214271,1313325,1543616,1897505,2198084,2612240,2829208,2974508,2637428,1918894,1030686,350970,75323,21878064,2032312,10432
World,1962,46406404,12249068,18038980,5789911,1675703,871771,870304,2109534,2198786,2615464,3827383,5224615,5501959,3017118,443650,1038507,1071027,1077730,1121056,1209718,1405746,1762519,2064864,2495843,2728772,2873780,2628179,1948309,1068809,365473,78177,19714682,1742075,11137
World,1963,47279570,12941917,18710780,5768863,1665435,890977,883997,2093494,2207675,2615177,3841928,5299717,5554870,3053804,450602,1024245,1069249,1076117,1131558,1224577,1390600,1762369,2079559,2528647,2771070,2873473,2681397,1973558,1080246,372652,77950,20376216,1774974,11111
World,1964,47065424,12785379,18660306,5874927,1610662,893851,896245,2060071,2193479,2592428,3825417,5318284,5534568,3023552,445620,1005165,1054906,1064971,1128508,1229878,1362550,1750192,2075225,2544344,2773940,2848684,2685884,1961466,1062086,368769,76851,20270968,1790096,10943
World,1965,48459856,12762971,18995892,6232922,1664241,945881,953538,2150679,2282755,2671336,3925670,5504749,5723636,3156699,473351,1050361,1100318,1106880,1175875,1276397,1394939,1789890,2135780,2628995,2875754,2940070,2783566,2043362,1113337,391275,82076,20660134,1899419,11426
World,1966,48043572,12525510,18704558,6179048,1610848,944578,956929,2060222,2229058,2642010,3887879,5539874,5765299,3202974,487707,1008524,1051698,1074985,1154073,1261330,1380680,1760686,2127193,2636260,2903614,2975075,2790224,2074040,1128934,402366,85341,20315406,1901507,11635
World,1967,47915490,12296808,18420776,6123969,1595558,924583,957222,2020420,2193940,2644307,3875956,5628163,5855164,3282936,504513,999201,1021219,1056449,1137491,1258847,1385460,1738690,2137266,2667660,2960503,3042236,2812928,2128362,1154574,415865,88648,20016336,1881805,11948
World,1968,47947976,12256972,18140868,5883896,1599214,889881,958182,1982963,2153029,2646800,3855450,5730577,5998559,3447209,532824,995722,987241,1035727,1117302,1254141,1392659,1709935,2145515,2702036,3028541,3134610,2863949,2234703,1212506,438463,94361,19740082,1848063,12419
World,1969,48234880,12235864,18037184,5801320,1650667,869029,964066,1973186,2127500,2672503,3858501,5878120,6133276,3515826,542111,1008745,964441,1022647,1104853,1258333,1414170,1692795,2165706,2754898,3123222,3228896,2904380,2281439,1234387,445358,96753,19687852,1833095,12910
World,1970,48534130,12176500,17995756,5819255,1754039,878707,987469,1995893,2114537,2692000,3850239,5922383,6198824,3572340,558466,1038884,957009,1016323,1098214,1264457,1427543,1688324,2161915,2770875,3151508,3266546,2932278,2312228,1260112,458505,99961,19749794,1866176,13476
World,1971,49683950,12101104,18022370,5921266,1813339,868489,1063000,2260435,2255672,2822409,3939470,6041485,6352910,3649036,581170,1188861,1071574,1091465,1164207,1327614,1494795,1748523,2190947,2824132,3217353,3347336,3005574,2346482,1302554,475655,105515,19835708,1931489,14167
World,1972,47961810,11721442,17299092,5577649,1708319,821920,985750,2017413,2040885,2679400,3793285,5944089,6373559,3682566,600670,1075081,942332,971189,1069696,1245821,1433579,1698664,2094621,2763502,3180587,3344316,3029243,2347580,1334986,489833,110837,19007410,1807670,14859
World,1973,47680360,11511979,16954592,5442612,1666165,822883,976579,2028907,1992938,2658166,3751785,5929660,6473073,3777559,632124,1085206,943701,940256,1052682,1226156,1432010,1707385,2044400,2745721,3183939,3381186,3091887,2380759,1396800,514767,117357,18620756,1799462,15930
World,1974,47493920,11289039,16629735,5340696,1642435,843059,970980,2058553,1963434,2652012,3737024,5940854,6560516,3825084,653618,1097869,960684,920196,1043238,1214715,1437297,1730871,2006153,2740287,3200567,3429833,3130683,2394916,1430168,532187,121431,18272170,1814039,16616
World,1975,47592760,10978248,16219939,5241691,1635662,866442,983554,2153758,1973816,2678027,3766040,5980487,6709728,3924857,682521,1145489,1008269,923464,1050352,1219457,1458570,1756961,2009079,2743313,3237174,3493346,3216382,2456515,1468342,554725,127796,17855600,1849996,17931
World,1976,47407650,10698926,15734227,5035301,1619341,910441,987242,2163337,1951755,2671690,3789591,5971223,6829921,4036340,723094,1139917,1023420,913432,1038323,1211990,1459700,1768334,2021257,2718088,3253135,3537145,3292776,2523041,1513299,586013,137081,17353568,1897683,19446
World,1977,46745920,10444780,15291863,4847083,1555344,859136,932106,2106808,1881072,2624204,3807552,5930304,6914202,4086485,736903,1100071,1006737,887179,993893,1186932,1437272,1769386,2038166,2672730,3257574,3566757,3347445,2570659,1515826,596898,140005,16847208,1791242,19944
World,1978,46859944,10279201,14988035,4708834,1517896,834334,930199,2126064,1870275,2617159,3882057,5943734,7105270,4243010,781033,1101396,1024668,898355,971920,1185311,1431848,1793303,2088754,2647328,3296406,3641578,3463692,2681078,1561932,632609,148424,16505931,1764533,20879
World,1979,46913596,10204809,14771373,4566564,1480504,814611,931379,2115405,1861726,2597457,3942757,5937559,7261149,4363359,814545,1084871,1030534,913238,948488,1178743,1418714,1810588,2132169,2617268,3320291,3699389,3561760,2762767,1600592,658764,155781,16251877,1745990,21773
World,1980,47316612,10147477,14615233,4467756,1447929,802094,935622,2110189,1872083,2586869,4005868,5990154,7478815,4578132,869859,1069637,1040552,937471,934612,1174441,1412428,1833260,2172608,2632903,3357251,3790855,3687960,2895585,1682547,701136,168723,16063162,1737716,23765
World,1981,47388184,10069184,14453015,4383831,1419160,788800,942650,2112379,1889583,2564035,4026854,5987526,7570487,4717252,891274,1061586,1050793,962691,926892,1159382,1404653,1836305,2190549,2659045,3328481,3825068,3745419,2979390,1737862,715244,176030,15872175,1731450,25169
World,1982,47561960,10026248,14354534,4328286,1399171,777454,942831,2112415,1917138,2543799,4050155,6001574,7678638,4848176,909462,1057435,1054980,984139,932999,1139872,1403927,1833761,2216394,2709596,3291978,3865141,3813497,3060453,1787723,726622,182840,15753705,1720285,26613
World,1983,48133880,9931527,14312747,4381220,1401910,779158,936214,2117777,1961123,2536705,4097012,6055614,7862510,5082194,961727,1062636,1055141,1007828,953295,1122816,1413889,1837651,2259361,2789719,3265895,3939916,3922594,3193608,1888586,763667,198060,15714657,1715372,29187
World,1984,48341284,9850247,14188299,4338052,1391206,766455,929625,2129581,2011048,2528018,4115478,6086849,7960805,5214527,988743,1078877,1050704,1026788,984260,1106588,1421430,1828575,2286903,2856893,3229956,3973145,3987660,3273193,1941334,781982,206761,15579505,1696080,30651
World,1985,48685436,9771398,14049802,4278404,1386916,753728,925514,2128033,2054124,2507211,4126739,6144333,8091790,5436664,1047803,1090003,1038030,1039537,1014587,1089734,1417477,1817886,2308853,2901758,3242575,4005070,4086720,3391209,2045455,827512,220291,15436718,1679242,32781
World,1986,48487100,9693544,13871495,4177951,1363327,728733,917514,2116516,2075516,2467555,4089327,6181632,8043543,5523144,1074712,1096086,1020430,1041053,1034463,1076401,1391154,1795720,2293607,2912258,3269374,3947351,4096192,3429659,2093485,849794,224918,15234822,1646247,34087
World,1987,48634084,9568234,13649801,4081567,1351973,716281,924329,2141904,2130263,2473627,4110575,6295091,8037344,5651593,1114155,1110971,1030933,1060371,1069892,1092952,1380675,1805258,2305317,2956303,3338788,3895951,4141393,3492312,2159281,881195,232960,15001774,1640610,37151
World,1988,49284176,9496449,13636863,4140414,1369207,712586,927852,2170200,2185658,2498618,4143498,6468608,8081138,5865313,1183748,1116875,1053325,1077861,1107797,1127609,1371009,1823682,2319816,3020478,3448130,3862142,4218996,3602393,2262920,937617,246131,15006070,1640438,40886
World,1989,49064190,9281576,13254080,3972504,1321326,689161,904805,2134953,2178674,2499542,4134469,6575991,8070556,6024439,1232390,1084058,1050895,1062818,1115856,1155139,1344403,1825359,2309110,3047141,3528850,3811979,4258577,3682559,2341880,976805,255585,14575406,1593966,43806
World,1990,49619696,9182330,13107722,3925392,1315492,691236,905994,2180768,2223950,2555186,4165761,6721578,8169020,6235001,1301268,1096696,1084072,1072963,1150987,1211260,1343926,1843999,2321762,3109257,3612321,3853711,4315309,3797840,2437161,1031823,269445,14423214,1597230,46718
World,1991,50082060,8929694,12860984,3931290,1346853,708226,901443,2204552,2258909,2625311,4201434,6858522,8276634,6423411,1366987,1097850,1106702,1080456,1178453,1268058,1357253,1858308,2343126,3162930,3695592,3950646,4325988,3900575,2522836,1084301,282686,14207837,1609669,48793
World,1992,50181616,8679204,12504714,3825510,1323790,700699,893333,2237518,2303003,2702312,4217648,6952583,8323786,6549819,1422626,1108819,1128699,1098785,1204218,1318172,1384140,1853885,2363763,3187826,3764757,4049335,4274451,3963053,2586766,1128123,294503,13828504,1594032,49786
World,1993,50769036,8444330,12137743,3693413,1307493,700900,888623,2251675,2365127,2818493,4269549,7122182,8495123,6834417,1525568,1114240,1137435,1130387,1234740,1379277,1439216,1856574,2412975,3233663,3888519,4221537,4273586,4109839,2724578,1208435,317133,13445236,1589523,52143
World,1994,51519240,8271417,11853889,3582472,1307942,713652,931686,2364610,2517899,3003927,4336046,7244717,8613151,6995133,1583688,1169926,1194684,1215820,1302079,1466923,1537004,1866179,2469867,3261050,3983667,4368980,4244171,4188937,2806196,1254392,329296,13161831,1645338,52898
World,1995,51355460,8097466,11584666,3487200,1296143,696578,876728,2248234,2429548,3034268,4299414,7272528,8748075,7146473,1667237,1104937,1143297,1178444,1251104,1452133,1582135,1830210,2469204,3238787,4033741,4465181,4282894,4237530,2908943,1316503,350734,12880809,1573306,55568
World,1996,51518770,7907524,11302525,3395001,1289138,698981,881425,2259085,2450492,3110926,4291652,7309567,8931221,7205396,1730207,1103698,1155387,1199423,1251069,1470822,1640104,1830108,2461544,3241758,4067809,4552250,4378971,4223515,2981881,1362398,367809,12591663,1580406,58154
World,1997,51459176,7702731,10998068,3295337,1262553,696687,882618,2249967,2446916,3154238,4278073,7306878,9104179,7215414,1801679,1093692,1156275,1201165,1245751,1478635,1675603,1849154,2428919,3240463,4066415,4613939,4490240,4164201,3051213,1411886,389793,12260621,1579305,61907
World,1998,51761764,7534168,10775588,3241420,1253510,709138,903320,2292566,2494721,3226401,4294593,7309582,9324467,7231954,1879729,1112350,1180216,1218415,1276306,1503360,1723041,1901308,2393285,3251757,4057825,4688131,4636336,4107229,3124725,1467044,412685,12029098,1612458,66195
World,1999,51996610,7292478,10357844,3065366,1186460,688405,890064,2266790,2519240,3277843,4353367,7369061,9621511,7395100,1998972,1096119,1170671,1217623,1301617,1513770,1764073,1979540,2373827,3290985,4078076,4789067,4832444,4142466,3252634,1557330,441642,11544304,1578469,71952
World,2000,52099820,7122962,10060720,2937758,1141124,682671,883033,2241048,2543787,3308738,4422580,7389273,9805148,7479815,2066179,1083908,1157140,1220174,1323613,1511488,1797250,2070054,2352526,3310229,4079044,4863163,4941985,4193726,3286089,1607681,458498,11201844,1565704,75703
World,2001,52095280,6923976,9744295,2820319,1112784,675974,882721,2239629,2581848,3330453,4486489,7357976,9907717,7558841,2135992,1087145,1152484,1231265,1350583,1507674,1822779,2146457,2340032,3291050,4066926,4889331,5018386,4289545,3269296,1656384,479608,10857079,1558695,80562
World,2002,52481444,6717427,9426121,2708694,1090879,664856,879996,2231948,2603562,3360731,4593895,7391053,10123206,7781275,2247248,1089877,1142071,1237964,1365598,1507831,1852900,2219504,2374391,3278030,4113023,4951133,5172073,4493918,3287357,1739581,507667,10517000,1544852,86673
World,2003,52858470,6489807,9078619,2588812,1060891,648490,874384,2227672,2612853,3402150,4729479,7401681,10316792,8044659,2368025,1093532,1134140,1245265,1367588,1519427,1882723,2290008,2439471,3240914,4160767,4988652,5328140,4734168,3310491,1829193,538832,10139510,1522874,92774
World,2004,52965050,6301004,8812796,2511792,1060802,647515,880946,2238453,2621728,3442454,4863128,7381060,10365158,8162643,2393686,1103902,1134551,1248755,1372973,1542387,1900067,2337182,2525946,3194937,4186123,4973971,5391187,4884428,3278215,1844226,549460,9873598,1528461,94677
World,2005,53213356,6090090,8474813,2384723,1023696,621401,864170,2204451,2581825,3441396,4995089,7370559,10520629,8494603,2518911,1087809,1116642,1225847,1355978,1548441,1892955,2369207,2625882,3163592,4206967,5001930,5518699,5079879,3414724,1928453,590458,9498509,1485571,101811
World,2006,53015852,5892785,8158654,2265869,988214,593062,843114,2176502,2538894,3424540,5076103,7316229,10545686,8711836,2537531,1072695,1103807,1198681,1340213,1552123,1872417,2376222,2699881,3144801,4171428,4996636,5549050,5177719,3534117,1925319,612212,9146868,1436176,105484
World,2007,53391816,5729294,7894819,2165525,966595,578368,828395,2171260,2517747,3430367,5179736,7364369,10679129,9076308,2592460,1067874,1103386,1182638,1335109,1562274,1868093,2396592,2783144,3207182,4157187,5066510,5612619,5342300,3734008,1943871,648589,8861414,1406763,112263
World,2008,54037660,5581001,7681361,2100360,968865,580124,824942,2181690,2515821,3464796,5311735,7448347,10814911,9459345,2664450,1070827,1110863,1174671,1341150,1572970,1891826,2430111,2881624,3317864,4130483,5147136,5667775,5507159,3952186,1972729,691721,8650226,1405066,121274
World,2009,53910188,5408623,7398356,1989733,911752,551385,789994,2132536,2449255,3445883,5343148,7504423,10832213,9722792,2701187,1043443,1089093,1139648,1309607,1553082,1892801,2414418,2928730,3427035,4077388,5171172,5661041,5599935,4122857,1986740,714447,8310108,1341379,127264
World,2010,54329196,5254059,7179900,1925841,898065,546096,775295,2112411,2411755,3455027,5402013,7637686,10912205,10018990,2842966,1034005,1078406,1123862,1287893,1548395,1906632,2404824,2997189,3574527,4063159,5209382,5702823,5735772,4283218,2096535,746431,8077965,1321391,136785
World,2011,54393800,5089057,6928744,1839687,857236,524315,745702,2056976,2357380,3449711,5430531,7770170,10937283,10213657,2976941,1004405,1052571,1100790,1256590,1537730,1911981,2388516,3042015,3701020,4069150,5197356,5739927,5808124,4405533,2217194,759747,7785980,1270017,145152
World,2012,54789780,4953744,6728030,1774286,839267,515302,728994,2022195,2325011,3447283,5478404,7958138,10989490,10456054,3145551,982267,1039928,1090130,1234881,1531822,1915461,2388850,3089554,3814184,4143954,5169843,5819647,5889608,4566446,2368689,776862,7567297,1244296,156064
World,2013,55034444,4800890,6517434,1716544,818250,504161,709887,1973272,2287452,3420399,5551479,8187696,11009336,10613242,3277565,953137,1020135,1077110,1210342,1517650,1902749,2419188,3132291,3928260,4259436,5120131,5889205,5928715,4684527,2496946,780619,7335684,1214048,164274
World,2014,55217576,4638505,6294075,1655570,803252,494744,695655,1929234,2259477,3384399,5615440,8424754,11015306,10712342,3415773,925814,1003420,1066847,1192630,1497353,1887046,2466468,3148972,4014016,4410738,5074533,5940773,5946546,4765796,2614199,801574,7097327,1190399,173123
World,2015,55893036,4488802,6082582,1593780,792131,488071,686212,1896646,2245321,3366983,5685187,8715746,11091103,11004112,3655235,903675,992971,1059915,1185406,1479207,1887776,2524425,3160762,4111157,4604589,5076432,6014671,6049380,4954732,2786195,869040,6874713,1174283,183704
World,2016,56200612,4358572,5888046,1529474,775203,477453,676651,1870342,2244581,3351778,5740801,8966058,11131517,11115799,3774909,886436,983906,1058238,1186343,1462205,1889573,2574520,3166281,4179814,4786244,5101848,6029669,6094792,5021007,2851433,923476,6663249,1154104,187476
World,2017,56965956,4219017,5685511,1466494,760588,470094,670466,1845948,2247265,3343411,5784406,9220213,11309865,11428715,4003170,873922,972026,1057186,1190079,1449282,1894129,2604787,3179619,4251493,4968720,5245789,6064076,6255225,5173490,2999423,1003747,6446099,1140560,196304
World,2018,57351676,4086913,5500682,1413769,750492,464163,662832,1816252,2245935,3315455,5798539,9417043,11449102,11591156,4139487,860371,955881,1051845,1194090,1435305,1880150,2583219,3215320,4288322,5128721,5412118,6036984,6351467,5239689,3075538,1063949,6251174,1126995,200536
World,2019,57938524,3964486,5331013,1366527,737638,459346,656284,1793073,2251754,3302250,5851345,9586033,11699813,11786635,4275598,851324,941749,1051550,1200204,1431957,1870293,2573157,3278188,4310807,5275226,5662785,6037028,6464609,5322026,3154263,1121335,6068651,1115630,207742
World,2020,63174308,3833912,5149489,1315577,724149,453291,643067,1752507,2331951,3558570,6584908,10877289,13129023,13055228,4686492,832573,919934,1067771,1264180,1539191,2019379,2837181,3747727,4841674,6035615,6546664,6582359,7133496,5921732,3468311,1218181,5873638,1096358,228344
World,2021,69248160,3745591,5022350,1276759,712071,456947,699322,1913034,2596266,4000398,7513346,12257681,14751092,14122757,4951287,910274,1002760,1179937,1416329,1729827,2270571,3223227,4290119,5448958,6808723,7501963,7249129,7772145,6350612,3659915,1291372,5734421,1156269,251603
Yemen,1950,165855,80001,116844,36843,3119,2055,2410,5492,5164,5229,6129,8258,8118,2674,350,2821,2671,2595,2569,2603,2626,2958,3171,3916,4342,4489,3629,1775,899,295,55,119963,4465,7
Yemen,1951,166298,79854,116318,36464,3205,2106,2468,5609,5268,5327,6225,8300,8346,2794,324,2881,2728,2648,2620,2653,2674,3009,3216,3922,4378,4559,3787,1938,856,283,41,119523,4574,5
Yemen,1952,167568,80826,116814,35988,3275,2139,2516,5701,5348,5406,6309,8303,8509,2934,310,2931,2770,2689,2659,2693,2713,3042,3267,3903,4400,4598,3911,2128,806,274,36,120089,4655,3
Yemen,1953,169627,82084,118104,36020,3321,2170,2569,5800,5431,5490,6400,8299,8640,3098,304,2985,2815,2731,2700,2733,2757,3071,3329,3881,4418,4625,4015,2319,779,270,34,121425,4739,2
Yemen,1954,172085,83358,119836,36478,3333,2202,2617,5889,5509,5567,6491,8309,8760,3281,289,3034,2855,2770,2739,2770,2797,3102,3389,3878,4431,4658,4102,2479,802,260,29,123169,4819,1
Yemen,1955,174542,84585,121595,37010,3320,2233,2666,5988,5593,5650,6579,8325,8849,3472,271,3088,2900,2813,2780,2810,2840,3139,3440,3895,4430,4682,4167,2605,867,247,24,124915,4899,1
Yemen,1956,177286,85897,123513,37616,3311,2283,2725,6107,5692,5745,6680,8370,8938,3665,257,3153,2954,2863,2829,2858,2887,3188,3492,3942,4428,4713,4225,2712,953,233,24,126824,5008,1
Yemen,1957,180053,87097,125340,38243,3322,2343,2781,6254,5806,5857,6790,8434,9026,3859,242,3233,3021,2921,2885,2914,2943,3248,3542,4017,4417,4751,4275,2808,1051,219,23,128662,5124,1
Yemen,1958,180942,87093,125355,38262,3350,2393,2832,6390,5909,5954,6887,8504,9096,4036,236,3308,3082,2974,2935,2964,2990,3304,3583,4101,4403,4783,4313,2887,1149,212,24,128705,5225,1
Yemen,1959,182330,87459,125907,38448,3388,2422,2878,6525,6016,6057,6988,8583,9142,4175,246,3381,3144,3027,2989,3016,3041,3363,3625,4178,4405,4799,4343,2949,1226,223,23,129295,5300,1
Yemen,1960,183430,87910,126635,38725,3404,2404,2899,6591,6054,6100,7039,8626,9136,4274,267,3418,3173,3047,3007,3036,3064,3391,3648,4220,4406,4782,4354,2988,1286,246,21,130039,5303,1
Yemen,1961,185031,88407,127395,38988,3474,2397,2955,6730,6167,6207,7151,8736,9157,4367,295,3489,3241,3105,3062,3090,3117,3448,3703,4279,4457,4775,4382,3029,1338,275,20,130869,5352,1
Yemen,1962,191378,89110,129037,39927,3746,2477,3341,8009,6958,6774,7625,9172,9409,4504,324,4167,3842,3544,3414,3389,3385,3689,3936,4489,4683,4891,4518,3108,1396,307,17,132783,5818,1
Yemen,1963,197205,89750,130692,40942,4101,2588,3668,8982,7581,7256,8072,9625,9662,4625,353,4673,4309,3885,3696,3637,3619,3909,4163,4693,4932,5012,4650,3179,1446,337,16,134793,6256,1
Yemen,1964,192367,89248,129618,40370,3831,2416,3361,8083,7008,6814,7703,9287,9294,4576,374,4185,3898,3578,3430,3406,3408,3716,3987,4503,4784,4801,4493,3124,1452,355,19,133449,5777,1
Yemen,1965,192675,89049,129545,40496,3910,2428,3346,8122,7042,6851,7766,9371,9290,4609,396,4200,3922,3596,3446,3423,3428,3745,4021,4534,4837,4810,4480,3137,1472,374,22,133455,5774,1
Yemen,1966,192472,88505,129055,40550,3939,2424,3301,8223,7093,6880,7808,9422,9277,4630,414,4257,3966,3630,3463,3436,3444,3761,4047,4556,4866,4831,4446,3143,1487,388,26,132994,5725,0
Yemen,1967,191959,87762,128153,40391,3996,2438,3248,8309,7156,6925,7867,9484,9297,4659,430,4315,3994,3667,3489,3457,3468,3787,4080,4593,4891,4886,4411,3156,1503,400,30,132149,5686,1
Yemen,1968,190279,86497,126628,40131,4062,2452,3161,8165,7086,6884,7873,9523,9324,4679,444,4246,3919,3628,3458,3429,3455,3786,4087,4619,4904,4951,4373,3166,1513,412,32,130690,5613,1
Yemen,1969,184110,84349,123373,39024,3847,2349,2899,7390,6621,6532,7593,9275,9142,4634,451,3829,3561,3376,3245,3244,3288,3639,3954,4500,4775,4879,4263,3123,1511,418,33,127220,5248,1
Yemen,1970,181941,82921,121446,38525,3838,2327,2853,7258,6559,6480,7573,9295,9196,4649,464,3738,3520,3344,3215,3211,3269,3623,3950,4508,4787,4920,4276,3123,1526,427,37,125284,5180,1
Yemen,1971,179999,81767,119832,38065,3947,2368,2797,6827,6373,6399,7582,9391,9327,4681,476,3468,3359,3231,3142,3160,3239,3619,3963,4550,4841,4988,4339,3134,1547,438,38,123779,5165,1
Yemen,1972,178678,80715,118392,37677,3960,2358,2794,6784,6370,6395,7595,9441,9416,4686,488,3400,3384,3225,3145,3156,3239,3621,3974,4566,4875,5017,4399,3123,1563,446,42,122352,5152,1
Yemen,1973,177338,79478,116810,37332,4031,2377,2793,6645,6330,6391,7637,9547,9565,4716,497,3296,3349,3189,3141,3151,3240,3635,4002,4608,4939,5068,4497,3131,1585,454,43,120841,5170,1
Yemen,1974,175420,78206,114943,36737,4039,2372,2780,6521,6272,6357,7635,9596,9665,4735,505,3225,3296,3151,3121,3131,3226,3627,4008,4622,4974,5098,4567,3139,1596,460,45,118982,5152,1
Yemen,1975,174116,77147,113323,36176,4087,2395,2796,6434,6250,6362,7674,9694,9799,4787,513,3200,3234,3134,3116,3131,3231,3641,4033,4661,5033,5157,4642,3180,1607,467,46,117410,5191,1
Yemen,1976,172273,75771,111244,35473,4114,2410,2806,6328,6225,6365,7709,9777,9921,4847,523,3185,3143,3121,3104,3129,3236,3652,4057,4693,5084,5216,4705,3232,1615,475,48,115358,5216,1
Yemen,1977,170124,74255,108955,34700,4133,2426,2813,6204,6172,6339,7717,9854,10048,4928,531,3165,3039,3102,3070,3113,3226,3647,4070,4722,5132,5283,4765,3305,1623,483,48,113088,5239,1
Yemen,1978,167356,72456,106200,33744,4123,2429,2810,6079,6080,6305,7715,9907,10157,5012,540,3140,2939,3060,3020,3093,3212,3638,4077,4739,5168,5345,4812,3381,1631,491,49,110323,5239,1
Yemen,1979,165580,71095,103892,32797,4141,2449,2840,6074,6047,6333,7771,10027,10329,5126,551,3168,2906,3038,3009,3104,3229,3659,4112,4789,5238,5439,4890,3471,1655,500,51,108033,5289,1
Yemen,1980,162364,69611,101264,31653,4057,2406,2788,5877,5808,6214,7704,10033,10428,5223,557,3087,2790,2893,2915,3034,3180,3614,4090,4778,5255,5484,4944,3536,1687,506,51,105321,5194,1
Yemen,1981,159765,67775,98318,30543,4080,2419,2800,5831,5682,6201,7740,10151,10623,5352,565,3075,2756,2791,2891,3018,3183,3624,4116,4825,5326,5580,5043,3619,1733,513,52,102398,5219,1
Yemen,1982,159265,66472,96275,29803,4330,2593,2934,5950,5672,6276,7876,10368,10904,5509,576,3158,2792,2746,2926,3041,3235,3683,4193,4919,5449,5721,5183,3714,1795,522,54,100605,5527,1
Yemen,1983,153862,64581,92587,28006,3981,2355,2766,5640,5313,6049,7724,10290,10961,5606,585,3002,2638,2533,2780,2904,3145,3600,4124,4864,5426,5729,5232,3759,1847,528,57,96568,5121,1
Yemen,1984,151279,63125,89935,26810,3958,2332,2759,5588,5166,5988,7722,10361,11131,5737,602,2986,2602,2452,2714,2857,3131,3593,4129,4885,5476,5802,5329,3833,1904,543,59,93893,5091,1
Yemen,1985,150161,61930,87903,25973,4033,2363,2810,5660,5116,6021,7808,10528,11385,5902,623,3033,2627,2440,2676,2862,3159,3630,4178,4956,5572,5924,5461,3937,1965,561,62,91936,5173,1
Yemen,1986,161401,61187,86441,25254,4080,2460,4092,10382,7604,7642,8815,11200,11895,6131,655,5672,4710,3877,3727,3765,3877,4172,4643,5312,5888,6200,5695,4091,2040,589,66,90521,6552,1
Yemen,1987,148853,60513,85291,24778,4100,2390,2864,5750,4945,6039,7936,10789,11829,6230,686,3096,2654,2421,2524,2868,3171,3683,4253,5058,5731,6133,5696,4147,2083,615,71,89391,5254,1
Yemen,1988,148559,60112,84422,24310,4114,2397,2880,5798,4870,6028,8002,10904,12034,6391,717,3130,2668,2414,2456,2861,3167,3712,4290,5103,5801,6229,5805,4252,2139,642,75,88536,5277,2
Yemen,1989,149303,59834,83935,24101,4173,2442,2929,5907,4873,6060,8141,11117,12358,6615,750,3195,2712,2439,2434,2865,3195,3773,4368,5193,5924,6385,5973,4400,2215,672,78,88108,5371,2
Yemen,1990,149896,59731,83503,23772,4205,2480,2971,6001,4891,6055,8257,11298,12640,6816,779,3250,2751,2462,2429,2836,3219,3823,4434,5269,6029,6519,6121,4531,2285,697,82,87708,5451,2
Yemen,1991,151283,59666,83341,23675,4288,2553,3051,6174,4989,6104,8432,11537,12964,7037,808,3345,2829,2521,2468,2818,3286,3901,4531,5376,6161,6677,6287,4671,2366,722,86,87629,5604,2
Yemen,1992,152561,59721,83328,23607,4337,2608,3115,6308,5058,6106,8566,11757,13280,7260,838,3414,2894,2565,2493,2767,3339,3949,4617,5475,6282,6830,6450,4811,2449,748,90,87665,5723,2
Yemen,1993,153524,59844,83424,23580,4316,2625,3144,6367,5076,6064,8650,11937,13566,7481,867,3440,2927,2581,2495,2706,3358,3965,4685,5554,6383,6963,6603,4949,2532,773,94,87740,5769,2
Yemen,1994,157239,59555,83064,23509,4483,2772,3488,7360,5637,6390,9028,12351,14008,7748,904,3983,3377,2904,2733,2861,3529,4139,4889,5759,6592,7185,6823,5119,2629,804,100,87547,6260,3
Yemen,1995,155545,58973,82371,23398,4404,2742,3327,6694,5299,6125,8984,12447,14249,7963,937,3610,3084,2705,2594,2728,3397,4091,4893,5792,6655,7292,6957,5251,2712,833,104,86775,6069,2
Yemen,1996,155537,56856,80056,23200,4575,2874,3497,6977,5510,6222,9241,12795,14652,8201,936,3764,3213,2819,2691,2809,3413,4209,5032,5959,6836,7492,7160,5409,2792,844,92,84631,6371,2
Yemen,1997,153180,55478,77778,22300,4398,2804,3469,6870,5431,6063,9258,12923,14873,8381,931,3713,3157,2777,2654,2767,3296,4218,5040,6013,6910,7591,7282,5527,2854,850,81,82176,6273,2
Yemen,1998,152953,54194,75556,21362,4497,2898,3618,7101,5610,6126,9460,13267,15258,8619,940,3849,3252,2875,2735,2834,3292,4319,5141,6177,7090,7781,7477,5686,2933,863,77,80053,6516,2
Yemen,1999,150840,53093,73394,20301,4324,2828,3592,7020,5540,6027,9435,13412,15494,8817,956,3822,3198,2837,2703,2805,3222,4287,5148,6236,7176,7888,7606,5812,3005,881,75,77718,6420,2
Yemen,2000,148282,51514,70696,19182,4146,2757,3564,6962,5471,5965,9389,13572,15752,9033,974,3811,3151,2797,2674,2784,3181,4221,5168,6302,7270,8004,7748,5949,3084,901,73,74842,6321,2
Yemen,2001,145192,49543,67537,17994,3929,2678,3523,6889,5393,5920,9316,13725,16021,9258,998,3789,3100,2749,2644,2762,3158,4116,5200,6356,7369,8126,7895,6090,3168,925,73,71466,6201,2
Yemen,2002,141993,47734,64663,16929,3653,2569,3442,6756,5271,5848,9207,13830,16260,9470,1019,3732,3024,2676,2595,2723,3125,3979,5228,6373,7457,8236,8024,6220,3250,946,73,68316,6011,1
Yemen,2003,139666,46471,62392,15921,3411,2469,3366,6655,5165,5798,9121,13965,16553,9718,1044,3690,2965,2607,2558,2695,3103,3873,5248,6395,7570,8375,8178,6374,3344,971,73,65803,5835,1
Yemen,2004,138505,45259,60175,14916,3299,2441,3386,6746,5198,5857,9139,14227,16957,10007,1076,3745,3001,2616,2582,2721,3136,3848,5291,6484,7743,8576,8381,6557,3450,1002,74,63474,5827,1
Yemen,2005,136925,44190,58172,13982,3141,2365,3338,6723,5147,5864,9075,14411,17293,10285,1112,3730,2993,2583,2564,2719,3145,3827,5248,6539,7872,8737,8556,6729,3556,1035,77,61313,5703,1
Yemen,2006,136484,43231,56444,13213,3045,2310,3338,6844,5213,5979,9082,14700,17717,10622,1188,3788,3056,2613,2600,2770,3209,3881,5201,6664,8036,8944,8773,6930,3692,1100,88,59489,5648,1
Yemen,2007,134923,41974,54564,12590,2880,2181,3252,6776,5164,5989,8955,14853,18073,10948,1285,3732,3044,2591,2573,2769,3220,3882,5073,6739,8114,9112,8961,7119,3829,1174,111,57444,5433,1
Yemen,2008,134722,40960,52895,11935,2805,2106,3242,6873,5241,6114,8979,15134,18606,11346,1375,3762,3111,2637,2604,2825,3289,3947,5032,6872,8262,9376,9230,7357,3989,1247,128,55700,5348,1
Yemen,2009,135901,40287,51670,11383,2784,2073,3328,7306,5518,6362,9130,15423,19149,11742,1414,3981,3325,2798,2720,2948,3414,4064,5066,6985,8438,9645,9504,7596,4146,1271,143,54454,5401,2
Yemen,2010,138724,40335,51521,11186,2843,2085,3414,7645,5812,6658,9417,15790,19829,12195,1513,4141,3504,2963,2849,3090,3568,4225,5192,7094,8696,9986,9843,7878,4317,1353,160,54364,5499,3
Yemen,2011,141595,40967,52285,11318,2815,2033,3424,7977,6063,6855,9624,15945,20362,12604,1604,4295,3682,3118,2945,3180,3675,4335,5289,7051,8894,10236,10126,8130,4474,1428,176,55100,5457,2
Yemen,2012,146478,41820,53487,11667,2937,2079,3516,8488,6488,7229,10025,16326,21096,13103,1700,4542,3946,3357,3131,3354,3875,4542,5483,7084,9242,10572,10524,8447,4656,1507,193,56424,5595,4
Yemen,2013,148700,42519,54203,11684,2906,2064,3379,8248,6559,7412,10302,16560,21697,13576,1792,4379,3869,3382,3177,3417,3995,4680,5622,7078,9482,10819,10878,8744,4832,1580,212,57109,5443,4
Yemen,2014,154575,43387,55471,12084,3042,2139,3520,9020,7188,7904,10814,16988,22490,14113,1881,4763,4257,3728,3460,3652,4252,4936,5878,7223,9765,11180,11310,9089,5024,1652,229,58513,5659,5
Yemen,2015,175134,44712,58264,13552,3631,2473,4878,14896,10571,9779,12152,17988,23758,14774,1968,7880,7016,5708,4863,4675,5104,5638,6514,7733,10255,11821,11937,9525,5249,1725,243,61895,7351,5
Yemen,2016,177297,45023,58604,13581,3625,2491,4748,14520,10748,10045,12560,18192,24450,15267,2039,7600,6920,5760,4988,4791,5254,5832,6728,7931,10261,12162,12288,9838,5429,1787,252,62229,7239,6
Yemen,2017,182794,45289,58944,13655,3618,2523,4957,15590,11725,10678,13171,18452,25212,15801,2112,8073,7517,6288,5437,5126,5552,6141,7030,8190,10262,12582,12630,10180,5621,1849,263,62562,7480,6
Yemen,2018,204264,46301,60996,14695,4069,2822,6428,21986,15864,12909,14714,19394,26394,16487,2193,11298,10688,8670,7194,6380,6529,6964,7750,8791,10603,13232,13162,10637,5850,1921,272,65065,9250,7
Yemen,2019,202552,46608,61367,14759,4149,2876,5957,19491,15009,12832,15017,19655,26906,17007,2270,9881,9610,8061,6948,6307,6525,7092,7925,8999,10656,13450,13456,10965,6042,1986,284,65516,8833,7
Yemen,2020,210426,46316,60010,13694,3631,2605,5113,16359,14115,13763,17585,23830,31181,19694,2534,8185,8174,7315,6800,6636,7127,8171,9414,10963,12867,15786,15395,12628,7066,2226,308,63641,7718,8
Yemen,2021,226104,47243,62554,15311,4395,3013,5796,17964,15828,15458,19421,25910,32777,20456,2533,8959,9005,8149,7679,7480,7978,9069,10352,12021,13889,16422,16355,13202,7254,2242,291,66949,8809,7
Zambia,1950,45796,15131,26405,11274,2630,1265,1172,2564,2250,1995,1918,2384,2344,789,80,1314,1250,1153,1097,1031,964,986,932,1121,1263,1289,1055,535,254,68,12,29035,2437,2
Zambia,1951,46965,15504,27010,11506,2688,1286,1195,2614,2304,2058,1996,2431,2435,856,86,1339,1275,1180,1124,1062,996,1026,970,1138,1293,1327,1108,595,261,75,11,29698,2481,2
Zambia,1952,47693,15738,27347,11609,2710,1295,1209,2639,2335,2102,2064,2455,2512,926,96,1352,1287,1195,1140,1082,1020,1052,1012,1142,1313,1360,1152,663,263,83,13,30057,2504,2
Zambia,1953,48335,15980,27670,11690,2711,1300,1216,2656,2355,2134,2126,2473,2584,1005,102,1361,1295,1205,1150,1095,1039,1071,1055,1143,1330,1391,1193,735,270,88,14,30381,2516,2
Zambia,1954,49123,16252,28060,11808,2714,1312,1231,2681,2386,2180,2199,2507,2654,1087,110,1376,1305,1221,1165,1116,1064,1096,1103,1158,1349,1423,1231,796,291,95,15,30774,2543,2
Zambia,1955,49882,16528,28437,11909,2733,1324,1241,2702,2412,2219,2266,2547,2720,1168,113,1387,1315,1232,1180,1133,1086,1121,1145,1184,1363,1451,1269,847,321,97,16,31170,2565,2
Zambia,1956,50654,16807,28797,11990,2752,1337,1251,2731,2441,2259,2331,2599,2787,1249,117,1402,1329,1246,1195,1151,1108,1148,1183,1223,1376,1480,1307,890,359,100,17,31549,2588,2
Zambia,1957,51514,17102,29196,12094,2775,1350,1264,2767,2479,2309,2399,2664,2854,1329,119,1419,1348,1261,1218,1173,1136,1180,1219,1279,1385,1511,1343,928,401,100,19,31971,2614,2
Zambia,1958,52245,17407,29604,12197,2804,1357,1270,2777,2486,2329,2441,2725,2916,1405,125,1427,1350,1262,1224,1180,1149,1201,1240,1337,1388,1536,1380,962,443,104,21,32408,2627,2
Zambia,1959,53068,17723,30034,12311,2842,1362,1282,2799,2506,2361,2493,2803,2972,1471,134,1438,1361,1271,1235,1194,1167,1227,1266,1395,1408,1558,1414,994,477,113,21,32876,2644,2
Zambia,1960,53971,18050,30489,12439,2877,1377,1298,2829,2537,2403,2552,2894,3029,1534,147,1454,1375,1286,1251,1214,1189,1254,1298,1450,1444,1581,1448,1027,507,124,23,33366,2675,2
Zambia,1961,54847,18382,30960,12578,2914,1389,1318,2851,2553,2432,2605,2986,3079,1588,163,1466,1385,1295,1258,1226,1206,1278,1327,1495,1491,1600,1479,1056,532,140,23,33874,2707,2
Zambia,1962,55854,18733,31476,12743,2962,1407,1344,2889,2588,2471,2665,3094,3127,1644,181,1484,1405,1311,1277,1244,1227,1307,1358,1536,1558,1612,1515,1090,554,157,24,34438,2751,3
Zambia,1963,56875,19097,32027,12930,3015,1434,1362,2920,2614,2501,2720,3208,3174,1695,196,1500,1420,1324,1290,1260,1241,1330,1390,1570,1638,1628,1546,1121,574,172,24,35042,2796,3
Zambia,1964,59171,19624,32969,13345,3161,1505,1446,3150,2771,2642,2870,3403,3283,1756,214,1624,1526,1409,1362,1331,1311,1401,1469,1651,1752,1687,1596,1160,596,187,27,36130,2951,3
Zambia,1965,59445,19948,33395,13447,3173,1515,1414,3029,2695,2595,2854,3444,3309,1791,228,1562,1467,1367,1328,1305,1290,1389,1465,1655,1789,1707,1602,1179,612,197,31,36568,2929,3
Zambia,1966,61032,20466,34272,13806,3278,1563,1451,3096,2743,2646,2927,3565,3405,1839,240,1602,1494,1392,1351,1328,1318,1420,1507,1705,1860,1779,1626,1208,631,207,33,37550,3014,3
Zambia,1967,62645,21029,35179,14150,3382,1614,1491,3169,2795,2695,2992,3669,3513,1888,252,1646,1523,1420,1375,1351,1344,1450,1542,1751,1918,1868,1645,1238,650,215,37,38561,3105,3
Zambia,1968,64432,21594,36081,14487,3487,1670,1545,3262,2878,2773,3088,3802,3648,1935,261,1694,1568,1462,1416,1389,1384,1494,1594,1817,1985,1978,1670,1266,669,221,40,39568,3215,3
Zambia,1969,65721,22092,36790,14698,3555,1710,1585,3304,2907,2802,3137,3893,3782,1979,276,1716,1588,1478,1429,1402,1400,1514,1623,1859,2034,2076,1706,1291,688,231,45,40345,3295,4
Zambia,1970,66744,22450,37224,14774,3587,1741,1616,3349,2944,2847,3202,3999,3932,2021,284,1738,1611,1495,1449,1422,1425,1543,1659,1907,2092,2168,1764,1316,705,238,46,40811,3357,4
Zambia,1971,67008,22538,37230,14692,3577,1754,1629,3329,2920,2849,3233,4077,4067,2047,293,1728,1601,1480,1440,1420,1429,1555,1678,1939,2138,2239,1828,1329,718,244,49,40807,3383,5
Zambia,1972,66981,22505,36981,14476,3539,1754,1639,3301,2889,2848,3266,4161,4220,2075,302,1715,1586,1459,1430,1416,1432,1568,1698,1972,2189,2304,1916,1340,735,251,51,40520,3393,5
Zambia,1973,66795,22443,36708,14265,3499,1751,1643,3263,2839,2822,3274,4220,4360,2098,310,1708,1555,1430,1409,1399,1423,1569,1705,1993,2227,2353,2007,1350,748,258,52,40207,3394,6
Zambia,1974,66844,22429,36518,14089,3478,1752,1660,3250,2807,2815,3299,4291,4510,2141,319,1716,1534,1413,1394,1393,1422,1577,1722,2022,2269,2408,2102,1379,762,266,53,39996,3412,6
Zambia,1975,67571,22656,36738,14082,3503,1772,1694,3284,2817,2837,3344,4380,4666,2202,329,1745,1539,1418,1399,1402,1435,1596,1748,2059,2321,2475,2191,1426,776,273,56,40241,3466,6
Zambia,1976,68515,23057,37364,14307,3574,1800,1724,3284,2774,2807,3346,4433,4794,2270,337,1759,1525,1401,1373,1384,1423,1592,1754,2077,2356,2528,2266,1484,786,279,58,40938,3524,7
Zambia,1977,70193,23613,38303,14690,3690,1854,1783,3364,2790,2829,3388,4524,4946,2366,350,1814,1550,1414,1376,1395,1434,1608,1780,2114,2410,2601,2345,1567,799,289,61,41993,3637,7
Zambia,1978,72427,24258,39435,15177,3839,1928,1864,3513,2856,2893,3469,4649,5128,2487,361,1902,1611,1450,1406,1426,1467,1645,1824,2168,2481,2693,2435,1669,818,299,62,43274,3792,7
Zambia,1979,74830,24886,40547,15661,3990,2012,1961,3718,2954,2979,3563,4786,5319,2620,373,2014,1704,1501,1453,1470,1509,1688,1875,2229,2557,2788,2531,1771,849,307,66,44537,3973,8
Zambia,1980,77525,25480,41666,16186,4158,2109,2067,3961,3102,3103,3698,4966,5537,2766,384,2146,1815,1578,1524,1532,1571,1752,1946,2311,2655,2896,2641,1873,893,316,68,45824,4176,8
Zambia,1981,79950,26261,42876,16615,4306,2197,2153,4160,3198,3170,3780,5095,5719,2897,392,2255,1905,1630,1568,1565,1605,1790,1990,2370,2725,2985,2734,1957,940,323,69,47182,4350,8
Zambia,1982,82986,27274,44454,17180,4487,2304,2258,4420,3343,3267,3880,5232,5897,3029,403,2394,2026,1709,1634,1611,1656,1840,2040,2435,2797,3072,2825,2032,997,329,74,48941,4562,9
Zambia,1983,87127,28465,46360,17895,4677,2429,2395,4806,3617,3466,4081,5482,6178,3210,417,2587,2219,1866,1751,1711,1755,1939,2142,2555,2927,3214,2964,2137,1073,341,76,51037,4824,9
Zambia,1984,92034,29844,48804,18960,4929,2584,2559,5255,3944,3693,4292,5727,6439,3369,431,2807,2448,2057,1887,1832,1861,2045,2247,2674,3053,3349,3090,2231,1138,354,77,53733,5143,10
Zambia,1985,97818,31438,51574,20136,5211,2770,2773,5831,4397,4024,4599,6060,6646,3476,446,3084,2747,2314,2083,2007,2017,2200,2399,2844,3216,3472,3174,2292,1184,368,78,56785,5543,10
Zambia,1986,103887,33072,54541,21469,5514,2969,3000,6435,4882,4358,4894,6378,6860,3583,466,3371,3064,2589,2293,2190,2168,2350,2544,3003,3375,3596,3264,2356,1227,386,80,60055,5969,10
Zambia,1987,109775,34590,57401,22811,5833,3162,3225,7022,5368,4668,5171,6675,7066,3689,487,3646,3376,2867,2501,2363,2305,2491,2680,3150,3525,3713,3353,2421,1268,406,81,63234,6387,10
Zambia,1988,115794,35950,59950,24000,6135,3351,3469,7699,5997,5051,5519,7026,7286,3789,512,3959,3740,3213,2784,2570,2481,2669,2850,3325,3701,3845,3441,2482,1307,429,83,66085,6820,11
Zambia,1989,121989,37242,62217,24975,6425,3539,3736,8483,6776,5520,5923,7418,7518,3890,536,4318,4165,3632,3144,2820,2700,2876,3047,3525,3893,3986,3532,2544,1346,450,86,68642,7275,11
Zambia,1990,127934,38305,64186,25881,6711,3713,3995,9262,7579,6020,6335,7818,7752,3992,557,4679,4583,4064,3515,3086,2934,3084,3251,3730,4088,4132,3620,2605,1387,468,89,70897,7708,11
Zambia,1991,134384,39407,66146,26739,7035,3918,4302,10191,8545,6610,6772,8206,7976,4094,579,5113,5078,4583,3962,3406,3204,3309,3463,3935,4271,4271,3705,2665,1429,486,93,73181,8220,11
Zambia,1992,139656,40252,67506,27254,7201,4034,4523,10996,9488,7192,7184,8565,8171,4185,602,5480,5516,5075,4413,3724,3468,3519,3665,4129,4436,4398,3773,2719,1466,503,99,74707,8557,11
Zambia,1993,143660,40911,68330,27419,7289,4128,4711,11671,10297,7678,7496,8828,8325,4272,621,5796,5875,5489,4808,4018,3660,3677,3819,4275,4553,4494,3831,2768,1504,517,104,75619,8839,12
Zambia,1994,147814,41355,68725,27370,7294,4192,4887,12476,11327,8338,7918,9158,8492,4353,643,6147,6329,6005,5322,4424,3914,3901,4017,4461,4697,4600,3892,2813,1540,534,109,76019,9079,12
Zambia,1995,151823,41652,69005,27353,7317,4277,5060,13308,12379,9014,8308,9425,8624,4434,663,6506,6802,6521,5858,4835,4179,4121,4187,4615,4810,4678,3946,2858,1576,550,113,76322,9337,13
Zambia,1996,155998,41871,69276,27405,7352,4372,5236,14189,13471,9739,8709,9694,8748,4511,686,6879,7310,7051,6420,5276,4463,4355,4354,4770,4924,4749,3999,2898,1613,567,119,76628,9608,13
Zambia,1997,160188,42086,69550,27464,7392,4460,5413,15100,14583,10504,9094,9944,8850,4580,704,7256,7844,7587,6996,5744,4760,4585,4509,4915,5029,4804,4046,2933,1647,582,122,76942,9873,14
Zambia,1998,164409,42378,69855,27477,7376,4483,5525,16014,15815,11403,9470,10170,8911,4646,725,7597,8417,8183,7632,6273,5130,4804,4666,5053,5117,4834,4077,2967,1679,598,127,77231,10008,15
Zambia,1999,167605,42589,69966,27377,7430,4544,5667,16727,16704,12127,9709,10303,8955,4707,743,7874,8853,8618,8086,6688,5439,4938,4771,5131,5172,4850,4105,2997,1710,613,130,77396,10211,15
Zambia,2000,166997,42183,68807,26624,7348,4535,5738,16930,16916,12387,9686,10197,8909,4762,764,7949,8981,8728,8188,6841,5546,4933,4753,5076,5121,4806,4103,3025,1737,629,135,76155,10273,16
Zambia,2001,164380,40793,65872,25079,6997,4364,5668,17025,17303,12812,9774,10111,8844,4811,782,7912,9113,8926,8377,7080,5732,4994,4780,5039,5072,4755,4089,3049,1762,643,139,72869,10032,17
Zambia,2002,160701,39014,62140,23126,6417,4033,5406,17027,17922,13402,9940,10005,8737,4853,800,7765,9262,9238,8684,7404,5998,5114,4826,4997,5008,4682,4055,3069,1784,658,142,68557,9439,17
Zambia,2003,155078,37273,58466,21193,6027,3856,5262,16538,17523,13351,9844,9822,8660,4895,819,7533,9005,9041,8482,7338,6013,5104,4740,4892,4930,4627,4033,3089,1806,672,147,64493,9118,18
Zambia,2004,150472,35764,55231,19467,5551,3581,4976,16104,17542,13551,9898,9686,8570,4931,835,7254,8850,9036,8506,7409,6142,5199,4699,4830,4856,4566,4004,3104,1827,684,151,60782,8557,19
Zambia,2005,146214,34401,52285,17884,5143,3382,4798,15836,17579,13646,9835,9439,8449,4956,849,7097,8739,9047,8532,7431,6215,5221,4614,4712,4727,4480,3969,3112,1844,696,153,57428,8180,19
Zambia,2006,142726,33328,50048,16720,4832,3215,4607,15432,17502,13712,9851,9286,8379,4977,865,6898,8534,8980,8522,7424,6288,5274,4577,4649,4637,4429,3950,3117,1860,706,159,54880,7822,20
Zambia,2007,140527,32604,48670,16066,4633,3098,4461,15081,17440,13782,9923,9198,8350,4996,879,6727,8354,8912,8528,7419,6363,5350,4573,4620,4578,4406,3944,3120,1876,717,162,53303,7559,21
Zambia,2008,136968,32013,47520,15507,4466,2961,4237,14230,16733,13491,9944,9115,8354,5010,892,6354,7876,8495,8238,7206,6285,5361,4583,4576,4539,4405,3949,3121,1889,726,166,51986,7198,21
Zambia,2009,132466,31181,45944,14763,4310,2864,4104,13556,15915,12947,9753,8825,8299,5025,903,6082,7474,8058,7857,6883,6064,5250,4503,4405,4420,4352,3947,3125,1900,734,169,50254,6968,22
Zambia,2010,127079,30352,44428,14076,4173,2743,3901,12525,14680,12231,9514,8630,8280,5038,915,5658,6867,7385,7295,6466,5765,5103,4411,4285,4345,4323,3957,3132,1906,743,172,48601,6644,22
Zambia,2011,124970,30215,44114,13899,4171,2705,3809,11934,13962,11860,9483,8597,8324,5057,926,5414,6520,6980,6982,6252,5608,5067,4416,4250,4347,4337,3987,3145,1912,752,174,48285,6514,23
Zambia,2012,121868,29933,43616,13683,4195,2687,3719,11141,12900,11254,9344,8569,8400,5077,937,5116,6025,6412,6488,5907,5347,4955,4389,4216,4353,4364,4036,3164,1913,758,179,47811,6406,24
Zambia,2013,118606,29022,42088,13066,4074,2599,3583,10532,12282,10977,9344,8572,8477,5106,944,4857,5675,6064,6218,5751,5226,4927,4417,4236,4336,4389,4088,3189,1917,765,179,46162,6182,24
Zambia,2014,116540,28315,40946,12631,4012,2554,3499,10086,11828,10830,9416,8650,8596,5143,952,4679,5407,5807,6021,5660,5170,4932,4484,4311,4339,4447,4149,3222,1921,770,182,44958,6053,25
Zambia,2015,116885,28414,41074,12660,4077,2590,3498,9891,11613,10848,9564,8799,8755,5189,960,4625,5266,5687,5926,5657,5191,4977,4587,4412,4387,4536,4219,3261,1928,775,185,45151,6088,25
Zambia,2016,116340,27983,40213,12230,4012,2577,3484,9737,11458,10937,9753,8992,8938,5248,964,4584,5153,5600,5858,5684,5253,5043,4710,4535,4457,4642,4296,3309,1939,776,188,44225,6061,26
Zambia,2017,117736,28121,40299,12178,4047,2629,3521,9707,11473,11206,10070,9303,9162,5321,969,4596,5111,5589,5884,5801,5405,5179,4891,4722,4581,4777,4385,3367,1954,779,190,44346,6150,26
Zambia,2018,120307,28831,41425,12594,4183,2723,3591,9722,11447,11416,10347,9665,9382,5409,974,4634,5088,5556,5891,5882,5534,5295,5052,4915,4750,4893,4489,3435,1974,782,192,45608,6314,27
Zambia,2019,120730,28739,41207,12468,4148,2731,3557,9451,11201,11557,10658,10088,9621,5504,976,4523,4928,5396,5805,5904,5653,5431,5227,5132,4956,5007,4614,3507,1997,783,193,45355,6288,27
Zambia,2020,124943,28125,39865,11740,3953,2646,3328,8705,10891,12513,12451,12285,11055,6162,1056,4153,4552,5079,5812,6221,6292,6233,6218,6233,6052,5843,5212,3907,2255,851,205,43818,5974,29
Zambia,2021,135787,27141,37909,10768,3679,2570,3712,9719,12423,14892,15095,14872,12843,6931,1119,4639,5080,5742,6681,7309,7583,7610,7485,7604,7268,6845,5998,4428,2503,906,213,41588,6282,30
Zimbabwe,1950,46367,14209,23171,8962,2237,1118,1139,2740,2757,2540,2836,3425,3209,1057,130,1392,1348,1449,1308,1263,1277,1369,1467,1654,1771,1773,1436,696,361,110,20,25408,2257,3
Zimbabwe,1951,48039,14505,24339,9834,2266,1141,1150,2769,2801,2566,2877,3514,3342,1133,135,1409,1360,1454,1347,1277,1289,1387,1490,1692,1822,1830,1512,777,356,116,19,26605,2291,3
Zimbabwe,1952,49065,14607,24930,10323,2250,1155,1155,2792,2834,2589,2919,3607,3469,1219,145,1410,1382,1433,1401,1290,1299,1407,1512,1733,1874,1891,1578,874,345,124,21,27180,2310,3
Zimbabwe,1953,49824,14696,25339,10643,2213,1171,1160,2810,2842,2602,2946,3681,3585,1316,153,1405,1405,1395,1447,1298,1304,1421,1525,1764,1917,1948,1637,974,342,130,23,27552,2331,3
Zimbabwe,1954,50481,14787,25545,10758,2254,1184,1170,2830,2853,2627,2976,3759,3701,1423,156,1401,1429,1370,1483,1317,1310,1437,1539,1796,1963,2006,1695,1061,362,132,24,27799,2354,3
Zimbabwe,1955,51336,14918,25704,10786,2391,1200,1192,2866,2885,2691,3030,3859,3826,1533,157,1412,1454,1371,1514,1358,1333,1461,1569,1838,2021,2071,1755,1132,401,132,25,28095,2392,2
Zimbabwe,1956,51892,15062,25842,10780,2506,1206,1203,2861,2861,2717,3039,3913,3940,1646,155,1409,1452,1362,1499,1384,1333,1462,1577,1856,2057,2126,1814,1194,452,130,25,28348,2409,2
Zimbabwe,1957,52558,15219,26013,10794,2607,1206,1224,2860,2851,2778,3065,3975,4059,1760,154,1412,1448,1379,1472,1435,1343,1470,1595,1876,2099,2183,1876,1249,511,127,27,28620,2430,3
Zimbabwe,1958,53211,15350,26122,10772,2694,1194,1247,2874,2854,2854,3107,4053,4184,1870,158,1425,1449,1412,1442,1494,1360,1484,1623,1904,2149,2245,1939,1301,569,129,29,28816,2441,3
Zimbabwe,1959,53666,15450,26175,10725,2732,1206,1262,2869,2841,2904,3123,4106,4303,1973,167,1430,1439,1431,1410,1527,1377,1488,1635,1920,2186,2302,2001,1352,621,137,30,28907,2468,3
Zimbabwe,1960,54201,15565,26238,10673,2728,1257,1278,2885,2845,2962,3163,4171,4426,2065,185,1448,1437,1445,1400,1550,1412,1506,1657,1945,2226,2360,2066,1402,663,155,30,28966,2535,3
Zimbabwe,1961,54717,15644,26243,10599,2715,1306,1288,2913,2869,3017,3205,4244,4553,2158,205,1468,1445,1459,1410,1555,1462,1528,1677,1976,2268,2421,2132,1457,701,176,29,28958,2594,3
Zimbabwe,1962,55091,15709,26211,10502,2699,1355,1287,2930,2880,3044,3232,4299,4673,2246,228,1486,1444,1452,1428,1527,1517,1541,1691,2001,2298,2477,2196,1511,735,199,29,28910,2642,4
Zimbabwe,1963,55370,15730,26109,10379,2677,1408,1274,2947,2899,3063,3258,4356,4792,2333,250,1503,1444,1443,1456,1488,1575,1555,1703,2029,2327,2530,2262,1565,768,222,28,28786,2682,4
Zimbabwe,1964,55678,15730,25958,10228,2650,1435,1285,2979,2925,3096,3313,4422,4915,2423,273,1523,1456,1440,1485,1468,1628,1590,1723,2061,2361,2587,2328,1622,801,242,31,28608,2720,4
Zimbabwe,1965,55967,15759,25850,10091,2629,1431,1330,3004,2932,3106,3370,4472,5029,2517,296,1536,1468,1435,1497,1456,1650,1629,1741,2082,2390,2636,2393,1681,836,259,37,28479,2761,4
Zimbabwe,1966,56337,15804,25780,9976,2612,1427,1383,3028,2940,3119,3447,4531,5140,2610,317,1545,1483,1435,1505,1463,1656,1684,1763,2106,2425,2684,2456,1739,871,275,42,28392,2810,4
Zimbabwe,1967,56997,15893,25795,9902,2606,1428,1458,3087,2983,3156,3567,4615,5255,2705,339,1563,1524,1458,1525,1506,1650,1770,1797,2140,2475,2733,2522,1799,906,290,49,28401,2886,4
Zimbabwe,1968,57813,16073,25956,9883,2615,1436,1552,3132,3018,3188,3694,4693,5367,2803,357,1566,1566,1482,1536,1557,1631,1861,1833,2172,2521,2779,2588,1859,944,304,53,28571,2988,4
Zimbabwe,1969,58746,16349,26270,9921,2634,1453,1617,3196,3049,3209,3803,4762,5473,2899,377,1596,1600,1506,1543,1596,1613,1927,1876,2199,2563,2823,2650,1919,980,318,59,28904,3070,4
Zimbabwe,1970,59680,16712,26768,10056,2668,1469,1636,3280,3050,3196,3858,4793,5560,3000,397,1664,1616,1516,1534,1605,1591,1946,1912,2210,2583,2857,2703,1979,1021,334,63,29436,3105,5
Zimbabwe,1971,61148,17142,27423,10281,2720,1487,1651,3376,3068,3250,4016,4965,5669,3103,419,1748,1628,1530,1538,1628,1622,1986,2030,2319,2646,2907,2762,2041,1062,350,69,30143,3138,6
Zimbabwe,1972,62670,17696,28248,10552,2784,1510,1662,3458,3067,3283,4130,5123,5758,3201,437,1834,1624,1539,1528,1626,1657,1979,2151,2408,2715,2950,2808,2100,1101,366,71,31032,3172,7
Zimbabwe,1973,64906,18387,29269,10882,2866,1544,1732,3743,3174,3374,4263,5314,5862,3303,457,2056,1687,1611,1563,1647,1727,1973,2290,2505,2809,3003,2859,2158,1145,382,75,32135,3276,8
Zimbabwe,1974,66873,19101,30380,11279,2960,1585,1758,3851,3205,3412,4346,5520,5963,3406,481,2136,1715,1635,1570,1642,1770,1958,2388,2604,2916,3052,2911,2218,1188,401,80,33340,3343,8
Zimbabwe,1975,69080,19825,31600,11775,3076,1639,1798,3992,3258,3449,4422,5747,6081,3506,503,2176,1816,1667,1591,1646,1803,1966,2456,2712,3035,3113,2968,2275,1231,419,84,34676,3437,9
Zimbabwe,1976,72905,20449,32696,12247,3185,1699,1998,4769,3627,3701,4674,6137,6265,3614,524,2571,2198,1876,1751,1769,1932,2085,2589,2932,3205,3221,3044,2339,1275,437,87,35881,3697,10
Zimbabwe,1977,76825,20940,33624,12684,3300,1761,2208,5603,4010,3973,4956,6605,6491,3728,549,2974,2629,2080,1930,1905,2068,2249,2707,3209,3396,3359,3132,2405,1323,457,92,36924,3969,10
Zimbabwe,1978,83562,21243,34269,13026,3399,1805,2707,7686,4826,4612,5630,7451,6761,3833,573,4051,3635,2512,2314,2229,2383,2614,3016,3742,3709,3532,3229,2466,1367,477,96,37668,4512,11
Zimbabwe,1979,84043,21182,34464,13282,3519,1782,2473,6861,4316,4606,6123,8437,6943,3909,596,3564,3297,2192,2124,2175,2431,2834,3289,4342,4095,3666,3277,2507,1402,494,102,37983,4255,11
Zimbabwe,1980,75903,21083,34023,12940,3519,1720,1671,3680,2791,3436,5334,8356,6849,3898,610,1864,1816,1391,1400,1557,1879,2418,2916,4156,4200,3636,3213,2487,1411,506,104,37542,3391,12
Zimbabwe,1981,75981,22201,34484,12283,3525,1929,1985,4407,3509,3262,4201,7072,7015,3950,631,2212,2195,1866,1643,1575,1687,2011,2190,2985,4087,3750,3265,2515,1435,522,109,38009,3914,13
Zimbabwe,1982,76161,22060,34023,11963,3380,1899,2010,4429,3692,3326,4260,7079,7333,4058,659,2221,2208,2000,1692,1624,1702,2030,2230,2936,4143,3949,3384,2580,1478,543,116,37403,3909,14
Zimbabwe,1983,76540,21556,33315,11759,3274,1900,2110,4651,3978,3432,4312,6896,7801,4172,689,2345,2306,2212,1766,1705,1727,2040,2272,2821,4075,4269,3532,2650,1522,567,122,36589,4010,15
Zimbabwe,1984,74822,20327,31379,11052,3046,1823,2038,4387,4006,3516,4464,6796,8361,4276,717,2213,2174,2212,1794,1754,1762,2071,2393,2908,3888,4680,3681,2712,1564,589,128,34425,3861,16
Zimbabwe,1985,73793,19309,29799,10490,2910,1782,2047,4384,4122,3615,4564,6738,8740,4343,737,2230,2154,2214,1908,1810,1805,2099,2465,2943,3795,4921,3819,2753,1590,603,134,32709,3829,16
Zimbabwe,1986,73385,18488,28413,9925,2852,1759,2065,4426,4283,3760,4684,6884,9001,4473,762,2268,2158,2230,2053,1885,1875,2143,2541,3026,3858,5009,3992,2841,1632,622,140,31265,3824,17
Zimbabwe,1987,75270,18012,27672,9660,2900,1787,2154,4763,4831,4195,5008,7211,9312,4628,790,2434,2329,2431,2400,2107,2088,2303,2705,3238,3973,5098,4214,2950,1678,643,147,30572,3941,18
Zimbabwe,1988,78127,17574,27177,9603,3079,1874,2263,5043,5410,4725,5472,7833,9611,4797,815,2574,2469,2612,2798,2352,2373,2517,2955,3689,4144,5054,4557,3073,1724,664,151,30256,4137,20
Zimbabwe,1989,82925,17461,27155,9694,3319,2014,2456,5543,6212,5568,6134,8704,9975,4985,844,2819,2724,2911,3301,2783,2785,2848,3286,4233,4471,4929,5046,3214,1771,685,159,30474,4470,21
Zimbabwe,1990,88462,17919,27849,9930,3522,2176,2722,6291,6989,6460,6685,9385,10295,5191,873,3189,3102,3260,3729,3298,3162,3161,3524,4548,4837,4930,5365,3368,1823,706,167,31371,4898,22
Zimbabwe,1991,96092,18754,29121,10367,3731,2405,3062,7347,8094,7679,7450,10253,10602,5421,904,3688,3659,3777,4317,4013,3666,3598,3852,4928,5325,5130,5472,3530,1891,731,173,32852,5467,23
Zimbabwe,1992,105822,19847,30947,11100,3968,2707,3500,8851,9697,9289,8336,11042,10831,5697,933,4368,4483,4550,5147,4999,4290,4138,4198,5234,5808,5310,5521,3723,1974,754,179,34915,6207,24
Zimbabwe,1993,117987,20649,32527,11878,4290,3104,4015,10557,11608,11465,9782,12469,11084,6095,967,5133,5424,5457,6151,6346,5119,4938,4844,5974,6495,5608,5476,4027,2068,780,187,36817,7119,26
Zimbabwe,1994,128486,21188,33552,12364,4357,3382,4415,12278,13315,13629,11150,13559,11222,6601,998,5890,6388,6294,7021,7561,6068,5752,5398,6461,7098,5935,5287,4433,2168,804,194,37909,7797,27
Zimbabwe,1995,141216,21754,34612,12858,4391,3638,4856,14609,15979,16511,12723,14425,11465,6946,1034,6839,7770,7636,8343,8998,7513,6707,6016,6858,7567,6265,5200,4664,2282,832,202,39003,8494,28
Zimbabwe,1996,154029,22805,36309,13504,4542,3890,5406,16997,18090,18652,14297,15514,12109,7114,1082,7860,9137,8849,9241,9885,8767,7574,6723,7331,8183,6787,5322,4709,2405,872,210,40851,9296,30
Zimbabwe,1997,163434,23566,37023,13457,4416,3892,5835,19096,20235,20616,15477,15919,12527,7232,1130,8700,10396,10112,10123,10646,9970,8220,7257,7527,8392,7162,5365,4690,2542,913,217,41439,9727,31
Zimbabwe,1998,175289,24308,37917,13609,4423,3959,6438,21700,23069,23038,16804,16339,13018,7356,1188,9725,11975,11761,11308,11573,11465,8887,7917,7807,8532,7551,5467,4589,2767,962,226,42340,10397,33
Zimbabwe,1999,191647,24928,38704,13776,4426,4010,7208,25578,27627,26218,18772,16875,13486,7461,1250,11157,14421,14357,13270,13010,13208,10017,8755,8226,8649,7871,5615,4391,3070,1014,236,43130,11218,34
Zimbabwe,2000,200034,25281,39176,13895,4472,4029,7798,27314,28925,26692,20649,17889,14223,7520,1319,11918,15396,15245,13680,13074,13618,11109,9540,8882,9007,8333,5890,4291,3229,1072,247,43648,11827,36
Zimbabwe,2001,228215,25277,39191,13914,4302,3923,8424,34835,38705,32235,24344,18841,14457,7530,1391,14430,20405,20686,18019,16017,16218,13523,10821,9682,9159,8409,6048,4304,3226,1132,259,43493,12347,38
Zimbabwe,2002,204440,25239,39292,14053,4389,3782,7783,29327,30673,25798,22118,17899,14338,7522,1480,12760,16567,16396,14277,12599,13199,12250,9868,9254,8645,8132,6206,4313,3209,1206,274,43681,11565,40
Zimbabwe,2003,216086,25129,39236,14107,4197,3531,7478,33355,36825,27917,23236,17425,13739,7493,1614,13977,19378,19781,17044,13954,13963,13345,9891,9228,8197,7547,6192,4343,3150,1324,290,43433,11009,42
Zimbabwe,2004,207924,25262,39579,14317,4443,3604,7228,31259,33717,24964,22699,17536,13610,7457,1789,13582,17677,18080,15637,12480,12484,12879,9820,9344,8192,7314,6296,4408,3049,1481,308,44022,10832,44
Zimbabwe,2005,206992,25230,39840,14610,4581,3557,6806,31115,34176,23958,22717,17611,13194,7512,1879,13507,17608,18333,15843,12148,11810,12526,10191,9450,8161,6953,6241,4506,3006,1552,327,44421,10363,46
Zimbabwe,2006,203238,25464,40475,15011,4839,3611,6467,29801,32947,22408,22365,17857,12880,7644,1889,12897,16904,17648,15299,11528,10880,11896,10469,9571,8286,6716,6164,4619,3025,1541,348,45314,10078,49
Zimbabwe,2007,203785,25994,41162,15168,4883,3565,6166,30169,34249,21990,21884,17602,12373,7784,1904,12599,17570,18346,15903,11659,10331,11293,10591,9347,8255,6415,5958,4744,3040,1531,373,46045,9731,52
Zimbabwe,2008,196982,26713,42119,15406,5216,3721,5937,27718,31467,20243,20969,17536,12090,7974,1933,11415,16303,16729,14738,10908,9335,10347,10622,9177,8359,6304,5786,4879,3095,1517,416,47335,9658,56
Zimbabwe,2009,188773,26957,41811,14854,4948,3545,5426,25618,30093,19195,19549,16949,11534,8090,1955,10118,15500,15810,14283,10581,8614,9388,10161,8842,8107,6063,5471,4929,3161,1487,468,46759,8971,60
Zimbabwe,2010,171444,26168,39715,13547,4313,3157,4703,21494,25927,16929,17374,16503,11159,8145,1964,8297,13197,13447,12480,9413,7516,8147,9227,8644,7859,5957,5202,4909,3236,1475,489,44028,7860,64
Zimbabwe,2011,155277,25208,38040,12832,4004,2992,4253,17613,21704,14575,15074,15868,10914,8205,1969,6861,10752,11188,10516,8116,6459,6915,8159,8313,7555,5904,5010,4876,3329,1489,480,42044,7245,68
Zimbabwe,2012,142195,23099,34393,11294,3441,2655,3753,14771,19390,13424,13687,15599,10807,8217,1982,5768,9003,9942,9448,7467,5957,6199,7488,8218,7381,5934,4873,4788,3429,1505,477,37834,6408,74
Zimbabwe,2013,132969,21658,31799,10141,3090,2437,3490,12723,17515,12591,12563,15542,10950,8172,2013,5094,7629,8979,8536,6982,5609,5639,6924,8247,7295,6108,4842,4654,3518,1538,475,34889,5927,83
Zimbabwe,2014,126668,20506,29927,9421,2907,2289,3348,11290,16161,12089,11684,15532,11204,8079,2060,4678,6612,8309,7852,6676,5413,5239,6445,8167,7365,6308,4896,4509,3570,1585,475,32834,5637,94
Zimbabwe,2015,124445,19871,29043,9172,2899,2227,3353,10546,15606,12134,11198,15670,11579,7974,2118,4519,6027,7988,7618,6682,5452,5073,6125,8007,7663,6536,5043,4391,3583,1640,478,31942,5580,98
Zimbabwe,2016,122246,19043,27570,8527,2822,2114,3329,9945,15146,12359,10942,15851,12022,7870,2180,4384,5561,7584,7562,6777,5582,5049,5893,7863,7988,6782,5240,4308,3562,1696,484,30392,5443,97
Zimbabwe,2017,122177,18619,26780,8161,2854,2067,3356,9682,14998,12825,10905,16092,12502,7767,2246,4370,5312,7261,7737,6994,5831,5159,5746,7743,8349,7021,5481,4264,3503,1753,493,29634,5423,97
Zimbabwe,2018,120252,18057,25638,7581,2733,1955,3286,9294,14391,12947,10806,16204,12905,7684,2315,4285,5009,6696,7695,6978,5969,5241,5565,7519,8685,7155,5750,4271,3413,1807,508,28371,5241,99
Zimbabwe,2019,123744,18038,25642,7604,2885,2031,3371,9607,14864,13918,11262,16492,13522,7678,2371,4480,5127,6625,8239,7420,6498,5631,5631,7476,9016,7472,6050,4357,3321,1841,530,28527,5402,102
Zimbabwe,2020,127551,17903,25292,7389,2748,1975,3017,8985,14332,14770,12285,17931,15309,8284,2512,4196,4789,6079,8253,7729,7041,6228,6057,7995,9936,8640,6669,4795,3489,1942,570,28040,4992,106
Zimbabwe,2021,144973,17964,25364,7400,2746,2066,3467,10415,15864,17747,14801,20621,18955,9993,2818,4953,5462,6603,9261,9166,8581,7655,7146,9113,11508,10666,8289,5925,4068,2175,643,28110,5533,114